792.446,2347
792.565,2367
792.684,2314
792.803,2334
792.922,2230
793.041,2267
793.16,2225
793.279,2149
793.398,2196
793.518,2228
793.637,2109
793.756,2220
793.875,2180
793.994,2183
794.113,2160
794.232,2108
794.351,2109
794.47,2162
794.589,2112
794.708,2082
794.827,2052
794.946,2090
795.066,2043
795.185,2057
795.304,2057
795.423,2082
795.542,2111
795.661,2055
795.78,2064
795.899,2072
796.018,2068
796.137,2026
796.256,1997
796.375,2006
796.494,2025
796.613,1987
796.732,1972
796.851,2019
796.97,1980
797.089,2039
797.208,1955
797.327,1999
797.446,1975
797.565,2000
797.684,1984
797.803,1948
797.922,1983
798.041,1989
798.16,1973
798.279,1949
798.398,2004
798.517,1992
798.636,1933
798.755,1973
798.874,1995
798.993,2032
799.112,1971
799.231,1959
799.35,3581
799.469,4510
799.588,2063
799.707,2029
799.826,2022
799.945,1990
800.064,1974
800.183,1974
800.302,1997
800.421,2016
800.54,1961
800.659,1982
800.778,1988
800.897,2019
801.016,1979
801.135,1964
801.254,2049
801.373,1930
801.492,1992
801.611,2013
801.729,1998
801.848,1991
801.967,2001
802.086,2007
802.205,2042
802.324,1976
802.443,2023
802.562,2029
802.681,2072
802.8,2021
802.919,2063
803.038,2023
803.157,2042
803.276,2055
803.394,2038
803.513,2006
803.632,2056
803.751,2070
803.87,2106
803.989,2030
804.108,2070
804.227,2054
804.346,2045
804.465,2068
804.583,2067
804.702,2089
804.821,2106
804.94,2086
805.059,2045
805.178,2102
805.297,2123
805.416,2127
805.535,2142
805.653,2158
805.772,2181
805.891,2165
806.01,2141
806.129,2132
806.248,2190
806.367,2130
806.485,2130
806.604,2107
806.723,2134
806.842,2161
806.961,2143
807.08,2140
807.198,2132
807.317,2098
807.436,2123
807.555,2184
807.674,2164
807.793,2195
807.912,2148
808.03,2218
808.149,2195
808.268,2124
808.387,2139
808.506,2211
808.624,2143
808.743,2151
808.862,2198
808.981,2201
809.1,2144
809.219,2149
809.337,2199
809.456,2197
809.575,2192
809.694,2202
809.812,2182
809.931,2239
810.05,2195
810.169,2164
810.288,2191
810.406,2248
810.525,2194
810.644,2175
810.763,2254
810.882,2196
811.0,2196
811.119,2187
811.238,2173
811.357,2255
811.475,2195
811.594,2215
811.713,2206
811.832,2258
811.95,2245
812.069,2235
812.188,2201
812.307,2224
812.425,2230
812.544,2175
812.663,2224
812.782,2266
812.9,2194
813.019,2243
813.138,2233
813.257,2206
813.375,2181
813.494,2201
813.613,2257
813.731,2241
813.85,2226
813.969,2250
814.088,2244
814.206,2201
814.325,2207
814.444,2210
814.562,2220
814.681,2132
814.8,2199
814.918,2192
815.037,2154
815.156,2136
815.274,2115
815.393,2120
815.512,2126
815.631,2143
815.749,2109
815.868,2114
815.987,2154
816.105,2118
816.224,2127
816.343,2165
816.461,2216
816.58,2188
816.698,2145
816.817,2182
816.936,2164
817.055,2158
817.173,2154
817.292,2109
817.41,2121
817.529,2079
817.648,2044
817.766,2023
817.885,1911
818.004,1941
818.122,1895
818.241,1878
818.359,1803
818.478,1819
818.597,1761
818.715,1748
818.834,1723
818.953,1709
819.071,1708
819.19,1661
819.308,1628
819.427,1625
819.546,1649
819.664,1633
819.783,1582
819.901,1556
820.02,1573
820.138,1614
820.257,1512
820.376,1536
820.494,1552
820.613,1518
820.731,1565
820.85,1522
820.969,1530
821.087,1489
821.206,1536
821.324,1562
821.443,1502
821.561,1520
821.68,1467
821.798,1490
821.917,1502
822.035,1513
822.154,1487
822.273,1476
822.391,1445
822.51,1505
822.628,1503
822.747,1498
822.865,1455
822.984,1512
823.102,1461
823.221,1473
823.339,1492
823.458,1477
823.576,1516
823.695,1475
823.813,1492
823.932,1505
824.05,1475
824.169,1483
824.287,1504
824.406,1542
824.524,1478
824.643,1500
824.761,1563
824.88,1452
824.998,1492
825.117,1479
825.235,1483
825.354,1516
825.472,1478
825.591,1462
825.709,1437
825.828,1457
825.946,1419
826.064,1472
826.183,1421
826.301,1449
826.42,1418
826.538,1405
826.657,1402
826.775,1395
826.894,1367
827.012,1434
827.13,1368
827.249,1441
827.367,1438
827.486,1421
827.604,1391
827.723,1415
827.841,1413
827.959,1413
828.078,1406
828.196,1355
828.315,1367
828.433,1362
828.552,1388
828.67,1378
828.788,1343
828.907,1373
829.025,1419
829.143,1404
829.262,1380
829.38,1387
829.499,1388
829.617,1416
829.735,1385
829.854,1336
829.972,1375
830.091,1361
830.209,1377
830.327,1358
830.446,1380
830.564,1355
830.682,1380
830.801,1347
830.919,1354
831.037,1358
831.156,1371
831.274,1356
831.392,1395
831.511,1375
831.629,1361
831.747,1382
831.866,1352
831.984,1367
832.102,1357
832.221,1348
832.339,1337
832.457,1351
832.576,1323
832.694,1387
832.812,1344
832.93,1351
833.049,1346
833.167,1399
833.285,1324
833.404,1379
833.522,1389
833.64,1362
833.759,1372
833.877,1327
833.995,1340
834.113,1378
834.232,1361
834.35,1366
834.468,1364
834.586,1364
834.705,1373
834.823,1428
834.941,1330
835.059,1427
835.178,1405
835.296,1381
835.414,1408
835.532,1354
835.651,1378
835.769,1347
835.887,1377
836.005,1380
836.124,1412
836.242,1414
836.36,1404
836.478,1403
836.596,1429
836.715,1425
836.833,1409
836.951,1449
837.069,1452
837.188,1464
837.306,1419
837.424,1448
837.542,1390
837.66,1485
837.779,1476
837.897,1438
838.015,1440
838.133,1395
838.251,1422
838.369,1455
838.487,1438
838.606,1439
838.724,1454
838.842,1438
838.96,1439
839.078,1422
839.196,1395
839.315,1429
839.433,1390
839.551,1429
839.669,1430
839.787,1386
839.905,1440
840.023,1408
840.142,1387
840.26,1418
840.378,1416
840.496,1388
840.614,1377
840.732,1428
840.85,1370
840.968,1379
841.087,1357
841.205,1382
841.323,1379
841.441,1352
841.559,1365
841.677,1356
841.795,1384
841.913,1354
842.031,1374
842.149,1298
842.267,1335
842.385,1338
842.504,1346
842.622,1340
842.74,1323
842.858,1379
842.976,1338
843.094,1320
843.212,1311
843.33,1323
843.448,1338
843.566,1331
843.684,1359
843.802,1295
843.92,1325
844.038,1356
844.156,1302
844.274,1338
844.392,1316
844.51,1340
844.628,1330
844.746,1344
844.864,1278
844.982,1312
845.1,1342
845.218,1340
845.336,1300
845.454,1368
845.572,1302
845.69,1332
845.808,1292
845.926,1308
846.044,1349
846.162,1290
846.28,1296
846.398,1312
846.516,1354
846.634,1311
846.752,1345
846.87,1349
846.988,1284
847.106,1294
847.224,1335
847.342,1332
847.46,1324
847.578,1306
847.696,1298
847.814,1360
847.932,1323
848.05,1317
848.168,1308
848.285,1332
848.403,1337
848.521,1288
848.639,1350
848.757,1300
848.875,1355
848.993,1304
849.111,1342
849.229,1295
849.347,1312
849.465,1351
849.582,1290
849.7,1340
849.818,1334
849.936,1282
850.054,1327
850.172,1345
850.29,1353
850.408,1334
850.525,1297
850.643,1309
850.761,1303
850.879,1272
850.997,1330
851.115,1278
851.233,1331
851.35,1372
851.468,1334
851.586,1307
851.704,1366
851.822,1350
851.94,1348
852.057,1329
852.175,1335
852.293,1346
852.411,1343
852.529,1378
852.647,1314
852.764,1306
852.882,1337
853.0,1351
853.118,1325
853.236,1348
853.353,1308
853.471,1357
853.589,1325
853.707,1364
853.824,1354
853.942,1360
854.06,1349
854.178,1390
854.296,1336
854.413,1350
854.531,1344
854.649,1353
854.767,1335
854.884,1333
855.002,1385
855.12,1328
855.238,1323
855.355,1361
855.473,1377
855.591,1371
855.708,1314
855.826,1335
855.944,1362
856.062,1383
856.179,1341
856.297,1348
856.415,1416
856.532,1351
856.65,1401
856.768,1379
856.886,1376
857.003,1369
857.121,1328
857.239,1363
857.356,1366
857.474,1384
857.592,1363
857.709,1426
857.827,1345
857.945,1362
858.062,1359
858.18,1352
858.298,1393
858.415,1307
858.533,1381
858.651,1342
858.768,1359
858.886,1392
859.003,1356
859.121,1350
859.239,1344
859.356,1357
859.474,1335
859.592,1348
859.709,1355
859.827,1353
859.944,1319
860.062,1331
860.18,1354
860.297,1343
860.415,1340
860.532,1363
860.65,1342
860.768,1359
860.885,1327
861.003,1354
861.12,1324
861.238,1315
861.356,1322
861.473,1333
861.591,1351
861.708,1350
861.826,1342
861.943,1375
862.061,1328
862.178,1348
862.296,1378
862.414,1309
862.531,1325
862.649,1356
862.766,1352
862.884,1346
863.001,1370
863.119,1361
863.236,1377
863.354,1342
863.471,1356
863.589,1348
863.706,1331
863.824,1375
863.941,1365
864.059,1351
864.176,1375
864.294,1359
864.411,1378
864.529,1328
864.646,1378
864.764,1331
864.881,1350
864.999,1357
865.116,1336
865.233,1390
865.351,1373
865.468,1320
865.586,1371
865.703,1357
865.821,1325
865.938,1346
866.056,1334
866.173,1378
866.29,1360
866.408,1365
866.525,1351
866.643,1412
866.76,1375
866.878,1388
866.995,1355
867.112,1330
867.23,1346
867.347,1378
867.465,1378
867.582,1348
867.699,1343
867.817,1348
867.934,1373
868.051,1370
868.169,1356
868.286,1379
868.404,1409
868.521,1347
868.638,1322
868.756,1356
868.873,1379
868.99,1344
869.108,1400
869.225,1333
869.342,1345
869.46,1371
869.577,1363
869.694,1360
869.812,1368
869.929,1397
870.046,1352
870.164,1364
870.281,1380
870.398,1360
870.516,1372
870.633,1384
870.75,1406
870.867,1399
870.985,1344
871.102,1367
871.219,1363
871.337,1367
871.454,1345
871.571,1375
871.688,1403
871.806,1364
871.923,1418
872.04,1371
872.157,1369
872.275,1374
872.392,1368
872.509,1349
872.626,1399
872.744,1370
872.861,1412
872.978,1347
873.095,1429
873.213,1367
873.33,1401
873.447,1397
873.564,1378
873.681,1387
873.799,1381
873.916,1342
874.033,1337
874.15,1403
874.267,1350
874.385,1353
874.502,1338
874.619,1342
874.736,1380
874.853,1359
874.97,1342
875.088,1353
875.205,1387
875.322,1370
875.439,1348
875.556,1374
875.673,1380
875.791,1403
875.908,1358
876.025,1402
876.142,1370
876.259,1337
876.376,1372
876.493,1370
876.61,1334
876.728,1379
876.845,1358
876.962,1355
877.079,1432
877.196,1377
877.313,1400
877.43,1419
877.547,1403
877.664,1413
877.781,1362
877.898,1410
878.016,1387
878.133,1406
878.25,1383
878.367,1380
878.484,1376
878.601,1399
878.718,1389
878.835,1400
878.952,1400
879.069,1377
879.186,1362
879.303,1380
879.42,1392
879.537,1382
879.654,1421
879.771,1403
879.888,1410
880.005,1424
880.122,1334
880.239,1385
880.356,1375
880.473,1392
880.59,1389
880.707,1381
880.824,1367
880.941,1395
881.058,1387
881.175,1379
881.292,1368
881.409,1376
881.526,1357
881.643,1422
881.76,1370
881.877,1453
881.994,1407
882.111,1401
882.228,1401
882.345,1379
882.462,1363
882.579,1365
882.696,1375
882.812,1409
882.929,1375
883.046,1435
883.163,1419
883.28,1401
883.397,1395
883.514,1389
883.631,1392
883.748,1422
883.865,1392
883.982,1412
884.098,1407
884.215,1440
884.332,1423
884.449,1466
884.566,1418
884.683,1407
884.8,1405
884.916,1443
885.033,1448
885.15,1387
885.267,1455
885.384,1471
885.501,1457
885.617,1499
885.734,1423
885.851,1435
885.968,1450
886.085,1463
886.202,1482
886.318,1411
886.435,1464
886.552,1473
886.669,1424
886.786,1444
886.902,1449
887.019,1461
887.136,1470
887.253,1448
887.369,1444
887.486,1464
887.603,1434
887.72,1483
887.837,1438
887.953,1446
888.07,1448
888.187,1477
888.304,1457
888.42,1492
888.537,1448
888.654,1457
888.77,1449
888.887,1476
889.004,1410
889.121,1458
889.237,1425
889.354,1468
889.471,1407
889.587,1439
889.704,1452
889.821,1473
889.938,1470
890.054,1438
890.171,1484
890.288,1415
890.404,1460
890.521,1456
890.638,1461
890.754,1409
890.871,1439
890.988,1464
891.104,1524
891.221,1450
891.337,1472
891.454,1500
891.571,1487
891.687,1489
891.804,1481
891.921,1512
892.037,1455
892.154,1496
892.27,1453
892.387,1472
892.504,1480
892.62,1459
892.737,1467
892.854,1477
892.97,1546
893.087,1521
893.203,1486
893.32,1520
893.436,1492
893.553,1504
893.67,1492
893.786,1518
893.903,1473
894.019,1491
894.136,1511
894.252,1512
894.369,1485
894.485,1477
894.602,1500
894.718,1510
894.835,1458
894.951,1511
895.068,1482
895.184,1454
895.301,1485
895.417,1501
895.534,1474
895.65,1496
895.767,1544
895.883,1514
896.0,1548
896.116,1475
896.233,1437
896.349,1464
896.466,1474
896.582,1528
896.699,1501
896.815,1502
896.932,1479
897.048,1500
897.165,1542
897.281,1486
897.397,1467
897.514,1461
897.63,1491
897.747,1519
897.863,1499
897.979,1490
898.096,1525
898.212,1544
898.329,1512
898.445,1467
898.561,1525
898.678,1531
898.794,1503
898.911,1490
899.027,1541
899.143,1514
899.26,1512
899.376,1534
899.492,1519
899.609,1509
899.725,1538
899.842,1540
899.958,1528
900.074,1476
900.191,1512
900.307,1545
900.423,1548
900.539,1516
900.656,1630
900.772,1526
900.888,1506
901.005,1563
901.121,1570
901.237,1549
901.354,1555
901.47,1574
901.586,1589
901.703,1526
901.819,1517
901.935,1515
902.051,1582
902.168,1540
902.284,1582
902.4,1584
902.516,1554
902.633,1585
902.749,1598
902.865,1601
902.981,1607
903.098,1592
903.214,1579
903.33,1646
903.446,1602
903.562,1606
903.679,1597
903.795,1626
903.911,1629
904.027,1642
904.143,1606
904.26,1624
904.376,1643
904.492,1583
904.608,1579
904.724,1589
904.841,1577
904.957,1608
905.073,1619
905.189,1635
905.305,1617
905.421,1580
905.538,1620
905.654,1668
905.77,1651
905.886,1607
906.002,1586
906.118,1607
906.234,1637
906.35,1637
906.466,1564
906.583,1591
906.699,1612
906.815,1560
906.931,1614
907.047,1639
907.163,1641
907.279,1571
907.395,1555
907.511,1568
907.627,1577
907.743,1610
907.859,1605
907.976,1585
908.092,1518
908.208,1598
908.324,1548
908.44,1594
908.556,1610
908.672,1585
908.788,1615
908.904,1539
909.02,1619
909.136,1582
909.252,1566
909.368,1613
909.484,1565
909.6,1606
909.716,1571
909.832,1570
909.948,1562
910.064,1566
910.18,1577
910.296,1583
910.412,1555
910.528,1575
910.644,1560
910.76,1603
910.875,1591
910.991,1540
911.107,1566
911.223,1549
911.339,1580
911.455,1557
911.571,1564
911.687,1527
911.803,1565
911.919,1546
912.035,1546
912.151,1556
912.267,1504
912.382,1551
912.498,1552
912.614,1552
912.73,1544
912.846,1544
792.446,2395
792.565,2377
792.684,2369
792.803,2324
792.922,2264
793.041,2334
793.16,2219
793.279,2252
793.398,2280
793.518,2247
793.637,2178
793.756,2226
793.875,2242
793.994,2139
794.113,2198
794.232,2207
794.351,2134
794.47,2151
794.589,2149
794.708,2145
794.827,2134
794.946,2113
795.066,2113
795.185,2120
795.304,2071
795.423,2127
795.542,2122
795.661,2047
795.78,2108
795.899,2018
796.018,2047
796.137,2072
796.256,2075
796.375,2046
796.494,2015
796.613,2023
796.732,2063
796.851,2083
796.97,2077
797.089,2028
797.208,2017
797.327,2018
797.446,2077
797.565,2016
797.684,2032
797.803,2063
797.922,2031
798.041,1982
798.16,1967
798.279,1970
798.398,2048
798.517,2069
798.636,2055
798.755,2072
798.874,1933
798.993,2035
799.112,2011
799.231,2019
799.35,2010
799.469,2045
799.588,2011
799.707,2007
799.826,1976
799.945,2055
800.064,2003
800.183,2022
800.302,2000
800.421,2038
800.54,2031
800.659,2012
800.778,2023
800.897,2074
801.016,2013
801.135,2041
801.254,2018
801.373,2046
801.492,2035
801.611,2017
801.729,2033
801.848,2011
801.967,2076
802.086,2031
802.205,2044
802.324,2064
802.443,2099
802.562,2061
802.681,2104
802.8,2062
802.919,2023
803.038,2044
803.157,2090
803.276,2115
803.394,2073
803.513,2095
803.632,2087
803.751,2059
803.87,2058
803.989,2082
804.108,2097
804.227,2111
804.346,2082
804.465,2126
804.583,2147
804.702,2098
804.821,2096
804.94,2177
805.059,2145
805.178,2139
805.297,2103
805.416,2156
805.535,2138
805.653,2099
805.772,2164
805.891,2098
806.01,2152
806.129,2170
806.248,2204
806.367,2180
806.485,2140
806.604,2206
806.723,2213
806.842,2158
806.961,2162
807.08,2236
807.198,2144
807.317,2180
807.436,2116
807.555,2263
807.674,2161
807.793,2222
807.912,2195
808.03,2120
808.149,2171
808.268,2174
808.387,2165
808.506,2191
808.624,2197
808.743,2195
808.862,2200
808.981,2140
809.1,2244
809.219,2212
809.337,2225
809.456,2228
809.575,2271
809.694,2170
809.812,2228
809.931,2245
810.05,2229
810.169,2285
810.288,2252
810.406,2198
810.525,2276
810.644,2151
810.763,2269
810.882,2176
811.0,2228
811.119,2195
811.238,2218
811.357,2221
811.475,2203
811.594,2241
811.713,2251
811.832,2293
811.95,2260
812.069,2244
812.188,2226
812.307,2268
812.425,2258
812.544,2249
812.663,2209
812.782,2262
812.9,2226
813.019,2239
813.138,2222
813.257,2249
813.375,2270
813.494,2231
813.613,2297
813.731,2294
813.85,2212
813.969,2251
814.088,2221
814.206,2240
814.325,2243
814.444,2244
814.562,2180
814.681,2215
814.8,2204
814.918,2214
815.037,2178
815.156,2226
815.274,2163
815.393,2214
815.512,2166
815.631,2196
815.749,2155
815.868,2120
815.987,2160
816.105,2142
816.224,2134
816.343,2170
816.461,2199
816.58,2134
816.698,2178
816.817,2216
816.936,2218
817.055,2202
817.173,2156
817.292,2151
817.41,2121
817.529,2095
817.648,2016
817.766,2018
817.885,1952
818.004,1949
818.122,1934
818.241,1899
818.359,1801
818.478,1838
818.597,1790
818.715,1738
818.834,1713
818.953,1746
819.071,1690
819.19,1692
819.308,1667
819.427,1623
819.546,1620
819.664,1650
819.783,1628
819.901,1627
820.02,1612
820.138,1620
820.257,1614
820.376,1580
820.494,1566
820.613,1594
820.731,1573
820.85,1588
820.969,1583
821.087,1548
821.206,1528
821.324,1539
821.443,1553
821.561,1554
821.68,1505
821.798,1504
821.917,1495
822.035,1501
822.154,1521
822.273,1485
822.391,1461
822.51,1532
822.628,1507
822.747,1499
822.865,1506
822.984,1527
823.102,1537
823.221,1498
823.339,1485
823.458,1525
823.576,1513
823.695,1491
823.813,1510
823.932,1586
824.05,1524
824.169,1515
824.287,1537
824.406,1510
824.524,1526
824.643,1500
824.761,1549
824.88,1516
824.998,1524
825.117,1525
825.235,1520
825.354,1505
825.472,1483
825.591,1520
825.709,1475
825.828,1458
825.946,1466
826.064,1483
826.183,1503
826.301,1444
826.42,1406
826.538,1439
826.657,1457
826.775,1447
826.894,1364
827.012,1415
827.13,1434
827.249,1401
827.367,1412
827.486,1409
827.604,1402
827.723,1432
827.841,1390
827.959,1389
828.078,1360
828.196,1412
828.315,1356
828.433,1432
828.552,1368
828.67,1417
828.788,1376
828.907,1404
829.025,1397
829.143,1397
829.262,1397
829.38,1382
829.499,1441
829.617,1365
829.735,1403
829.854,1391
829.972,1396
830.091,1368
830.209,1403
830.327,1354
830.446,1428
830.564,1385
830.682,1402
830.801,1385
830.919,1419
831.037,1394
831.156,1391
831.274,1365
831.392,1371
831.511,1373
831.629,1377
831.747,1357
831.866,1407
831.984,1398
832.102,1378
832.221,1377
832.339,1372
832.457,1405
832.576,1382
832.694,1410
832.812,1359
832.93,1398
833.049,1350
833.167,1417
833.285,1371
833.404,1386
833.522,1356
833.64,1392
833.759,1367
833.877,1416
833.995,1395
834.113,1375
834.232,1459
834.35,1380
834.468,1393
834.586,1392
834.705,1373
834.823,1414
834.941,1405
835.059,1411
835.178,1398
835.296,1369
835.414,1401
835.532,1422
835.651,1396
835.769,1412
835.887,1432
836.005,1394
836.124,1405
836.242,1404
836.36,1444
836.478,1409
836.596,1487
836.715,1473
836.833,1450
836.951,1410
837.069,1469
837.188,1469
837.306,1472
837.424,1449
837.542,1470
837.66,1431
837.779,1494
837.897,1468
838.015,1457
838.133,1411
838.251,1505
838.369,1472
838.487,1449
838.606,1426
838.724,1460
838.842,1464
838.96,1456
839.078,1420
839.196,1444
839.315,1434
839.433,1441
839.551,1430
839.669,1399
839.787,1458
839.905,1438
840.023,1438
840.142,1430
840.26,1421
840.378,1419
840.496,1441
840.614,1449
840.732,1443
840.85,1450
840.968,1409
841.087,1389
841.205,1387
841.323,1387
841.441,1373
841.559,1391
841.677,1401
841.795,1414
841.913,1377
842.031,1405
842.149,1419
842.267,1378
842.385,1373
842.504,1368
842.622,1392
842.74,1374
842.858,1388
842.976,1386
843.094,1351
843.212,1350
843.33,1376
843.448,1368
843.566,1305
843.684,1330
843.802,1341
843.92,1368
844.038,1355
844.156,1368
844.274,1338
844.392,1380
844.51,1345
844.628,1343
844.746,1304
844.864,1356
844.982,1381
845.1,1341
845.218,1342
845.336,1363
845.454,1354
845.572,1350
845.69,1367
845.808,1319
845.926,1402
846.044,1331
846.162,1343
846.28,1347
846.398,1296
846.516,1379
846.634,1330
846.752,1322
846.87,1348
846.988,1364
847.106,1329
847.224,1340
847.342,1371
847.46,1305
847.578,1347
847.696,1336
847.814,1346
847.932,1360
848.05,1341
848.168,1352
848.285,1326
848.403,1381
848.521,1348
848.639,1365
848.757,1309
848.875,1389
848.993,1355
849.111,1381
849.229,1322
849.347,1327
849.465,1338
849.582,1358
849.7,1351
849.818,1337
849.936,1349
850.054,1318
850.172,1332
850.29,1367
850.408,1279
850.525,1335
850.643,1354
850.761,1365
850.879,1302
850.997,1351
851.115,1322
851.233,1370
851.35,1336
851.468,1378
851.586,1332
851.704,1346
851.822,1344
851.94,1327
852.057,1351
852.175,1373
852.293,1341
852.411,1328
852.529,1355
852.647,1391
852.764,1368
852.882,1362
853.0,1369
853.118,1370
853.236,1343
853.353,1365
853.471,1363
853.589,1394
853.707,1392
853.824,1378
853.942,1390
854.06,1413
854.178,1369
854.296,1358
854.413,1373
854.531,1407
854.649,1386
854.767,1412
854.884,1371
855.002,1373
855.12,1411
855.238,1378
855.355,1393
855.473,1394
855.591,1379
855.708,1388
855.826,1377
855.944,1338
856.062,1391
856.179,1414
856.297,1384
856.415,1384
856.532,1381
856.65,1438
856.768,1385
856.886,1428
857.003,1435
857.121,1370
857.239,1384
857.356,1375
857.474,1372
857.592,1380
857.709,1410
857.827,1386
857.945,1342
858.062,1381
858.18,1420
858.298,1404
858.415,1401
858.533,1373
858.651,1379
858.768,1383
858.886,1379
859.003,1364
859.121,1393
859.239,1379
859.356,1375
859.474,1381
859.592,1403
859.709,1391
859.827,1399
859.944,1338
860.062,1353
860.18,1355
860.297,1411
860.415,1345
860.532,1344
860.65,1375
860.768,1383
860.885,1387
861.003,1352
861.12,1422
861.238,1348
861.356,1351
861.473,1378
861.591,1394
861.708,1365
861.826,1307
861.943,1399
862.061,1370
862.178,1342
862.296,1337
862.414,1392
862.531,1354
862.649,1368
862.766,1358
862.884,1369
863.001,1388
863.119,1368
863.236,1401
863.354,1352
863.471,1403
863.589,1342
863.706,1434
863.824,1362
863.941,1346
864.059,1386
864.176,1357
864.294,1381
864.411,1353
864.529,1337
864.646,1398
864.764,1311
864.881,1359
864.999,1386
865.116,1397
865.233,1369
865.351,1383
865.468,1383
865.586,1398
865.703,1407
865.821,1348
865.938,1408
866.056,1373
866.173,1411
866.29,1365
866.408,1362
866.525,1386
866.643,1407
866.76,1385
866.878,1337
866.995,1396
867.112,1426
867.23,1410
867.347,1405
867.465,1381
867.582,1414
867.699,1400
867.817,1416
867.934,1369
868.051,1402
868.169,1423
868.286,1384
868.404,1373
868.521,1385
868.638,1380
868.756,1373
868.873,1399
868.99,1385
869.108,1420
869.225,1351
869.342,1402
869.46,1410
869.577,1382
869.694,1391
869.812,1375
869.929,1385
870.046,1397
870.164,1355
870.281,1397
870.398,1342
870.516,1364
870.633,1415
870.75,1382
870.867,1406
870.985,1394
871.102,1424
871.219,1380
871.337,1410
871.454,1405
871.571,1392
871.688,1371
871.806,1408
871.923,1393
872.04,1353
872.157,1418
872.275,1401
872.392,1387
872.509,1384
872.626,1392
872.744,1394
872.861,1400
872.978,1401
873.095,1386
873.213,1419
873.33,1394
873.447,1412
873.564,1391
873.681,1428
873.799,1381
873.916,1413
874.033,1369
874.15,1439
874.267,1401
874.385,1387
874.502,1406
874.619,1425
874.736,1406
874.853,1376
874.97,1411
875.088,1390
875.205,1427
875.322,1390
875.439,1418
875.556,1428
875.673,1412
875.791,1374
875.908,1385
876.025,1389
876.142,1398
876.259,1420
876.376,1419
876.493,1413
876.61,1419
876.728,1420
876.845,1405
876.962,1449
877.079,1420
877.196,1471
877.313,1426
877.43,1413
877.547,1441
877.664,1404
877.781,1413
877.898,1412
878.016,1377
878.133,1434
878.25,1423
878.367,1439
878.484,1393
878.601,1406
878.718,1371
878.835,1405
878.952,1400
879.069,1403
879.186,1399
879.303,1378
879.42,1407
879.537,1389
879.654,1401
879.771,1376
879.888,1408
880.005,1394
880.122,1426
880.239,1424
880.356,1421
880.473,1414
880.59,1408
880.707,1421
880.824,1424
880.941,1406
881.058,1422
881.175,1412
881.292,1429
881.409,1397
881.526,1383
881.643,1381
881.76,1415
881.877,1418
881.994,1424
882.111,1446
882.228,1433
882.345,1387
882.462,1401
882.579,1408
882.696,1428
882.812,1444
882.929,1402
883.046,1474
883.163,1449
883.28,1440
883.397,1431
883.514,1441
883.631,1432
883.748,1425
883.865,1456
883.982,1465
884.098,1413
884.215,1446
884.332,1440
884.449,1432
884.566,1449
884.683,1447
884.8,1460
884.916,1469
885.033,1427
885.15,1465
885.267,1475
885.384,1471
885.501,1489
885.617,1481
885.734,1432
885.851,1455
885.968,1468
886.085,1484
886.202,1455
886.318,1481
886.435,1505
886.552,1484
886.669,1498
886.786,1466
886.902,1460
887.019,1481
887.136,1480
887.253,1468
887.369,1478
887.486,1486
887.603,1486
887.72,1445
887.837,1484
887.953,1467
888.07,1476
888.187,1457
888.304,1502
888.42,1511
888.537,1486
888.654,1460
888.77,1468
888.887,1470
889.004,1463
889.121,1509
889.237,1466
889.354,1514
889.471,1418
889.587,1516
889.704,1514
889.821,1443
889.938,1491
890.054,1480
890.171,1466
890.288,1476
890.404,1452
890.521,1481
890.638,1492
890.754,1515
890.871,1512
890.988,1490
891.104,1523
891.221,1514
891.337,1461
891.454,1528
891.571,1523
891.687,1554
891.804,1514
891.921,1510
892.037,1484
892.154,1544
892.27,1488
892.387,1486
892.504,1547
892.62,1536
892.737,1507
892.854,1517
892.97,1508
893.087,1487
893.203,1518
893.32,1537
893.436,1488
893.553,1542
893.67,1537
893.786,1549
893.903,1501
894.019,1525
894.136,1496
894.252,1517
894.369,1511
894.485,1558
894.602,1548
894.718,1538
894.835,1542
894.951,1561
895.068,1519
895.184,1524
895.301,1508
895.417,1548
895.534,1515
895.65,1500
895.767,1540
895.883,1518
896.0,1517
896.116,1532
896.233,1506
896.349,1557
896.466,1524
896.582,1528
896.699,1546
896.815,1545
896.932,1523
897.048,1512
897.165,1534
897.281,1513
897.397,1465
897.514,1516
897.63,1546
897.747,1558
897.863,1533
897.979,1522
898.096,1551
898.212,1548
898.329,1537
898.445,1548
898.561,1544
898.678,1575
898.794,1570
898.911,1549
899.027,1553
899.143,1600
899.26,1544
899.376,1489
899.492,1565
899.609,1550
899.725,1575
899.842,1608
899.958,1580
900.074,1556
900.191,1551
900.307,1526
900.423,1553
900.539,1610
900.656,1604
900.772,1574
900.888,1564
901.005,1594
901.121,1584
901.237,1556
901.354,1573
901.47,1653
901.586,1551
901.703,1549
901.819,1588
901.935,1611
902.051,1628
902.168,1575
902.284,1608
902.4,1635
902.516,1593
902.633,1610
902.749,1654
902.865,1619
902.981,1599
903.098,1628
903.214,1629
903.33,1623
903.446,1629
903.562,1618
903.679,1583
903.795,1627
903.911,1638
904.027,1644
904.143,1637
904.26,1637
904.376,1649
904.492,1629
904.608,1608
904.724,1654
904.841,1586
904.957,1630
905.073,1651
905.189,1648
905.305,1678
905.421,1645
905.538,1661
905.654,1592
905.77,1627
905.886,1603
906.002,1640
906.118,1637
906.234,1638
906.35,1640
906.466,1668
906.583,1614
906.699,1634
906.815,1599
906.931,1672
907.047,1637
907.163,1648
907.279,1620
907.395,1628
907.511,1665
907.627,1626
907.743,1633
907.859,1644
907.976,1602
908.092,1659
908.208,1613
908.324,1589
908.44,1595
908.556,1627
908.672,1579
908.788,1632
908.904,1647
909.02,1637
909.136,1651
909.252,1587
909.368,1638
909.484,1613
909.6,1634
909.716,1617
909.832,1623
909.948,1622
910.064,1595
910.18,1582
910.296,1569
910.412,1616
910.528,1628
910.644,1639
910.76,1606
910.875,1599
910.991,1630
911.107,1671
911.223,1581
911.339,1610
911.455,1559
911.571,1588
911.687,1594
911.803,1623
911.919,1583
912.035,1604
912.151,1583
912.267,1552
912.382,1605
912.498,1572
912.614,1567
912.73,1607
912.846,1571
792.446,2377
792.565,2338
792.684,2388
792.803,2333
792.922,2287
793.041,2224
793.16,2288
793.279,2241
793.398,2262
793.518,2247
793.637,2194
793.756,2216
793.875,2265
793.994,2213
794.113,2221
794.232,2141
794.351,2195
794.47,2199
794.589,2132
794.708,2166
794.827,2129
794.946,2099
795.066,2133
795.185,2158
795.304,2172
795.423,2072
795.542,2110
795.661,2069
795.78,2067
795.899,2023
796.018,2074
796.137,2079
796.256,2112
796.375,2059
796.494,2039
796.613,2111
796.732,2003
796.851,1996
796.97,2038
797.089,2001
797.208,2048
797.327,2081
797.446,1981
797.565,2042
797.684,2000
797.803,2033
797.922,2029
798.041,2039
798.16,2043
798.279,2008
798.398,2067
798.517,2030
798.636,1984
798.755,2016
798.874,1983
798.993,2066
799.112,2011
799.231,2031
799.35,1984
799.469,1993
799.588,2011
799.707,2032
799.826,2032
799.945,2010
800.064,2028
800.183,2045
800.302,2090
800.421,2037
800.54,1947
800.659,2063
800.778,2057
800.897,2007
801.016,1974
801.135,2023
801.254,2027
801.373,1982
801.492,2030
801.611,2071
801.729,2022
801.848,2002
801.967,2091
802.086,2063
802.205,2054
802.324,2054
802.443,2090
802.562,2078
802.681,2077
802.8,2089
802.919,2034
803.038,2069
803.157,2046
803.276,2103
803.394,2076
803.513,2086
803.632,2070
803.751,2068
803.87,2157
803.989,2098
804.108,2079
804.227,2095
804.346,2084
804.465,2115
804.583,2122
804.702,2126
804.821,2093
804.94,2119
805.059,2108
805.178,2089
805.297,2130
805.416,2138
805.535,2116
805.653,2183
805.772,2182
805.891,2157
806.01,2239
806.129,2174
806.248,2192
806.367,2138
806.485,2215
806.604,2168
806.723,2161
806.842,2157
806.961,2136
807.08,2167
807.198,2182
807.317,2188
807.436,2195
807.555,2215
807.674,2230
807.793,2179
807.912,2160
808.03,2174
808.149,2181
808.268,2196
808.387,2219
808.506,2237
808.624,2193
808.743,2205
808.862,2277
808.981,2240
809.1,2188
809.219,2215
809.337,2247
809.456,2251
809.575,2253
809.694,2302
809.812,2239
809.931,2222
810.05,2218
810.169,2248
810.288,2206
810.406,2227
810.525,2283
810.644,2262
810.763,2277
810.882,2237
811.0,2294
811.119,2251
811.238,2171
811.357,2261
811.475,2240
811.594,2269
811.713,2304
811.832,2275
811.95,2244
812.069,2292
812.188,2250
812.307,2214
812.425,2287
812.544,2259
812.663,2302
812.782,2291
812.9,2276
813.019,2255
813.138,2217
813.257,2228
813.375,2270
813.494,2240
813.613,2257
813.731,2293
813.85,2245
813.969,2268
814.088,2265
814.206,2263
814.325,2251
814.444,2216
814.562,2208
814.681,2243
814.8,2221
814.918,2219
815.037,2244
815.156,2206
815.274,2230
815.393,2192
815.512,2171
815.631,2175
815.749,2157
815.868,2169
815.987,2161
816.105,2142
816.224,2143
816.343,2190
816.461,2183
816.58,2185
816.698,2269
816.817,2190
816.936,2227
817.055,2217
817.173,2192
817.292,2212
817.41,2166
817.529,2076
817.648,2071
817.766,2005
817.885,1972
818.004,1945
818.122,1919
818.241,1873
818.359,1837
818.478,1847
818.597,1802
818.715,1763
818.834,1766
818.953,1684
819.071,1727
819.19,1707
819.308,1679
819.427,1701
819.546,1667
819.664,1639
819.783,1621
819.901,1598
820.02,1634
820.138,1603
820.257,1618
820.376,1579
820.494,1593
820.613,1607
820.731,1525
820.85,1587
820.969,1552
821.087,1515
821.206,1594
821.324,1581
821.443,1530
821.561,1466
821.68,1518
821.798,1500
821.917,1532
822.035,1552
822.154,1578
822.273,1485
822.391,1496
822.51,1509
822.628,1517
822.747,1523
822.865,1535
822.984,1503
823.102,1514
823.221,1511
823.339,1496
823.458,1524
823.576,1513
823.695,1532
823.813,1553
823.932,1535
824.05,1510
824.169,1540
824.287,1545
824.406,1501
824.524,1571
824.643,1498
824.761,1503
824.88,1539
824.998,1591
825.117,1527
825.235,1521
825.354,1501
825.472,1488
825.591,1465
825.709,1513
825.828,1492
825.946,1475
826.064,1478
826.183,1445
826.301,1443
826.42,1449
826.538,1463
826.657,1432
826.775,1453
826.894,1456
827.012,1403
827.13,1448
827.249,1427
827.367,1396
827.486,1453
827.604,1427
827.723,1421
827.841,1384
827.959,1425
828.078,1370
828.196,1418
828.315,1405
828.433,1398
828.552,1383
828.67,1453
828.788,1415
828.907,1406
829.025,1408
829.143,1415
829.262,1395
829.38,1344
829.499,1366
829.617,1364
829.735,1384
829.854,1389
829.972,1417
830.091,1389
830.209,1389
830.327,1378
830.446,1384
830.564,1388
830.682,1391
830.801,1425
830.919,1373
831.037,1396
831.156,1427
831.274,1394
831.392,1413
831.511,1378
831.629,1378
831.747,1406
831.866,1399
831.984,1372
832.102,1388
832.221,1391
832.339,1376
832.457,1405
832.576,1376
832.694,1352
832.812,1401
832.93,1353
833.049,1420
833.167,1413
833.285,1412
833.404,1425
833.522,1354
833.64,1382
833.759,1405
833.877,1408
833.995,1374
834.113,1396
834.232,1421
834.35,1422
834.468,1411
834.586,1417
834.705,1411
834.823,1390
834.941,1400
835.059,1388
835.178,1344
835.296,1386
835.414,1400
835.532,1399
835.651,1391
835.769,1388
835.887,1405
836.005,1402
836.124,1435
836.242,1455
836.36,1412
836.478,1447
836.596,1489
836.715,1435
836.833,1494
836.951,1472
837.069,1477
837.188,1404
837.306,1482
837.424,1464
837.542,1483
837.66,1492
837.779,1458
837.897,1493
838.015,1445
838.133,1480
838.251,1416
838.369,1504
838.487,1478
838.606,1475
838.724,1478
838.842,1433
838.96,1435
839.078,1471
839.196,1451
839.315,1423
839.433,1440
839.551,1430
839.669,1434
839.787,1424
839.905,1463
840.023,1415
840.142,1433
840.26,1427
840.378,1444
840.496,1425
840.614,1402
840.732,1406
840.85,1416
840.968,1426
841.087,1421
841.205,1418
841.323,1438
841.441,1378
841.559,1386
841.677,1356
841.795,1427
841.913,1347
842.031,1392
842.149,1364
842.267,1361
842.385,1388
842.504,1344
842.622,1347
842.74,1391
842.858,1364
842.976,1358
843.094,1370
843.212,1387
843.33,1358
843.448,1398
843.566,1351
843.684,1335
843.802,1354
843.92,1377
844.038,1338
844.156,1343
844.274,1340
844.392,1370
844.51,1363
844.628,1376
844.746,1362
844.864,1350
844.982,1367
845.1,1348
845.218,1361
845.336,1318
845.454,1323
845.572,1363
845.69,1354
845.808,1367
845.926,1362
846.044,1347
846.162,1353
846.28,1376
846.398,1358
846.516,1360
846.634,1381
846.752,1352
846.87,1325
846.988,1330
847.106,1358
847.224,1377
847.342,1374
847.46,1339
847.578,1364
847.696,1336
847.814,1333
847.932,1389
848.05,1359
848.168,1380
848.285,1345
848.403,1368
848.521,1347
848.639,1365
848.757,1336
848.875,1352
848.993,1341
849.111,1339
849.229,1379
849.347,1353
849.465,1347
849.582,1342
849.7,1392
849.818,1361
849.936,1326
850.054,1376
850.172,1361
850.29,1391
850.408,1350
850.525,1333
850.643,1325
850.761,1351
850.879,1348
850.997,1379
851.115,1349
851.233,1332
851.35,1327
851.468,1379
851.586,1337
851.704,1356
851.822,1328
851.94,1382
852.057,1337
852.175,1376
852.293,1324
852.411,1365
852.529,1369
852.647,1422
852.764,1370
852.882,1403
853.0,1335
853.118,1365
853.236,1381
853.353,1400
853.471,1377
853.589,1351
853.707,1342
853.824,1370
853.942,1376
854.06,1349
854.178,1313
854.296,1400
854.413,1395
854.531,1405
854.649,1383
854.767,1373
854.884,1365
855.002,1393
855.12,1389
855.238,1432
855.355,1363
855.473,1390
855.591,1378
855.708,1406
855.826,1377
855.944,1401
856.062,1426
856.179,1359
856.297,1429
856.415,1372
856.532,1396
856.65,1397
856.768,1400
856.886,1417
857.003,1409
857.121,1392
857.239,1451
857.356,1398
857.474,1411
857.592,1394
857.709,1398
857.827,1433
857.945,1419
858.062,1376
858.18,1395
858.298,1424
858.415,1418
858.533,1391
858.651,1366
858.768,1410
858.886,1378
859.003,1398
859.121,1376
859.239,1375
859.356,1367
859.474,1384
859.592,1398
859.709,1383
859.827,1388
859.944,1375
860.062,1337
860.18,1397
860.297,1373
860.415,1372
860.532,1393
860.65,1405
860.768,1348
860.885,1402
861.003,1408
861.12,1372
861.238,1363
861.356,1360
861.473,1361
861.591,1375
861.708,1387
861.826,1391
861.943,1379
862.061,1402
862.178,1375
862.296,1401
862.414,1396
862.531,1358
862.649,1366
862.766,1368
862.884,1389
863.001,1400
863.119,1401
863.236,1383
863.354,1373
863.471,1338
863.589,1363
863.706,1408
863.824,1366
863.941,1400
864.059,1352
864.176,1401
864.294,1382
864.411,1350
864.529,1377
864.646,1426
864.764,1373
864.881,1375
864.999,1390
865.116,1400
865.233,1409
865.351,1412
865.468,1427
865.586,1414
865.703,1423
865.821,1382
865.938,1383
866.056,1408
866.173,1387
866.29,1369
866.408,1388
866.525,1386
866.643,1399
866.76,1434
866.878,1354
866.995,1395
867.112,1410
867.23,1352
867.347,1425
867.465,1357
867.582,1420
867.699,1404
867.817,1443
867.934,1407
868.051,1384
868.169,1419
868.286,1355
868.404,1408
868.521,1391
868.638,1414
868.756,1422
868.873,1407
868.99,1375
869.108,1423
869.225,1392
869.342,1435
869.46,1381
869.577,1420
869.694,1400
869.812,1393
869.929,1431
870.046,1411
870.164,1358
870.281,1431
870.398,1420
870.516,1385
870.633,1403
870.75,1415
870.867,1429
870.985,1427
871.102,1411
871.219,1431
871.337,1384
871.454,1429
871.571,1443
871.688,1404
871.806,1461
871.923,1408
872.04,1404
872.157,1356
872.275,1360
872.392,1392
872.509,1412
872.626,1436
872.744,1409
872.861,1379
872.978,1418
873.095,1402
873.213,1384
873.33,1384
873.447,1376
873.564,1441
873.681,1387
873.799,1399
873.916,1405
874.033,1399
874.15,1363
874.267,1430
874.385,1387
874.502,1426
874.619,1382
874.736,1398
874.853,1397
874.97,1376
875.088,1410
875.205,1408
875.322,1412
875.439,1440
875.556,1365
875.673,1417
875.791,1383
875.908,1450
876.025,1387
876.142,1395
876.259,1429
876.376,1436
876.493,1439
876.61,1419
876.728,1452
876.845,1382
876.962,1437
877.079,1418
877.196,1418
877.313,1448
877.43,1460
877.547,1406
877.664,1448
877.781,1416
877.898,1446
878.016,1389
878.133,1416
878.25,1436
878.367,1412
878.484,1425
878.601,1430
878.718,1416
878.835,1445
878.952,1463
879.069,1404
879.186,1425
879.303,1408
879.42,1445
879.537,1422
879.654,1446
879.771,1424
879.888,1391
880.005,1400
880.122,1409
880.239,1404
880.356,1407
880.473,1430
880.59,1419
880.707,1450
880.824,1402
880.941,1425
881.058,1431
881.175,1453
881.292,1450
881.409,1421
881.526,1422
881.643,1455
881.76,1446
881.877,1431
881.994,1426
882.111,1426
882.228,1462
882.345,1408
882.462,1448
882.579,1446
882.696,1444
882.812,1448
882.929,1402
883.046,1429
883.163,1450
883.28,1446
883.397,1440
883.514,1441
883.631,1425
883.748,1444
883.865,1430
883.982,1481
884.098,1427
884.215,1411
884.332,1499
884.449,1418
884.566,1438
884.683,1488
884.8,1474
884.916,1463
885.033,1455
885.15,1412
885.267,1465
885.384,1468
885.501,1495
885.617,1505
885.734,1464
885.851,1510
885.968,1538
886.085,1502
886.202,1468
886.318,1487
886.435,1526
886.552,1480
886.669,1482
886.786,1553
886.902,1500
887.019,1515
887.136,1498
887.253,1489
887.369,1500
887.486,1455
887.603,1505
887.72,1519
887.837,1503
887.953,1473
888.07,1505
888.187,1520
888.304,1531
888.42,1473
888.537,1481
888.654,1475
888.77,1523
888.887,1482
889.004,1478
889.121,1502
889.237,1490
889.354,1485
889.471,1472
889.587,1463
889.704,1470
889.821,1494
889.938,1525
890.054,1449
890.171,1540
890.288,1496
890.404,1479
890.521,1505
890.638,1525
890.754,1510
890.871,1491
890.988,1518
891.104,1534
891.221,1500
891.337,1466
891.454,1521
891.571,1504
891.687,1487
891.804,1561
891.921,1553
892.037,1512
892.154,1528
892.27,1528
892.387,1532
892.504,1497
892.62,1532
892.737,1475
892.854,1545
892.97,1533
893.087,1510
893.203,1526
893.32,1525
893.436,1518
893.553,1557
893.67,1525
893.786,1542
893.903,1582
894.019,1512
894.136,1562
894.252,1542
894.369,1541
894.485,1601
894.602,1537
894.718,1556
894.835,1514
894.951,1531
895.068,1598
895.184,1520
895.301,1557
895.417,1516
895.534,1536
895.65,1479
895.767,1542
895.883,1509
896.0,1542
896.116,1515
896.233,1539
896.349,1542
896.466,1540
896.582,1513
896.699,1511
896.815,1570
896.932,1537
897.048,1564
897.165,1554
897.281,1518
897.397,1536
897.514,1520
897.63,1590
897.747,1575
897.863,1541
897.979,1557
898.096,1586
898.212,1548
898.329,1554
898.445,1556
898.561,1539
898.678,1575
898.794,1551
898.911,1544
899.027,1563
899.143,1563
899.26,1528
899.376,1546
899.492,1586
899.609,1531
899.725,1553
899.842,1547
899.958,1571
900.074,1636
900.191,1577
900.307,1570
900.423,1582
900.539,1610
900.656,1572
900.772,1591
900.888,1614
901.005,1543
901.121,1572
901.237,1642
901.354,1608
901.47,1592
901.586,1576
901.703,1538
901.819,1619
901.935,1579
902.051,1597
902.168,1626
902.284,1599
902.4,1591
902.516,1562
902.633,1632
902.749,1624
902.865,1636
902.981,1644
903.098,1625
903.214,1657
903.33,1622
903.446,1622
903.562,1608
903.679,1651
903.795,1654
903.911,1611
904.027,1631
904.143,1679
904.26,1613
904.376,1640
904.492,1645
904.608,1619
904.724,1632
904.841,1624
904.957,1666
905.073,1653
905.189,1653
905.305,1615
905.421,1712
905.538,1675
905.654,1675
905.77,1641
905.886,1623
906.002,1626
906.118,1648
906.234,1648
906.35,1678
906.466,1665
906.583,1620
906.699,1636
906.815,1627
906.931,1654
907.047,1658
907.163,1633
907.279,1673
907.395,1652
907.511,1605
907.627,1636
907.743,1633
907.859,1648
907.976,1639
908.092,1659
908.208,1666
908.324,1655
908.44,1656
908.556,1594
908.672,1608
908.788,1632
908.904,1628
909.02,1598
909.136,1633
909.252,1619
909.368,1613
909.484,1617
909.6,1606
909.716,1663
909.832,1607
909.948,1566
910.064,1630
910.18,1656
910.296,1635
910.412,1639
910.528,1593
910.644,1647
910.76,1639
910.875,1626
910.991,1608
911.107,1600
911.223,1599
911.339,1581
911.455,1594
911.571,1610
911.687,1590
911.803,1627
911.919,1598
912.035,1657
912.151,1569
912.267,1579
912.382,1604
912.498,1571
912.614,1626
912.73,1598
912.846,1571
