792.446,1587
792.565,1604
792.684,1611
792.803,1504
792.922,1507
793.041,1486
793.16,1518
793.279,1512
793.398,1526
793.518,1492
793.637,1449
793.756,1554
793.875,1453
793.994,1517
794.113,1471
794.232,1437
794.351,1465
794.47,1449
794.589,1473
794.708,1455
794.827,1465
794.946,1492
795.066,1440
795.185,1484
795.304,1478
795.423,1425
795.542,1447
795.661,1479
795.78,1438
795.899,1458
796.018,1468
796.137,1422
796.256,1443
796.375,1487
796.494,1465
796.613,1435
796.732,1472
796.851,1452
796.97,1398
797.089,1420
797.208,1457
797.327,1477
797.446,1409
797.565,1419
797.684,1419
797.803,1434
797.922,1433
798.041,1429
798.16,1423
798.279,1403
798.398,1403
798.517,1435
798.636,1393
798.755,1482
798.874,1415
798.993,1433
799.112,1434
799.231,1414
799.35,1390
799.469,1425
799.588,1431
799.707,1413
799.826,1450
799.945,1442
800.064,1432
800.183,1423
800.302,1408
800.421,1422
800.54,1435
800.659,1436
800.778,1406
800.897,1468
801.016,1383
801.135,1415
801.254,1402
801.373,1377
801.492,1415
801.611,1419
801.729,1409
801.848,1422
801.967,1403
802.086,1413
802.205,1431
802.324,1411
802.443,1392
802.562,1383
802.681,1396
802.8,1418
802.919,1421
803.038,1360
803.157,1405
803.276,1394
803.394,1422
803.513,1380
803.632,1446
803.751,1406
803.87,1410
803.989,1399
804.108,1448
804.227,1385
804.346,1438
804.465,1449
804.583,1395
804.702,1395
804.821,1344
804.94,1379
805.059,1428
805.178,1391
805.297,1432
805.416,1387
805.535,1408
805.653,1418
805.772,1387
805.891,1423
806.01,1439
806.129,1391
806.248,1391
806.367,1387
806.485,1418
806.604,1402
806.723,1358
806.842,1403
806.961,1385
807.08,1416
807.198,1327
807.317,1401
807.436,1352
807.555,1410
807.674,1415
807.793,1375
807.912,1376
808.03,1434
808.149,1354
808.268,1415
808.387,1357
808.506,1388
808.624,1417
808.743,1409
808.862,1378
808.981,1346
809.1,1382
809.219,1385
809.337,1362
809.456,1415
809.575,1358
809.694,1349
809.812,1358
809.931,1420
810.05,1403
810.169,1414
810.288,1395
810.406,1430
810.525,1394
810.644,1368
810.763,1398
810.882,1366
811.0,1371
811.119,1412
811.238,1371
811.357,1380
811.475,1395
811.594,1395
811.713,1375
811.832,1384
811.95,1384
812.069,1374
812.188,1392
812.307,1368
812.425,1368
812.544,1420
812.663,1362
812.782,1339
812.9,1349
813.019,1397
813.138,1402
813.257,1384
813.375,1382
813.494,1351
813.613,1344
813.731,1385
813.85,1366
813.969,1382
814.088,1367
814.206,1357
814.325,1352
814.444,1351
814.562,1386
814.681,1346
814.8,1379
814.918,1368
815.037,1377
815.156,1411
815.274,1347
815.393,1362
815.512,1353
815.631,1397
815.749,1325
815.868,1380
815.987,1365
816.105,1367
816.224,1328
816.343,1374
816.461,1389
816.58,1341
816.698,1382
816.817,1350
816.936,1390
817.055,1372
817.173,1360
817.292,1369
817.41,1366
817.529,1325
817.648,1360
817.766,1353
817.885,1327
818.004,1313
818.122,1365
818.241,1343
818.359,1349
818.478,1309
818.597,1321
818.715,1310
818.834,1352
818.953,1331
819.071,1322
819.19,1291
819.308,1311
819.427,1307
819.546,1302
819.664,1338
819.783,1347
819.901,1361
820.02,1354
820.138,1326
820.257,1325
820.376,1301
820.494,1359
820.613,1328
820.731,1353
820.85,1379
820.969,1314
821.087,1290
821.206,1320
821.324,1277
821.443,1325
821.561,1323
821.68,1326
821.798,1339
821.917,1334
822.035,1283
822.154,1303
822.273,1307
822.391,1274
822.51,1322
822.628,1290
822.747,1316
822.865,1287
822.984,1295
823.102,1325
823.221,1320
823.339,1319
823.458,1276
823.576,1308
823.695,1282
823.813,1318
823.932,1255
824.05,1325
824.169,1308
824.287,1317
824.406,1323
824.524,1264
824.643,1313
824.761,1308
824.88,1318
824.998,1282
825.117,1285
825.235,1315
825.354,1279
825.472,1284
825.591,1248
825.709,1308
825.828,1285
825.946,1290
826.064,1289
826.183,1308
826.301,1305
826.42,1296
826.538,1296
826.657,1274
826.775,1279
826.894,1293
827.012,1247
827.13,1270
827.249,1287
827.367,1252
827.486,1289
827.604,1282
827.723,1278
827.841,1291
827.959,1276
828.078,1263
828.196,1276
828.315,1288
828.433,1302
828.552,1301
828.67,1249
828.788,1259
828.907,1260
829.025,1271
829.143,1270
829.262,1257
829.38,1271
829.499,1239
829.617,1250
829.735,1271
829.854,1263
829.972,1271
830.091,1288
830.209,1301
830.327,1249
830.446,1248
830.564,1293
830.682,1292
830.801,1264
830.919,1295
831.037,1259
831.156,1260
831.274,1279
831.392,1245
831.511,1292
831.629,1269
831.747,1262
831.866,1287
831.984,1274
832.102,1266
832.221,1255
832.339,1270
832.457,1293
832.576,1289
832.694,1236
832.812,1273
832.93,1275
833.049,1288
833.167,1274
833.285,1264
833.404,1283
833.522,1248
833.64,1296
833.759,1276
833.877,1264
833.995,1245
834.113,1258
834.232,1238
834.35,1269
834.468,1279
834.586,1264
834.705,1282
834.823,1253
834.941,1265
835.059,1304
835.178,1263
835.296,1246
835.414,1275
835.532,1301
835.651,1240
835.769,1246
835.887,1248
836.005,1257
836.124,1269
836.242,1247
836.36,1296
836.478,1250
836.596,1278
836.715,1302
836.833,1283
836.951,1255
837.069,1255
837.188,1246
837.306,1212
837.424,1266
837.542,1215
837.66,1263
837.779,1246
837.897,1246
838.015,1267
838.133,1279
838.251,1263
838.369,1264
838.487,1283
838.606,1255
838.724,1251
838.842,1227
838.96,1259
839.078,1259
839.196,1257
839.315,1269
839.433,1274
839.551,1235
839.669,1257
839.787,1251
839.905,1237
840.023,1285
840.142,1241
840.26,1275
840.378,1264
840.496,1242
840.614,1259
840.732,1290
840.85,1255
840.968,1217
841.087,1270
841.205,1241
841.323,1231
841.441,1254
841.559,1218
841.677,1244
841.795,1254
841.913,1255
842.031,1223
842.149,1237
842.267,1228
842.385,1251
842.504,1269
842.622,1224
842.74,1254
842.858,1213
842.976,1250
843.094,1254
843.212,1273
843.33,1231
843.448,1233
843.566,1235
843.684,1255
843.802,1240
843.92,1266
844.038,1213
844.156,1272
844.274,1238
844.392,1257
844.51,1253
844.628,1257
844.746,1269
844.864,1264
844.982,1218
845.1,1250
845.218,1268
845.336,1257
845.454,1205
845.572,1273
845.69,1216
845.808,1249
845.926,1266
846.044,1272
846.162,1210
846.28,1266
846.398,1246
846.516,1222
846.634,1281
846.752,1249
846.87,1239
846.988,1243
847.106,1220
847.224,1229
847.342,1236
847.46,1247
847.578,1239
847.696,1224
847.814,1265
847.932,1215
848.05,1207
848.168,1233
848.285,1249
848.403,1266
848.521,1246
848.639,1240
848.757,1244
848.875,1244
848.993,1255
849.111,1265
849.229,1228
849.347,1234
849.465,1267
849.582,1218
849.7,1256
849.818,1249
849.936,1281
850.054,1218
850.172,1245
850.29,1242
850.408,1237
850.525,1201
850.643,1261
850.761,1234
850.879,1238
850.997,1223
851.115,1276
851.233,1218
851.35,1229
851.468,1260
851.586,1255
851.704,1259
851.822,1287
851.94,1200
852.057,1277
852.175,1272
852.293,1211
852.411,1263
852.529,1253
852.647,1234
852.764,1262
852.882,1276
853.0,1234
853.118,1242
853.236,1263
853.353,1274
853.471,1242
853.589,1223
853.707,1262
853.824,1247
853.942,1236
854.06,1195
854.178,1238
854.296,1239
854.413,1222
854.531,1253
854.649,1279
854.767,1248
854.884,1242
855.002,1243
855.12,1227
855.238,1227
855.355,1278
855.473,1247
855.591,1252
855.708,1256
855.826,1240
855.944,1232
856.062,1246
856.179,1231
856.297,1217
856.415,1256
856.532,1244
856.65,1240
856.768,1248
856.886,1289
857.003,1218
857.121,1259
857.239,1229
857.356,1274
857.474,1263
857.592,1238
857.709,1219
857.827,1263
857.945,1265
858.062,1234
858.18,1229
858.298,1272
858.415,1247
858.533,1210
858.651,1286
858.768,1236
858.886,1253
859.003,1277
859.121,1253
859.239,1266
859.356,1225
859.474,1258
859.592,1223
859.709,1244
859.827,1253
859.944,1247
860.062,1218
860.18,1216
860.297,1255
860.415,1236
860.532,1248
860.65,1265
860.768,1231
860.885,1262
861.003,1225
861.12,1285
861.238,1268
861.356,1275
861.473,1256
861.591,1221
861.708,1240
861.826,1177
861.943,1290
862.061,1240
862.178,1246
862.296,1259
862.414,1268
862.531,1257
862.649,1255
862.766,1237
862.884,1268
863.001,1206
863.119,1239
863.236,1232
863.354,1242
863.471,1259
863.589,1231
863.706,1206
863.824,1257
863.941,1276
864.059,1264
864.176,1217
864.294,1284
864.411,1257
864.529,1280
864.646,1226
864.764,1251
864.881,1260
864.999,1239
865.116,1253
865.233,1267
865.351,1254
865.468,1253
865.586,1262
865.703,1228
865.821,1255
865.938,1250
866.056,1260
866.173,1250
866.29,1238
866.408,1213
866.525,1277
866.643,1259
866.76,1268
866.878,1248
866.995,1217
867.112,1242
867.23,1254
867.347,1228
867.465,1250
867.582,1241
867.699,1280
867.817,1291
867.934,1221
868.051,1257
868.169,1229
868.286,1263
868.404,1245
868.521,1240
868.638,1261
868.756,1209
868.873,1251
868.99,1242
869.108,1268
869.225,1272
869.342,1261
869.46,1283
869.577,1268
869.694,1254
869.812,1262
869.929,1271
870.046,1241
870.164,1266
870.281,1246
870.398,1275
870.516,1282
870.633,1269
870.75,1311
870.867,1268
870.985,1253
871.102,1245
871.219,1240
871.337,1237
871.454,1295
871.571,1233
871.688,1274
871.806,1244
871.923,1253
872.04,1215
872.157,1251
872.275,1263
872.392,1316
872.509,1282
872.626,1204
872.744,1244
872.861,1252
872.978,1265
873.095,1253
873.213,1291
873.33,1268
873.447,1284
873.564,1220
873.681,1279
873.799,1263
873.916,1278
874.033,1229
874.15,1237
874.267,1272
874.385,1263
874.502,1252
874.619,1264
874.736,1267
874.853,1267
874.97,1263
875.088,1223
875.205,1266
875.322,1264
875.439,1250
875.556,1304
875.673,1223
875.791,1254
875.908,1276
876.025,1257
876.142,1269
876.259,1250
876.376,1268
876.493,1278
876.61,1276
876.728,1267
876.845,1272
876.962,1275
877.079,1302
877.196,1226
877.313,1270
877.43,1218
877.547,1245
877.664,1217
877.781,1300
877.898,1305
878.016,1272
878.133,1257
878.25,1273
878.367,1270
878.484,1275
878.601,1263
878.718,1267
878.835,1273
878.952,1307
879.069,1261
879.186,1285
879.303,1270
879.42,1282
879.537,1271
879.654,1311
879.771,1269
879.888,1293
880.005,1271
880.122,1283
880.239,1268
880.356,1260
880.473,1282
880.59,1265
880.707,1267
880.824,1262
880.941,1232
881.058,1243
881.175,1302
881.292,1235
881.409,1300
881.526,1279
881.643,1271
881.76,1279
881.877,1254
881.994,1260
882.111,1255
882.228,1263
882.345,1269
882.462,1265
882.579,1309
882.696,1259
882.812,1272
882.929,1294
883.046,1273
883.163,1298
883.28,1251
883.397,1286
883.514,1293
883.631,1250
883.748,1268
883.865,1259
883.982,1273
884.098,1293
884.215,1256
884.332,1331
884.449,1265
884.566,1248
884.683,1289
884.8,1295
884.916,1246
885.033,1272
885.15,1270
885.267,1280
885.384,1304
885.501,1278
885.617,1302
885.734,1285
885.851,1330
885.968,1277
886.085,1274
886.202,1321
886.318,1286
886.435,1265
886.552,1280
886.669,1291
886.786,1289
886.902,1306
887.019,1274
887.136,1314
887.253,1315
887.369,1289
887.486,1292
887.603,1290
887.72,1295
887.837,1284
887.953,1273
888.07,1317
888.187,1314
888.304,1320
888.42,1297
888.537,1284
888.654,1316
888.77,1310
888.887,1306
889.004,1276
889.121,1296
889.237,1318
889.354,1282
889.471,1280
889.587,1290
889.704,1310
889.821,1306
889.938,1339
890.054,1312
890.171,1311
890.288,1269
890.404,1265
890.521,1322
890.638,1292
890.754,1320
890.871,1296
890.988,1289
891.104,1331
891.221,1320
891.337,1327
891.454,1338
891.571,1324
891.687,1310
891.804,1321
891.921,1310
892.037,1307
892.154,1306
892.27,1324
892.387,1334
892.504,1298
892.62,1311
892.737,1303
892.854,1329
892.97,1285
893.087,1317
893.203,1324
893.32,1282
893.436,1287
893.553,1319
893.67,1310
893.786,1299
893.903,1319
894.019,1283
894.136,1303
894.252,1305
894.369,1335
894.485,1311
894.602,1306
894.718,1369
894.835,1292
894.951,1320
895.068,1334
895.184,1321
895.301,1318
895.417,1361
895.534,1303
895.65,1327
895.767,1333
895.883,1357
896.0,1356
896.116,1359
896.233,1328
896.349,1272
896.466,1356
896.582,1325
896.699,1287
896.815,1330
896.932,1314
897.048,1322
897.165,1317
897.281,1365
897.397,1369
897.514,1347
897.63,1316
897.747,1333
897.863,1336
897.979,1281
898.096,1303
898.212,1316
898.329,1330
898.445,1354
898.561,1345
898.678,1352
898.794,1319
898.911,1344
899.027,1318
899.143,1299
899.26,1322
899.376,1323
899.492,1372
899.609,1324
899.725,1359
899.842,1333
899.958,1343
900.074,1345
900.191,1303
900.307,1331
900.423,1338
900.539,1293
900.656,1377
900.772,1352
900.888,1333
901.005,1310
901.121,1348
901.237,1342
901.354,1321
901.47,1356
901.586,1366
901.703,1334
901.819,1338
901.935,1376
902.051,1305
902.168,1329
902.284,1389
902.4,1351
902.516,1317
902.633,1352
902.749,1299
902.865,1338
902.981,1296
903.098,1336
903.214,1346
903.33,1327
903.446,1381
903.562,1369
903.679,1381
903.795,1319
903.911,1395
904.027,1385
904.143,1382
904.26,1341
904.376,1351
904.492,1345
904.608,1346
904.724,1333
904.841,1359
904.957,1326
905.073,1377
905.189,1344
905.305,1348
905.421,1376
905.538,1385
905.654,1363
905.77,1359
905.886,1380
906.002,1331
906.118,1382
906.234,1343
906.35,1348
906.466,1351
906.583,1376
906.699,1376
906.815,1373
906.931,1354
907.047,1343
907.163,1379
907.279,1370
907.395,1357
907.511,1347
907.627,1391
907.743,1367
907.859,1391
907.976,1332
908.092,1380
908.208,1343
908.324,1383
908.44,1372
908.556,1366
908.672,1348
908.788,1342
908.904,1425
909.02,1377
909.136,1355
909.252,1375
909.368,1398
909.484,1355
909.6,1360
909.716,1364
909.832,1347
909.948,1348
910.064,1392
910.18,1359
910.296,1343
910.412,1364
910.528,1371
910.644,1368
910.76,1381
910.875,1379
910.991,1298
911.107,1379
911.223,1387
911.339,1373
911.455,1384
911.571,1383
911.687,1345
911.803,1367
911.919,1369
912.035,1381
912.151,1415
912.267,1364
912.382,1345
912.498,1369
912.614,1339
912.73,1388
912.846,1343
792.446,1597
792.565,1606
792.684,1594
792.803,1541
792.922,1574
793.041,1496
793.16,1549
793.279,1552
793.398,1516
793.518,1534
793.637,1520
793.756,1513
793.875,1532
793.994,1501
794.113,1532
794.232,1495
794.351,1534
794.47,1528
794.589,1535
794.708,1527
794.827,1546
794.946,1501
795.066,1484
795.185,1479
795.304,1479
795.423,1505
795.542,1544
795.661,1508
795.78,1491
795.899,1476
796.018,1514
796.137,1486
796.256,1556
796.375,1436
796.494,1472
796.613,1483
796.732,1501
796.851,1505
796.97,1464
797.089,1472
797.208,1484
797.327,1468
797.446,1472
797.565,1427
797.684,1466
797.803,1458
797.922,1457
798.041,1480
798.16,1481
798.279,1454
798.398,1478
798.517,1454
798.636,1452
798.755,1438
798.874,1475
798.993,1455
799.112,1439
799.231,1427
799.35,1465
799.469,1449
799.588,1421
799.707,1474
799.826,1463
799.945,1458
800.064,1474
800.183,1454
800.302,1446
800.421,1439
800.54,1452
800.659,1428
800.778,1447
800.897,1466
801.016,1463
801.135,1405
801.254,1483
801.373,1477
801.492,1434
801.611,1449
801.729,1461
801.848,1453
801.967,1491
802.086,1467
802.205,1416
802.324,1429
802.443,1477
802.562,1407
802.681,1424
802.8,1458
802.919,1453
803.038,1476
803.157,1417
803.276,1428
803.394,1455
803.513,1401
803.632,1429
803.751,1430
803.87,1421
803.989,1420
804.108,1433
804.227,1450
804.346,1421
804.465,1463
804.583,1439
804.702,1415
804.821,1453
804.94,1441
805.059,1425
805.178,1451
805.297,1464
805.416,1446
805.535,1437
805.653,1407
805.772,1446
805.891,1417
806.01,1445
806.129,1432
806.248,1441
806.367,1440
806.485,1395
806.604,1424
806.723,1393
806.842,1437
806.961,1429
807.08,1386
807.198,1423
807.317,1413
807.436,1408
807.555,1428
807.674,1406
807.793,1454
807.912,1434
808.03,1410
808.149,1455
808.268,1422
808.387,1445
808.506,1413
808.624,1464
808.743,1424
808.862,1447
808.981,1445
809.1,1398
809.219,1394
809.337,1441
809.456,1399
809.575,1440
809.694,1476
809.812,1461
809.931,1451
810.05,1408
810.169,1402
810.288,1417
810.406,1400
810.525,1425
810.644,1386
810.763,1443
810.882,1442
811.0,1397
811.119,1394
811.238,1397
811.357,1374
811.475,1399
811.594,1378
811.713,1395
811.832,1438
811.95,1436
812.069,1387
812.188,1444
812.307,1434
812.425,1462
812.544,1437
812.663,1397
812.782,1399
812.9,1384
813.019,1368
813.138,1426
813.257,1390
813.375,1422
813.494,1461
813.613,1396
813.731,1396
813.85,1367
813.969,1414
814.088,1416
814.206,1400
814.325,1356
814.444,1413
814.562,1415
814.681,1387
814.8,1397
814.918,1390
815.037,1377
815.156,1396
815.274,1416
815.393,1390
815.512,1436
815.631,1365
815.749,1435
815.868,1414
815.987,1453
816.105,1374
816.224,1379
816.343,1376
816.461,1425
816.58,1360
816.698,1395
816.817,1390
816.936,1393
817.055,1412
817.173,1402
817.292,1370
817.41,1386
817.529,1386
817.648,1343
817.766,1376
817.885,1433
818.004,1400
818.122,1340
818.241,1383
818.359,1294
818.478,1376
818.597,1388
818.715,1389
818.834,1372
818.953,1339
819.071,1321
819.19,1341
819.308,1381
819.427,1390
819.546,1355
819.664,1346
819.783,1333
819.901,1380
820.02,1390
820.138,1330
820.257,1366
820.376,1361
820.494,1350
820.613,1349
820.731,1352
820.85,1349
820.969,1372
821.087,1354
821.206,1331
821.324,1350
821.443,1345
821.561,1333
821.68,1335
821.798,1353
821.917,1345
822.035,1329
822.154,1350
822.273,1335
822.391,1342
822.51,1312
822.628,1360
822.747,1349
822.865,1309
822.984,1356
823.102,1341
823.221,1309
823.339,1335
823.458,1318
823.576,1370
823.695,1322
823.813,1348
823.932,1345
824.05,1319
824.169,1333
824.287,1301
824.406,1281
824.524,1332
824.643,1299
824.761,1313
824.88,1318
824.998,1321
825.117,1276
825.235,1336
825.354,1341
825.472,1332
825.591,1286
825.709,1319
825.828,1312
825.946,1301
826.064,1307
826.183,1310
826.301,1317
826.42,1312
826.538,1354
826.657,1323
826.775,1314
826.894,1320
827.012,1338
827.13,1330
827.249,1314
827.367,1289
827.486,1319
827.604,1331
827.723,1288
827.841,1305
827.959,1355
828.078,1294
828.196,1292
828.315,1292
828.433,1325
828.552,1301
828.67,1284
828.788,1296
828.907,1299
829.025,1296
829.143,1306
829.262,1327
829.38,1312
829.499,1306
829.617,1331
829.735,1315
829.854,1272
829.972,1299
830.091,1305
830.209,1294
830.327,1353
830.446,1307
830.564,1289
830.682,1282
830.801,1294
830.919,1275
831.037,1297
831.156,1288
831.274,1294
831.392,1279
831.511,1278
831.629,1301
831.747,1282
831.866,1308
831.984,1299
832.102,1318
832.221,1295
832.339,1270
832.457,1257
832.576,1277
832.694,1291
832.812,1324
832.93,1258
833.049,1299
833.167,1275
833.285,1292
833.404,1322
833.522,1281
833.64,1259
833.759,1254
833.877,1276
833.995,1267
834.113,1291
834.232,1293
834.35,1271
834.468,1281
834.586,1266
834.705,1303
834.823,1259
834.941,1296
835.059,1259
835.178,1306
835.296,1281
835.414,1250
835.532,1303
835.651,1278
835.769,1279
835.887,1284
836.005,1281
836.124,1305
836.242,1304
836.36,1296
836.478,1292
836.596,1310
836.715,1278
836.833,1265
836.951,1276
837.069,1282
837.188,1288
837.306,1288
837.424,1275
837.542,1244
837.66,1268
837.779,1309
837.897,1269
838.015,1290
838.133,1306
838.251,1260
838.369,1278
838.487,1261
838.606,1272
838.724,1253
838.842,1253
838.96,1286
839.078,1279
839.196,1273
839.315,1283
839.433,1239
839.551,1260
839.669,1267
839.787,1288
839.905,1295
840.023,1300
840.142,1258
840.26,1295
840.378,1246
840.496,1309
840.614,1250
840.732,1276
840.85,1273
840.968,1257
841.087,1270
841.205,1263
841.323,1258
841.441,1277
841.559,1274
841.677,1262
841.795,1273
841.913,1281
842.031,1293
842.149,1285
842.267,1263
842.385,1257
842.504,1289
842.622,1273
842.74,1271
842.858,1291
842.976,1300
843.094,1251
843.212,1272
843.33,1256
843.448,1282
843.566,1250
843.684,1256
843.802,1304
843.92,1284
844.038,1309
844.156,1271
844.274,1259
844.392,1290
844.51,1268
844.628,1290
844.746,1252
844.864,1282
844.982,1263
845.1,1260
845.218,1237
845.336,1253
845.454,1243
845.572,1285
845.69,1285
845.808,1272
845.926,1243
846.044,1289
846.162,1296
846.28,1251
846.398,1244
846.516,1255
846.634,1291
846.752,1281
846.87,1251
846.988,1248
847.106,1244
847.224,1292
847.342,1286
847.46,1248
847.578,1259
847.696,1216
847.814,1262
847.932,1244
848.05,1265
848.168,1286
848.285,1220
848.403,1264
848.521,1250
848.639,1268
848.757,1302
848.875,1219
848.993,1244
849.111,1266
849.229,1231
849.347,1247
849.465,1262
849.582,1240
849.7,1266
849.818,1263
849.936,1262
850.054,1270
850.172,1278
850.29,1230
850.408,1245
850.525,1281
850.643,1255
850.761,1268
850.879,1272
850.997,1257
851.115,1286
851.233,1286
851.35,1273
851.468,1252
851.586,1260
851.704,1234
851.822,1281
851.94,1267
852.057,1257
852.175,1301
852.293,1287
852.411,1294
852.529,1263
852.647,1312
852.764,1287
852.882,1229
853.0,1273
853.118,1238
853.236,1271
853.353,1223
853.471,1301
853.589,1284
853.707,1220
853.824,1302
853.942,1281
854.06,1267
854.178,1280
854.296,1282
854.413,1293
854.531,1256
854.649,1295
854.767,1285
854.884,1297
855.002,1263
855.12,1262
855.238,1316
855.355,1248
855.473,1272
855.591,1264
855.708,1255
855.826,1235
855.944,1268
856.062,1278
856.179,1284
856.297,1268
856.415,1313
856.532,1247
856.65,1243
856.768,1285
856.886,1296
857.003,1255
857.121,1285
857.239,1304
857.356,1261
857.474,1264
857.592,1281
857.709,1250
857.827,1266
857.945,1228
858.062,1264
858.18,1274
858.298,1270
858.415,1305
858.533,1298
858.651,1261
858.768,1254
858.886,1277
859.003,1283
859.121,1276
859.239,1265
859.356,1284
859.474,1274
859.592,1268
859.709,1271
859.827,1280
859.944,1206
860.062,1260
860.18,1273
860.297,1214
860.415,1256
860.532,1265
860.65,1248
860.768,1300
860.885,1248
861.003,1246
861.12,1280
861.238,1246
861.356,1272
861.473,1262
861.591,1262
861.708,1261
861.826,1261
861.943,1305
862.061,1232
862.178,1251
862.296,1272
862.414,1293
862.531,1277
862.649,1254
862.766,1296
862.884,1311
863.001,1315
863.119,1279
863.236,1262
863.354,1247
863.471,1267
863.589,1258
863.706,1266
863.824,1282
863.941,1255
864.059,1283
864.176,1302
864.294,1318
864.411,1282
864.529,1269
864.646,1261
864.764,1249
864.881,1272
864.999,1265
865.116,1259
865.233,1262
865.351,1311
865.468,1255
865.586,1298
865.703,1275
865.821,1292
865.938,1295
866.056,1286
866.173,1293
866.29,1272
866.408,1281
866.525,1259
866.643,1278
866.76,1277
866.878,1263
866.995,1305
867.112,1251
867.23,1290
867.347,1259
867.465,1332
867.582,1295
867.699,1312
867.817,1282
867.934,1297
868.051,1248
868.169,1278
868.286,1314
868.404,1324
868.521,1303
868.638,1230
868.756,1310
868.873,1281
868.99,1288
869.108,1267
869.225,1326
869.342,1298
869.46,1268
869.577,1311
869.694,1262
869.812,1296
869.929,1262
870.046,1309
870.164,1271
870.281,1259
870.398,1272
870.516,1297
870.633,1241
870.75,1271
870.867,1295
870.985,1242
871.102,1278
871.219,1281
871.337,1302
871.454,1286
871.571,1275
871.688,1286
871.806,1308
871.923,1287
872.04,1301
872.157,1295
872.275,1261
872.392,1233
872.509,1272
872.626,1274
872.744,1278
872.861,1279
872.978,1284
873.095,1292
873.213,1280
873.33,1297
873.447,1309
873.564,1316
873.681,1313
873.799,1312
873.916,1252
874.033,1303
874.15,1281
874.267,1277
874.385,1325
874.502,1293
874.619,1249
874.736,1291
874.853,1286
874.97,1309
875.088,1321
875.205,1290
875.322,1288
875.439,1279
875.556,1291
875.673,1279
875.791,1284
875.908,1242
876.025,1285
876.142,1298
876.259,1299
876.376,1332
876.493,1238
876.61,1300
876.728,1292
876.845,1268
876.962,1285
877.079,1298
877.196,1289
877.313,1286
877.43,1305
877.547,1252
877.664,1302
877.781,1266
877.898,1298
878.016,1304
878.133,1308
878.25,1295
878.367,1300
878.484,1310
878.601,1261
878.718,1310
878.835,1259
878.952,1298
879.069,1337
879.186,1316
879.303,1334
879.42,1301
879.537,1303
879.654,1286
879.771,1261
879.888,1261
880.005,1272
880.122,1295
880.239,1292
880.356,1311
880.473,1290
880.59,1308
880.707,1279
880.824,1309
880.941,1283
881.058,1300
881.175,1298
881.292,1258
881.409,1290
881.526,1307
881.643,1312
881.76,1291
881.877,1328
881.994,1285
882.111,1296
882.228,1279
882.345,1342
882.462,1289
882.579,1296
882.696,1319
882.812,1267
882.929,1297
883.046,1321
883.163,1270
883.28,1303
883.397,1327
883.514,1304
883.631,1298
883.748,1277
883.865,1345
883.982,1284
884.098,1299
884.215,1347
884.332,1322
884.449,1312
884.566,1321
884.683,1310
884.8,1301
884.916,1306
885.033,1323
885.15,1277
885.267,1338
885.384,1322
885.501,1318
885.617,1287
885.734,1329
885.851,1305
885.968,1304
886.085,1327
886.202,1342
886.318,1317
886.435,1337
886.552,1268
886.669,1299
886.786,1335
886.902,1290
887.019,1348
887.136,1308
887.253,1347
887.369,1355
887.486,1315
887.603,1316
887.72,1323
887.837,1345
887.953,1316
888.07,1359
888.187,1295
888.304,1340
888.42,1315
888.537,1355
888.654,1304
888.77,1334
888.887,1310
889.004,1349
889.121,1342
889.237,1315
889.354,1293
889.471,1363
889.587,1307
889.704,1363
889.821,1305
889.938,1370
890.054,1328
890.171,1332
890.288,1345
890.404,1327
890.521,1347
890.638,1290
890.754,1321
890.871,1282
890.988,1335
891.104,1326
891.221,1359
891.337,1367
891.454,1326
891.571,1375
891.687,1327
891.804,1351
891.921,1338
892.037,1311
892.154,1374
892.27,1340
892.387,1340
892.504,1376
892.62,1326
892.737,1311
892.854,1336
892.97,1347
893.087,1349
893.203,1408
893.32,1340
893.436,1319
893.553,1373
893.67,1334
893.786,1341
893.903,1317
894.019,1382
894.136,1352
894.252,1340
894.369,1376
894.485,1360
894.602,1364
894.718,1369
894.835,1340
894.951,1371
895.068,1348
895.184,1337
895.301,1361
895.417,1355
895.534,1325
895.65,1353
895.767,1366
895.883,1362
896.0,1360
896.116,1369
896.233,1363
896.349,1377
896.466,1361
896.582,1322
896.699,1349
896.815,1358
896.932,1364
897.048,1350
897.165,1382
897.281,1375
897.397,1373
897.514,1340
897.63,1406
897.747,1352
897.863,1397
897.979,1362
898.096,1368
898.212,1340
898.329,1391
898.445,1369
898.561,1355
898.678,1344
898.794,1374
898.911,1310
899.027,1381
899.143,1343
899.26,1387
899.376,1364
899.492,1342
899.609,1362
899.725,1382
899.842,1337
899.958,1355
900.074,1391
900.191,1353
900.307,1361
900.423,1346
900.539,1381
900.656,1337
900.772,1360
900.888,1381
901.005,1353
901.121,1351
901.237,1345
901.354,1353
901.47,1360
901.586,1383
901.703,1360
901.819,1391
901.935,1344
902.051,1358
902.168,1387
902.284,1400
902.4,1351
902.516,1357
902.633,1405
902.749,1384
902.865,1417
902.981,1381
903.098,1372
903.214,1385
903.33,1402
903.446,1402
903.562,1406
903.679,1431
903.795,1378
903.911,1398
904.027,1405
904.143,1369
904.26,1389
904.376,1401
904.492,1407
904.608,1373
904.724,1402
904.841,1393
904.957,1368
905.073,1416
905.189,1369
905.305,1421
905.421,1418
905.538,1379
905.654,1332
905.77,1410
905.886,1430
906.002,1380
906.118,1378
906.234,1377
906.35,1393
906.466,1385
906.583,1391
906.699,1387
906.815,1439
906.931,1400
907.047,1403
907.163,1427
907.279,1400
907.395,1423
907.511,1396
907.627,1399
907.743,1369
907.859,1412
907.976,1364
908.092,1416
908.208,1366
908.324,1423
908.44,1391
908.556,1427
908.672,1395
908.788,1416
908.904,1410
909.02,1401
909.136,1418
909.252,1359
909.368,1433
909.484,1421
909.6,1399
909.716,1411
909.832,1378
909.948,1392
910.064,1424
910.18,1421
910.296,1399
910.412,1397
910.528,1423
910.644,1436
910.76,1358
910.875,1411
910.991,1409
911.107,1407
911.223,1429
911.339,1432
911.455,1403
911.571,1415
911.687,1415
911.803,1463
911.919,1392
912.035,1450
912.151,1376
912.267,1446
912.382,1411
912.498,1422
912.614,1388
912.73,1382
912.846,1428
792.446,1630
792.565,1615
792.684,1629
792.803,1568
792.922,1543
793.041,1510
793.16,1518
793.279,1525
793.398,1544
793.518,1551
793.637,1531
793.756,1561
793.875,1529
793.994,1552
794.113,1531
794.232,1523
794.351,1568
794.47,1524
794.589,1535
794.708,1508
794.827,1510
794.946,1504
795.066,1533
795.185,1495
795.304,1513
795.423,1514
795.542,1547
795.661,1489
795.78,1506
795.899,1520
796.018,1518
796.137,1510
796.256,1500
796.375,1523
796.494,1521
796.613,1497
796.732,1472
796.851,1508
796.97,1473
797.089,1523
797.208,1492
797.327,1495
797.446,1479
797.565,1508
797.684,1504
797.803,1461
797.922,1495
798.041,1482
798.16,1478
798.279,1458
798.398,1474
798.517,1437
798.636,1447
798.755,1454
798.874,1475
798.993,1467
799.112,1506
799.231,1471
799.35,1463
799.469,1465
799.588,1464
799.707,1477
799.826,1520
799.945,1447
800.064,1476
800.183,1452
800.302,1452
800.421,1470
800.54,1472
800.659,1461
800.778,1493
800.897,1471
801.016,1464
801.135,1472
801.254,1441
801.373,1454
801.492,1492
801.611,1506
801.729,1471
801.848,1461
801.967,1436
802.086,1452
802.205,1442
802.324,1481
802.443,1471
802.562,1435
802.681,1445
802.8,1486
802.919,1437
803.038,1473
803.157,1460
803.276,1438
803.394,1480
803.513,1417
803.632,1436
803.751,1418
803.87,1465
803.989,1462
804.108,1466
804.227,1417
804.346,1488
804.465,1444
804.583,1404
804.702,1481
804.821,1450
804.94,1466
805.059,1457
805.178,1463
805.297,1457
805.416,1441
805.535,1449
805.653,1462
805.772,1448
805.891,1474
806.01,1425
806.129,1472
806.248,1455
806.367,1455
806.485,1463
806.604,1482
806.723,1442
806.842,1464
806.961,1453
807.08,1455
807.198,1503
807.317,1428
807.436,1477
807.555,1463
807.674,1459
807.793,1424
807.912,1445
808.03,1450
808.149,1476
808.268,1420
808.387,1439
808.506,1430
808.624,1437
808.743,1476
808.862,1416
808.981,1447
809.1,1445
809.219,1394
809.337,1457
809.456,1421
809.575,1432
809.694,1484
809.812,1436
809.931,1461
810.05,1445
810.169,1403
810.288,1450
810.406,1411
810.525,1413
810.644,1422
810.763,1445
810.882,1421
811.0,1425
811.119,1391
811.238,1431
811.357,1403
811.475,1390
811.594,1433
811.713,1435
811.832,1477
811.95,1409
812.069,1414
812.188,1446
812.307,1463
812.425,1426
812.544,1396
812.663,1427
812.782,1440
812.9,1475
813.019,1436
813.138,1406
813.257,1442
813.375,1413
813.494,1433
813.613,1422
813.731,1401
813.85,1424
813.969,1409
814.088,1396
814.206,1366
814.325,1404
814.444,1448
814.562,1400
814.681,1404
814.8,1402
814.918,1424
815.037,1408
815.156,1445
815.274,1422
815.393,1406
815.512,1407
815.631,1418
815.749,1380
815.868,1410
815.987,1396
816.105,1380
816.224,1405
816.343,1371
816.461,1424
816.58,1363
816.698,1425
816.817,1389
816.936,1443
817.055,1375
817.173,1402
817.292,1415
817.41,1417
817.529,1393
817.648,1425
817.766,1383
817.885,1387
818.004,1376
818.122,1426
818.241,1382
818.359,1394
818.478,1411
818.597,1348
818.715,1374
818.834,1357
818.953,1345
819.071,1352
819.19,1364
819.308,1341
819.427,1353
819.546,1359
819.664,1380
819.783,1391
819.901,1348
820.02,1352
820.138,1420
820.257,1366
820.376,1356
820.494,1403
820.613,1331
820.731,1338
820.85,1354
820.969,1359
821.087,1354
821.206,1372
821.324,1393
821.443,1330
821.561,1350
821.68,1290
821.798,1384
821.917,1353
822.035,1338
822.154,1349
822.273,1343
822.391,1369
822.51,1317
822.628,1331
822.747,1325
822.865,1374
822.984,1338
823.102,1321
823.221,1326
823.339,1314
823.458,1368
823.576,1317
823.695,1317
823.813,1334
823.932,1364
824.05,1335
824.169,1343
824.287,1349
824.406,1329
824.524,1346
824.643,1344
824.761,1340
824.88,1303
824.998,1314
825.117,1307
825.235,1329
825.354,1298
825.472,1343
825.591,1293
825.709,1365
825.828,1327
825.946,1341
826.064,1303
826.183,1304
826.301,1346
826.42,1336
826.538,1317
826.657,1362
826.775,1346
826.894,1363
827.012,1303
827.13,1303
827.249,1320
827.367,1328
827.486,1342
827.604,1339
827.723,1298
827.841,1297
827.959,1311
828.078,1335
828.196,1323
828.315,1328
828.433,1289
828.552,1317
828.67,1319
828.788,1314
828.907,1322
829.025,1304
829.143,1311
829.262,1314
829.38,1303
829.499,1298
829.617,1315
829.735,1312
829.854,1325
829.972,1325
830.091,1330
830.209,1307
830.327,1301
830.446,1331
830.564,1350
830.682,1301
830.801,1295
830.919,1304
831.037,1308
831.156,1285
831.274,1301
831.392,1360
831.511,1333
831.629,1294
831.747,1345
831.866,1310
831.984,1308
832.102,1263
832.221,1309
832.339,1304
832.457,1293
832.576,1343
832.694,1287
832.812,1303
832.93,1270
833.049,1279
833.167,1333
833.285,1310
833.404,1289
833.522,1339
833.64,1305
833.759,1320
833.877,1320
833.995,1293
834.113,1275
834.232,1320
834.35,1300
834.468,1279
834.586,1274
834.705,1353
834.823,1315
834.941,1278
835.059,1310
835.178,1297
835.296,1272
835.414,1306
835.532,1322
835.651,1329
835.769,1276
835.887,1319
836.005,1345
836.124,1259
836.242,1254
836.36,1292
836.478,1295
836.596,1300
836.715,1257
836.833,1288
836.951,1287
837.069,1311
837.188,1315
837.306,1305
837.424,1312
837.542,1315
837.66,1290
837.779,1320
837.897,1310
838.015,1304
838.133,1317
838.251,1309
838.369,1249
838.487,1285
838.606,1310
838.724,1306
838.842,1263
838.96,1324
839.078,1279
839.196,1256
839.315,1270
839.433,1291
839.551,1269
839.669,1325
839.787,1258
839.905,1292
840.023,1247
840.142,1241
840.26,1299
840.378,1289
840.496,1267
840.614,1277
840.732,1256
840.85,1262
840.968,1305
841.087,1270
841.205,1255
841.323,1287
841.441,1285
841.559,1255
841.677,1278
841.795,1297
841.913,1298
842.031,1241
842.149,1315
842.267,1324
842.385,1286
842.504,1287
842.622,1276
842.74,1282
842.858,1300
842.976,1279
843.094,1269
843.212,1320
843.33,1236
843.448,1277
843.566,1295
843.684,1284
843.802,1246
843.92,1253
844.038,1269
844.156,1247
844.274,1278
844.392,1270
844.51,1289
844.628,1268
844.746,1255
844.864,1292
844.982,1280
845.1,1269
845.218,1288
845.336,1235
845.454,1274
845.572,1291
845.69,1249
845.808,1283
845.926,1269
846.044,1260
846.162,1236
846.28,1283
846.398,1283
846.516,1263
846.634,1249
846.752,1260
846.87,1232
846.988,1274
847.106,1270
847.224,1298
847.342,1247
847.46,1269
847.578,1251
847.696,1255
847.814,1266
847.932,1281
848.05,1272
848.168,1241
848.285,1291
848.403,1291
848.521,1258
848.639,1264
848.757,1276
848.875,1310
848.993,1288
849.111,1277
849.229,1270
849.347,1288
849.465,1322
849.582,1268
849.7,1255
849.818,1270
849.936,1283
850.054,1274
850.172,1308
850.29,1260
850.408,1274
850.525,1298
850.643,1309
850.761,1280
850.879,1290
850.997,1267
851.115,1252
851.233,1268
851.35,1268
851.468,1284
851.586,1271
851.704,1287
851.822,1302
851.94,1270
852.057,1285
852.175,1279
852.293,1289
852.411,1260
852.529,1264
852.647,1281
852.764,1301
852.882,1296
853.0,1318
853.118,1257
853.236,1296
853.353,1271
853.471,1278
853.589,1284
853.707,1305
853.824,1290
853.942,1252
854.06,1258
854.178,1287
854.296,1286
854.413,1265
854.531,1299
854.649,1336
854.767,1273
854.884,1288
855.002,1295
855.12,1255
855.238,1271
855.355,1300
855.473,1295
855.591,1297
855.708,1299
855.826,1287
855.944,1280
856.062,1280
856.179,1258
856.297,1317
856.415,1278
856.532,1264
856.65,1287
856.768,1255
856.886,1302
857.003,1287
857.121,1299
857.239,1264
857.356,1307
857.474,1298
857.592,1288
857.709,1318
857.827,1320
857.945,1270
858.062,1283
858.18,1306
858.298,1308
858.415,1283
858.533,1272
858.651,1262
858.768,1288
858.886,1307
859.003,1301
859.121,1299
859.239,1321
859.356,1271
859.474,1285
859.592,1290
859.709,1308
859.827,1260
859.944,1260
860.062,1297
860.18,1266
860.297,1268
860.415,1266
860.532,1295
860.65,1290
860.768,1282
860.885,1285
861.003,1266
861.12,1286
861.238,1284
861.356,1256
861.473,1270
861.591,1269
861.708,1298
861.826,1287
861.943,1278
862.061,1286
862.178,1281
862.296,1314
862.414,1260
862.531,1288
862.649,1287
862.766,1279
862.884,1324
863.001,1277
863.119,1250
863.236,1277
863.354,1270
863.471,1293
863.589,1272
863.706,1282
863.824,1269
863.941,1298
864.059,1319
864.176,1270
864.294,1310
864.411,1300
864.529,1287
864.646,1347
864.764,1233
864.881,1283
864.999,1256
865.116,1274
865.233,1283
865.351,1306
865.468,1280
865.586,1274
865.703,1259
865.821,1334
865.938,1284
866.056,1289
866.173,1272
866.29,1300
866.408,1296
866.525,1306
866.643,1272
866.76,1274
866.878,1265
866.995,1253
867.112,1310
867.23,1289
867.347,1297
867.465,1320
867.582,1289
867.699,1319
867.817,1279
867.934,1301
868.051,1301
868.169,1290
868.286,1279
868.404,1309
868.521,1279
868.638,1342
868.756,1269
868.873,1278
868.99,1293
869.108,1336
869.225,1268
869.342,1278
869.46,1318
869.577,1301
869.694,1324
869.812,1288
869.929,1306
870.046,1296
870.164,1263
870.281,1301
870.398,1289
870.516,1316
870.633,1284
870.75,1283
870.867,1280
870.985,1276
871.102,1283
871.219,1287
871.337,1311
871.454,1289
871.571,1301
871.688,1323
871.806,1305
871.923,1325
872.04,1298
872.157,1317
872.275,1322
872.392,1322
872.509,1313
872.626,1333
872.744,1288
872.861,1330
872.978,1273
873.095,1319
873.213,1287
873.33,1336
873.447,1282
873.564,1265
873.681,1306
873.799,1312
873.916,1339
874.033,1273
874.15,1305
874.267,1302
874.385,1299
874.502,1279
874.619,1298
874.736,1346
874.853,1278
874.97,1328
875.088,1296
875.205,1279
875.322,1288
875.439,1284
875.556,1315
875.673,1346
875.791,1296
875.908,1302
876.025,1297
876.142,1291
876.259,1332
876.376,1289
876.493,1312
876.61,1323
876.728,1316
876.845,1318
876.962,1322
877.079,1280
877.196,1310
877.313,1300
877.43,1317
877.547,1331
877.664,1309
877.781,1323
877.898,1351
878.016,1298
878.133,1315
878.25,1293
878.367,1293
878.484,1348
878.601,1289
878.718,1296
878.835,1317
878.952,1280
879.069,1299
879.186,1265
879.303,1289
879.42,1302
879.537,1279
879.654,1324
879.771,1316
879.888,1273
880.005,1313
880.122,1286
880.239,1326
880.356,1339
880.473,1310
880.59,1320
880.707,1341
880.824,1362
880.941,1284
881.058,1326
881.175,1307
881.292,1332
881.409,1314
881.526,1319
881.643,1289
881.76,1318
881.877,1313
881.994,1354
882.111,1339
882.228,1322
882.345,1303
882.462,1313
882.579,1331
882.696,1319
882.812,1341
882.929,1338
883.046,1304
883.163,1330
883.28,1330
883.397,1304
883.514,1307
883.631,1343
883.748,1315
883.865,1305
883.982,1308
884.098,1277
884.215,1334
884.332,1362
884.449,1325
884.566,1323
884.683,1330
884.8,1320
884.916,1332
885.033,1330
885.15,1343
885.267,1343
885.384,1371
885.501,1342
885.617,1341
885.734,1338
885.851,1356
885.968,1309
886.085,1351
886.202,1325
886.318,1347
886.435,1358
886.552,1312
886.669,1337
886.786,1306
886.902,1322
887.019,1324
887.136,1322
887.253,1338
887.369,1327
887.486,1348
887.603,1344
887.72,1353
887.837,1352
887.953,1377
888.07,1366
888.187,1359
888.304,1323
888.42,1362
888.537,1329
888.654,1342
888.77,1374
888.887,1327
889.004,1339
889.121,1351
889.237,1321
889.354,1367
889.471,1328
889.587,1373
889.704,1310
889.821,1350
889.938,1315
890.054,1333
890.171,1356
890.288,1314
890.404,1354
890.521,1331
890.638,1355
890.754,1376
890.871,1385
890.988,1331
891.104,1394
891.221,1349
891.337,1339
891.454,1380
891.571,1374
891.687,1383
891.804,1328
891.921,1394
892.037,1347
892.154,1334
892.27,1383
892.387,1372
892.504,1341
892.62,1340
892.737,1376
892.854,1406
892.97,1378
893.087,1349
893.203,1326
893.32,1342
893.436,1351
893.553,1344
893.67,1390
893.786,1379
893.903,1361
894.019,1358
894.136,1372
894.252,1313
894.369,1378
894.485,1337
894.602,1392
894.718,1339
894.835,1395
894.951,1380
895.068,1393
895.184,1379
895.301,1405
895.417,1359
895.534,1350
895.65,1386
895.767,1387
895.883,1380
896.0,1376
896.116,1399
896.233,1359
896.349,1358
896.466,1382
896.582,1373
896.699,1401
896.815,1397
896.932,1359
897.048,1358
897.165,1387
897.281,1359
897.397,1391
897.514,1369
897.63,1388
897.747,1375
897.863,1387
897.979,1335
898.096,1374
898.212,1369
898.329,1374
898.445,1374
898.561,1350
898.678,1362
898.794,1377
898.911,1398
899.027,1339
899.143,1379
899.26,1383
899.376,1375
899.492,1408
899.609,1371
899.725,1370
899.842,1386
899.958,1405
900.074,1345
900.191,1372
900.307,1380
900.423,1384
900.539,1381
900.656,1399
900.772,1400
900.888,1372
901.005,1434
901.121,1361
901.237,1391
901.354,1379
901.47,1422
901.586,1361
901.703,1419
901.819,1366
901.935,1359
902.051,1412
902.168,1353
902.284,1385
902.4,1382
902.516,1389
902.633,1391
902.749,1413
902.865,1386
902.981,1391
903.098,1395
903.214,1426
903.33,1382
903.446,1426
903.562,1376
903.679,1393
903.795,1388
903.911,1402
904.027,1401
904.143,1393
904.26,1388
904.376,1381
904.492,1369
904.608,1427
904.724,1414
904.841,1372
904.957,1370
905.073,1449
905.189,1415
905.305,1401
905.421,1393
905.538,1415
905.654,1398
905.77,1406
905.886,1408
906.002,1428
906.118,1413
906.234,1394
906.35,1442
906.466,1450
906.583,1406
906.699,1407
906.815,1397
906.931,1445
907.047,1380
907.163,1417
907.279,1403
907.395,1415
907.511,1431
907.627,1459
907.743,1422
907.859,1408
907.976,1430
908.092,1436
908.208,1401
908.324,1390
908.44,1437
908.556,1387
908.672,1410
908.788,1423
908.904,1388
909.02,1450
909.136,1394
909.252,1466
909.368,1432
909.484,1458
909.6,1402
909.716,1427
909.832,1405
909.948,1489
910.064,1442
910.18,1438
910.296,1382
910.412,1439
910.528,1391
910.644,1426
910.76,1398
910.875,1457
910.991,1445
911.107,1402
911.223,1437
911.339,1426
911.455,1440
911.571,1424
911.687,1423
911.803,1434
911.919,1435
912.035,1414
912.151,1426
912.267,1373
912.382,1452
912.498,1420
912.614,1409
912.73,1447
912.846,1426
