792.446,6124
792.565,5843
792.684,5800
792.803,5556
792.922,5415
793.041,5214
793.16,5110
793.279,5090
793.398,4862
793.518,4760
793.637,4633
793.756,4541
793.875,4477
793.994,4401
794.113,4293
794.232,4176
794.351,4000
794.47,3962
794.589,3863
794.708,3828
794.827,3755
794.946,3699
795.066,3752
795.185,3556
795.304,3507
795.423,3496
795.542,3394
795.661,3356
795.78,3303
795.899,3249
796.018,3241
796.137,3209
796.256,3116
796.375,3110
796.494,3019
796.613,3051
796.732,3011
796.851,2956
796.97,2894
797.089,2836
797.208,2828
797.327,2836
797.446,2798
797.565,2742
797.684,2718
797.803,2681
797.922,2726
798.041,2705
798.16,2596
798.279,2592
798.398,2574
798.517,2638
798.636,2510
798.755,2633
798.874,2561
798.993,2592
799.112,2543
799.231,2529
799.35,2473
799.469,2497
799.588,2493
799.707,2413
799.826,2424
799.945,2504
800.064,2453
800.183,2434
800.302,2357
800.421,2394
800.54,2366
800.659,2312
800.778,2334
800.897,2269
801.016,2325
801.135,2333
801.254,2241
801.373,2259
801.492,2247
801.611,2203
801.729,2185
801.848,2162
801.967,2195
802.086,2172
802.205,2147
802.324,2102
802.443,2141
802.562,2143
802.681,2116
802.8,2125
802.919,2091
803.038,2091
803.157,2126
803.276,2071
803.394,2072
803.513,2061
803.632,2082
803.751,2023
803.87,2067
803.989,2045
804.108,2043
804.227,2027
804.346,1985
804.465,2060
804.583,2012
804.702,2035
804.821,1980
804.94,2032
805.059,1986
805.178,2018
805.297,2016
805.416,1988
805.535,1987
805.653,1981
805.772,1992
805.891,1977
806.01,1962
806.129,1958
806.248,1927
806.367,1942
806.485,1960
806.604,1956
806.723,1955
806.842,1950
806.961,1903
807.08,1899
807.198,1949
807.317,1923
807.436,1922
807.555,1916
807.674,1915
807.793,1845
807.912,1874
808.03,1886
808.149,1842
808.268,1860
808.387,1870
808.506,1901
808.624,1813
808.743,1874
808.862,1823
808.981,1885
809.1,1832
809.219,1871
809.337,1852
809.456,1847
809.575,1828
809.694,1836
809.812,1817
809.931,1868
810.05,1823
810.169,1836
810.288,1788
810.406,1827
810.525,1849
810.644,1836
810.763,1860
810.882,1853
811.0,1787
811.119,1847
811.238,1826
811.357,1812
811.475,1851
811.594,1821
811.713,1840
811.832,1882
811.95,1866
812.069,1835
812.188,1886
812.307,1833
812.425,1860
812.544,1848
812.663,1866
812.782,1909
812.9,1836
813.019,1851
813.138,1850
813.257,1839
813.375,1817
813.494,1761
813.613,1843
813.731,1809
813.85,1780
813.969,1783
814.088,1815
814.206,1776
814.325,1788
814.444,1849
814.562,1781
814.681,1833
814.8,1823
814.918,1790
815.037,1823
815.156,1785
815.274,1774
815.393,1764
815.512,1780
815.631,1731
815.749,1758
815.868,1763
815.987,1726
816.105,1801
816.224,1726
816.343,1798
816.461,1825
816.58,1819
816.698,1799
816.817,1831
816.936,1813
817.055,1798
817.173,1849
817.292,1850
817.41,1764
817.529,1846
817.648,1785
817.766,1826
817.885,1776
818.004,1761
818.122,1812
818.241,1734
818.359,1722
818.478,1766
818.597,1768
818.715,1724
818.834,1697
818.953,1723
819.071,1707
819.19,1748
819.308,1676
819.427,1678
819.546,1651
819.664,1680
819.783,1676
819.901,1701
820.02,1678
820.138,1718
820.257,1674
820.376,1658
820.494,1700
820.613,1657
820.731,1643
820.85,1627
820.969,1663
821.087,1675
821.206,1629
821.324,1598
821.443,1665
821.561,1631
821.68,1582
821.798,1630
821.917,1617
822.035,1611
822.154,1624
822.273,1659
822.391,1592
822.51,1566
822.628,1596
822.747,1568
822.865,1556
822.984,1571
823.102,1538
823.221,1600
823.339,1578
823.458,1579
823.576,1591
823.695,1568
823.813,1574
823.932,1578
824.05,1595
824.169,1579
824.287,1570
824.406,1575
824.524,1582
824.643,1570
824.761,1565
824.88,1551
824.998,1577
825.117,1538
825.235,1571
825.354,1575
825.472,1588
825.591,1596
825.709,1596
825.828,1635
825.946,1576
826.064,1612
826.183,1546
826.301,1588
826.42,1556
826.538,1513
826.657,1541
826.775,1503
826.894,1556
827.012,1587
827.13,1625
827.249,1635
827.367,1589
827.486,1590
827.604,1586
827.723,1547
827.841,1576
827.959,1531
828.078,1521
828.196,1538
828.315,1523
828.433,1574
828.552,1557
828.67,1584
828.788,1532
828.907,1547
829.025,1557
829.143,1543
829.262,1526
829.38,1511
829.499,1526
829.617,1468
829.735,1509
829.854,1530
829.972,1494
830.091,1507
830.209,1574
830.327,1522
830.446,1550
830.564,1489
830.682,1523
830.801,1496
830.919,1559
831.037,1560
831.156,1556
831.274,1514
831.392,1521
831.511,1524
831.629,1591
831.747,1499
831.866,1567
831.984,1505
832.102,1500
832.221,1525
832.339,1563
832.457,1515
832.576,1539
832.694,1487
832.812,1525
832.93,1566
833.049,1515
833.167,1524
833.285,1505
833.404,1579
833.522,1539
833.64,1512
833.759,1553
833.877,1542
833.995,1585
834.113,1581
834.232,1578
834.35,1563
834.468,1581
834.586,1575
834.705,1530
834.823,1556
834.941,1573
835.059,1583
835.178,1608
835.296,1565
835.414,1571
835.532,1559
835.651,1555
835.769,1520
835.887,1550
836.005,1548
836.124,1510
836.242,1530
836.36,1469
836.478,1518
836.596,1499
836.715,1482
836.833,1505
836.951,1502
837.069,1499
837.188,1530
837.306,1471
837.424,1518
837.542,1526
837.66,1469
837.779,1516
837.897,1460
838.015,1503
838.133,1505
838.251,1514
838.369,1503
838.487,1560
838.606,1470
838.724,1524
838.842,1553
838.96,1527
839.078,1538
839.196,1506
839.315,1560
839.433,1563
839.551,1573
839.669,1579
839.787,1583
839.905,1621
840.023,1645
840.142,1638
840.26,1651
840.378,1616
840.496,1652
840.614,1603
840.732,1653
840.85,1630
840.968,1618
841.087,1623
841.205,1656
841.323,1678
841.441,1662
841.559,1665
841.677,1677
841.795,1728
841.913,1686
842.031,1692
842.149,1658
842.267,1658
842.385,1654
842.504,1622
842.622,1613
842.74,1633
842.858,1665
842.976,1537
843.094,1583
843.212,1668
843.33,1638
843.448,1640
843.566,1655
843.684,1623
843.802,1619
843.92,1648
844.038,1698
844.156,1690
844.274,1636
844.392,1729
844.51,1669
844.628,1670
844.746,1695
844.864,1649
844.982,1662
845.1,1669
845.218,1629
845.336,1660
845.454,1660
845.572,1665
845.69,1686
845.808,1616
845.926,1639
846.044,1623
846.162,1621
846.28,1647
846.398,1642
846.516,1669
846.634,1642
846.752,1710
846.87,1631
846.988,1713
847.106,1726
847.224,1677
847.342,1697
847.46,1710
847.578,1747
847.696,1699
847.814,1708
847.932,1829
848.05,1746
848.168,1740
848.285,1791
848.403,1746
848.521,1699
848.639,1754
848.757,1672
848.875,1742
848.993,1767
849.111,1752
849.229,1736
849.347,1749
849.465,1676
849.582,1691
849.7,1733
849.818,1666
849.936,1715
850.054,1714
850.172,1710
850.29,1625
850.408,1656
850.525,1631
850.643,1603
850.761,1589
850.879,1630
850.997,1573
851.115,1622
851.233,1640
851.35,1632
851.468,1664
851.586,1630
851.704,1652
851.822,1640
851.94,1642
852.057,1736
852.175,1747
852.293,1873
852.411,1956
852.529,2083
852.647,2107
852.764,2031
852.882,1901
853.0,1827
853.118,1793
853.236,1706
853.353,1662
853.471,1669
853.589,1685
853.707,1615
853.824,1643
853.942,1613
854.06,1655
854.178,1672
854.296,1669
854.413,1704
854.531,1737
854.649,1750
854.767,1697
854.884,1711
855.002,1673
855.12,1697
855.238,1677
855.355,1679
855.473,1629
855.591,1664
855.708,1635
855.826,1676
855.944,1670
856.062,1654
856.179,1686
856.297,1610
856.415,1686
856.532,1600
856.65,1672
856.768,1639
856.886,1599
857.003,1629
857.121,1614
857.239,1635
857.356,1644
857.474,1626
857.592,1629
857.709,1667
857.827,1647
857.945,1674
858.062,1664
858.18,1641
858.298,1627
858.415,1641
858.533,1672
858.651,1676
858.768,1659
858.886,1655
859.003,1615
859.121,1637
859.239,1623
859.356,1628
859.474,1613
859.592,1623
859.709,1659
859.827,1624
859.944,1616
860.062,1677
860.18,1603
860.297,1615
860.415,1592
860.532,1617
860.65,1563
860.768,1610
860.885,1611
861.003,1568
861.12,1611
861.238,1655
861.356,1650
861.473,1609
861.591,1640
861.708,1636
861.826,1609
861.943,1612
862.061,1575
862.178,1545
862.296,1564
862.414,1506
862.531,1537
862.649,1515
862.766,1574
862.884,1526
863.001,1498
863.119,1518
863.236,1561
863.354,1547
863.471,1568
863.589,1602
863.706,1603
863.824,1663
863.941,1657
864.059,1577
864.176,1595
864.294,1591
864.411,1550
864.529,1583
864.646,1538
864.764,1556
864.881,1566
864.999,1569
865.116,1593
865.233,1552
865.351,1586
865.468,1562
865.586,1571
865.703,1586
865.821,1578
865.938,1585
866.056,1600
866.173,1586
866.29,1584
866.408,1568
866.525,1586
866.643,1554
866.76,1556
866.878,1567
866.995,1601
867.112,1596
867.23,1625
867.347,1647
867.465,1668
867.582,1692
867.699,1665
867.817,1642
867.934,1611
868.051,1661
868.169,1609
868.286,1584
868.404,1586
868.521,1667
868.638,1600
868.756,1564
868.873,1630
868.99,1642
869.108,1676
869.225,1662
869.342,1671
869.46,1732
869.577,1654
869.694,1669
869.812,1731
869.929,1718
870.046,1662
870.164,1780
870.281,1724
870.398,1721
870.516,1660
870.633,1688
870.75,1731
870.867,1750
870.985,1692
871.102,1733
871.219,1744
871.337,1695
871.454,1700
871.571,1708
871.688,1735
871.806,1704
871.923,1740
872.04,1728
872.157,1705
872.275,1779
872.392,1668
872.509,1715
872.626,1712
872.744,1753
872.861,1675
872.978,1693
873.095,1711
873.213,1723
873.33,1684
873.447,1732
873.564,1689
873.681,1693
873.799,1691
873.916,1675
874.033,1706
874.15,1682
874.267,1709
874.385,1708
874.502,1708
874.619,1700
874.736,1741
874.853,1717
874.97,1779
875.088,1739
875.205,1742
875.322,1733
875.439,1707
875.556,1789
875.673,1769
875.791,1722
875.908,1766
876.025,1745
876.142,1792
876.259,1758
876.376,1753
876.493,1767
876.61,1732
876.728,1695
876.845,1756
876.962,1794
877.079,1756
877.196,1722
877.313,1811
877.43,1776
877.547,1827
877.664,1758
877.781,1770
877.898,1741
878.016,1722
878.133,1763
878.25,1741
878.367,1717
878.484,1672
878.601,1680
878.718,1601
878.835,1640
878.952,1603
879.069,1621
879.186,1580
879.303,1619
879.42,1555
879.537,1598
879.654,1500
879.771,1573
879.888,1548
880.005,1485
880.122,1476
880.239,1513
880.356,1475
880.473,1511
880.59,1486
880.707,1510
880.824,1519
880.941,1493
881.058,1522
881.175,1536
881.292,1539
881.409,1566
881.526,1550
881.643,1550
881.76,1549
881.877,1542
881.994,1535
882.111,1529
882.228,1519
882.345,1601
882.462,1545
882.579,1528
882.696,1523
882.812,1557
882.929,1561
883.046,1554
883.163,1556
883.28,1525
883.397,1545
883.514,1578
883.631,1551
883.748,1563
883.865,1558
883.982,1604
884.098,1566
884.215,1604
884.332,1565
884.449,1598
884.566,1636
884.683,1663
884.8,1691
884.916,1655
885.033,1726
885.15,1758
885.267,1768
885.384,1808
885.501,1870
885.617,1953
885.734,1890
885.851,1916
885.968,1935
886.085,1927
886.202,1854
886.318,1930
886.435,1877
886.552,1880
886.669,1882
886.786,1827
886.902,1815
887.019,1776
887.136,1780
887.253,1777
887.369,1761
887.486,1740
887.603,1665
887.72,1687
887.837,1608
887.953,1575
888.07,1593
888.187,1591
888.304,1514
888.42,1480
888.537,1498
888.654,1432
888.77,1441
888.887,1406
889.004,1452
889.121,1433
889.237,1430
889.354,1401
889.471,1416
889.587,1403
889.704,1470
889.821,1440
889.938,1407
890.054,1425
890.171,1399
890.288,1419
890.404,1382
890.521,1405
890.638,1417
890.754,1398
890.871,1436
890.988,1412
891.104,1474
891.221,1464
891.337,1389
891.454,1453
891.571,1455
891.687,1441
891.804,1432
891.921,1423
892.037,1416
892.154,1403
892.27,1410
892.387,1401
892.504,1480
892.62,1400
892.737,1439
892.854,1417
892.97,1399
893.087,1411
893.203,1426
893.32,1397
893.436,1405
893.553,1425
893.67,1475
893.786,1440
893.903,1444
894.019,1423
894.136,1415
894.252,1447
894.369,1457
894.485,1460
894.602,1455
894.718,1425
894.835,1459
894.951,1430
895.068,1424
895.184,1394
895.301,1455
895.417,1435
895.534,1366
895.65,1422
895.767,1418
895.883,1416
896.0,1421
896.116,1451
896.233,1445
896.349,1388
896.466,1450
896.582,1421
896.699,1469
896.815,1482
896.932,1458
897.048,1491
897.165,1446
897.281,1458
897.397,1429
897.514,1448
897.63,1460
897.747,1468
897.863,1474
897.979,1497
898.096,1506
898.212,1500
898.329,1520
898.445,1512
898.561,1549
898.678,1521
898.794,1545
898.911,1552
899.027,1515
899.143,1532
899.26,1479
899.376,1538
899.492,1565
899.609,1517
899.725,1528
899.842,1554
899.958,1460
900.074,1523
900.191,1504
900.307,1529
900.423,1492
900.539,1529
900.656,1531
900.772,1499
900.888,1531
901.005,1519
901.121,1559
901.237,1585
901.354,1579
901.47,1580
901.586,1603
901.703,1639
901.819,1632
901.935,1637
902.051,1686
902.168,1698
902.284,1730
902.4,1717
902.516,1712
902.633,1763
902.749,1758
902.865,1741
902.981,1793
903.098,1729
903.214,1774
903.33,1694
903.446,1735
903.562,1696
903.679,1703
903.795,1718
903.911,1714
904.027,1643
904.143,1669
904.26,1627
904.376,1657
904.492,1624
904.608,1636
904.724,1566
904.841,1610
904.957,1584
905.073,1524
905.189,1500
905.305,1510
905.421,1486
905.538,1536
905.654,1504
905.77,1489
905.886,1477
906.002,1482
906.118,1458
906.234,1435
906.35,1429
906.466,1381
906.583,1448
906.699,1429
906.815,1427
906.931,1402
907.047,1421
907.163,1408
907.279,1436
907.395,1394
907.511,1418
907.627,1380
907.743,1405
907.859,1387
907.976,1430
908.092,1417
908.208,1437
908.324,1380
908.44,1399
908.556,1398
908.672,1380
908.788,1370
908.904,1395
909.02,1381
909.136,1369
909.252,1386
909.368,1376
909.484,1389
909.6,1374
909.716,1398
909.832,1391
909.948,1414
910.064,1366
910.18,1423
910.296,1332
910.412,1413
910.528,1418
910.644,1434
910.76,1365
910.875,1407
910.991,1402
911.107,1442
911.223,1370
911.339,1379
911.455,1392
911.571,1351
911.687,1357
911.803,1372
911.919,1399
912.035,1406
912.151,1383
912.267,1397
912.382,1407
912.498,1384
912.614,1382
912.73,1377
912.846,1392
792.446,6150
792.565,5860
792.684,5777
792.803,5671
792.922,5463
793.041,5278
793.16,5233
793.279,5084
793.398,4915
793.518,4736
793.637,4656
793.756,4675
793.875,4511
793.994,4375
794.113,4280
794.232,4180
794.351,4146
794.47,4007
794.589,3951
794.708,3979
794.827,3818
794.946,3761
795.066,3746
795.185,3573
795.304,3578
795.423,3565
795.542,3468
795.661,3433
795.78,3309
795.899,3348
796.018,3341
796.137,3246
796.256,3169
796.375,3171
796.494,3146
796.613,3068
796.732,3013
796.851,3009
796.97,2969
797.089,2915
797.208,2831
797.327,2863
797.446,2872
797.565,2734
797.684,2792
797.803,2702
797.922,2670
798.041,2693
798.16,2696
798.279,2623
798.398,2646
798.517,2643
798.636,2639
798.755,2607
798.874,2576
798.993,2569
799.112,2549
799.231,2603
799.35,2557
799.469,2504
799.588,2520
799.707,2475
799.826,2516
799.945,2467
800.064,2458
800.183,2383
800.302,2431
800.421,2456
800.54,2396
800.659,2409
800.778,2340
800.897,2374
801.016,2315
801.135,2271
801.254,2293
801.373,2266
801.492,2291
801.611,2235
801.729,2234
801.848,2195
801.967,2215
802.086,2197
802.205,2183
802.324,2114
802.443,2190
802.562,2171
802.681,2134
802.8,2168
802.919,2148
803.038,2143
803.157,2173
803.276,2092
803.394,2113
803.513,2134
803.632,2081
803.751,2129
803.87,2095
803.989,2044
804.108,2075
804.227,2087
804.346,2050
804.465,2048
804.583,2095
804.702,2064
804.821,2061
804.94,2023
805.059,2051
805.178,2049
805.297,2038
805.416,2046
805.535,2015
805.653,2012
805.772,2009
805.891,2002
806.01,2051
806.129,2014
806.248,1994
806.367,2017
806.485,2011
806.604,1980
806.723,1956
806.842,1963
806.961,2016
807.08,1940
807.198,1905
807.317,1936
807.436,1940
807.555,1907
807.674,1896
807.793,1917
807.912,1883
808.03,1902
808.149,1903
808.268,1909
808.387,1877
808.506,1942
808.624,1902
808.743,1875
808.862,1900
808.981,1895
809.1,1878
809.219,1925
809.337,1868
809.456,1839
809.575,1833
809.694,1905
809.812,1823
809.931,1822
810.05,1883
810.169,1877
810.288,1872
810.406,1828
810.525,1863
810.644,1864
810.763,1863
810.882,1909
811.0,1899
811.119,1854
811.238,1866
811.357,1882
811.475,1876
811.594,1911
811.713,1896
811.832,1919
811.95,1874
812.069,1919
812.188,1955
812.307,1903
812.425,1898
812.544,1918
812.663,1839
812.782,1906
812.9,1890
813.019,1876
813.138,1838
813.257,1905
813.375,1877
813.494,1837
813.613,1859
813.731,1831
813.85,1814
813.969,1830
814.088,1807
814.206,1788
814.325,1821
814.444,1816
814.562,1832
814.681,1810
814.8,1821
814.918,1793
815.037,1866
815.156,1858
815.274,1824
815.393,1786
815.512,1800
815.631,1820
815.749,1812
815.868,1809
815.987,1789
816.105,1805
816.224,1806
816.343,1777
816.461,1824
816.58,1814
816.698,1830
816.817,1794
816.936,1892
817.055,1911
817.173,1823
817.292,1827
817.41,1868
817.529,1801
817.648,1844
817.766,1819
817.885,1794
818.004,1806
818.122,1801
818.241,1777
818.359,1827
818.478,1767
818.597,1772
818.715,1745
818.834,1767
818.953,1681
819.071,1736
819.19,1696
819.308,1767
819.427,1688
819.546,1735
819.664,1687
819.783,1709
819.901,1686
820.02,1707
820.138,1675
820.257,1687
820.376,1728
820.494,1670
820.613,1688
820.731,1659
820.85,1620
820.969,1685
821.087,1640
821.206,1646
821.324,1650
821.443,1622
821.561,1636
821.68,1667
821.798,1613
821.917,1628
822.035,1638
822.154,1632
822.273,1642
822.391,1622
822.51,1606
822.628,1601
822.747,1608
822.865,1602
822.984,1604
823.102,1625
823.221,1628
823.339,1574
823.458,1615
823.576,1617
823.695,1602
823.813,1569
823.932,1633
824.05,1634
824.169,1603
824.287,1591
824.406,1593
824.524,1604
824.643,1612
824.761,1632
824.88,1580
824.998,1611
825.117,1600
825.235,1594
825.354,1562
825.472,1578
825.591,1585
825.709,1656
825.828,1610
825.946,1633
826.064,1641
826.183,1558
826.301,1521
826.42,1527
826.538,1549
826.657,1577
826.775,1535
826.894,1611
827.012,1608
827.13,1613
827.249,1622
827.367,1609
827.486,1635
827.604,1614
827.723,1568
827.841,1580
827.959,1569
828.078,1532
828.196,1557
828.315,1602
828.433,1540
828.552,1562
828.67,1557
828.788,1503
828.907,1556
829.025,1535
829.143,1552
829.262,1520
829.38,1517
829.499,1546
829.617,1539
829.735,1608
829.854,1546
829.972,1537
830.091,1549
830.209,1547
830.327,1489
830.446,1548
830.564,1543
830.682,1523
830.801,1499
830.919,1590
831.037,1544
831.156,1562
831.274,1562
831.392,1542
831.511,1576
831.629,1568
831.747,1545
831.866,1571
831.984,1561
832.102,1555
832.221,1534
832.339,1547
832.457,1633
832.576,1535
832.694,1540
832.812,1597
832.93,1550
833.049,1589
833.167,1553
833.285,1522
833.404,1546
833.522,1598
833.64,1574
833.759,1609
833.877,1574
833.995,1634
834.113,1621
834.232,1630
834.35,1568
834.468,1589
834.586,1608
834.705,1633
834.823,1597
834.941,1611
835.059,1601
835.178,1590
835.296,1608
835.414,1642
835.532,1581
835.651,1586
835.769,1568
835.887,1530
836.005,1542
836.124,1546
836.242,1515
836.36,1512
836.478,1512
836.596,1557
836.715,1545
836.833,1533
836.951,1484
837.069,1509
837.188,1530
837.306,1505
837.424,1575
837.542,1531
837.66,1497
837.779,1499
837.897,1525
838.015,1465
838.133,1492
838.251,1481
838.369,1524
838.487,1547
838.606,1558
838.724,1552
838.842,1582
838.96,1547
839.078,1575
839.196,1572
839.315,1547
839.433,1612
839.551,1571
839.669,1558
839.787,1612
839.905,1625
840.023,1637
840.142,1663
840.26,1626
840.378,1624
840.496,1672
840.614,1651
840.732,1649
840.85,1668
840.968,1615
841.087,1668
841.205,1674
841.323,1667
841.441,1705
841.559,1707
841.677,1752
841.795,1710
841.913,1721
842.031,1765
842.149,1670
842.267,1745
842.385,1685
842.504,1686
842.622,1671
842.74,1645
842.858,1700
842.976,1640
843.094,1658
843.212,1655
843.33,1687
843.448,1681
843.566,1648
843.684,1689
843.802,1698
843.92,1667
844.038,1698
844.156,1667
844.274,1648
844.392,1707
844.51,1726
844.628,1702
844.746,1669
844.864,1692
844.982,1707
845.1,1719
845.218,1697
845.336,1708
845.454,1708
845.572,1683
845.69,1707
845.808,1662
845.926,1606
846.044,1666
846.162,1708
846.28,1642
846.398,1668
846.516,1658
846.634,1690
846.752,1679
846.87,1673
846.988,1728
847.106,1695
847.224,1722
847.342,1680
847.46,1762
847.578,1746
847.696,1742
847.814,1766
847.932,1769
848.05,1800
848.168,1769
848.285,1735
848.403,1767
848.521,1800
848.639,1790
848.757,1752
848.875,1758
848.993,1760
849.111,1757
849.229,1762
849.347,1724
849.465,1808
849.582,1746
849.7,1760
849.818,1718
849.936,1763
850.054,1735
850.172,1737
850.29,1707
850.408,1681
850.525,1723
850.643,1699
850.761,1664
850.879,1685
850.997,1674
851.115,1680
851.233,1683
851.35,1657
851.468,1677
851.586,1704
851.704,1684
851.822,1716
851.94,1673
852.057,1742
852.175,1827
852.293,1889
852.411,2021
852.529,2132
852.647,2176
852.764,2023
852.882,1901
853.0,1866
853.118,1774
853.236,1701
853.353,1694
853.471,1704
853.589,1639
853.707,1633
853.824,1640
853.942,1665
854.06,1650
854.178,1720
854.296,1697
854.413,1740
854.531,1716
854.649,1761
854.767,1741
854.884,1726
855.002,1715
855.12,1702
855.238,1711
855.355,1672
855.473,1687
855.591,1686
855.708,1720
855.826,1699
855.944,1676
856.062,1667
856.179,1676
856.297,1621
856.415,1752
856.532,1665
856.65,1674
856.768,1672
856.886,1700
857.003,1663
857.121,1699
857.239,1693
857.356,1665
857.474,1649
857.592,1680
857.709,1679
857.827,1662
857.945,1669
858.062,1667
858.18,1651
858.298,1727
858.415,1684
858.533,1684
858.651,1666
858.768,1656
858.886,1668
859.003,1678
859.121,1661
859.239,1637
859.356,1619
859.474,1672
859.592,1594
859.709,1611
859.827,1645
859.944,1662
860.062,1559
860.18,1654
860.297,1622
860.415,1590
860.532,1611
860.65,1588
860.768,1583
860.885,1604
861.003,1624
861.12,1685
861.238,1651
861.356,1681
861.473,1696
861.591,1661
861.708,1652
861.826,1607
861.943,1635
862.061,1586
862.178,1586
862.296,1588
862.414,1575
862.531,1557
862.649,1544
862.766,1551
862.884,1540
863.001,1536
863.119,1580
863.236,1607
863.354,1566
863.471,1603
863.589,1623
863.706,1644
863.824,1641
863.941,1652
864.059,1646
864.176,1610
864.294,1596
864.411,1577
864.529,1595
864.646,1606
864.764,1593
864.881,1623
864.999,1578
865.116,1584
865.233,1574
865.351,1577
865.468,1639
865.586,1608
865.703,1562
865.821,1612
865.938,1601
866.056,1577
866.173,1599
866.29,1554
866.408,1587
866.525,1621
866.643,1622
866.76,1584
866.878,1582
866.995,1600
867.112,1637
867.23,1673
867.347,1646
867.465,1675
867.582,1698
867.699,1685
867.817,1711
867.934,1658
868.051,1628
868.169,1606
868.286,1624
868.404,1669
868.521,1674
868.638,1702
868.756,1657
868.873,1668
868.99,1650
869.108,1719
869.225,1679
869.342,1707
869.46,1731
869.577,1692
869.694,1725
869.812,1712
869.929,1703
870.046,1757
870.164,1751
870.281,1716
870.398,1763
870.516,1763
870.633,1715
870.75,1766
870.867,1759
870.985,1750
871.102,1706
871.219,1770
871.337,1738
871.454,1739
871.571,1762
871.688,1721
871.806,1696
871.923,1806
872.04,1715
872.157,1695
872.275,1713
872.392,1752
872.509,1670
872.626,1729
872.744,1706
872.861,1752
872.978,1722
873.095,1733
873.213,1706
873.33,1781
873.447,1730
873.564,1705
873.681,1729
873.799,1693
873.916,1763
874.033,1736
874.15,1711
874.267,1701
874.385,1749
874.502,1750
874.619,1752
874.736,1754
874.853,1761
874.97,1739
875.088,1720
875.205,1760
875.322,1807
875.439,1765
875.556,1760
875.673,1794
875.791,1754
875.908,1757
876.025,1788
876.142,1805
876.259,1800
876.376,1805
876.493,1782
876.61,1784
876.728,1751
876.845,1805
876.962,1793
877.079,1846
877.196,1779
877.313,1822
877.43,1815
877.547,1792
877.664,1789
877.781,1772
877.898,1801
878.016,1757
878.133,1717
878.25,1714
878.367,1712
878.484,1698
878.601,1680
878.718,1634
878.835,1724
878.952,1675
879.069,1611
879.186,1590
879.303,1573
879.42,1620
879.537,1633
879.654,1580
879.771,1534
879.888,1558
880.005,1557
880.122,1534
880.239,1547
880.356,1516
880.473,1549
880.59,1534
880.707,1517
880.824,1442
880.941,1548
881.058,1531
881.175,1541
881.292,1536
881.409,1496
881.526,1579
881.643,1581
881.76,1606
881.877,1576
881.994,1542
882.111,1597
882.228,1555
882.345,1572
882.462,1551
882.579,1576
882.696,1592
882.812,1555
882.929,1573
883.046,1613
883.163,1595
883.28,1584
883.397,1566
883.514,1574
883.631,1623
883.748,1607
883.865,1640
883.982,1585
884.098,1575
884.215,1613
884.332,1635
884.449,1648
884.566,1666
884.683,1659
884.8,1701
884.916,1748
885.033,1754
885.15,1795
885.267,1816
885.384,1828
885.501,1913
885.617,1883
885.734,1950
885.851,1922
885.968,1924
886.085,1969
886.202,1986
886.318,1932
886.435,1952
886.552,1933
886.669,1918
886.786,1890
886.902,1873
887.019,1845
887.136,1845
887.253,1775
887.369,1805
887.486,1731
887.603,1705
887.72,1685
887.837,1672
887.953,1614
888.07,1630
888.187,1584
888.304,1593
888.42,1529
888.537,1508
888.654,1492
888.77,1490
888.887,1495
889.004,1481
889.121,1475
889.237,1456
889.354,1469
889.471,1433
889.587,1483
889.704,1466
889.821,1463
889.938,1453
890.054,1439
890.171,1408
890.288,1465
890.404,1396
890.521,1441
890.638,1454
890.754,1493
890.871,1402
890.988,1486
891.104,1437
891.221,1518
891.337,1433
891.454,1453
891.571,1479
891.687,1447
891.804,1478
891.921,1436
892.037,1481
892.154,1502
892.27,1441
892.387,1458
892.504,1422
892.62,1425
892.737,1440
892.854,1465
892.97,1477
893.087,1414
893.203,1449
893.32,1443
893.436,1467
893.553,1444
893.67,1477
893.786,1458
893.903,1475
894.019,1457
894.136,1440
894.252,1507
894.369,1487
894.485,1478
894.602,1454
894.718,1524
894.835,1469
894.951,1463
895.068,1432
895.184,1502
895.301,1470
895.417,1451
895.534,1499
895.65,1410
895.767,1465
895.883,1449
896.0,1455
896.116,1499
896.233,1487
896.349,1442
896.466,1468
896.582,1455
896.699,1487
896.815,1479
896.932,1502
897.048,1523
897.165,1517
897.281,1464
897.397,1473
897.514,1498
897.63,1481
897.747,1502
897.863,1509
897.979,1489
898.096,1566
898.212,1504
898.329,1574
898.445,1541
898.561,1578
898.678,1535
898.794,1598
898.911,1567
899.027,1552
899.143,1533
899.26,1493
899.376,1507
899.492,1580
899.609,1569
899.725,1545
899.842,1560
899.958,1546
900.074,1561
900.191,1537
900.307,1546
900.423,1557
900.539,1563
900.656,1584
900.772,1552
900.888,1571
901.005,1595
901.121,1549
901.237,1561
901.354,1610
901.47,1650
901.586,1646
901.703,1621
901.819,1644
901.935,1720
902.051,1710
902.168,1717
902.284,1748
902.4,1737
902.516,1809
902.633,1792
902.749,1807
902.865,1790
902.981,1779
903.098,1746
903.214,1752
903.33,1783
903.446,1765
903.562,1742
903.679,1751
903.795,1791
903.911,1747
904.027,1701
904.143,1691
904.26,1720
904.376,1664
904.492,1677
904.608,1639
904.724,1611
904.841,1602
904.957,1613
905.073,1541
905.189,1537
905.305,1570
905.421,1538
905.538,1571
905.654,1548
905.77,1539
905.886,1528
906.002,1479
906.118,1470
906.234,1493
906.35,1447
906.466,1462
906.583,1431
906.699,1495
906.815,1428
906.931,1431
907.047,1435
907.163,1454
907.279,1447
907.395,1420
907.511,1446
907.627,1442
907.743,1416
907.859,1479
907.976,1416
908.092,1462
908.208,1431
908.324,1440
908.44,1429
908.556,1433
908.672,1427
908.788,1440
908.904,1413
909.02,1464
909.136,1401
909.252,1407
909.368,1449
909.484,1426
909.6,1425
909.716,1456
909.832,1443
909.948,1382
910.064,1462
910.18,1442
910.296,1471
910.412,1445
910.528,1367
910.644,1421
910.76,1419
910.875,1452
910.991,1450
911.107,1440
911.223,1450
911.339,1457
911.455,1401
911.571,1411
911.687,1429
911.803,1411
911.919,1399
912.035,1406
912.151,1449
912.267,1445
912.382,1418
912.498,1431
912.614,1407
912.73,1427
912.846,1400
792.446,6162
792.565,5904
792.684,5810
792.803,5713
792.922,5460
793.041,5272
793.16,5165
793.279,5061
793.398,4964
793.518,4787
793.637,4707
793.756,4551
793.875,4540
793.994,4349
794.113,4320
794.232,4150
794.351,4081
794.47,3988
794.589,3930
794.708,3957
794.827,3823
794.946,3779
795.066,3729
795.185,3560
795.304,3650
795.423,3532
795.542,3443
795.661,3359
795.78,3353
795.899,3376
796.018,3312
796.137,3233
796.256,3178
796.375,3147
796.494,3107
796.613,2990
796.732,3010
796.851,2934
796.97,2960
797.089,2886
797.208,2874
797.327,2883
797.446,2822
797.565,2689
797.684,2783
797.803,2777
797.922,2751
798.041,2738
798.16,2726
798.279,2623
798.398,2661
798.517,2643
798.636,2646
798.755,2612
798.874,2625
798.993,2610
799.112,2564
799.231,2581
799.35,2612
799.469,2491
799.588,2555
799.707,2481
799.826,2499
799.945,2496
800.064,2494
800.183,2453
800.302,2449
800.421,2491
800.54,2410
800.659,2402
800.778,2364
800.897,2377
801.016,2308
801.135,2321
801.254,2299
801.373,2254
801.492,2291
801.611,2239
801.729,2239
801.848,2280
801.967,2216
802.086,2197
802.205,2185
802.324,2186
802.443,2146
802.562,2202
802.681,2140
802.8,2118
802.919,2166
803.038,2106
803.157,2143
803.276,2174
803.394,2114
803.513,2064
803.632,2063
803.751,2119
803.87,2083
803.989,2112
804.108,2078
804.227,2092
804.346,2088
804.465,2051
804.583,2085
804.702,2016
804.821,2053
804.94,2067
805.059,2114
805.178,2049
805.297,2026
805.416,2062
805.535,2014
805.653,2018
805.772,2002
805.891,2021
806.01,2061
806.129,2066
806.248,2012
806.367,2003
806.485,2061
806.604,2018
806.723,1973
806.842,1975
806.961,1923
807.08,1947
807.198,1949
807.317,1930
807.436,1963
807.555,1918
807.674,1969
807.793,1863
807.912,1891
808.03,1919
808.149,1932
808.268,1893
808.387,1892
808.506,1921
808.624,1924
808.743,1892
808.862,1899
808.981,1898
809.1,1891
809.219,1862
809.337,1925
809.456,1894
809.575,1873
809.694,1876
809.812,1922
809.931,1881
810.05,1895
810.169,1863
810.288,1857
810.406,1848
810.525,1914
810.644,1887
810.763,1866
810.882,1838
811.0,1909
811.119,1895
811.238,1861
811.357,1857
811.475,1893
811.594,1861
811.713,1891
811.832,1875
811.95,1936
812.069,1906
812.188,1904
812.307,1878
812.425,1910
812.544,1851
812.663,1875
812.782,1873
812.9,1899
813.019,1911
813.138,1932
813.257,1870
813.375,1842
813.494,1841
813.613,1907
813.731,1811
813.85,1839
813.969,1813
814.088,1821
814.206,1820
814.325,1869
814.444,1811
814.562,1861
814.681,1861
814.8,1796
814.918,1839
815.037,1861
815.156,1783
815.274,1812
815.393,1777
815.512,1814
815.631,1804
815.749,1793
815.868,1772
815.987,1855
816.105,1798
816.224,1827
816.343,1811
816.461,1835
816.58,1824
816.698,1872
816.817,1797
816.936,1857
817.055,1812
817.173,1861
817.292,1837
817.41,1858
817.529,1826
817.648,1808
817.766,1805
817.885,1812
818.004,1822
818.122,1836
818.241,1790
818.359,1772
818.478,1812
818.597,1808
818.715,1753
818.834,1744
818.953,1746
819.071,1728
819.19,1694
819.308,1720
819.427,1763
819.546,1703
819.664,1700
819.783,1715
819.901,1657
820.02,1663
820.138,1743
820.257,1712
820.376,1696
820.494,1646
820.613,1644
820.731,1729
820.85,1681
820.969,1681
821.087,1663
821.206,1640
821.324,1667
821.443,1622
821.561,1681
821.68,1629
821.798,1634
821.917,1665
822.035,1635
822.154,1639
822.273,1630
822.391,1631
822.51,1620
822.628,1617
822.747,1601
822.865,1604
822.984,1560
823.102,1621
823.221,1589
823.339,1567
823.458,1605
823.576,1585
823.695,1572
823.813,1560
823.932,1605
824.05,1616
824.169,1576
824.287,1575
824.406,1546
824.524,1605
824.643,1575
824.761,1612
824.88,1602
824.998,1582
825.117,1573
825.235,1604
825.354,1543
825.472,1611
825.591,1589
825.709,1655
825.828,1626
825.946,1635
826.064,1597
826.183,1559
826.301,1554
826.42,1545
826.538,1594
826.657,1582
826.775,1546
826.894,1586
827.012,1588
827.13,1615
827.249,1607
827.367,1652
827.486,1656
827.604,1599
827.723,1528
827.841,1596
827.959,1551
828.078,1579
828.196,1526
828.315,1571
828.433,1589
828.552,1540
828.67,1577
828.788,1542
828.907,1563
829.025,1535
829.143,1570
829.262,1539
829.38,1524
829.499,1565
829.617,1541
829.735,1529
829.854,1481
829.972,1570
830.091,1523
830.209,1560
830.327,1568
830.446,1509
830.564,1516
830.682,1567
830.801,1530
830.919,1536
831.037,1543
831.156,1569
831.274,1582
831.392,1594
831.511,1558
831.629,1522
831.747,1524
831.866,1547
831.984,1551
832.102,1584
832.221,1580
832.339,1579
832.457,1602
832.576,1590
832.694,1556
832.812,1584
832.93,1545
833.049,1525
833.167,1562
833.285,1564
833.404,1521
833.522,1622
833.64,1583
833.759,1578
833.877,1530
833.995,1582
834.113,1526
834.232,1608
834.35,1568
834.468,1550
834.586,1614
834.705,1568
834.823,1582
834.941,1590
835.059,1589
835.178,1638
835.296,1596
835.414,1618
835.532,1605
835.651,1543
835.769,1593
835.887,1552
836.005,1580
836.124,1516
836.242,1503
836.36,1511
836.478,1519
836.596,1520
836.715,1523
836.833,1502
836.951,1482
837.069,1507
837.188,1548
837.306,1532
837.424,1501
837.542,1515
837.66,1534
837.779,1488
837.897,1487
838.015,1557
838.133,1527
838.251,1531
838.369,1562
838.487,1531
838.606,1545
838.724,1522
838.842,1552
838.96,1576
839.078,1534
839.196,1565
839.315,1561
839.433,1571
839.551,1613
839.669,1615
839.787,1625
839.905,1654
840.023,1700
840.142,1636
840.26,1624
840.378,1649
840.496,1613
840.614,1658
840.732,1677
840.85,1638
840.968,1643
841.087,1674
841.205,1658
841.323,1639
841.441,1684
841.559,1684
841.677,1738
841.795,1753
841.913,1721
842.031,1701
842.149,1703
842.267,1740
842.385,1693
842.504,1629
842.622,1651
842.74,1645
842.858,1629
842.976,1663
843.094,1612
843.212,1683
843.33,1662
843.448,1692
843.566,1689
843.684,1687
843.802,1705
843.92,1721
844.038,1729
844.156,1686
844.274,1695
844.392,1695
844.51,1703
844.628,1682
844.746,1725
844.864,1682
844.982,1720
845.1,1719
845.218,1678
845.336,1711
845.454,1755
845.572,1675
845.69,1685
845.808,1675
845.926,1680
846.044,1620
846.162,1674
846.28,1670
846.398,1648
846.516,1681
846.634,1686
846.752,1685
846.87,1692
846.988,1706
847.106,1694
847.224,1708
847.342,1755
847.46,1769
847.578,1747
847.696,1832
847.814,1749
847.932,1785
848.05,1827
848.168,1764
848.285,1738
848.403,1770
848.521,1758
848.639,1760
848.757,1766
848.875,1721
848.993,1773
849.111,1737
849.229,1735
849.347,1716
849.465,1736
849.582,1763
849.7,1774
849.818,1738
849.936,1718
850.054,1718
850.172,1691
850.29,1709
850.408,1668
850.525,1704
850.643,1696
850.761,1670
850.879,1681
850.997,1674
851.115,1640
851.233,1650
851.35,1690
851.468,1714
851.586,1713
851.704,1706
851.822,1749
851.94,1727
852.057,1765
852.175,1809
852.293,1843
852.411,2051
852.529,2135
852.647,2157
852.764,2005
852.882,1947
853.0,1784
853.118,1774
853.236,1751
853.353,1697
853.471,1742
853.589,1666
853.707,1660
853.824,1686
853.942,1696
854.06,1680
854.178,1722
854.296,1702
854.413,1755
854.531,1754
854.649,1760
854.767,1770
854.884,1715
855.002,1733
855.12,1736
855.238,1708
855.355,1723
855.473,1681
855.591,1665
855.708,1710
855.826,1668
855.944,1630
856.062,1661
856.179,1689
856.297,1704
856.415,1707
856.532,1682
856.65,1651
856.768,1676
856.886,1672
857.003,1675
857.121,1631
857.239,1648
857.356,1705
857.474,1694
857.592,1671
857.709,1636
857.827,1653
857.945,1652
858.062,1660
858.18,1690
858.298,1687
858.415,1689
858.533,1662
858.651,1679
858.768,1662
858.886,1667
859.003,1654
859.121,1667
859.239,1637
859.356,1660
859.474,1643
859.592,1635
859.709,1680
859.827,1615
859.944,1696
860.062,1622
860.18,1632
860.297,1632
860.415,1626
860.532,1630
860.65,1634
860.768,1593
860.885,1648
861.003,1601
861.12,1607
861.238,1589
861.356,1620
861.473,1657
861.591,1614
861.708,1654
861.826,1665
861.943,1645
862.061,1631
862.178,1615
862.296,1551
862.414,1531
862.531,1570
862.649,1565
862.766,1593
862.884,1545
863.001,1596
863.119,1558
863.236,1578
863.354,1661
863.471,1592
863.589,1615
863.706,1623
863.824,1629
863.941,1670
864.059,1665
864.176,1578
864.294,1617
864.411,1590
864.529,1587
864.646,1576
864.764,1602
864.881,1596
864.999,1595
865.116,1609
865.233,1643
865.351,1585
865.468,1617
865.586,1589
865.703,1606
865.821,1583
865.938,1568
866.056,1582
866.173,1551
866.29,1593
866.408,1618
866.525,1613
866.643,1671
866.76,1636
866.878,1656
866.995,1673
867.112,1635
867.23,1678
867.347,1672
867.465,1665
867.582,1700
867.699,1700
867.817,1688
867.934,1677
868.051,1665
868.169,1665
868.286,1627
868.404,1668
868.521,1642
868.638,1647
868.756,1675
868.873,1679
868.99,1661
869.108,1697
869.225,1672
869.342,1675
869.46,1772
869.577,1706
869.694,1749
869.812,1767
869.929,1730
870.046,1773
870.164,1742
870.281,1792
870.398,1767
870.516,1793
870.633,1779
870.75,1787
870.867,1758
870.985,1742
871.102,1752
871.219,1702
871.337,1738
871.454,1754
871.571,1757
871.688,1761
871.806,1726
871.923,1786
872.04,1745
872.157,1782
872.275,1747
872.392,1742
872.509,1730
872.626,1750
872.744,1777
872.861,1707
872.978,1816
873.095,1745
873.213,1743
873.33,1733
873.447,1729
873.564,1738
873.681,1724
873.799,1765
873.916,1759
874.033,1744
874.15,1707
874.267,1760
874.385,1725
874.502,1724
874.619,1714
874.736,1776
874.853,1706
874.97,1827
875.088,1778
875.205,1763
875.322,1736
875.439,1752
875.556,1802
875.673,1846
875.791,1810
875.908,1866
876.025,1805
876.142,1793
876.259,1751
876.376,1781
876.493,1774
876.61,1819
876.728,1768
876.845,1817
876.962,1768
877.079,1831
877.196,1780
877.313,1817
877.43,1793
877.547,1833
877.664,1789
877.781,1840
877.898,1737
878.016,1768
878.133,1770
878.25,1717
878.367,1727
878.484,1722
878.601,1659
878.718,1651
878.835,1652
878.952,1689
879.069,1643
879.186,1623
879.303,1636
879.42,1649
879.537,1585
879.654,1602
879.771,1558
879.888,1581
880.005,1547
880.122,1515
880.239,1532
880.356,1574
880.473,1572
880.59,1538
880.707,1527
880.824,1544
880.941,1529
881.058,1542
881.175,1576
881.292,1562
881.409,1554
881.526,1549
881.643,1579
881.76,1559
881.877,1570
881.994,1577
882.111,1549
882.228,1573
882.345,1536
882.462,1558
882.579,1579
882.696,1609
882.812,1554
882.929,1595
883.046,1553
883.163,1567
883.28,1577
883.397,1581
883.514,1595
883.631,1592
883.748,1574
883.865,1652
883.982,1615
884.098,1613
884.215,1637
884.332,1636
884.449,1618
884.566,1698
884.683,1709
884.8,1711
884.916,1743
885.033,1730
885.15,1795
885.267,1838
885.384,1853
885.501,1943
885.617,1900
885.734,1920
885.851,1978
885.968,1962
886.085,1952
886.202,1955
886.318,1932
886.435,1950
886.552,1905
886.669,1871
886.786,1886
886.902,1868
887.019,1861
887.136,1825
887.253,1807
887.369,1790
887.486,1791
887.603,1702
887.72,1687
887.837,1674
887.953,1666
888.07,1596
888.187,1625
888.304,1557
888.42,1526
888.537,1546
888.654,1531
888.77,1502
888.887,1475
889.004,1470
889.121,1497
889.237,1432
889.354,1479
889.471,1412
889.587,1445
889.704,1445
889.821,1455
889.938,1453
890.054,1471
890.171,1482
890.288,1484
890.404,1439
890.521,1504
890.638,1464
890.754,1438
890.871,1447
890.988,1437
891.104,1447
891.221,1474
891.337,1464
891.454,1500
891.571,1490
891.687,1482
891.804,1482
891.921,1446
892.037,1464
892.154,1487
892.27,1416
892.387,1515
892.504,1476
892.62,1486
892.737,1501
892.854,1418
892.97,1488
893.087,1432
893.203,1460
893.32,1467
893.436,1450
893.553,1501
893.67,1500
893.786,1482
893.903,1464
894.019,1442
894.136,1498
894.252,1509
894.369,1526
894.485,1487
894.602,1453
894.718,1463
894.835,1474
894.951,1465
895.068,1478
895.184,1455
895.301,1478
895.417,1461
895.534,1477
895.65,1502
895.767,1480
895.883,1445
896.0,1489
896.116,1439
896.233,1506
896.349,1520
896.466,1508
896.582,1484
896.699,1526
896.815,1481
896.932,1512
897.048,1475
897.165,1527
897.281,1485
897.397,1476
897.514,1492
897.63,1533
897.747,1478
897.863,1504
897.979,1468
898.096,1486
898.212,1505
898.329,1526
898.445,1525
898.561,1588
898.678,1595
898.794,1589
898.911,1536
899.027,1534
899.143,1552
899.26,1578
899.376,1518
899.492,1579
899.609,1565
899.725,1545
899.842,1557
899.958,1534
900.074,1511
900.191,1567
900.307,1526
900.423,1569
900.539,1602
900.656,1572
900.772,1603
900.888,1602
901.005,1556
901.121,1599
901.237,1606
901.354,1639
901.47,1631
901.586,1645
901.703,1664
901.819,1687
901.935,1670
902.051,1704
902.168,1731
902.284,1762
902.4,1733
902.516,1768
902.633,1783
902.749,1789
902.865,1845
902.981,1806
903.098,1792
903.214,1801
903.33,1806
903.446,1810
903.562,1835
903.679,1740
903.795,1763
903.911,1722
904.027,1747
904.143,1672
904.26,1710
904.376,1707
904.492,1697
904.608,1632
904.724,1656
904.841,1621
904.957,1587
905.073,1614
905.189,1631
905.305,1540
905.421,1571
905.538,1570
905.654,1529
905.77,1475
905.886,1522
906.002,1522
906.118,1486
906.234,1514
906.35,1407
906.466,1495
906.583,1489
906.699,1480
906.815,1422
906.931,1464
907.047,1399
907.163,1419
907.279,1441
907.395,1433
907.511,1486
907.627,1431
907.743,1454
907.859,1416
907.976,1448
908.092,1424
908.208,1459
908.324,1417
908.44,1419
908.556,1434
908.672,1388
908.788,1460
908.904,1459
909.02,1449
909.136,1425
909.252,1421
909.368,1456
909.484,1439
909.6,1428
909.716,1435
909.832,1401
909.948,1423
910.064,1399
910.18,1445
910.296,1451
910.412,1435
910.528,1426
910.644,1473
910.76,1416
910.875,1460
910.991,1393
911.107,1457
911.223,1382
911.339,1474
911.455,1407
911.571,1438
911.687,1441
911.803,1433
911.919,1450
912.035,1439
912.151,1429
912.267,1424
912.382,1410
912.498,1413
912.614,1390
912.73,1464
912.846,1438
