792.446,1868
792.565,1805
792.684,1827
792.803,1730
792.922,1718
793.041,1761
793.16,1778
793.279,1751
793.398,1716
793.518,1717
793.637,1669
793.756,1704
793.875,1703
793.994,1666
794.113,1666
794.232,1656
794.351,1691
794.47,1669
794.589,1644
794.708,1651
794.827,1590
794.946,1596
795.066,1611
795.185,1600
795.304,1600
795.423,1627
795.542,1616
795.661,1647
795.78,1606
795.899,1622
796.018,1594
796.137,1605
796.256,1545
796.375,1582
796.494,1605
796.613,1575
796.732,1545
796.851,1577
796.97,1541
797.089,1520
797.208,1573
797.327,1557
797.446,1564
797.565,1533
797.684,1548
797.803,1514
797.922,1568
798.041,1544
798.16,1532
798.279,1511
798.398,1536
798.517,1556
798.636,1563
798.755,1565
798.874,1531
798.993,1512
799.112,1531
799.231,1514
799.35,1493
799.469,1523
799.588,1500
799.707,1502
799.826,1527
799.945,1486
800.064,1510
800.183,1510
800.302,1534
800.421,1550
800.54,1514
800.659,1531
800.778,1475
800.897,1499
801.016,1486
801.135,1518
801.254,1550
801.373,1510
801.492,1503
801.611,1469
801.729,1523
801.848,1536
801.967,1482
802.086,1551
802.205,1497
802.324,1492
802.443,1489
802.562,1531
802.681,1502
802.8,1508
802.919,1504
803.038,1494
803.157,1520
803.276,1525
803.394,1504
803.513,1493
803.632,1512
803.751,1478
803.87,1464
803.989,1525
804.108,1475
804.227,1454
804.346,1514
804.465,1504
804.583,1471
804.702,1495
804.821,1475
804.94,1505
805.059,1478
805.178,1518
805.297,1484
805.416,1539
805.535,1484
805.653,1529
805.772,1458
805.891,1496
806.01,1469
806.129,1515
806.248,1476
806.367,1500
806.485,1519
806.604,1483
806.723,1499
806.842,1483
806.961,1469
807.08,1453
807.198,1477
807.317,1506
807.436,1457
807.555,1473
807.674,1478
807.793,1460
807.912,1495
808.03,1462
808.149,1495
808.268,1459
808.387,1461
808.506,1487
808.624,1463
808.743,1479
808.862,1473
808.981,1465
809.1,1481
809.219,1464
809.337,1478
809.456,1436
809.575,1481
809.694,1464
809.812,1528
809.931,1487
810.05,1473
810.169,1448
810.288,1460
810.406,1470
810.525,1460
810.644,1442
810.763,1436
810.882,1462
811.0,1433
811.119,1473
811.238,1484
811.357,1469
811.475,1472
811.594,1421
811.713,1479
811.832,1481
811.95,1467
812.069,1467
812.188,1445
812.307,1453
812.425,1443
812.544,1486
812.663,1450
812.782,1486
812.9,1441
813.019,1479
813.138,1470
813.257,1461
813.375,1463
813.494,1474
813.613,1430
813.731,1467
813.85,1437
813.969,1446
814.088,1436
814.206,1447
814.325,1454
814.444,1453
814.562,1448
814.681,1446
814.8,1466
814.918,1431
815.037,1485
815.156,1474
815.274,1406
815.393,1444
815.512,1415
815.631,1426
815.749,1476
815.868,1444
815.987,1457
816.105,1411
816.224,1393
816.343,1430
816.461,1496
816.58,1434
816.698,1379
816.817,1440
816.936,1438
817.055,1398
817.173,1426
817.292,1457
817.41,1445
817.529,1427
817.648,1424
817.766,1420
817.885,1402
818.004,1453
818.122,1406
818.241,1417
818.359,1431
818.478,1411
818.597,1424
818.715,1397
818.834,1394
818.953,1396
819.071,1414
819.19,1426
819.308,1382
819.427,1397
819.546,1370
819.664,1403
819.783,1374
819.901,1431
820.02,1351
820.138,1407
820.257,1367
820.376,1361
820.494,1358
820.613,1362
820.731,1386
820.85,1336
820.969,1377
821.087,1364
821.206,1395
821.324,1378
821.443,1379
821.561,1403
821.68,1365
821.798,1365
821.917,1416
822.035,1367
822.154,1395
822.273,1339
822.391,1390
822.51,1385
822.628,1339
822.747,1380
822.865,1363
822.984,1319
823.102,1370
823.221,1383
823.339,1386
823.458,1377
823.576,1417
823.695,1356
823.813,1395
823.932,1367
824.05,1379
824.169,1387
824.287,1355
824.406,1382
824.524,1373
824.643,1379
824.761,1356
824.88,1367
824.998,1361
825.117,1323
825.235,1374
825.354,1390
825.472,1377
825.591,1341
825.709,1322
825.828,1367
825.946,1385
826.064,1385
826.183,1346
826.301,1395
826.42,1336
826.538,1352
826.657,1353
826.775,1367
826.894,1368
827.012,1380
827.13,1338
827.249,1365
827.367,1344
827.486,1362
827.604,1365
827.723,1365
827.841,1311
827.959,1359
828.078,1292
828.196,1339
828.315,1364
828.433,1372
828.552,1328
828.67,1361
828.788,1321
828.907,1319
829.025,1356
829.143,1342
829.262,1324
829.38,1352
829.499,1349
829.617,1328
829.735,1333
829.854,1348
829.972,1342
830.091,1348
830.209,1357
830.327,1326
830.446,1338
830.564,1311
830.682,1353
830.801,1302
830.919,1327
831.037,1314
831.156,1341
831.274,1318
831.392,1314
831.511,1332
831.629,1323
831.747,1341
831.866,1351
831.984,1337
832.102,1352
832.221,1324
832.339,1350
832.457,1365
832.576,1331
832.694,1331
832.812,1335
832.93,1350
833.049,1304
833.167,1346
833.285,1300
833.404,1360
833.522,1327
833.64,1325
833.759,1343
833.877,1318
833.995,1339
834.113,1323
834.232,1353
834.35,1333
834.468,1340
834.586,1331
834.705,1336
834.823,1347
834.941,1316
835.059,1340
835.178,1324
835.296,1344
835.414,1349
835.532,1369
835.651,1331
835.769,1338
835.887,1336
836.005,1322
836.124,1315
836.242,1364
836.36,1297
836.478,1325
836.596,1365
836.715,1356
836.833,1282
836.951,1329
837.069,1314
837.188,1353
837.306,1371
837.424,1334
837.542,1349
837.66,1331
837.779,1356
837.897,1387
838.015,1309
838.133,1315
838.251,1332
838.369,1335
838.487,1275
838.606,1332
838.724,1305
838.842,1336
838.96,1358
839.078,1323
839.196,1336
839.315,1344
839.433,1372
839.551,1315
839.669,1329
839.787,1314
839.905,1349
840.023,1310
840.142,1326
840.26,1306
840.378,1315
840.496,1327
840.614,1322
840.732,1286
840.85,1300
840.968,1340
841.087,1341
841.205,1333
841.323,1353
841.441,1346
841.559,1327
841.677,1341
841.795,1312
841.913,1304
842.031,1353
842.149,1347
842.267,1336
842.385,1331
842.504,1346
842.622,1333
842.74,1268
842.858,1304
842.976,1327
843.094,1296
843.212,1343
843.33,1311
843.448,1309
843.566,1297
843.684,1329
843.802,1305
843.92,1323
844.038,1347
844.156,1336
844.274,1310
844.392,1342
844.51,1367
844.628,1325
844.746,1304
844.864,1301
844.982,1356
845.1,1318
845.218,1314
845.336,1351
845.454,1323
845.572,1335
845.69,1352
845.808,1319
845.926,1343
846.044,1324
846.162,1299
846.28,1325
846.398,1297
846.516,1307
846.634,1323
846.752,1332
846.87,1352
846.988,1315
847.106,1322
847.224,1333
847.342,1341
847.46,1311
847.578,1311
847.696,1346
847.814,1295
847.932,1307
848.05,1353
848.168,1318
848.285,1299
848.403,1333
848.521,1312
848.639,1318
848.757,1315
848.875,1313
848.993,1387
849.111,1285
849.229,1381
849.347,1335
849.465,1271
849.582,1309
849.7,1356
849.818,1330
849.936,1322
850.054,1303
850.172,1323
850.29,1307
850.408,1330
850.525,1341
850.643,1341
850.761,1369
850.879,1343
850.997,1357
851.115,1310
851.233,1302
851.35,1331
851.468,1311
851.586,1295
851.704,1316
851.822,1343
851.94,1292
852.057,1313
852.175,1329
852.293,1358
852.411,1306
852.529,1306
852.647,1368
852.764,1367
852.882,1335
853.0,1345
853.118,1338
853.236,1306
853.353,1316
853.471,1329
853.589,1344
853.707,1335
853.824,1367
853.942,1326
854.06,1288
854.178,1311
854.296,1341
854.413,1336
854.531,1341
854.649,1291
854.767,1289
854.884,1337
855.002,1305
855.12,1329
855.238,1302
855.355,1297
855.473,1317
855.591,1292
855.708,1311
855.826,1350
855.944,1339
856.062,1286
856.179,1306
856.297,1314
856.415,1312
856.532,1350
856.65,1336
856.768,1309
856.886,1372
857.003,1333
857.121,1329
857.239,1317
857.356,1356
857.474,1325
857.592,1337
857.709,1342
857.827,1346
857.945,1337
858.062,1306
858.18,1338
858.298,1337
858.415,1343
858.533,1319
858.651,1369
858.768,1329
858.886,1380
859.003,1299
859.121,1318
859.239,1319
859.356,1329
859.474,1367
859.592,1299
859.709,1367
859.827,1336
859.944,1351
860.062,1351
860.18,1343
860.297,1310
860.415,1361
860.532,1387
860.65,1310
860.768,1362
860.885,1334
861.003,1332
861.12,1325
861.238,1342
861.356,1379
861.473,1360
861.591,1334
861.708,1321
861.826,1326
861.943,1359
862.061,1343
862.178,1296
862.296,1329
862.414,1309
862.531,1300
862.649,1339
862.766,1364
862.884,1332
863.001,1349
863.119,1265
863.236,1295
863.354,1357
863.471,1326
863.589,1375
863.706,1401
863.824,1367
863.941,1331
864.059,1324
864.176,1349
864.294,1361
864.411,1343
864.529,1352
864.646,1348
864.764,1332
864.881,1338
864.999,1328
865.116,1353
865.233,1344
865.351,1310
865.468,1368
865.586,1322
865.703,1303
865.821,1315
865.938,1329
866.056,1315
866.173,1326
866.29,1350
866.408,1308
866.525,1331
866.643,1366
866.76,1308
866.878,1341
866.995,1328
867.112,1344
867.23,1309
867.347,1351
867.465,1342
867.582,1369
867.699,1351
867.817,1344
867.934,1341
868.051,1328
868.169,1361
868.286,1308
868.404,1327
868.521,1363
868.638,1364
868.756,1313
868.873,1340
868.99,1342
869.108,1339
869.225,1330
869.342,1334
869.46,1341
869.577,1352
869.694,1339
869.812,1334
869.929,1367
870.046,1371
870.164,1318
870.281,1357
870.398,1343
870.516,1357
870.633,1327
870.75,1327
870.867,1326
870.985,1365
871.102,1350
871.219,1406
871.337,1336
871.454,1359
871.571,1351
871.688,1367
871.806,1351
871.923,1346
872.04,1342
872.157,1342
872.275,1324
872.392,1372
872.509,1373
872.626,1369
872.744,1362
872.861,1344
872.978,1325
873.095,1346
873.213,1369
873.33,1334
873.447,1364
873.564,1361
873.681,1373
873.799,1359
873.916,1331
874.033,1358
874.15,1341
874.267,1400
874.385,1340
874.502,1347
874.619,1297
874.736,1351
874.853,1345
874.97,1360
875.088,1378
875.205,1345
875.322,1367
875.439,1362
875.556,1343
875.673,1351
875.791,1330
875.908,1367
876.025,1369
876.142,1352
876.259,1349
876.376,1352
876.493,1353
876.61,1384
876.728,1380
876.845,1363
876.962,1323
877.079,1353
877.196,1402
877.313,1364
877.43,1363
877.547,1360
877.664,1373
877.781,1320
877.898,1322
878.016,1361
878.133,1374
878.25,1359
878.367,1366
878.484,1322
878.601,1338
878.718,1345
878.835,1335
878.952,1355
879.069,1349
879.186,1363
879.303,1354
879.42,1360
879.537,1358
879.654,1323
879.771,1366
879.888,1367
880.005,1294
880.122,1344
880.239,1390
880.356,1335
880.473,1329
880.59,1413
880.707,1336
880.824,1338
880.941,1316
881.058,1281
881.175,1371
881.292,1373
881.409,1357
881.526,1346
881.643,1353
881.76,1376
881.877,1345
881.994,1354
882.111,1340
882.228,1375
882.345,1373
882.462,1367
882.579,1372
882.696,1342
882.812,1378
882.929,1337
883.046,1366
883.163,1349
883.28,1379
883.397,1338
883.514,1386
883.631,1376
883.748,1388
883.865,1358
883.982,1355
884.098,1354
884.215,1332
884.332,1372
884.449,1336
884.566,1398
884.683,1358
884.8,1335
884.916,1385
885.033,1389
885.15,1356
885.267,1429
885.384,1390
885.501,1360
885.617,1411
885.734,1377
885.851,1393
885.968,1404
886.085,1426
886.202,1418
886.318,1406
886.435,1385
886.552,1412
886.669,1380
886.786,1399
886.902,1394
887.019,1403
887.136,1387
887.253,1376
887.369,1425
887.486,1404
887.603,1329
887.72,1369
887.837,1396
887.953,1394
888.07,1371
888.187,1371
888.304,1356
888.42,1368
888.537,1367
888.654,1365
888.77,1373
888.887,1363
889.004,1388
889.121,1378
889.237,1360
889.354,1375
889.471,1380
889.587,1353
889.704,1358
889.821,1373
889.938,1360
890.054,1364
890.171,1368
890.288,1382
890.404,1336
890.521,1370
890.638,1373
890.754,1371
890.871,1413
890.988,1430
891.104,1408
891.221,1379
891.337,1410
891.454,1402
891.571,1400
891.687,1376
891.804,1383
891.921,1369
892.037,1435
892.154,1390
892.27,1402
892.387,1418
892.504,1383
892.62,1387
892.737,1398
892.854,1373
892.97,1370
893.087,1394
893.203,1431
893.32,1394
893.436,1383
893.553,1411
893.67,1386
893.786,1368
893.903,1368
894.019,1395
894.136,1338
894.252,1352
894.369,1422
894.485,1368
894.602,1397
894.718,1396
894.835,1416
894.951,1374
895.068,1387
895.184,1385
895.301,1399
895.417,1405
895.534,1402
895.65,1348
895.767,1366
895.883,1389
896.0,1398
896.116,1385
896.233,1426
896.349,1375
896.466,1374
896.582,1373
896.699,1338
896.815,1417
896.932,1387
897.048,1340
897.165,1414
897.281,1383
897.397,1424
897.514,1401
897.63,1427
897.747,1394
897.863,1398
897.979,1403
898.096,1388
898.212,1406
898.329,1380
898.445,1405
898.561,1350
898.678,1358
898.794,1402
898.911,1400
899.027,1363
899.143,1363
899.26,1400
899.376,1404
899.492,1372
899.609,1352
899.725,1364
899.842,1406
899.958,1375
900.074,1385
900.191,1432
900.307,1372
900.423,1404
900.539,1398
900.656,1409
900.772,1380
900.888,1408
901.005,1406
901.121,1386
901.237,1406
901.354,1398
901.47,1378
901.586,1405
901.703,1399
901.819,1417
901.935,1434
902.051,1384
902.168,1366
902.284,1417
902.4,1420
902.516,1431
902.633,1411
902.749,1359
902.865,1408
902.981,1427
903.098,1396
903.214,1448
903.33,1400
903.446,1396
903.562,1398
903.679,1445
903.795,1460
903.911,1371
904.027,1467
904.143,1369
904.26,1419
904.376,1419
904.492,1411
904.608,1413
904.724,1398
904.841,1406
904.957,1419
905.073,1390
905.189,1384
905.305,1439
905.421,1409
905.538,1436
905.654,1423
905.77,1405
905.886,1343
906.002,1425
906.118,1426
906.234,1390
906.35,1389
906.466,1402
906.583,1405
906.699,1430
906.815,1435
906.931,1429
907.047,1392
907.163,1399
907.279,1399
907.395,1464
907.511,1394
907.627,1403
907.743,1383
907.859,1398
907.976,1433
908.092,1431
908.208,1402
908.324,1421
908.44,1439
908.556,1433
908.672,1472
908.788,1441
908.904,1442
909.02,1429
909.136,1417
909.252,1406
909.368,1415
909.484,1444
909.6,1421
909.716,1432
909.832,1483
909.948,1423
910.064,1420
910.18,1443
910.296,1409
910.412,1412
910.528,1453
910.644,1449
910.76,1435
910.875,1493
910.991,1418
911.107,1433
911.223,1425
911.339,1398
911.455,1430
911.571,1406
911.687,1465
911.803,1376
911.919,1451
912.035,1414
912.151,1424
912.267,1437
912.382,1356
912.498,1405
912.614,1436
912.73,1389
912.846,1410
792.446,1839
792.565,1855
792.684,1876
792.803,1772
792.922,1810
793.041,1771
793.16,1743
793.279,1737
793.398,1711
793.518,1754
793.637,1723
793.756,1750
793.875,1738
793.994,1685
794.113,1722
794.232,1648
794.351,1734
794.47,1652
794.589,1703
794.708,1632
794.827,1644
794.946,1644
795.066,1705
795.185,1626
795.304,1646
795.423,1635
795.542,1658
795.661,1669
795.78,1630
795.899,1615
796.018,1627
796.137,1604
796.256,1578
796.375,1565
796.494,1615
796.613,1602
796.732,1639
796.851,1583
796.97,1650
797.089,1595
797.208,1565
797.327,1547
797.446,1643
797.565,1544
797.684,1596
797.803,1554
797.922,1568
798.041,1602
798.16,1576
798.279,1563
798.398,1573
798.517,1526
798.636,1592
798.755,1573
798.874,1527
798.993,1572
799.112,1506
799.231,1547
799.35,1539
799.469,1567
799.588,1509
799.707,1527
799.826,1557
799.945,1518
800.064,1561
800.183,1520
800.302,1543
800.421,1536
800.54,1536
800.659,1564
800.778,1550
800.897,1532
801.016,1547
801.135,1514
801.254,1562
801.373,1526
801.492,1551
801.611,1567
801.729,1551
801.848,1509
801.967,1517
802.086,1569
802.205,1543
802.324,1514
802.443,1536
802.562,1523
802.681,1553
802.8,1523
802.919,1539
803.038,1519
803.157,1513
803.276,1495
803.394,1542
803.513,1519
803.632,1539
803.751,1530
803.87,1514
803.989,1522
804.108,1517
804.227,1509
804.346,1542
804.465,1523
804.583,1535
804.702,1520
804.821,1533
804.94,1508
805.059,1463
805.178,1548
805.297,1523
805.416,1505
805.535,1556
805.653,1544
805.772,1515
805.891,1535
806.01,1507
806.129,1539
806.248,1520
806.367,1524
806.485,1469
806.604,1542
806.723,1506
806.842,1504
806.961,1525
807.08,1527
807.198,1490
807.317,1528
807.436,1493
807.555,1500
807.674,1497
807.793,1503
807.912,1506
808.03,1527
808.149,1528
808.268,1489
808.387,1537
808.506,1484
808.624,1469
808.743,1512
808.862,1473
808.981,1492
809.1,1482
809.219,1488
809.337,1522
809.456,1468
809.575,1517
809.694,1468
809.812,1513
809.931,1493
810.05,1446
810.169,1478
810.288,1507
810.406,1522
810.525,1467
810.644,1486
810.763,1526
810.882,1515
811.0,1496
811.119,1463
811.238,1525
811.357,1491
811.475,1536
811.594,1497
811.713,1503
811.832,1504
811.95,1499
812.069,1492
812.188,1517
812.307,1483
812.425,1505
812.544,1459
812.663,1500
812.782,1490
812.9,1500
813.019,1467
813.138,1496
813.257,1446
813.375,1492
813.494,1472
813.613,1485
813.731,1494
813.85,1456
813.969,1507
814.088,1446
814.206,1437
814.325,1495
814.444,1467
814.562,1460
814.681,1460
814.8,1480
814.918,1453
815.037,1440
815.156,1455
815.274,1429
815.393,1470
815.512,1475
815.631,1495
815.749,1458
815.868,1452
815.987,1500
816.105,1442
816.224,1455
816.343,1457
816.461,1438
816.58,1432
816.698,1473
816.817,1467
816.936,1449
817.055,1525
817.173,1464
817.292,1452
817.41,1473
817.529,1466
817.648,1436
817.766,1439
817.885,1414
818.004,1444
818.122,1412
818.241,1447
818.359,1431
818.478,1474
818.597,1463
818.715,1408
818.834,1450
818.953,1442
819.071,1410
819.19,1425
819.308,1445
819.427,1435
819.546,1384
819.664,1407
819.783,1389
819.901,1443
820.02,1467
820.138,1381
820.257,1405
820.376,1436
820.494,1407
820.613,1415
820.731,1451
820.85,1421
820.969,1427
821.087,1435
821.206,1393
821.324,1386
821.443,1400
821.561,1398
821.68,1393
821.798,1381
821.917,1403
822.035,1385
822.154,1397
822.273,1444
822.391,1442
822.51,1387
822.628,1382
822.747,1419
822.865,1370
822.984,1400
823.102,1400
823.221,1369
823.339,1394
823.458,1404
823.576,1445
823.695,1382
823.813,1396
823.932,1422
824.05,1363
824.169,1362
824.287,1413
824.406,1399
824.524,1388
824.643,1383
824.761,1425
824.88,1439
824.998,1403
825.117,1365
825.235,1400
825.354,1388
825.472,1386
825.591,1366
825.709,1383
825.828,1404
825.946,1366
826.064,1399
826.183,1383
826.301,1400
826.42,1353
826.538,1373
826.657,1354
826.775,1355
826.894,1398
827.012,1372
827.13,1355
827.249,1373
827.367,1363
827.486,1401
827.604,1368
827.723,1345
827.841,1372
827.959,1373
828.078,1376
828.196,1372
828.315,1388
828.433,1353
828.552,1350
828.67,1364
828.788,1387
828.907,1347
829.025,1358
829.143,1328
829.262,1377
829.38,1366
829.499,1371
829.617,1382
829.735,1364
829.854,1346
829.972,1373
830.091,1318
830.209,1402
830.327,1365
830.446,1373
830.564,1329
830.682,1376
830.801,1355
830.919,1358
831.037,1387
831.156,1413
831.274,1321
831.392,1321
831.511,1355
831.629,1346
831.747,1366
831.866,1373
831.984,1366
832.102,1358
832.221,1363
832.339,1363
832.457,1345
832.576,1380
832.694,1347
832.812,1351
832.93,1331
833.049,1373
833.167,1399
833.285,1353
833.404,1358
833.522,1336
833.64,1376
833.759,1330
833.877,1341
833.995,1345
834.113,1311
834.232,1345
834.35,1356
834.468,1378
834.586,1378
834.705,1332
834.823,1326
834.941,1325
835.059,1341
835.178,1372
835.296,1376
835.414,1342
835.532,1378
835.651,1319
835.769,1356
835.887,1385
836.005,1373
836.124,1335
836.242,1320
836.36,1367
836.478,1384
836.596,1385
836.715,1329
836.833,1353
836.951,1340
837.069,1365
837.188,1336
837.306,1337
837.424,1371
837.542,1311
837.66,1312
837.779,1354
837.897,1321
838.015,1312
838.133,1361
838.251,1363
838.369,1330
838.487,1341
838.606,1357
838.724,1342
838.842,1360
838.96,1368
839.078,1337
839.196,1338
839.315,1363
839.433,1318
839.551,1347
839.669,1342
839.787,1353
839.905,1371
840.023,1388
840.142,1306
840.26,1346
840.378,1336
840.496,1337
840.614,1316
840.732,1392
840.85,1337
840.968,1322
841.087,1329
841.205,1357
841.323,1348
841.441,1324
841.559,1397
841.677,1284
841.795,1363
841.913,1341
842.031,1366
842.149,1383
842.267,1384
842.385,1309
842.504,1360
842.622,1329
842.74,1341
842.858,1367
842.976,1369
843.094,1337
843.212,1388
843.33,1367
843.448,1383
843.566,1336
843.684,1336
843.802,1334
843.92,1375
844.038,1386
844.156,1338
844.274,1347
844.392,1331
844.51,1336
844.628,1358
844.746,1318
844.864,1309
844.982,1308
845.1,1351
845.218,1342
845.336,1330
845.454,1335
845.572,1352
845.69,1332
845.808,1351
845.926,1315
846.044,1394
846.162,1347
846.28,1346
846.398,1368
846.516,1333
846.634,1363
846.752,1335
846.87,1390
846.988,1320
847.106,1367
847.224,1325
847.342,1358
847.46,1363
847.578,1363
847.696,1301
847.814,1331
847.932,1328
848.05,1318
848.168,1317
848.285,1325
848.403,1358
848.521,1356
848.639,1332
848.757,1361
848.875,1364
848.993,1370
849.111,1332
849.229,1351
849.347,1351
849.465,1361
849.582,1358
849.7,1344
849.818,1346
849.936,1365
850.054,1318
850.172,1338
850.29,1339
850.408,1353
850.525,1349
850.643,1346
850.761,1346
850.879,1367
850.997,1370
851.115,1312
851.233,1344
851.35,1362
851.468,1357
851.586,1328
851.704,1347
851.822,1358
851.94,1367
852.057,1353
852.175,1360
852.293,1374
852.411,1377
852.529,1397
852.647,1324
852.764,1394
852.882,1322
853.0,1381
853.118,1410
853.236,1403
853.353,1344
853.471,1372
853.589,1312
853.707,1324
853.824,1302
853.942,1365
854.06,1341
854.178,1341
854.296,1324
854.413,1364
854.531,1328
854.649,1329
854.767,1346
854.884,1332
855.002,1347
855.12,1307
855.238,1324
855.355,1365
855.473,1324
855.591,1366
855.708,1364
855.826,1308
855.944,1374
856.062,1365
856.179,1340
856.297,1382
856.415,1353
856.532,1354
856.65,1340
856.768,1413
856.886,1393
857.003,1350
857.121,1366
857.239,1365
857.356,1349
857.474,1376
857.592,1344
857.709,1374
857.827,1374
857.945,1336
858.062,1356
858.18,1340
858.298,1360
858.415,1366
858.533,1376
858.651,1334
858.768,1368
858.886,1398
859.003,1346
859.121,1392
859.239,1345
859.356,1408
859.474,1334
859.592,1339
859.709,1383
859.827,1374
859.944,1359
860.062,1355
860.18,1325
860.297,1342
860.415,1366
860.532,1357
860.65,1363
860.768,1334
860.885,1352
861.003,1326
861.12,1383
861.238,1334
861.356,1369
861.473,1347
861.591,1365
861.708,1351
861.826,1338
861.943,1389
862.061,1356
862.178,1348
862.296,1374
862.414,1341
862.531,1340
862.649,1349
862.766,1365
862.884,1339
863.001,1379
863.119,1357
863.236,1381
863.354,1340
863.471,1340
863.589,1377
863.706,1385
863.824,1383
863.941,1386
864.059,1388
864.176,1405
864.294,1373
864.411,1363
864.529,1350
864.646,1388
864.764,1340
864.881,1357
864.999,1359
865.116,1366
865.233,1323
865.351,1384
865.468,1326
865.586,1362
865.703,1353
865.821,1352
865.938,1374
866.056,1348
866.173,1355
866.29,1374
866.408,1349
866.525,1389
866.643,1380
866.76,1380
866.878,1369
866.995,1372
867.112,1372
867.23,1337
867.347,1320
867.465,1395
867.582,1324
867.699,1393
867.817,1310
867.934,1399
868.051,1326
868.169,1339
868.286,1344
868.404,1341
868.521,1400
868.638,1352
868.756,1352
868.873,1334
868.99,1353
869.108,1370
869.225,1356
869.342,1357
869.46,1366
869.577,1363
869.694,1361
869.812,1368
869.929,1334
870.046,1366
870.164,1388
870.281,1372
870.398,1390
870.516,1381
870.633,1381
870.75,1427
870.867,1375
870.985,1356
871.102,1348
871.219,1345
871.337,1386
871.454,1378
871.571,1361
871.688,1377
871.806,1367
871.923,1390
872.04,1409
872.157,1385
872.275,1385
872.392,1380
872.509,1362
872.626,1351
872.744,1378
872.861,1393
872.978,1366
873.095,1361
873.213,1405
873.33,1313
873.447,1371
873.564,1347
873.681,1350
873.799,1364
873.916,1380
874.033,1388
874.15,1376
874.267,1372
874.385,1373
874.502,1418
874.619,1354
874.736,1365
874.853,1388
874.97,1374
875.088,1373
875.205,1380
875.322,1360
875.439,1377
875.556,1393
875.673,1352
875.791,1370
875.908,1377
876.025,1380
876.142,1386
876.259,1353
876.376,1401
876.493,1400
876.61,1383
876.728,1356
876.845,1379
876.962,1405
877.079,1390
877.196,1397
877.313,1366
877.43,1382
877.547,1352
877.664,1397
877.781,1389
877.898,1381
878.016,1405
878.133,1379
878.25,1395
878.367,1372
878.484,1397
878.601,1351
878.718,1391
878.835,1408
878.952,1416
879.069,1393
879.186,1351
879.303,1361
879.42,1364
879.537,1381
879.654,1347
879.771,1374
879.888,1378
880.005,1383
880.122,1402
880.239,1416
880.356,1355
880.473,1390
880.59,1341
880.707,1399
880.824,1382
880.941,1381
881.058,1375
881.175,1396
881.292,1343
881.409,1369
881.526,1384
881.643,1365
881.76,1380
881.877,1385
881.994,1397
882.111,1352
882.228,1350
882.345,1383
882.462,1314
882.579,1368
882.696,1348
882.812,1376
882.929,1447
883.046,1340
883.163,1375
883.28,1349
883.397,1403
883.514,1400
883.631,1373
883.748,1426
883.865,1394
883.982,1349
884.098,1360
884.215,1414
884.332,1385
884.449,1376
884.566,1378
884.683,1379
884.8,1418
884.916,1412
885.033,1424
885.15,1425
885.267,1448
885.384,1442
885.501,1409
885.617,1458
885.734,1426
885.851,1423
885.968,1477
886.085,1431
886.202,1398
886.318,1453
886.435,1418
886.552,1441
886.669,1442
886.786,1402
886.902,1432
887.019,1418
887.136,1396
887.253,1398
887.369,1376
887.486,1420
887.603,1421
887.72,1432
887.837,1418
887.953,1400
888.07,1411
888.187,1383
888.304,1417
888.42,1424
888.537,1429
888.654,1411
888.77,1391
888.887,1395
889.004,1380
889.121,1397
889.237,1398
889.354,1370
889.471,1422
889.587,1403
889.704,1408
889.821,1397
889.938,1354
890.054,1414
890.171,1395
890.288,1416
890.404,1424
890.521,1399
890.638,1376
890.754,1400
890.871,1384
890.988,1417
891.104,1408
891.221,1439
891.337,1419
891.454,1431
891.571,1435
891.687,1380
891.804,1447
891.921,1455
892.037,1444
892.154,1411
892.27,1428
892.387,1412
892.504,1418
892.62,1436
892.737,1389
892.854,1421
892.97,1409
893.087,1366
893.203,1390
893.32,1406
893.436,1402
893.553,1398
893.67,1428
893.786,1399
893.903,1417
894.019,1460
894.136,1398
894.252,1440
894.369,1437
894.485,1392
894.602,1413
894.718,1449
894.835,1367
894.951,1396
895.068,1422
895.184,1398
895.301,1427
895.417,1371
895.534,1376
895.65,1425
895.767,1403
895.883,1453
896.0,1389
896.116,1438
896.233,1422
896.349,1405
896.466,1402
896.582,1423
896.699,1433
896.815,1410
896.932,1416
897.048,1382
897.165,1460
897.281,1421
897.397,1422
897.514,1418
897.63,1396
897.747,1425
897.863,1445
897.979,1439
898.096,1441
898.212,1485
898.329,1413
898.445,1435
898.561,1420
898.678,1438
898.794,1395
898.911,1414
899.027,1384
899.143,1419
899.26,1411
899.376,1409
899.492,1427
899.609,1400
899.725,1435
899.842,1417
899.958,1452
900.074,1430
900.191,1441
900.307,1415
900.423,1454
900.539,1417
900.656,1436
900.772,1417
900.888,1439
901.005,1423
901.121,1437
901.237,1434
901.354,1415
901.47,1419
901.586,1388
901.703,1401
901.819,1468
901.935,1427
902.051,1432
902.168,1453
902.284,1448
902.4,1461
902.516,1410
902.633,1414
902.749,1480
902.865,1501
902.981,1456
903.098,1432
903.214,1472
903.33,1473
903.446,1460
903.562,1463
903.679,1423
903.795,1483
903.911,1487
904.027,1494
904.143,1465
904.26,1434
904.376,1486
904.492,1420
904.608,1450
904.724,1427
904.841,1466
904.957,1439
905.073,1474
905.189,1459
905.305,1440
905.421,1444
905.538,1438
905.654,1427
905.77,1425
905.886,1437
906.002,1446
906.118,1429
906.234,1433
906.35,1444
906.466,1432
906.583,1430
906.699,1446
906.815,1445
906.931,1456
907.047,1440
907.163,1428
907.279,1456
907.395,1460
907.511,1440
907.627,1460
907.743,1480
907.859,1456
907.976,1475
908.092,1485
908.208,1487
908.324,1425
908.44,1439
908.556,1509
908.672,1415
908.788,1472
908.904,1428
909.02,1449
909.136,1439
909.252,1476
909.368,1408
909.484,1438
909.6,1464
909.716,1449
909.832,1423
909.948,1469
910.064,1476
910.18,1420
910.296,1485
910.412,1441
910.528,1425
910.644,1455
910.76,1461
910.875,1493
910.991,1506
911.107,1457
911.223,1475
911.339,1461
911.455,1433
911.571,1454
911.687,1457
911.803,1429
911.919,1451
912.035,1432
912.151,1474
912.267,1449
912.382,1446
912.498,1458
912.614,1445
912.73,1475
912.846,1427
792.446,1863
792.565,1856
792.684,1848
792.803,1786
792.922,1784
793.041,1770
793.16,1754
793.279,1783
793.398,1761
793.518,1755
793.637,1722
793.756,1761
793.875,1741
793.994,1689
794.113,1710
794.232,1764
794.351,1644
794.47,1715
794.589,1671
794.708,1675
794.827,1645
794.946,1692
795.066,1682
795.185,1667
795.304,1662
795.423,1662
795.542,1683
795.661,1648
795.78,1643
795.899,1625
796.018,1602
796.137,1653
796.256,1636
796.375,1623
796.494,1621
796.613,1633
796.732,1607
796.851,1621
796.97,1617
797.089,1591
797.208,1596
797.327,1615
797.446,1575
797.565,1614
797.684,1624
797.803,1617
797.922,1573
798.041,1577
798.16,1550
798.279,1610
798.398,1573
798.517,1543
798.636,1551
798.755,1569
798.874,1607
798.993,1571
799.112,1545
799.231,1564
799.35,1570
799.469,1546
799.588,1549
799.707,1577
799.826,1595
799.945,1572
800.064,1536
800.183,1550
800.302,1577
800.421,1581
800.54,1577
800.659,1586
800.778,1522
800.897,1569
801.016,1531
801.135,1552
801.254,1563
801.373,1574
801.492,1583
801.611,1572
801.729,1566
801.848,1542
801.967,1577
802.086,1561
802.205,1540
802.324,1519
802.443,1580
802.562,1564
802.681,1554
802.8,1502
802.919,1500
803.038,1544
803.157,1540
803.276,1521
803.394,1501
803.513,1521
803.632,1514
803.751,1533
803.87,1569
803.989,1526
804.108,1537
804.227,1532
804.346,1574
804.465,1514
804.583,1511
804.702,1519
804.821,1546
804.94,1541
805.059,1521
805.178,1543
805.297,1496
805.416,1548
805.535,1537
805.653,1490
805.772,1538
805.891,1534
806.01,1515
806.129,1578
806.248,1527
806.367,1508
806.485,1537
806.604,1529
806.723,1507
806.842,1556
806.961,1526
807.08,1516
807.198,1501
807.317,1527
807.436,1489
807.555,1493
807.674,1543
807.793,1533
807.912,1503
808.03,1536
808.149,1497
808.268,1508
808.387,1533
808.506,1526
808.624,1497
808.743,1540
808.862,1544
808.981,1531
809.1,1559
809.219,1529
809.337,1513
809.456,1498
809.575,1537
809.694,1479
809.812,1482
809.931,1471
810.05,1527
810.169,1508
810.288,1475
810.406,1502
810.525,1490
810.644,1527
810.763,1503
810.882,1511
811.0,1531
811.119,1451
811.238,1519
811.357,1523
811.475,1479
811.594,1496
811.713,1501
811.832,1524
811.95,1506
812.069,1478
812.188,1510
812.307,1508
812.425,1511
812.544,1448
812.663,1517
812.782,1470
812.9,1501
813.019,1493
813.138,1517
813.257,1517
813.375,1437
813.494,1490
813.613,1518
813.731,1463
813.85,1501
813.969,1450
814.088,1475
814.206,1421
814.325,1502
814.444,1449
814.562,1460
814.681,1501
814.8,1438
814.918,1466
815.037,1460
815.156,1490
815.274,1471
815.393,1466
815.512,1478
815.631,1494
815.749,1476
815.868,1470
815.987,1444
816.105,1497
816.224,1457
816.343,1479
816.461,1488
816.58,1473
816.698,1478
816.817,1480
816.936,1519
817.055,1491
817.173,1490
817.292,1488
817.41,1441
817.529,1450
817.648,1481
817.766,1465
817.885,1449
818.004,1436
818.122,1447
818.241,1447
818.359,1470
818.478,1449
818.597,1447
818.715,1444
818.834,1387
818.953,1451
819.071,1460
819.19,1452
819.308,1440
819.427,1391
819.546,1400
819.664,1432
819.783,1419
819.901,1391
820.02,1400
820.138,1446
820.257,1429
820.376,1406
820.494,1436
820.613,1454
820.731,1422
820.85,1432
820.969,1435
821.087,1388
821.206,1445
821.324,1398
821.443,1411
821.561,1443
821.68,1393
821.798,1433
821.917,1410
822.035,1441
822.154,1404
822.273,1370
822.391,1432
822.51,1411
822.628,1417
822.747,1397
822.865,1387
822.984,1429
823.102,1429
823.221,1390
823.339,1409
823.458,1433
823.576,1388
823.695,1449
823.813,1396
823.932,1412
824.05,1386
824.169,1418
824.287,1374
824.406,1400
824.524,1382
824.643,1397
824.761,1386
824.88,1403
824.998,1404
825.117,1436
825.235,1360
825.354,1397
825.472,1389
825.591,1409
825.709,1422
825.828,1402
825.946,1370
826.064,1420
826.183,1396
826.301,1392
826.42,1427
826.538,1444
826.657,1386
826.775,1361
826.894,1372
827.012,1359
827.13,1357
827.249,1413
827.367,1364
827.486,1385
827.604,1404
827.723,1417
827.841,1373
827.959,1375
828.078,1376
828.196,1383
828.315,1411
828.433,1385
828.552,1349
828.67,1378
828.788,1382
828.907,1364
829.025,1358
829.143,1379
829.262,1382
829.38,1357
829.499,1329
829.617,1363
829.735,1380
829.854,1369
829.972,1371
830.091,1385
830.209,1338
830.327,1357
830.446,1361
830.564,1387
830.682,1359
830.801,1364
830.919,1403
831.037,1376
831.156,1361
831.274,1377
831.392,1393
831.511,1388
831.629,1366
831.747,1384
831.866,1356
831.984,1375
832.102,1383
832.221,1371
832.339,1375
832.457,1388
832.576,1337
832.694,1344
832.812,1355
832.93,1331
833.049,1333
833.167,1351
833.285,1376
833.404,1365
833.522,1357
833.64,1343
833.759,1377
833.877,1365
833.995,1337
834.113,1354
834.232,1421
834.35,1356
834.468,1327
834.586,1415
834.705,1355
834.823,1385
834.941,1387
835.059,1326
835.178,1397
835.296,1354
835.414,1342
835.532,1365
835.651,1332
835.769,1386
835.887,1345
836.005,1358
836.124,1339
836.242,1363
836.36,1384
836.478,1376
836.596,1350
836.715,1365
836.833,1351
836.951,1344
837.069,1356
837.188,1358
837.306,1348
837.424,1372
837.542,1338
837.66,1350
837.779,1376
837.897,1328
838.015,1372
838.133,1383
838.251,1351
838.369,1339
838.487,1341
838.606,1371
838.724,1343
838.842,1362
838.96,1374
839.078,1333
839.196,1374
839.315,1351
839.433,1362
839.551,1327
839.669,1342
839.787,1372
839.905,1373
840.023,1344
840.142,1341
840.26,1371
840.378,1316
840.496,1374
840.614,1330
840.732,1381
840.85,1385
840.968,1362
841.087,1347
841.205,1342
841.323,1353
841.441,1375
841.559,1351
841.677,1336
841.795,1386
841.913,1380
842.031,1354
842.149,1374
842.267,1376
842.385,1359
842.504,1374
842.622,1329
842.74,1383
842.858,1344
842.976,1355
843.094,1378
843.212,1381
843.33,1385
843.448,1345
843.566,1364
843.684,1385
843.802,1379
843.92,1333
844.038,1376
844.156,1338
844.274,1347
844.392,1290
844.51,1359
844.628,1356
844.746,1379
844.864,1343
844.982,1350
845.1,1364
845.218,1340
845.336,1338
845.454,1372
845.572,1345
845.69,1306
845.808,1316
845.926,1358
846.044,1343
846.162,1375
846.28,1388
846.398,1336
846.516,1352
846.634,1355
846.752,1319
846.87,1373
846.988,1325
847.106,1328
847.224,1360
847.342,1339
847.46,1357
847.578,1331
847.696,1329
847.814,1372
847.932,1387
848.05,1361
848.168,1338
848.285,1363
848.403,1358
848.521,1393
848.639,1374
848.757,1329
848.875,1347
848.993,1354
849.111,1354
849.229,1392
849.347,1303
849.465,1386
849.582,1355
849.7,1372
849.818,1351
849.936,1372
850.054,1358
850.172,1323
850.29,1348
850.408,1352
850.525,1398
850.643,1356
850.761,1304
850.879,1352
850.997,1362
851.115,1349
851.233,1348
851.35,1404
851.468,1354
851.586,1345
851.704,1349
851.822,1366
851.94,1303
852.057,1347
852.175,1321
852.293,1359
852.411,1331
852.529,1379
852.647,1373
852.764,1357
852.882,1405
853.0,1369
853.118,1376
853.236,1361
853.353,1352
853.471,1339
853.589,1374
853.707,1365
853.824,1333
853.942,1360
854.06,1353
854.178,1343
854.296,1389
854.413,1394
854.531,1336
854.649,1383
854.767,1352
854.884,1365
855.002,1298
855.12,1320
855.238,1324
855.355,1367
855.473,1364
855.591,1340
855.708,1360
855.826,1352
855.944,1413
856.062,1352
856.179,1351
856.297,1336
856.415,1376
856.532,1361
856.65,1365
856.768,1350
856.886,1382
857.003,1356
857.121,1383
857.239,1395
857.356,1348
857.474,1359
857.592,1392
857.709,1357
857.827,1388
857.945,1370
858.062,1346
858.18,1375
858.298,1325
858.415,1375
858.533,1422
858.651,1384
858.768,1423
858.886,1363
859.003,1339
859.121,1345
859.239,1392
859.356,1364
859.474,1391
859.592,1306
859.709,1375
859.827,1380
859.944,1357
860.062,1359
860.18,1329
860.297,1387
860.415,1355
860.532,1358
860.65,1363
860.768,1343
860.885,1393
861.003,1321
861.12,1359
861.238,1339
861.356,1373
861.473,1329
861.591,1355
861.708,1409
861.826,1388
861.943,1394
862.061,1321
862.178,1369
862.296,1354
862.414,1381
862.531,1327
862.649,1389
862.766,1363
862.884,1362
863.001,1362
863.119,1371
863.236,1421
863.354,1384
863.471,1326
863.589,1395
863.706,1357
863.824,1371
863.941,1368
864.059,1369
864.176,1364
864.294,1375
864.411,1392
864.529,1359
864.646,1398
864.764,1344
864.881,1348
864.999,1350
865.116,1350
865.233,1367
865.351,1352
865.468,1398
865.586,1386
865.703,1390
865.821,1352
865.938,1376
866.056,1337
866.173,1370
866.29,1394
866.408,1348
866.525,1380
866.643,1352
866.76,1391
866.878,1337
866.995,1357
867.112,1380
867.23,1371
867.347,1364
867.465,1382
867.582,1388
867.699,1359
867.817,1405
867.934,1386
868.051,1374
868.169,1395
868.286,1354
868.404,1359
868.521,1382
868.638,1361
868.756,1412
868.873,1427
868.99,1354
869.108,1376
869.225,1346
869.342,1369
869.46,1383
869.577,1384
869.694,1363
869.812,1339
869.929,1383
870.046,1364
870.164,1332
870.281,1397
870.398,1381
870.516,1414
870.633,1379
870.75,1423
870.867,1390
870.985,1428
871.102,1360
871.219,1388
871.337,1363
871.454,1391
871.571,1373
871.688,1404
871.806,1363
871.923,1389
872.04,1385
872.157,1389
872.275,1409
872.392,1378
872.509,1416
872.626,1379
872.744,1360
872.861,1399
872.978,1394
873.095,1371
873.213,1412
873.33,1397
873.447,1372
873.564,1377
873.681,1427
873.799,1425
873.916,1359
874.033,1364
874.15,1405
874.267,1352
874.385,1419
874.502,1404
874.619,1412
874.736,1403
874.853,1390
874.97,1405
875.088,1411
875.205,1349
875.322,1402
875.439,1405
875.556,1359
875.673,1358
875.791,1404
875.908,1442
876.025,1353
876.142,1403
876.259,1413
876.376,1389
876.493,1403
876.61,1376
876.728,1390
876.845,1391
876.962,1425
877.079,1408
877.196,1382
877.313,1380
877.43,1416
877.547,1436
877.664,1414
877.781,1388
877.898,1373
878.016,1387
878.133,1353
878.25,1383
878.367,1416
878.484,1381
878.601,1384
878.718,1395
878.835,1393
878.952,1381
879.069,1347
879.186,1348
879.303,1380
879.42,1367
879.537,1355
879.654,1397
879.771,1371
879.888,1355
880.005,1372
880.122,1411
880.239,1437
880.356,1408
880.473,1363
880.59,1429
880.707,1355
880.824,1376
880.941,1346
881.058,1393
881.175,1379
881.292,1409
881.409,1397
881.526,1364
881.643,1365
881.76,1383
881.877,1400
881.994,1410
882.111,1384
882.228,1367
882.345,1357
882.462,1404
882.579,1338
882.696,1366
882.812,1377
882.929,1390
883.046,1375
883.163,1372
883.28,1409
883.397,1433
883.514,1363
883.631,1389
883.748,1397
883.865,1385
883.982,1396
884.098,1402
884.215,1416
884.332,1391
884.449,1437
884.566,1372
884.683,1414
884.8,1393
884.916,1410
885.033,1427
885.15,1439
885.267,1444
885.384,1478
885.501,1468
885.617,1439
885.734,1440
885.851,1468
885.968,1417
886.085,1425
886.202,1474
886.318,1455
886.435,1433
886.552,1406
886.669,1426
886.786,1447
886.902,1422
887.019,1436
887.136,1413
887.253,1443
887.369,1430
887.486,1410
887.603,1432
887.72,1398
887.837,1432
887.953,1401
888.07,1427
888.187,1387
888.304,1431
888.42,1419
888.537,1394
888.654,1393
888.77,1374
888.887,1421
889.004,1403
889.121,1395
889.237,1424
889.354,1429
889.471,1407
889.587,1370
889.704,1416
889.821,1415
889.938,1451
890.054,1376
890.171,1491
890.288,1375
890.404,1390
890.521,1422
890.638,1438
890.754,1410
890.871,1449
890.988,1424
891.104,1441
891.221,1442
891.337,1440
891.454,1430
891.571,1474
891.687,1464
891.804,1462
891.921,1409
892.037,1436
892.154,1439
892.27,1436
892.387,1457
892.504,1433
892.62,1425
892.737,1389
892.854,1427
892.97,1442
893.087,1420
893.203,1444
893.32,1417
893.436,1446
893.553,1401
893.67,1434
893.786,1423
893.903,1437
894.019,1438
894.136,1406
894.252,1433
894.369,1391
894.485,1452
894.602,1418
894.718,1491
894.835,1389
894.951,1419
895.068,1420
895.184,1390
895.301,1436
895.417,1449
895.534,1385
895.65,1424
895.767,1422
895.883,1397
896.0,1446
896.116,1443
896.233,1429
896.349,1457
896.466,1406
896.582,1458
896.699,1402
896.815,1442
896.932,1416
897.048,1433
897.165,1417
897.281,1460
897.397,1401
897.514,1418
897.63,1474
897.747,1440
897.863,1451
897.979,1393
898.096,1436
898.212,1436
898.329,1406
898.445,1463
898.561,1429
898.678,1445
898.794,1416
898.911,1387
899.027,1470
899.143,1480
899.26,1395
899.376,1437
899.492,1423
899.609,1416
899.725,1456
899.842,1467
899.958,1436
900.074,1437
900.191,1440
900.307,1402
900.423,1447
900.539,1443
900.656,1433
900.772,1449
900.888,1452
901.005,1450
901.121,1440
901.237,1446
901.354,1449
901.47,1449
901.586,1486
901.703,1438
901.819,1463
901.935,1453
902.051,1464
902.168,1445
902.284,1454
902.4,1453
902.516,1449
902.633,1467
902.749,1428
902.865,1425
902.981,1434
903.098,1502
903.214,1475
903.33,1496
903.446,1467
903.562,1430
903.679,1487
903.795,1468
903.911,1456
904.027,1460
904.143,1421
904.26,1500
904.376,1435
904.492,1463
904.608,1448
904.724,1445
904.841,1431
904.957,1441
905.073,1521
905.189,1406
905.305,1471
905.421,1460
905.538,1414
905.654,1459
905.77,1493
905.886,1475
906.002,1457
906.118,1398
906.234,1460
906.35,1462
906.466,1421
906.583,1483
906.699,1452
906.815,1491
906.931,1453
907.047,1408
907.163,1395
907.279,1432
907.395,1455
907.511,1456
907.627,1471
907.743,1467
907.859,1443
907.976,1476
908.092,1456
908.208,1503
908.324,1453
908.44,1440
908.556,1501
908.672,1430
908.788,1458
908.904,1480
909.02,1474
909.136,1461
909.252,1424
909.368,1461
909.484,1439
909.6,1414
909.716,1481
909.832,1455
909.948,1434
910.064,1453
910.18,1472
910.296,1450
910.412,1435
910.528,1495
910.644,1487
910.76,1473
910.875,1491
910.991,1410
911.107,1435
911.223,1446
911.339,1509
911.455,1481
911.571,1417
911.687,1483
911.803,1454
911.919,1452
912.035,1523
912.151,1455
912.267,1499
912.382,1454
912.498,1474
912.614,1432
912.73,1456
912.846,1441
