792.446,975
792.565,974
792.684,988
792.803,1021
792.922,903
793.041,901
793.16,881
793.279,878
793.398,860
793.518,815
793.637,815
793.756,831
793.875,840
793.994,817
794.113,814
794.232,787
794.351,755
794.47,791
794.589,764
794.708,744
794.827,766
794.946,744
795.066,779
795.185,722
795.304,732
795.423,710
795.542,734
795.661,699
795.78,699
795.899,682
796.018,700
796.137,708
796.256,676
796.375,682
796.494,682
796.613,702
796.732,677
796.851,657
796.97,651
797.089,644
797.208,661
797.327,658
797.446,668
797.565,654
797.684,645
797.803,663
797.922,640
798.041,642
798.16,636
798.279,664
798.398,605
798.517,624
798.636,627
798.755,629
798.874,641
798.993,636
799.112,639
799.231,649
799.35,613
799.469,629
799.588,633
799.707,603
799.826,619
799.945,620
800.064,618
800.183,618
800.302,610
800.421,609
800.54,603
800.659,604
800.778,605
800.897,608
801.016,609
801.135,595
801.254,611
801.373,611
801.492,596
801.611,631
801.729,610
801.848,610
801.967,585
802.086,599
802.205,615
802.324,601
802.443,607
802.562,589
802.681,603
802.8,589
802.919,590
803.038,593
803.157,608
803.276,563
803.394,567
803.513,606
803.632,592
803.751,589
803.87,594
803.989,594
804.108,613
804.227,592
804.346,584
804.465,591
804.583,600
804.702,598
804.821,599
804.94,585
805.059,592
805.178,575
805.297,608
805.416,612
805.535,585
805.653,585
805.772,610
805.891,588
806.01,611
806.129,567
806.248,595
806.367,574
806.485,603
806.604,587
806.723,597
806.842,566
806.961,611
807.08,585
807.198,582
807.317,595
807.436,584
807.555,565
807.674,594
807.793,591
807.912,587
808.03,584
808.149,571
808.268,573
808.387,609
808.506,588
808.624,589
808.743,573
808.862,583
808.981,579
809.1,574
809.219,586
809.337,582
809.456,587
809.575,600
809.694,591
809.812,590
809.931,609
810.05,589
810.169,576
810.288,597
810.406,575
810.525,594
810.644,569
810.763,571
810.882,592
811.0,625
811.119,584
811.238,598
811.357,597
811.475,613
811.594,618
811.713,591
811.832,592
811.95,612
812.069,601
812.188,603
812.307,601
812.425,598
812.544,620
812.663,603
812.782,594
812.9,615
813.019,601
813.138,608
813.257,575
813.375,599
813.494,608
813.613,607
813.731,581
813.85,567
813.969,586
814.088,600
814.206,563
814.325,592
814.444,577
814.562,591
814.681,577
814.8,562
814.918,572
815.037,597
815.156,589
815.274,578
815.393,574
815.512,594
815.631,586
815.749,560
815.868,583
815.987,585
816.105,587
816.224,595
816.343,611
816.461,576
816.58,584
816.698,605
816.817,593
816.936,599
817.055,605
817.173,608
817.292,605
817.41,584
817.529,574
817.648,589
817.766,551
817.885,560
818.004,535
818.122,555
818.241,555
818.359,568
818.478,537
818.597,555
818.715,528
818.834,536
818.953,535
819.071,547
819.19,529
819.308,518
819.427,533
819.546,518
819.664,496
819.783,518
819.901,507
820.02,530
820.138,515
820.257,528
820.376,498
820.494,510
820.613,504
820.731,534
820.85,514
820.969,528
821.087,524
821.206,528
821.324,498
821.443,514
821.561,495
821.68,500
821.798,500
821.917,507
822.035,500
822.154,502
822.273,494
822.391,510
822.51,498
822.628,512
822.747,487
822.865,489
822.984,517
823.102,479
823.221,486
823.339,521
823.458,494
823.576,503
823.695,504
823.813,492
823.932,489
824.05,516
824.169,486
824.287,508
824.406,489
824.524,499
824.643,484
824.761,497
824.88,499
824.998,504
825.117,496
825.235,495
825.354,506
825.472,482
825.591,508
825.709,498
825.828,489
825.946,525
826.064,495
826.183,493
826.301,488
826.42,470
826.538,493
826.657,490
826.775,488
826.894,477
827.012,492
827.13,493
827.249,476
827.367,500
827.486,469
827.604,489
827.723,482
827.841,502
827.959,488
828.078,498
828.196,495
828.315,508
828.433,472
828.552,485
828.67,498
828.788,494
828.907,492
829.025,492
829.143,487
829.262,492
829.38,477
829.499,487
829.617,484
829.735,504
829.854,488
829.972,495
830.091,480
830.209,508
830.327,485
830.446,485
830.564,468
830.682,475
830.801,493
830.919,477
831.037,497
831.156,493
831.274,486
831.392,517
831.511,491
831.629,494
831.747,482
831.866,472
831.984,482
832.102,487
832.221,470
832.339,494
832.457,497
832.576,472
832.694,482
832.812,475
832.93,459
833.049,492
833.167,488
833.285,483
833.404,461
833.522,487
833.64,491
833.759,491
833.877,488
833.995,477
834.113,480
834.232,493
834.35,486
834.468,488
834.586,490
834.705,485
834.823,481
834.941,483
835.059,469
835.178,491
835.296,482
835.414,487
835.532,489
835.651,474
835.769,483
835.887,487
836.005,458
836.124,480
836.242,480
836.36,479
836.478,490
836.596,488
836.715,478
836.833,517
836.951,482
837.069,488
837.188,487
837.306,484
837.424,490
837.542,477
837.66,473
837.779,495
837.897,488
838.015,483
838.133,493
838.251,486
838.369,480
838.487,499
838.606,500
838.724,503
838.842,496
838.96,483
839.078,502
839.196,495
839.315,491
839.433,502
839.551,499
839.669,506
839.787,513
839.905,510
840.023,509
840.142,512
840.26,508
840.378,511
840.496,515
840.614,504
840.732,491
840.85,521
840.968,532
841.087,527
841.205,516
841.323,523
841.441,518
841.559,505
841.677,508
841.795,515
841.913,508
842.031,539
842.149,526
842.267,493
842.385,518
842.504,500
842.622,499
842.74,513
842.858,502
842.976,525
843.094,555
843.212,515
843.33,476
843.448,497
843.566,496
843.684,516
843.802,518
843.92,494
844.038,498
844.156,507
844.274,499
844.392,505
844.51,496
844.628,511
844.746,487
844.864,514
844.982,487
845.1,503
845.218,484
845.336,485
845.454,491
845.572,512
845.69,501
845.808,493
845.926,503
846.044,511
846.162,488
846.28,524
846.398,499
846.516,480
846.634,486
846.752,513
846.87,504
846.988,497
847.106,507
847.224,507
847.342,508
847.46,506
847.578,485
847.696,508
847.814,499
847.932,497
848.05,504
848.168,511
848.285,502
848.403,511
848.521,477
848.639,509
848.757,504
848.875,486
848.993,511
849.111,498
849.229,506
849.347,486
849.465,496
849.582,494
849.7,495
849.818,493
849.936,492
850.054,503
850.172,478
850.29,509
850.408,494
850.525,518
850.643,503
850.761,500
850.879,500
850.997,483
851.115,483
851.233,502
851.35,491
851.468,502
851.586,494
851.704,519
851.822,501
851.94,489
852.057,484
852.175,523
852.293,496
852.411,541
852.529,508
852.647,541
852.764,516
852.882,528
853.0,508
853.118,516
853.236,531
853.353,493
853.471,498
853.589,497
853.707,512
853.824,523
853.942,482
854.06,499
854.178,501
854.296,519
854.413,509
854.531,514
854.649,545
854.767,517
854.884,517
855.002,495
855.12,497
855.238,533
855.355,517
855.473,506
855.591,504
855.708,517
855.826,523
855.944,531
856.062,511
856.179,512
856.297,515
856.415,508
856.532,509
856.65,511
856.768,520
856.886,535
857.003,502
857.121,520
857.239,516
857.356,512
857.474,509
857.592,512
857.709,518
857.827,520
857.945,522
858.062,524
858.18,526
858.298,516
858.415,497
858.533,518
858.651,521
858.768,520
858.886,528
859.003,505
859.121,496
859.239,508
859.356,487
859.474,503
859.592,511
859.709,506
859.827,496
859.944,513
860.062,508
860.18,493
860.297,522
860.415,520
860.532,510
860.65,502
860.768,505
860.885,519
861.003,510
861.12,492
861.238,518
861.356,532
861.473,509
861.591,481
861.708,501
861.826,519
861.943,485
862.061,511
862.178,493
862.296,499
862.414,487
862.531,494
862.649,465
862.766,486
862.884,481
863.001,474
863.119,489
863.236,483
863.354,496
863.471,506
863.589,486
863.706,491
863.824,492
863.941,503
864.059,467
864.176,505
864.294,502
864.411,505
864.529,475
864.646,451
864.764,476
864.881,490
864.999,502
865.116,495
865.233,469
865.351,478
865.468,472
865.586,497
865.703,484
865.821,485
865.938,501
866.056,498
866.173,478
866.29,478
866.408,457
866.525,493
866.643,499
866.76,485
866.878,496
866.995,482
867.112,487
867.23,520
867.347,503
867.465,504
867.582,505
867.699,489
867.817,518
867.934,489
868.051,498
868.169,512
868.286,466
868.404,476
868.521,476
868.638,484
868.756,499
868.873,512
868.99,476
869.108,489
869.225,509
869.342,499
869.46,501
869.577,519
869.694,512
869.812,491
869.929,501
870.046,520
870.164,506
870.281,517
870.398,525
870.516,520
870.633,494
870.75,510
870.867,484
870.985,537
871.102,516
871.219,504
871.337,505
871.454,511
871.571,499
871.688,534
871.806,520
871.923,520
872.04,498
872.157,516
872.275,505
872.392,516
872.509,527
872.626,510
872.744,514
872.861,501
872.978,499
873.095,530
873.213,499
873.33,515
873.447,479
873.564,508
873.681,518
873.799,510
873.916,501
874.033,518
874.15,489
874.267,515
874.385,490
874.502,515
874.619,518
874.736,494
874.853,513
874.97,518
875.088,500
875.205,506
875.322,508
875.439,515
875.556,518
875.673,508
875.791,513
875.908,491
876.025,498
876.142,498
876.259,495
876.376,501
876.493,512
876.61,508
876.728,502
876.845,511
876.962,496
877.079,488
877.196,470
877.313,499
877.43,494
877.547,527
877.664,513
877.781,501
877.898,513
878.016,523
878.133,487
878.25,487
878.367,507
878.484,496
878.601,486
878.718,492
878.835,495
878.952,519
879.069,470
879.186,470
879.303,489
879.42,481
879.537,501
879.654,496
879.771,483
879.888,492
880.005,453
880.122,489
880.239,484
880.356,493
880.473,465
880.59,484
880.707,473
880.824,483
880.941,495
881.058,494
881.175,458
881.292,486
881.409,477
881.526,492
881.643,498
881.76,484
881.877,494
881.994,462
882.111,459
882.228,505
882.345,482
882.462,476
882.579,460
882.696,481
882.812,479
882.929,497
883.046,479
883.163,470
883.28,477
883.397,503
883.514,489
883.631,461
883.748,473
883.865,479
883.982,480
884.098,485
884.215,485
884.332,484
884.449,485
884.566,508
884.683,486
884.8,515
884.916,502
885.033,511
885.15,533
885.267,523
885.384,530
885.501,509
885.617,541
885.734,563
885.851,534
885.968,515
886.085,519
886.202,543
886.318,523
886.435,546
886.552,539
886.669,520
886.786,521
886.902,539
887.019,526
887.136,527
887.253,534
887.369,540
887.486,524
887.603,502
887.72,532
887.837,499
887.953,517
888.07,514
888.187,498
888.304,493
888.42,480
888.537,493
888.654,476
888.77,478
888.887,493
889.004,488
889.121,455
889.237,481
889.354,457
889.471,490
889.587,456
889.704,485
889.821,475
889.938,465
890.054,475
890.171,463
890.288,477
890.404,482
890.521,487
890.638,470
890.754,473
890.871,468
890.988,474
891.104,466
891.221,487
891.337,471
891.454,447
891.571,454
891.687,485
891.804,479
891.921,471
892.037,493
892.154,472
892.27,476
892.387,455
892.504,485
892.62,479
892.737,471
892.854,477
892.97,486
893.087,466
893.203,478
893.32,445
893.436,482
893.553,458
893.67,458
893.786,469
893.903,503
894.019,460
894.136,471
894.252,474
894.369,491
894.485,461
894.602,467
894.718,456
894.835,480
894.951,456
895.068,460
895.184,465
895.301,479
895.417,462
895.534,453
895.65,477
895.767,464
895.883,453
896.0,457
896.116,475
896.233,453
896.349,463
896.466,463
896.582,463
896.699,483
896.815,475
896.932,483
897.048,479
897.165,502
897.281,489
897.397,466
897.514,470
897.63,475
897.747,484
897.863,471
897.979,456
898.096,468
898.212,458
898.329,487
898.445,452
898.561,494
898.678,481
898.794,457
898.911,457
899.027,476
899.143,472
899.26,451
899.376,481
899.492,479
899.609,470
899.725,472
899.842,471
899.958,470
900.074,475
900.191,488
900.307,458
900.423,458
900.539,472
900.656,484
900.772,478
900.888,504
901.005,466
901.121,489
901.237,485
901.354,480
901.47,475
901.586,485
901.703,490
901.819,489
901.935,503
902.051,486
902.168,480
902.284,485
902.4,507
902.516,525
902.633,509
902.749,515
902.865,521
902.981,502
903.098,518
903.214,516
903.33,492
903.446,490
903.562,508
903.679,503
903.795,521
903.911,523
904.027,508
904.143,509
904.26,507
904.376,504
904.492,482
904.608,484
904.724,487
904.841,508
904.957,485
905.073,472
905.189,470
905.305,503
905.421,491
905.538,496
905.654,461
905.77,470
905.886,469
906.002,480
906.118,467
906.234,471
906.35,479
906.466,461
906.583,442
906.699,474
906.815,479
906.931,467
907.047,457
907.163,485
907.279,455
907.395,471
907.511,461
907.627,480
907.743,457
907.859,465
907.976,457
908.092,467
908.208,480
908.324,447
908.44,462
908.556,466
908.672,460
908.788,481
908.904,469
909.02,452
909.136,467
909.252,493
909.368,461
909.484,462
909.6,474
909.716,470
909.832,475
909.948,475
910.064,458
910.18,486
910.296,466
910.412,477
910.528,456
910.644,462
910.76,443
910.875,485
910.991,468
911.107,470
911.223,458
911.339,465
911.455,466
911.571,453
911.687,467
911.803,445
911.919,470
912.035,466
912.151,460
912.267,464
912.382,467
912.498,487
912.614,455
912.73,473
912.846,459
792.446,965
792.565,993
792.684,1028
792.803,1011
792.922,914
793.041,882
793.16,882
793.279,883
793.398,856
793.518,848
793.637,825
793.756,801
793.875,846
793.994,800
794.113,815
794.232,786
794.351,781
794.47,783
794.589,750
794.708,759
794.827,728
794.946,745
795.066,751
795.185,744
795.304,751
795.423,703
795.542,706
795.661,715
795.78,703
795.899,682
796.018,725
796.137,700
796.256,705
796.375,671
796.494,658
796.613,688
796.732,676
796.851,676
796.97,673
797.089,646
797.208,667
797.327,648
797.446,649
797.565,645
797.684,643
797.803,646
797.922,632
798.041,644
798.16,636
798.279,644
798.398,633
798.517,643
798.636,626
798.755,605
798.874,636
798.993,629
799.112,633
799.231,624
799.35,634
799.469,602
799.588,610
799.707,625
799.826,636
799.945,614
800.064,632
800.183,615
800.302,632
800.421,615
800.54,593
800.659,621
800.778,601
800.897,620
801.016,584
801.135,608
801.254,621
801.373,622
801.492,601
801.611,579
801.729,593
801.848,588
801.967,616
802.086,591
802.205,600
802.324,614
802.443,610
802.562,591
802.681,582
802.8,580
802.919,591
803.038,604
803.157,596
803.276,575
803.394,603
803.513,609
803.632,610
803.751,569
803.87,585
803.989,597
804.108,601
804.227,596
804.346,591
804.465,605
804.583,603
804.702,583
804.821,592
804.94,593
805.059,603
805.178,599
805.297,612
805.416,591
805.535,580
805.653,595
805.772,611
805.891,576
806.01,607
806.129,589
806.248,613
806.367,576
806.485,600
806.604,599
806.723,605
806.842,584
806.961,580
807.08,587
807.198,569
807.317,579
807.436,606
807.555,579
807.674,601
807.793,589
807.912,572
808.03,571
808.149,573
808.268,599
808.387,614
808.506,590
808.624,580
808.743,558
808.862,594
808.981,580
809.1,592
809.219,574
809.337,572
809.456,574
809.575,596
809.694,580
809.812,601
809.931,581
810.05,576
810.169,590
810.288,579
810.406,590
810.525,577
810.644,597
810.763,597
810.882,593
811.0,590
811.119,594
811.238,592
811.357,579
811.475,616
811.594,601
811.713,604
811.832,583
811.95,601
812.069,584
812.188,617
812.307,607
812.425,595
812.544,605
812.663,601
812.782,589
812.9,594
813.019,594
813.138,601
813.257,599
813.375,599
813.494,586
813.613,592
813.731,586
813.85,607
813.969,587
814.088,584
814.206,592
814.325,575
814.444,569
814.562,552
814.681,571
814.8,611
814.918,584
815.037,561
815.156,588
815.274,585
815.393,580
815.512,559
815.631,567
815.749,597
815.868,568
815.987,571
816.105,602
816.224,592
816.343,578
816.461,577
816.58,580
816.698,580
816.817,608
816.936,585
817.055,578
817.173,622
817.292,571
817.41,560
817.529,581
817.648,583
817.766,550
817.885,545
818.004,556
818.122,545
818.241,542
818.359,517
818.478,540
818.597,533
818.715,532
818.834,548
818.953,521
819.071,526
819.19,529
819.308,516
819.427,518
819.546,524
819.664,514
819.783,550
819.901,521
820.02,533
820.138,524
820.257,522
820.376,511
820.494,528
820.613,524
820.731,504
820.85,511
820.969,511
821.087,505
821.206,511
821.324,485
821.443,507
821.561,542
821.68,506
821.798,500
821.917,504
822.035,487
822.154,491
822.273,484
822.391,529
822.51,496
822.628,519
822.747,491
822.865,494
822.984,498
823.102,493
823.221,505
823.339,484
823.458,482
823.576,500
823.695,508
823.813,505
823.932,504
824.05,498
824.169,496
824.287,518
824.406,495
824.524,497
824.643,496
824.761,517
824.88,491
824.998,512
825.117,495
825.235,479
825.354,495
825.472,514
825.591,496
825.709,505
825.828,517
825.946,497
826.064,501
826.183,527
826.301,473
826.42,490
826.538,476
826.657,495
826.775,486
826.894,484
827.012,495
827.13,493
827.249,488
827.367,488
827.486,487
827.604,493
827.723,470
827.841,491
827.959,472
828.078,476
828.196,487
828.315,489
828.433,499
828.552,492
828.67,492
828.788,479
828.907,485
829.025,479
829.143,497
829.262,464
829.38,468
829.499,474
829.617,489
829.735,472
829.854,496
829.972,498
830.091,493
830.209,497
830.327,483
830.446,465
830.564,488
830.682,493
830.801,484
830.919,496
831.037,495
831.156,514
831.274,488
831.392,508
831.511,479
831.629,489
831.747,490
831.866,496
831.984,480
832.102,483
832.221,481
832.339,504
832.457,500
832.576,502
832.694,500
832.812,504
832.93,486
833.049,487
833.167,492
833.285,472
833.404,490
833.522,506
833.64,494
833.759,492
833.877,487
833.995,491
834.113,484
834.232,501
834.35,466
834.468,495
834.586,485
834.705,483
834.823,492
834.941,497
835.059,503
835.178,494
835.296,489
835.414,496
835.532,463
835.651,499
835.769,478
835.887,490
836.005,486
836.124,486
836.242,481
836.36,480
836.478,483
836.596,481
836.715,470
836.833,485
836.951,486
837.069,507
837.188,498
837.306,504
837.424,505
837.542,491
837.66,477
837.779,494
837.897,494
838.015,499
838.133,474
838.251,493
838.369,487
838.487,505
838.606,504
838.724,498
838.842,497
838.96,510
839.078,492
839.196,484
839.315,496
839.433,514
839.551,526
839.669,500
839.787,504
839.905,496
840.023,505
840.142,508
840.26,502
840.378,531
840.496,489
840.614,537
840.732,485
840.85,527
840.968,533
841.087,541
841.205,514
841.323,521
841.441,524
841.559,521
841.677,529
841.795,548
841.913,532
842.031,525
842.149,535
842.267,513
842.385,527
842.504,514
842.622,535
842.74,524
842.858,495
842.976,488
843.094,500
843.212,498
843.33,504
843.448,514
843.566,497
843.684,497
843.802,483
843.92,492
844.038,495
844.156,517
844.274,484
844.392,486
844.51,496
844.628,509
844.746,495
844.864,507
844.982,515
845.1,523
845.218,484
845.336,487
845.454,498
845.572,504
845.69,479
845.808,510
845.926,503
846.044,503
846.162,491
846.28,493
846.398,486
846.516,495
846.634,498
846.752,486
846.87,496
846.988,493
847.106,515
847.224,496
847.342,505
847.46,504
847.578,500
847.696,502
847.814,477
847.932,506
848.05,502
848.168,483
848.285,471
848.403,488
848.521,481
848.639,504
848.757,489
848.875,524
848.993,491
849.111,485
849.229,511
849.347,507
849.465,514
849.582,480
849.7,510
849.818,507
849.936,485
850.054,497
850.172,496
850.29,504
850.408,491
850.525,523
850.643,497
850.761,523
850.879,500
850.997,500
851.115,499
851.233,516
851.35,497
851.468,508
851.586,509
851.704,512
851.822,511
851.94,501
852.057,499
852.175,512
852.293,507
852.411,542
852.529,552
852.647,529
852.764,526
852.882,559
853.0,511
853.118,518
853.236,516
853.353,509
853.471,504
853.589,502
853.707,499
853.824,519
853.942,511
854.06,504
854.178,507
854.296,503
854.413,519
854.531,524
854.649,511
854.767,526
854.884,523
855.002,519
855.12,496
855.238,507
855.355,507
855.473,514
855.591,502
855.708,510
855.826,535
855.944,525
856.062,531
856.179,523
856.297,517
856.415,522
856.532,490
856.65,516
856.768,501
856.886,531
857.003,529
857.121,512
857.239,520
857.356,519
857.474,520
857.592,518
857.709,529
857.827,499
857.945,495
858.062,493
858.18,495
858.298,521
858.415,501
858.533,511
858.651,494
858.768,516
858.886,508
859.003,519
859.121,504
859.239,495
859.356,517
859.474,518
859.592,498
859.709,492
859.827,495
859.944,490
860.062,507
860.18,505
860.297,508
860.415,505
860.532,494
860.65,494
860.768,490
860.885,509
861.003,501
861.12,505
861.238,511
861.356,502
861.473,495
861.591,520
861.708,501
861.826,497
861.943,492
862.061,490
862.178,505
862.296,488
862.414,480
862.531,475
862.649,472
862.766,503
862.884,484
863.001,492
863.119,484
863.236,490
863.354,492
863.471,516
863.589,486
863.706,492
863.824,490
863.941,493
864.059,489
864.176,507
864.294,481
864.411,510
864.529,495
864.646,486
864.764,497
864.881,469
864.999,475
865.116,502
865.233,472
865.351,491
865.468,480
865.586,492
865.703,496
865.821,481
865.938,478
866.056,505
866.173,480
866.29,467
866.408,486
866.525,509
866.643,472
866.76,500
866.878,503
866.995,512
867.112,491
867.23,507
867.347,490
867.465,497
867.582,486
867.699,507
867.817,499
867.934,512
868.051,491
868.169,506
868.286,512
868.404,513
868.521,515
868.638,514
868.756,483
868.873,493
868.99,484
869.108,512
869.225,494
869.342,514
869.46,491
869.577,518
869.694,489
869.812,528
869.929,519
870.046,527
870.164,520
870.281,530
870.398,523
870.516,511
870.633,519
870.75,511
870.867,525
870.985,531
871.102,508
871.219,520
871.337,515
871.454,510
871.571,523
871.688,528
871.806,525
871.923,506
872.04,532
872.157,534
872.275,541
872.392,537
872.509,513
872.626,515
872.744,494
872.861,510
872.978,503
873.095,519
873.213,496
873.33,495
873.447,509
873.564,499
873.681,498
873.799,522
873.916,495
874.033,501
874.15,492
874.267,514
874.385,521
874.502,511
874.619,489
874.736,517
874.853,496
874.97,494
875.088,503
875.205,508
875.322,516
875.439,514
875.556,480
875.673,508
875.791,519
875.908,503
876.025,506
876.142,487
876.259,495
876.376,520
876.493,491
876.61,506
876.728,492
876.845,521
876.962,489
877.079,506
877.196,504
877.313,529
877.43,507
877.547,512
877.664,530
877.781,479
877.898,480
878.016,491
878.133,484
878.25,482
878.367,488
878.484,495
878.601,494
878.718,508
878.835,503
878.952,518
879.069,491
879.186,500
879.303,492
879.42,482
879.537,482
879.654,490
879.771,479
879.888,479
880.005,469
880.122,462
880.239,511
880.356,495
880.473,472
880.59,491
880.707,485
880.824,495
880.941,477
881.058,496
881.175,473
881.292,487
881.409,497
881.526,489
881.643,476
881.76,488
881.877,490
881.994,506
882.111,458
882.228,480
882.345,491
882.462,505
882.579,494
882.696,488
882.812,491
882.929,503
883.046,487
883.163,489
883.28,482
883.397,468
883.514,478
883.631,498
883.748,487
883.865,486
883.982,468
884.098,510
884.215,471
884.332,520
884.449,504
884.566,487
884.683,500
884.8,503
884.916,533
885.033,521
885.15,517
885.267,533
885.384,544
885.501,549
885.617,530
885.734,525
885.851,522
885.968,525
886.085,543
886.202,549
886.318,522
886.435,542
886.552,548
886.669,535
886.786,534
886.902,548
887.019,545
887.136,531
887.253,524
887.369,538
887.486,519
887.603,526
887.72,506
887.837,516
887.953,483
888.07,513
888.187,516
888.304,484
888.42,500
888.537,477
888.654,484
888.77,493
888.887,473
889.004,493
889.121,493
889.237,480
889.354,471
889.471,466
889.587,467
889.704,472
889.821,469
889.938,480
890.054,464
890.171,485
890.288,461
890.404,467
890.521,464
890.638,476
890.754,493
890.871,493
890.988,482
891.104,500
891.221,454
891.337,481
891.454,477
891.571,485
891.687,470
891.804,490
891.921,466
892.037,471
892.154,484
892.27,467
892.387,493
892.504,468
892.62,460
892.737,494
892.854,478
892.97,478
893.087,471
893.203,492
893.32,466
893.436,482
893.553,482
893.67,489
893.786,475
893.903,464
894.019,479
894.136,467
894.252,473
894.369,479
894.485,486
894.602,470
894.718,468
894.835,467
894.951,475
895.068,490
895.184,468
895.301,485
895.417,466
895.534,464
895.65,482
895.767,485
895.883,482
896.0,479
896.116,477
896.233,471
896.349,443
896.466,479
896.582,486
896.699,478
896.815,480
896.932,487
897.048,468
897.165,479
897.281,464
897.397,465
897.514,467
897.63,470
897.747,465
897.863,458
897.979,472
898.096,476
898.212,463
898.329,477
898.445,492
898.561,482
898.678,447
898.794,477
898.911,470
899.027,485
899.143,458
899.26,468
899.376,472
899.492,478
899.609,475
899.725,475
899.842,479
899.958,462
900.074,478
900.191,485
900.307,467
900.423,502
900.539,450
900.656,470
900.772,476
900.888,482
901.005,494
901.121,476
901.237,494
901.354,483
901.47,483
901.586,510
901.703,468
901.819,506
901.935,507
902.051,503
902.168,500
902.284,511
902.4,492
902.516,515
902.633,478
902.749,524
902.865,510
902.981,536
903.098,487
903.214,514
903.33,515
903.446,524
903.562,521
903.679,516
903.795,517
903.911,506
904.027,523
904.143,516
904.26,487
904.376,500
904.492,519
904.608,482
904.724,493
904.841,499
904.957,465
905.073,481
905.189,465
905.305,474
905.421,487
905.538,476
905.654,483
905.77,457
905.886,478
906.002,492
906.118,486
906.234,479
906.35,455
906.466,461
906.583,455
906.699,468
906.815,472
906.931,476
907.047,466
907.163,475
907.279,478
907.395,472
907.511,478
907.627,478
907.743,474
907.859,462
907.976,448
908.092,489
908.208,453
908.324,462
908.44,471
908.556,456
908.672,458
908.788,468
908.904,467
909.02,473
909.136,473
909.252,481
909.368,478
909.484,474
909.6,481
909.716,462
909.832,430
909.948,484
910.064,453
910.18,488
910.296,464
910.412,479
910.528,475
910.644,467
910.76,456
910.875,488
910.991,465
911.107,465
911.223,452
911.339,468
911.455,472
911.571,473
911.687,469
911.803,467
911.919,462
912.035,471
912.151,472
912.267,477
912.382,462
912.498,471
912.614,466
912.73,457
912.846,474
792.446,1000
792.565,967
792.684,1031
792.803,1005
792.922,925
793.041,910
793.16,879
793.279,900
793.398,875
793.518,811
793.637,826
793.756,825
793.875,826
793.994,805
794.113,809
794.232,794
794.351,790
794.47,773
794.589,773
794.708,721
794.827,757
794.946,744
795.066,748
795.185,721
795.304,745
795.423,696
795.542,734
795.661,693
795.78,699
795.899,703
796.018,686
796.137,680
796.256,716
796.375,695
796.494,691
796.613,657
796.732,668
796.851,667
796.97,657
797.089,672
797.208,664
797.327,669
797.446,665
797.565,643
797.684,640
797.803,656
797.922,645
798.041,646
798.16,624
798.279,622
798.398,644
798.517,643
798.636,643
798.755,644
798.874,623
798.993,623
799.112,614
799.231,625
799.35,626
799.469,609
799.588,608
799.707,618
799.826,596
799.945,639
800.064,615
800.183,611
800.302,637
800.421,600
800.54,616
800.659,621
800.778,599
800.897,618
801.016,595
801.135,619
801.254,613
801.373,620
801.492,625
801.611,592
801.729,605
801.848,632
801.967,593
802.086,597
802.205,598
802.324,607
802.443,607
802.562,589
802.681,596
802.8,602
802.919,602
803.038,590
803.157,610
803.276,571
803.394,576
803.513,597
803.632,581
803.751,631
803.87,587
803.989,588
804.108,584
804.227,588
804.346,583
804.465,605
804.583,591
804.702,591
804.821,593
804.94,608
805.059,595
805.178,589
805.297,580
805.416,578
805.535,611
805.653,590
805.772,608
805.891,600
806.01,588
806.129,575
806.248,572
806.367,584
806.485,603
806.604,613
806.723,592
806.842,610
806.961,584
807.08,588
807.198,574
807.317,583
807.436,613
807.555,582
807.674,619
807.793,587
807.912,609
808.03,590
808.149,583
808.268,602
808.387,574
808.506,582
808.624,575
808.743,587
808.862,584
808.981,597
809.1,577
809.219,581
809.337,609
809.456,579
809.575,586
809.694,598
809.812,610
809.931,605
810.05,600
810.169,568
810.288,598
810.406,573
810.525,594
810.644,584
810.763,587
810.882,598
811.0,597
811.119,600
811.238,586
811.357,598
811.475,601
811.594,587
811.713,585
811.832,608
811.95,584
812.069,613
812.188,624
812.307,602
812.425,614
812.544,618
812.663,608
812.782,598
812.9,579
813.019,613
813.138,593
813.257,609
813.375,609
813.494,590
813.613,569
813.731,561
813.85,588
813.969,592
814.088,599
814.206,579
814.325,584
814.444,585
814.562,548
814.681,581
814.8,569
814.918,586
815.037,552
815.156,598
815.274,579
815.393,544
815.512,585
815.631,588
815.749,565
815.868,570
815.987,563
816.105,576
816.224,559
816.343,586
816.461,585
816.58,589
816.698,600
816.817,597
816.936,567
817.055,615
817.173,580
817.292,566
817.41,578
817.529,570
817.648,572
817.766,571
817.885,575
818.004,557
818.122,528
818.241,559
818.359,538
818.478,556
818.597,546
818.715,543
818.834,526
818.953,528
819.071,495
819.19,505
819.308,527
819.427,530
819.546,520
819.664,512
819.783,515
819.901,542
820.02,508
820.138,508
820.257,525
820.376,524
820.494,522
820.613,509
820.731,526
820.85,533
820.969,507
821.087,500
821.206,498
821.324,527
821.443,506
821.561,514
821.68,512
821.798,526
821.917,514
822.035,515
822.154,496
822.273,503
822.391,486
822.51,511
822.628,503
822.747,505
822.865,489
822.984,482
823.102,490
823.221,504
823.339,491
823.458,500
823.576,482
823.695,529
823.813,493
823.932,504
824.05,499
824.169,495
824.287,508
824.406,493
824.524,528
824.643,508
824.761,485
824.88,499
824.998,495
825.117,501
825.235,494
825.354,511
825.472,482
825.591,486
825.709,493
825.828,509
825.946,507
826.064,481
826.183,478
826.301,492
826.42,488
826.538,470
826.657,479
826.775,509
826.894,490
827.012,501
827.13,509
827.249,477
827.367,488
827.486,496
827.604,485
827.723,483
827.841,471
827.959,493
828.078,495
828.196,466
828.315,477
828.433,508
828.552,496
828.67,491
828.788,492
828.907,495
829.025,481
829.143,501
829.262,482
829.38,493
829.499,498
829.617,480
829.735,480
829.854,483
829.972,485
830.091,483
830.209,471
830.327,483
830.446,481
830.564,481
830.682,487
830.801,483
830.919,489
831.037,485
831.156,484
831.274,481
831.392,500
831.511,472
831.629,495
831.747,489
831.866,482
831.984,480
832.102,481
832.221,497
832.339,477
832.457,511
832.576,479
832.694,474
832.812,493
832.93,484
833.049,501
833.167,483
833.285,491
833.404,501
833.522,482
833.64,493
833.759,488
833.877,481
833.995,483
834.113,506
834.232,489
834.35,485
834.468,481
834.586,479
834.705,494
834.823,474
834.941,480
835.059,496
835.178,504
835.296,484
835.414,482
835.532,485
835.651,497
835.769,502
835.887,485
836.005,498
836.124,476
836.242,489
836.36,505
836.478,490
836.596,484
836.715,486
836.833,462
836.951,496
837.069,495
837.188,492
837.306,471
837.424,500
837.542,498
837.66,489
837.779,469
837.897,494
838.015,500
838.133,492
838.251,470
838.369,490
838.487,494
838.606,497
838.724,508
838.842,489
838.96,493
839.078,478
839.196,486
839.315,504
839.433,497
839.551,506
839.669,510
839.787,510
839.905,505
840.023,507
840.142,518
840.26,510
840.378,520
840.496,503
840.614,516
840.732,503
840.85,482
840.968,517
841.087,513
841.205,509
841.323,511
841.441,519
841.559,527
841.677,525
841.795,516
841.913,527
842.031,539
842.149,524
842.267,540
842.385,528
842.504,511
842.622,517
842.74,525
842.858,493
842.976,504
843.094,522
843.212,502
843.33,539
843.448,511
843.566,499
843.684,515
843.802,504
843.92,514
844.038,514
844.156,527
844.274,489
844.392,499
844.51,495
844.628,499
844.746,477
844.864,496
844.982,504
845.1,492
845.218,493
845.336,498
845.454,485
845.572,469
845.69,489
845.808,469
845.926,484
846.044,504
846.162,484
846.28,504
846.398,496
846.516,506
846.634,494
846.752,503
846.87,504
846.988,492
847.106,502
847.224,497
847.342,506
847.46,505
847.578,492
847.696,516
847.814,504
847.932,493
848.05,489
848.168,496
848.285,496
848.403,499
848.521,488
848.639,495
848.757,514
848.875,515
848.993,495
849.111,498
849.229,487
849.347,506
849.465,501
849.582,518
849.7,490
849.818,497
849.936,511
850.054,496
850.172,514
850.29,494
850.408,488
850.525,492
850.643,511
850.761,488
850.879,486
850.997,511
851.115,473
851.233,493
851.35,500
851.468,496
851.586,504
851.704,475
851.822,500
851.94,508
852.057,508
852.175,506
852.293,523
852.411,503
852.529,532
852.647,526
852.764,505
852.882,530
853.0,502
853.118,520
853.236,513
853.353,490
853.471,489
853.589,509
853.707,518
853.824,510
853.942,498
854.06,479
854.178,501
854.296,497
854.413,506
854.531,503
854.649,496
854.767,502
854.884,501
855.002,496
855.12,530
855.238,514
855.355,509
855.473,510
855.591,534
855.708,497
855.826,530
855.944,504
856.062,517
856.179,531
856.297,497
856.415,489
856.532,514
856.65,528
856.768,493
856.886,514
857.003,515
857.121,527
857.239,523
857.356,522
857.474,510
857.592,536
857.709,516
857.827,499
857.945,525
858.062,509
858.18,531
858.298,503
858.415,510
858.533,529
858.651,520
858.768,524
858.886,505
859.003,491
859.121,541
859.239,513
859.356,498
859.474,501
859.592,516
859.709,515
859.827,498
859.944,509
860.062,520
860.18,496
860.297,478
860.415,494
860.532,504
860.65,490
860.768,518
860.885,514
861.003,511
861.12,498
861.238,498
861.356,485
861.473,494
861.591,510
861.708,506
861.826,501
861.943,509
862.061,516
862.178,496
862.296,482
862.414,481
862.531,483
862.649,480
862.766,472
862.884,492
863.001,484
863.119,481
863.236,495
863.354,478
863.471,487
863.589,487
863.706,496
863.824,497
863.941,492
864.059,499
864.176,477
864.294,496
864.411,488
864.529,486
864.646,491
864.764,455
864.881,505
864.999,483
865.116,481
865.233,507
865.351,481
865.468,484
865.586,510
865.703,499
865.821,484
865.938,505
866.056,496
866.173,484
866.29,497
866.408,479
866.525,482
866.643,506
866.76,476
866.878,482
866.995,491
867.112,456
867.23,488
867.347,507
867.465,506
867.582,512
867.699,503
867.817,511
867.934,508
868.051,490
868.169,497
868.286,514
868.404,506
868.521,475
868.638,492
868.756,502
868.873,489
868.99,511
869.108,512
869.225,493
869.342,501
869.46,493
869.577,489
869.694,501
869.812,513
869.929,506
870.046,520
870.164,518
870.281,518
870.398,507
870.516,527
870.633,516
870.75,515
870.867,528
870.985,542
871.102,502
871.219,529
871.337,522
871.454,517
871.571,532
871.688,515
871.806,520
871.923,532
872.04,490
872.157,514
872.275,514
872.392,509
872.509,526
872.626,491
872.744,515
872.861,520
872.978,529
873.095,517
873.213,518
873.33,505
873.447,494
873.564,501
873.681,527
873.799,502
873.916,508
874.033,501
874.15,513
874.267,519
874.385,491
874.502,493
874.619,505
874.736,496
874.853,530
874.97,506
875.088,518
875.205,510
875.322,518
875.439,507
875.556,494
875.673,511
875.791,491
875.908,513
876.025,495
876.142,519
876.259,526
876.376,511
876.493,498
876.61,510
876.728,514
876.845,513
876.962,496
877.079,489
877.196,512
877.313,511
877.43,505
877.547,503
877.664,533
877.781,517
877.898,491
878.016,513
878.133,520
878.25,505
878.367,509
878.484,476
878.601,497
878.718,497
878.835,484
878.952,492
879.069,494
879.186,494
879.303,478
879.42,505
879.537,490
879.654,487
879.771,478
879.888,467
880.005,477
880.122,483
880.239,501
880.356,490
880.473,483
880.59,496
880.707,498
880.824,488
880.941,476
881.058,478
881.175,496
881.292,477
881.409,489
881.526,473
881.643,470
881.76,466
881.877,481
881.994,477
882.111,476
882.228,488
882.345,459
882.462,469
882.579,486
882.696,485
882.812,484
882.929,482
883.046,476
883.163,473
883.28,505
883.397,476
883.514,484
883.631,479
883.748,499
883.865,473
883.982,503
884.098,487
884.215,488
884.332,491
884.449,488
884.566,496
884.683,510
884.8,505
884.916,524
885.033,527
885.15,519
885.267,507
885.384,535
885.501,539
885.617,554
885.734,557
885.851,530
885.968,531
886.085,527
886.202,539
886.318,555
886.435,543
886.552,527
886.669,556
886.786,538
886.902,536
887.019,518
887.136,523
887.253,542
887.369,521
887.486,511
887.603,515
887.72,530
887.837,527
887.953,485
888.07,525
888.187,499
888.304,475
888.42,496
888.537,490
888.654,498
888.77,486
888.887,472
889.004,472
889.121,470
889.237,474
889.354,486
889.471,472
889.587,466
889.704,473
889.821,469
889.938,460
890.054,469
890.171,459
890.288,490
890.404,470
890.521,477
890.638,484
890.754,473
890.871,484
890.988,480
891.104,481
891.221,469
891.337,467
891.454,476
891.571,494
891.687,476
891.804,478
891.921,458
892.037,479
892.154,477
892.27,472
892.387,484
892.504,486
892.62,491
892.737,493
892.854,481
892.97,478
893.087,479
893.203,468
893.32,472
893.436,474
893.553,462
893.67,467
893.786,483
893.903,465
894.019,480
894.136,468
894.252,472
894.369,466
894.485,469
894.602,471
894.718,483
894.835,456
894.951,482
895.068,469
895.184,445
895.301,478
895.417,468
895.534,480
895.65,486
895.767,470
895.883,477
896.0,474
896.116,460
896.233,478
896.349,478
896.466,482
896.582,481
896.699,478
896.815,477
896.932,467
897.048,489
897.165,478
897.281,466
897.397,461
897.514,463
897.63,476
897.747,478
897.863,484
897.979,455
898.096,462
898.212,481
898.329,491
898.445,483
898.561,470
898.678,475
898.794,468
898.911,479
899.027,480
899.143,489
899.26,492
899.376,467
899.492,488
899.609,479
899.725,500
899.842,466
899.958,481
900.074,471
900.191,487
900.307,482
900.423,470
900.539,470
900.656,489
900.772,480
900.888,494
901.005,472
901.121,481
901.237,478
901.354,479
901.47,497
901.586,486
901.703,503
901.819,491
901.935,509
902.051,491
902.168,489
902.284,494
902.4,503
902.516,510
902.633,526
902.749,505
902.865,502
902.981,529
903.098,509
903.214,503
903.33,517
903.446,496
903.562,516
903.679,524
903.795,509
903.911,494
904.027,505
904.143,503
904.26,485
904.376,488
904.492,502
904.608,478
904.724,497
904.841,506
904.957,497
905.073,472
905.189,504
905.305,492
905.421,480
905.538,488
905.654,484
905.77,486
905.886,475
906.002,462
906.118,474
906.234,494
906.35,479
906.466,467
906.583,489
906.699,461
906.815,469
906.931,471
907.047,470
907.163,480
907.279,448
907.395,477
907.511,472
907.627,467
907.743,470
907.859,472
907.976,451
908.092,478
908.208,468
908.324,475
908.44,486
908.556,466
908.672,481
908.788,448
908.904,473
909.02,468
909.136,463
909.252,465
909.368,470
909.484,468
909.6,480
909.716,481
909.832,470
909.948,453
910.064,466
910.18,480
910.296,481
910.412,463
910.528,480
910.644,471
910.76,469
910.875,466
910.991,483
911.107,463
911.223,481
911.339,467
911.455,474
911.571,468
911.687,476
911.803,453
911.919,467
912.035,456
912.151,459
912.267,485
912.382,481
912.498,451
912.614,482
912.73,473
912.846,469
