792.446,3546.2
792.565,3507.6
792.684,3532.8
792.803,3525.6
792.922,3457.2
793.041,3453.0
793.16,3446.2
793.279,3449.4
793.398,3437.8
793.518,3425.6
793.637,3421.6
793.756,3449.4
793.875,3413.2
793.994,3456.0
794.113,3384.4
794.232,3386.0
794.351,3381.2
794.47,3391.2
794.589,3348.0
794.708,3366.2
794.827,3357.4
794.946,3362.6
795.066,3354.8
795.185,3339.0
795.304,3332.4
795.423,3307.4
795.542,3349.0
795.661,3346.0
795.78,3317.6
795.899,3304.8
796.018,3295.6
796.137,3308.2
796.256,3293.8
796.375,3295.2
796.494,3286.8
796.613,3308.8
796.732,3262.6
796.851,3288.8
796.97,3269.6
797.089,3278.0
797.208,3256.2
797.327,3278.2
797.446,3245.6
797.565,3277.2
797.684,3287.2
797.803,3276.8
797.922,3269.6
798.041,3265.6
798.16,3290.2
798.279,3247.4
798.398,3287.4
798.517,3267.4
798.636,3256.0
798.755,3267.4
798.874,3224.0
798.993,3272.2
799.112,3208.8
799.231,3241.6
799.35,3248.8
799.469,3279.6
799.588,3256.4
799.707,3231.2
799.826,3244.0
799.945,3253.0
800.064,3237.4
800.183,3224.8
800.302,3262.8
800.421,3248.0
800.54,3204.6
800.659,3247.8
800.778,3264.2
800.897,3231.6
801.016,3248.4
801.135,3196.4
801.254,3250.2
801.373,3236.2
801.492,3268.4
801.611,3230.8
801.729,3254.8
801.848,3225.8
801.967,3249.4
802.086,3261.2
802.205,3239.4
802.324,3253.4
802.443,3225.8
802.562,3253.6
802.681,3245.2
802.8,3261.6
802.919,3247.8
803.038,3249.2
803.157,3275.0
803.276,3238.8
803.394,3286.0
803.513,3237.0
803.632,3284.4
803.751,3250.2
803.87,3226.0
803.989,3233.6
804.108,3245.4
804.227,3224.4
804.346,3237.4
804.465,3267.2
804.583,3239.6
804.702,3255.2
804.821,3255.2
804.94,3262.8
805.059,3279.2
805.178,3249.0
805.297,3267.2
805.416,3239.6
805.535,3258.4
805.653,3274.6
805.772,3287.2
805.891,3272.2
806.01,3291.6
806.129,3247.2
806.248,3206.2
806.367,3268.8
806.485,3299.0
806.604,3249.0
806.723,3279.6
806.842,3281.8
806.961,3246.0
807.08,3267.4
807.198,3282.0
807.317,3237.0
807.436,3245.0
807.555,3267.6
807.674,3265.4
807.793,3290.6
807.912,3263.2
808.03,3297.2
808.149,3255.8
808.268,3233.0
808.387,3270.4
808.506,3263.4
808.624,3265.8
808.743,3260.8
808.862,3268.4
808.981,3278.6
809.1,3262.0
809.219,3282.2
809.337,3254.0
809.456,3267.6
809.575,3259.2
809.694,3303.6
809.812,3273.0
809.931,3252.4
810.05,3253.2
810.169,3263.8
810.288,3256.0
810.406,3227.6
810.525,3259.8
810.644,3265.0
810.763,3246.4
810.882,3250.0
811.0,3268.2
811.119,3211.6
811.238,3275.8
811.357,3227.2
811.475,3274.6
811.594,3223.6
811.713,3273.4
811.832,3258.8
811.95,3272.2
812.069,3246.0
812.188,3261.0
812.307,3253.2
812.425,3229.2
812.544,3247.2
812.663,3247.8
812.782,3219.2
812.9,3240.8
813.019,3229.8
813.138,3218.6
813.257,3243.2
813.375,3217.2
813.494,3199.8
813.613,3255.2
813.731,3245.0
813.85,3226.4
813.969,3221.6
814.088,3188.6
814.206,3226.0
814.325,3209.8
814.444,3185.2
814.562,3186.8
814.681,3189.0
814.8,3167.6
814.918,3208.2
815.037,3186.8
815.156,3166.0
815.274,3155.0
815.393,3149.8
815.512,3178.0
815.631,3161.6
815.749,3156.4
815.868,3137.0
815.987,3179.6
816.105,3165.2
816.224,3134.0
816.343,3162.0
816.461,3183.2
816.58,3161.8
816.698,3173.2
816.817,3153.4
816.936,3163.0
817.055,3160.6
817.173,3139.4
817.292,3138.8
817.41,3157.4
817.529,3111.4
817.648,3143.4
817.766,3070.6
817.885,3048.6
818.004,3037.0
818.122,3045.8
818.241,3027.0
818.359,2987.2
818.478,2995.8
818.597,2998.4
818.715,2987.4
818.834,2990.2
818.953,2973.4
819.071,2963.8
819.19,2944.2
819.308,2938.4
819.427,2936.4
819.546,2930.6
819.664,2902.2
819.783,2904.6
819.901,2931.0
820.02,2908.8
820.138,2917.2
820.257,2932.0
820.376,2895.2
820.494,2898.0
820.613,2901.0
820.731,2908.4
820.85,2873.6
820.969,2899.4
821.087,2875.0
821.206,2885.6
821.324,2902.6
821.443,2891.4
821.561,2899.8
821.68,2877.4
821.798,2863.6
821.917,2905.0
822.035,2885.8
822.154,2855.0
822.273,2837.2
822.391,2838.6
822.51,2834.2
822.628,2892.8
822.747,2858.8
822.865,2837.8
822.984,2855.6
823.102,2868.4
823.221,2846.6
823.339,2862.8
823.458,2847.0
823.576,2862.0
823.695,2860.2
823.813,2855.4
823.932,2840.4
824.05,2862.2
824.169,2871.2
824.287,2881.6
824.406,2855.6
824.524,2832.8
824.643,2867.8
824.761,2849.8
824.88,2866.2
824.998,2818.8
825.117,2807.8
825.235,2811.0
825.354,2848.8
825.472,2808.2
825.591,2831.0
825.709,2837.0
825.828,2807.4
825.946,2784.8
826.064,2826.0
826.183,2809.4
826.301,2790.8
826.42,2790.0
826.538,2803.6
826.657,2797.4
826.775,2776.2
826.894,2787.8
827.012,2796.2
827.13,2801.4
827.249,2789.8
827.367,2779.2
827.486,2802.0
827.604,2797.4
827.723,2807.4
827.841,2743.0
827.959,2778.6
828.078,2745.8
828.196,2748.4
828.315,2750.0
828.433,2759.8
828.552,2761.0
828.67,2803.0
828.788,2732.8
828.907,2732.4
829.025,2764.2
829.143,2768.8
829.262,2736.8
829.38,2743.0
829.499,2735.6
829.617,2768.6
829.735,2767.4
829.854,2725.6
829.972,2745.0
830.091,2769.4
830.209,2737.4
830.327,2735.2
830.446,2731.0
830.564,2774.8
830.682,2763.4
830.801,2740.4
830.919,2753.0
831.037,2743.0
831.156,2724.0
831.274,2743.8
831.392,2727.0
831.511,2719.4
831.629,2734.2
831.747,2740.8
831.866,2768.8
831.984,2733.8
832.102,2725.8
832.221,2719.0
832.339,2739.8
832.457,2733.0
832.576,2717.4
832.694,2724.0
832.812,2719.6
832.93,2733.2
833.049,2746.8
833.167,2737.0
833.285,2698.4
833.404,2765.4
833.522,2739.4
833.64,2725.0
833.759,2738.8
833.877,2701.4
833.995,2718.0
834.113,2737.6
834.232,2749.4
834.35,2713.6
834.468,2699.4
834.586,2746.0
834.705,2726.4
834.823,2726.2
834.941,2763.4
835.059,2715.4
835.178,2742.6
835.296,2713.4
835.414,2714.6
835.532,2722.4
835.651,2706.6
835.769,2719.6
835.887,2732.4
836.005,2738.0
836.124,2740.0
836.242,2728.8
836.36,2735.4
836.478,2704.2
836.596,2740.2
836.715,2725.6
836.833,2757.2
836.951,2729.8
837.069,2770.2
837.188,2749.8
837.306,2734.4
837.424,2753.0
837.542,2752.6
837.66,2721.2
837.779,2747.2
837.897,2714.0
838.015,2741.6
838.133,2728.0
838.251,2730.0
838.369,2742.8
838.487,2757.8
838.606,2730.8
838.724,2771.6
838.842,2732.0
838.96,2719.8
839.078,2772.2
839.196,2691.4
839.315,2704.0
839.433,2734.8
839.551,2720.2
839.669,2719.2
839.787,2684.4
839.905,2709.6
840.023,2679.4
840.142,2730.2
840.26,2720.0
840.378,2706.4
840.496,2726.8
840.614,2698.4
840.732,2685.8
840.85,2684.0
840.968,2712.2
841.087,2685.2
841.205,2700.2
841.323,2726.4
841.441,2696.4
841.559,2706.2
841.677,2656.6
841.795,2686.4
841.913,2676.6
842.031,2724.0
842.149,2683.2
842.267,2661.6
842.385,2664.2
842.504,2672.4
842.622,2665.8
842.74,2658.8
842.858,2654.0
842.976,2637.6
843.094,2679.6
843.212,2666.2
843.33,2668.2
843.448,2667.8
843.566,2657.2
843.684,2641.4
843.802,2664.8
843.92,2693.8
844.038,2703.2
844.156,2688.2
844.274,2650.4
844.392,2634.8
844.51,2678.4
844.628,2654.8
844.746,2650.2
844.864,2647.2
844.982,2617.6
845.1,2673.4
845.218,2661.4
845.336,2639.4
845.454,2676.2
845.572,2659.0
845.69,2652.4
845.808,2651.6
845.926,2653.4
846.044,2646.0
846.162,2665.6
846.28,2671.0
846.398,2654.4
846.516,2652.8
846.634,2665.6
846.752,2646.8
846.87,2665.4
846.988,2649.8
847.106,2652.4
847.224,2626.6
847.342,2657.0
847.46,2679.2
847.578,2651.2
847.696,2644.4
847.814,2657.6
847.932,2641.8
848.05,2649.0
848.168,2640.6
848.285,2669.8
848.403,2667.0
848.521,2648.4
848.639,2658.0
848.757,2651.2
848.875,2656.2
848.993,2648.8
849.111,2632.2
849.229,2638.4
849.347,2667.4
849.465,2627.6
849.582,2633.6
849.7,2657.4
849.818,2635.8
849.936,2657.8
850.054,2650.4
850.172,2669.4
850.29,2656.6
850.408,2622.8
850.525,2639.6
850.643,2642.0
850.761,2672.0
850.879,2657.4
850.997,2642.2
851.115,2658.4
851.233,2634.0
851.35,2628.2
851.468,2654.8
851.586,2649.0
851.704,2674.2
851.822,2684.0
851.94,2647.6
852.057,2673.2
852.175,2662.8
852.293,2665.0
852.411,2671.6
852.529,2671.2
852.647,2676.2
852.764,2660.4
852.882,2656.4
853.0,2679.2
853.118,2661.2
853.236,2671.2
853.353,2672.8
853.471,2675.0
853.589,2658.6
853.707,2682.8
853.824,2672.6
853.942,2651.0
854.06,2660.4
854.178,2675.6
854.296,2641.6
854.413,2661.4
854.531,2651.8
854.649,2683.2
854.767,2672.6
854.884,2681.0
855.002,2693.0
855.12,2686.4
855.238,2679.2
855.355,2691.8
855.473,2678.2
855.591,2684.0
855.708,2669.0
855.826,2669.4
855.944,2718.0
856.062,2720.2
856.179,2684.0
856.297,2653.6
856.415,2714.0
856.532,2683.2
856.65,2701.0
856.768,2696.0
856.886,2660.4
857.003,2671.8
857.121,2693.4
857.239,2693.0
857.356,2683.8
857.474,2686.0
857.592,2664.0
857.709,2686.2
857.827,2677.0
857.945,2679.8
858.062,2675.8
858.18,2674.6
858.298,2677.0
858.415,2694.4
858.533,2700.8
858.651,2681.0
858.768,2677.2
858.886,2692.2
859.003,2687.4
859.121,2656.8
859.239,2684.8
859.356,2660.2
859.474,2696.6
859.592,2673.0
859.709,2708.4
859.827,2662.6
859.944,2644.4
860.062,2657.2
860.18,2693.0
860.297,2669.2
860.415,2672.0
860.532,2661.6
860.65,2683.2
860.768,2684.0
860.885,2677.4
861.003,2667.6
861.12,2685.6
861.238,2664.2
861.356,2684.2
861.473,2690.4
861.591,2685.4
861.708,2675.4
861.826,2644.2
861.943,2681.2
862.061,2672.4
862.178,2681.4
862.296,2684.2
862.414,2658.4
862.531,2681.2
862.649,2679.6
862.766,2667.6
862.884,2657.4
863.001,2665.0
863.119,2695.4
863.236,2685.8
863.354,2650.8
863.471,2661.8
863.589,2688.2
863.706,2679.0
863.824,2679.6
863.941,2684.0
864.059,2685.0
864.176,2674.2
864.294,2702.2
864.411,2679.4
864.529,2676.6
864.646,2685.6
864.764,2667.2
864.881,2684.6
864.999,2690.0
865.116,2716.4
865.233,2662.0
865.351,2663.6
865.468,2690.2
865.586,2687.8
865.703,2672.6
865.821,2684.6
865.938,2703.2
866.056,2693.6
866.173,2680.2
866.29,2701.0
866.408,2673.4
866.525,2687.0
866.643,2676.4
866.76,2684.4
866.878,2670.8
866.995,2683.8
867.112,2688.8
867.23,2669.0
867.347,2678.4
867.465,2658.2
867.582,2692.0
867.699,2692.0
867.817,2699.4
867.934,2679.4
868.051,2658.6
868.169,2694.0
868.286,2697.8
868.404,2689.0
868.521,2682.8
868.638,2681.8
868.756,2684.0
868.873,2659.2
868.99,2691.2
869.108,2717.6
869.225,2682.2
869.342,2691.0
869.46,2696.4
869.577,2689.0
869.694,2695.2
869.812,2712.2
869.929,2694.0
870.046,2723.6
870.164,2675.0
870.281,2670.4
870.398,2721.8
870.516,2716.8
870.633,2665.8
870.75,2705.2
870.867,2700.8
870.985,2670.2
871.102,2698.4
871.219,2680.4
871.337,2686.6
871.454,2708.6
871.571,2689.0
871.688,2699.8
871.806,2681.2
871.923,2675.4
872.04,2687.8
872.157,2739.8
872.275,2709.4
872.392,2707.4
872.509,2702.8
872.626,2684.0
872.744,2677.4
872.861,2710.2
872.978,2687.2
873.095,2685.0
873.213,2680.8
873.33,2708.0
873.447,2716.2
873.564,2683.0
873.681,2696.6
873.799,2688.4
873.916,2682.2
874.033,2707.2
874.15,2717.0
874.267,2672.8
874.385,2676.6
874.502,2694.2
874.619,2706.0
874.736,2681.4
874.853,2693.8
874.97,2688.6
875.088,2719.4
875.205,2700.8
875.322,2679.0
875.439,2690.6
875.556,2654.6
875.673,2683.2
875.791,2680.0
875.908,2715.0
876.025,2693.2
876.142,2692.0
876.259,2710.6
876.376,2718.8
876.493,2717.2
876.61,2700.0
876.728,2677.4
876.845,2712.6
876.962,2694.0
877.079,2723.4
877.196,2712.2
877.313,2718.4
877.43,2754.4
877.547,2737.0
877.664,2718.8
877.781,2710.4
877.898,2731.0
878.016,2696.0
878.133,2724.2
878.25,2733.2
878.367,2689.0
878.484,2725.2
878.601,2698.8
878.718,2717.6
878.835,2704.0
878.952,2723.0
879.069,2694.4
879.186,2691.4
879.303,2715.6
879.42,2698.6
879.537,2736.4
879.654,2685.8
879.771,2715.0
879.888,2701.6
880.005,2744.2
880.122,2704.0
880.239,2705.2
880.356,2717.6
880.473,2673.6
880.59,2674.6
880.707,2705.8
880.824,2740.4
880.941,2720.6
881.058,2729.8
881.175,2724.4
881.292,2727.2
881.409,2717.0
881.526,2675.8
881.643,2695.4
881.76,2736.6
881.877,2716.4
881.994,2733.8
882.111,2704.4
882.228,2732.8
882.345,2737.8
882.462,2697.6
882.579,2712.8
882.696,2703.2
882.812,2734.0
882.929,2717.8
883.046,2736.8
883.163,2722.4
883.28,2710.0
883.397,2733.2
883.514,2727.0
883.631,2737.8
883.748,2741.4
883.865,2706.4
883.982,2714.2
884.098,2715.8
884.215,2728.2
884.332,2738.6
884.449,2740.0
884.566,2716.6
884.683,2735.0
884.8,2731.2
884.916,2716.6
885.033,2757.4
885.15,2742.4
885.267,2762.4
885.384,2724.8
885.501,2747.4
885.617,2751.8
885.734,2772.6
885.851,2742.8
885.968,2717.2
886.085,2757.6
886.202,2760.8
886.318,2755.6
886.435,2746.0
886.552,2776.4
886.669,2754.2
886.786,2753.4
886.902,2738.0
887.019,2754.2
887.136,2756.4
887.253,2764.6
887.369,2752.4
887.486,2774.4
887.603,2744.8
887.72,2760.2
887.837,2752.4
887.953,2737.8
888.07,2751.0
888.187,2762.0
888.304,2741.8
888.42,2772.0
888.537,2762.0
888.654,2748.8
888.77,2765.8
888.887,2775.2
889.004,2778.0
889.121,2772.4
889.237,2747.0
889.354,2773.2
889.471,2766.4
889.587,2758.4
889.704,2769.2
889.821,2757.0
889.938,2762.4
890.054,2784.2
890.171,2795.6
890.288,2786.4
890.404,2718.0
890.521,2750.6
890.638,2785.4
890.754,2767.4
890.871,2751.6
890.988,2791.4
891.104,2791.6
891.221,2796.2
891.337,2796.4
891.454,2792.8
891.571,2777.8
891.687,2789.8
891.804,2797.6
891.921,2786.2
892.037,2789.2
892.154,2780.8
892.27,2792.6
892.387,2787.8
892.504,2815.2
892.62,2782.8
892.737,2762.0
892.854,2787.2
892.97,2790.2
893.087,2773.6
893.203,2804.6
893.32,2796.4
893.436,2808.6
893.553,2816.0
893.67,2809.6
893.786,2799.8
893.903,2816.6
894.019,2792.8
894.136,2818.0
894.252,2837.2
894.369,2828.4
894.485,2821.2
894.602,2826.6
894.718,2855.4
894.835,2797.4
894.951,2809.8
895.068,2797.6
895.184,2824.6
895.301,2833.6
895.417,2821.6
895.534,2805.4
895.65,2805.6
895.767,2816.0
895.883,2838.0
896.0,2810.4
896.116,2805.2
896.233,2797.6
896.349,2821.0
896.466,2838.2
896.582,2835.8
896.699,2846.6
896.815,2817.2
896.932,2837.2
897.048,2816.2
897.165,2810.2
897.281,2809.8
897.397,2797.4
897.514,2856.8
897.63,2854.4
897.747,2802.8
897.863,2849.4
897.979,2821.8
898.096,2815.4
898.212,2835.0
898.329,2831.8
898.445,2819.8
898.561,2832.2
898.678,2836.8
898.794,2843.4
898.911,2794.6
899.027,2846.2
899.143,2829.4
899.26,2808.2
899.376,2816.0
899.492,2813.0
899.609,2846.4
899.725,2842.0
899.842,2860.2
899.958,2838.2
900.074,2844.2
900.191,2870.4
900.307,2850.6
900.423,2845.0
900.539,2825.6
900.656,2834.0
900.772,2852.6
900.888,2857.0
901.005,2834.6
901.121,2828.0
901.237,2825.6
901.354,2825.8
901.47,2844.4
901.586,2841.2
901.703,2818.8
901.819,2830.8
901.935,2848.0
902.051,2822.0
902.168,2800.4
902.284,2859.8
902.4,2815.8
902.516,2809.6
902.633,2826.0
902.749,2843.0
902.865,2849.6
902.981,2817.0
903.098,2854.8
903.214,2844.8
903.33,2839.0
903.446,2832.8
903.562,2862.2
903.679,2837.8
903.795,2862.8
903.911,2843.6
904.027,2838.8
904.143,2847.2
904.26,2889.0
904.376,2852.0
904.492,2869.2
904.608,2850.6
904.724,2865.6
904.841,2854.4
904.957,2842.8
905.073,2872.8
905.189,2868.0
905.305,2858.6
905.421,2856.4
905.538,2878.8
905.654,2876.4
905.77,2871.4
905.886,2882.6
906.002,2871.6
906.118,2865.4
906.234,2857.8
906.35,2868.4
906.466,2888.8
906.583,2865.8
906.699,2891.6
906.815,2882.8
906.931,2890.8
907.047,2830.0
907.163,2903.4
907.279,2889.8
907.395,2870.0
907.511,2870.4
907.627,2880.2
907.743,2850.6
907.859,2894.8
907.976,2900.4
908.092,2893.0
908.208,2867.0
908.324,2892.8
908.44,2907.2
908.556,2880.6
908.672,2879.8
908.788,2877.2
908.904,2910.4
909.02,2881.6
909.136,2899.2
909.252,2906.4
909.368,2893.8
909.484,2879.2
909.6,2886.8
909.716,2873.2
909.832,2891.0
909.948,2896.2
910.064,2874.4
910.18,2936.0
910.296,2868.4
910.412,2886.6
910.528,2896.6
910.644,2904.0
910.76,2904.0
910.875,2906.4
910.991,2899.4
911.107,2907.0
911.223,2895.4
911.339,2885.2
911.455,2909.8
911.571,2884.4
911.687,2932.4
911.803,2882.8
911.919,2867.8
912.035,2908.8
912.151,2905.6
912.267,2881.8
912.382,2901.2
912.498,2879.8
912.614,2856.6
912.73,2888.2
912.846,2887.0
