792.446,1514
792.565,1494
792.684,1497
792.803,1482
792.922,1399
793.041,1324
793.16,1305
793.279,1299
793.398,1285
793.518,1222
793.637,1197
793.756,1188
793.875,1202
793.994,1149
794.113,1123
794.232,1082
794.351,1074
794.47,1037
794.589,1061
794.708,981
794.827,1000
794.946,1001
795.066,991
795.185,954
795.304,977
795.423,889
795.542,920
795.661,937
795.78,933
795.899,901
796.018,860
796.137,867
796.256,823
796.375,837
796.494,863
796.613,859
796.732,804
796.851,809
796.97,783
797.089,779
797.208,769
797.327,781
797.446,781
797.565,779
797.684,768
797.803,738
797.922,747
798.041,747
798.16,735
798.279,716
798.398,723
798.517,694
798.636,701
798.755,716
798.874,731
798.993,704
799.112,721
799.231,707
799.35,701
799.469,725
799.588,708
799.707,705
799.826,688
799.945,694
800.064,689
800.183,655
800.302,663
800.421,665
800.54,669
800.659,666
800.778,668
800.897,682
801.016,650
801.135,663
801.254,657
801.373,654
801.492,630
801.611,648
801.729,646
801.848,611
801.967,614
802.086,620
802.205,649
802.324,656
802.443,607
802.562,648
802.681,639
802.8,619
802.919,635
803.038,606
803.157,618
803.276,610
803.394,616
803.513,622
803.632,573
803.751,624
803.87,615
803.989,618
804.108,574
804.227,598
804.346,613
804.465,609
804.583,597
804.702,582
804.821,607
804.94,599
805.059,601
805.178,599
805.297,604
805.416,586
805.535,584
805.653,601
805.772,600
805.891,607
806.01,617
806.129,585
806.248,598
806.367,595
806.485,604
806.604,577
806.723,558
806.842,573
806.961,563
807.08,578
807.198,559
807.317,571
807.436,588
807.555,591
807.674,563
807.793,563
807.912,551
808.03,555
808.149,545
808.268,560
808.387,569
808.506,548
808.624,548
808.743,547
808.862,544
808.981,579
809.1,562
809.219,565
809.337,553
809.456,569
809.575,538
809.694,561
809.812,558
809.931,566
810.05,543
810.169,569
810.288,565
810.406,570
810.525,557
810.644,560
810.763,542
810.882,544
811.0,556
811.119,562
811.238,556
811.357,555
811.475,550
811.594,575
811.713,555
811.832,569
811.95,550
812.069,559
812.188,559
812.307,583
812.425,562
812.544,572
812.663,552
812.782,564
812.9,550
813.019,584
813.138,574
813.257,544
813.375,539
813.494,561
813.613,561
813.731,548
813.85,567
813.969,564
814.088,517
814.206,552
814.325,574
814.444,561
814.562,574
814.681,569
814.8,534
814.918,561
815.037,533
815.156,555
815.274,533
815.393,538
815.512,531
815.631,554
815.749,528
815.868,564
815.987,546
816.105,537
816.224,546
816.343,576
816.461,557
816.58,548
816.698,522
816.817,557
816.936,539
817.055,551
817.173,559
817.292,549
817.41,546
817.529,556
817.648,540
817.766,581
817.885,541
818.004,553
818.122,548
818.241,550
818.359,554
818.478,562
818.597,558
818.715,525
818.834,564
818.953,571
819.071,554
819.19,550
819.308,544
819.427,556
819.546,539
819.664,539
819.783,535
819.901,535
820.02,536
820.138,530
820.257,548
820.376,544
820.494,539
820.613,551
820.731,537
820.85,553
820.969,525
821.087,544
821.206,522
821.324,529
821.443,536
821.561,546
821.68,536
821.798,507
821.917,513
822.035,540
822.154,523
822.273,529
822.391,539
822.51,532
822.628,517
822.747,521
822.865,549
822.984,535
823.102,533
823.221,514
823.339,535
823.458,511
823.576,509
823.695,507
823.813,518
823.932,522
824.05,521
824.169,508
824.287,528
824.406,508
824.524,513
824.643,515
824.761,536
824.88,520
824.998,503
825.117,512
825.235,514
825.354,521
825.472,536
825.591,528
825.709,533
825.828,533
825.946,528
826.064,531
826.183,509
826.301,516
826.42,511
826.538,520
826.657,510
826.775,513
826.894,521
827.012,511
827.13,524
827.249,504
827.367,548
827.486,535
827.604,525
827.723,507
827.841,523
827.959,512
828.078,509
828.196,523
828.315,499
828.433,513
828.552,538
828.67,522
828.788,498
828.907,508
829.025,513
829.143,516
829.262,503
829.38,511
829.499,506
829.617,524
829.735,506
829.854,514
829.972,498
830.091,551
830.209,521
830.327,500
830.446,512
830.564,507
830.682,516
830.801,502
830.919,526
831.037,520
831.156,528
831.274,514
831.392,505
831.511,513
831.629,526
831.747,518
831.866,494
831.984,530
832.102,522
832.221,489
832.339,518
832.457,517
832.576,527
832.694,526
832.812,524
832.93,515
833.049,512
833.167,511
833.285,540
833.404,523
833.522,520
833.64,506
833.759,536
833.877,528
833.995,533
834.113,529
834.232,493
834.35,526
834.468,516
834.586,515
834.705,519
834.823,525
834.941,532
835.059,522
835.178,525
835.296,528
835.414,561
835.532,518
835.651,507
835.769,509
835.887,534
836.005,519
836.124,516
836.242,524
836.36,527
836.478,517
836.596,517
836.715,501
836.833,497
836.951,503
837.069,493
837.188,504
837.306,518
837.424,501
837.542,505
837.66,523
837.779,508
837.897,518
838.015,514
838.133,497
838.251,507
838.369,511
838.487,507
838.606,521
838.724,523
838.842,509
838.96,528
839.078,506
839.196,513
839.315,532
839.433,521
839.551,525
839.669,538
839.787,546
839.905,514
840.023,536
840.142,556
840.26,550
840.378,559
840.496,532
840.614,513
840.732,539
840.85,540
840.968,542
841.087,539
841.205,550
841.323,562
841.441,557
841.559,533
841.677,542
841.795,561
841.913,546
842.031,541
842.149,547
842.267,550
842.385,548
842.504,574
842.622,543
842.74,523
842.858,542
842.976,544
843.094,519
843.212,542
843.33,539
843.448,556
843.566,546
843.684,519
843.802,551
843.92,548
844.038,529
844.156,536
844.274,544
844.392,541
844.51,539
844.628,535
844.746,541
844.864,554
844.982,561
845.1,547
845.218,554
845.336,548
845.454,566
845.572,542
845.69,563
845.808,541
845.926,546
846.044,530
846.162,529
846.28,551
846.398,544
846.516,566
846.634,552
846.752,559
846.87,540
846.988,551
847.106,559
847.224,566
847.342,559
847.46,580
847.578,550
847.696,569
847.814,547
847.932,587
848.05,568
848.168,548
848.285,569
848.403,556
848.521,560
848.639,555
848.757,548
848.875,571
848.993,579
849.111,563
849.229,575
849.347,533
849.465,532
849.582,554
849.7,584
849.818,567
849.936,564
850.054,552
850.172,550
850.29,540
850.408,551
850.525,535
850.643,545
850.761,546
850.879,546
850.997,554
851.115,562
851.233,532
851.35,569
851.468,524
851.586,544
851.704,562
851.822,540
851.94,535
852.057,553
852.175,558
852.293,556
852.411,616
852.529,632
852.647,644
852.764,643
852.882,594
853.0,576
853.118,560
853.236,568
853.353,554
853.471,561
853.589,563
853.707,534
853.824,542
853.942,535
854.06,533
854.178,529
854.296,553
854.413,549
854.531,550
854.649,564
854.767,546
854.884,566
855.002,536
855.12,540
855.238,547
855.355,543
855.473,528
855.591,550
855.708,566
855.826,523
855.944,548
856.062,558
856.179,528
856.297,548
856.415,539
856.532,551
856.65,536
856.768,528
856.886,547
857.003,530
857.121,528
857.239,514
857.356,526
857.474,557
857.592,553
857.709,527
857.827,534
857.945,548
858.062,528
858.18,551
858.298,546
858.415,528
858.533,540
858.651,525
858.768,529
858.886,546
859.003,527
859.121,550
859.239,535
859.356,527
859.474,537
859.592,543
859.709,527
859.827,541
859.944,524
860.062,522
860.18,552
860.297,557
860.415,528
860.532,538
860.65,532
860.768,536
860.885,539
861.003,519
861.12,534
861.238,551
861.356,552
861.473,544
861.591,554
861.708,540
861.826,538
861.943,515
862.061,526
862.178,543
862.296,509
862.414,524
862.531,517
862.649,523
862.766,507
862.884,515
863.001,512
863.119,516
863.236,519
863.354,507
863.471,543
863.589,558
863.706,537
863.824,532
863.941,540
864.059,548
864.176,526
864.294,545
864.411,528
864.529,524
864.646,509
864.764,529
864.881,528
864.999,515
865.116,547
865.233,491
865.351,513
865.468,553
865.586,549
865.703,508
865.821,531
865.938,534
866.056,531
866.173,530
866.29,538
866.408,495
866.525,518
866.643,506
866.76,526
866.878,509
866.995,511
867.112,540
867.23,536
867.347,540
867.465,538
867.582,538
867.699,570
867.817,552
867.934,560
868.051,531
868.169,529
868.286,538
868.404,514
868.521,540
868.638,524
868.756,518
868.873,540
868.99,539
869.108,534
869.225,540
869.342,536
869.46,552
869.577,538
869.694,554
869.812,534
869.929,570
870.046,556
870.164,571
870.281,568
870.398,558
870.516,535
870.633,548
870.75,549
870.867,569
870.985,547
871.102,567
871.219,564
871.337,560
871.454,560
871.571,543
871.688,565
871.806,542
871.923,565
872.04,544
872.157,564
872.275,562
872.392,562
872.509,539
872.626,556
872.744,557
872.861,558
872.978,567
873.095,548
873.213,567
873.33,552
873.447,552
873.564,554
873.681,538
873.799,549
873.916,549
874.033,539
874.15,538
874.267,544
874.385,552
874.502,574
874.619,556
874.736,569
874.853,568
874.97,539
875.088,553
875.205,585
875.322,542
875.439,552
875.556,548
875.673,562
875.791,544
875.908,561
876.025,548
876.142,563
876.259,565
876.376,552
876.493,541
876.61,553
876.728,558
876.845,562
876.962,541
877.079,544
877.196,591
877.313,541
877.43,580
877.547,568
877.664,543
877.781,539
877.898,570
878.016,562
878.133,543
878.25,565
878.367,541
878.484,542
878.601,519
878.718,534
878.835,518
878.952,510
879.069,535
879.186,536
879.303,536
879.42,509
879.537,515
879.654,523
879.771,507
879.888,509
880.005,516
880.122,500
880.239,511
880.356,503
880.473,491
880.59,498
880.707,502
880.824,519
880.941,492
881.058,524
881.175,500
881.292,508
881.409,502
881.526,520
881.643,494
881.76,515
881.877,510
881.994,519
882.111,527
882.228,526
882.345,521
882.462,518
882.579,523
882.696,503
882.812,510
882.929,512
883.046,499
883.163,510
883.28,508
883.397,503
883.514,507
883.631,521
883.748,517
883.865,516
883.982,531
884.098,517
884.215,523
884.332,512
884.449,514
884.566,513
884.683,531
884.8,538
884.916,554
885.033,522
885.15,540
885.267,532
885.384,551
885.501,572
885.617,590
885.734,571
885.851,594
885.968,579
886.085,598
886.202,598
886.318,584
886.435,580
886.552,589
886.669,557
886.786,597
886.902,565
887.019,558
887.136,560
887.253,559
887.369,557
887.486,562
887.603,529
887.72,522
887.837,525
887.953,540
888.07,520
888.187,515
888.304,510
888.42,523
888.537,488
888.654,488
888.77,483
888.887,471
889.004,484
889.121,490
889.237,496
889.354,494
889.471,483
889.587,488
889.704,495
889.821,488
889.938,478
890.054,489
890.171,483
890.288,462
890.404,473
890.521,480
890.638,462
890.754,484
890.871,506
890.988,484
891.104,487
891.221,488
891.337,504
891.454,502
891.571,486
891.687,480
891.804,471
891.921,490
892.037,475
892.154,484
892.27,491
892.387,470
892.504,495
892.62,495
892.737,464
892.854,491
892.97,472
893.087,485
893.203,483
893.32,479
893.436,491
893.553,486
893.67,490
893.786,489
893.903,480
894.019,483
894.136,484
894.252,475
894.369,512
894.485,499
894.602,505
894.718,485
894.835,488
894.951,490
895.068,487
895.184,480
895.301,477
895.417,472
895.534,468
895.65,475
895.767,462
895.883,485
896.0,475
896.116,486
896.233,476
896.349,490
896.466,474
896.582,481
896.699,497
896.815,481
896.932,476
897.048,481
897.165,499
897.281,491
897.397,492
897.514,495
897.63,487
897.747,489
897.863,515
897.979,494
898.096,493
898.212,502
898.329,512
898.445,499
898.561,485
898.678,526
898.794,502
898.911,529
899.027,506
899.143,509
899.26,508
899.376,504
899.492,492
899.609,500
899.725,502
899.842,487
899.958,488
900.074,513
900.191,493
900.307,504
900.423,514
900.539,499
900.656,498
900.772,495
900.888,489
901.005,532
901.121,485
901.237,505
901.354,515
901.47,507
901.586,497
901.703,528
901.819,525
901.935,519
902.051,519
902.168,521
902.284,521
902.4,525
902.516,541
902.633,524
902.749,543
902.865,557
902.981,521
903.098,557
903.214,562
903.33,556
903.446,542
903.562,540
903.679,553
903.795,534
903.911,547
904.027,526
904.143,539
904.26,525
904.376,530
904.492,520
904.608,543
904.724,508
904.841,519
904.957,502
905.073,494
905.189,503
905.305,511
905.421,485
905.538,474
905.654,516
905.77,490
905.886,485
906.002,510
906.118,485
906.234,502
906.35,459
906.466,469
906.583,497
906.699,477
906.815,472
906.931,477
907.047,464
907.163,483
907.279,465
907.395,483
907.511,462
907.627,482
907.743,457
907.859,452
907.976,489
908.092,466
908.208,478
908.324,477
908.44,473
908.556,486
908.672,485
908.788,475
908.904,496
909.02,467
909.136,454
909.252,447
909.368,502
909.484,479
909.6,470
909.716,474
909.832,466
909.948,462
910.064,468
910.18,480
910.296,483
910.412,477
910.528,481
910.644,477
910.76,450
910.875,475
910.991,476
911.107,486
911.223,463
911.339,470
911.455,498
911.571,468
911.687,470
911.803,461
911.919,462
912.035,472
912.151,486
912.267,460
912.382,474
912.498,455
912.614,460
912.73,451
912.846,492
792.446,1554
792.565,1511
792.684,1490
792.803,1478
792.922,1382
793.041,1351
793.16,1329
793.279,1338
793.398,1297
793.518,1239
793.637,1215
793.756,1213
793.875,1204
793.994,1125
794.113,1164
794.232,1055
794.351,1063
794.47,1052
794.589,1049
794.708,998
794.827,1003
794.946,1009
795.066,982
795.185,956
795.304,976
795.423,942
795.542,930
795.661,940
795.78,911
795.899,892
796.018,899
796.137,880
796.256,863
796.375,843
796.494,826
796.613,826
796.732,802
796.851,806
796.97,810
797.089,780
797.208,788
797.327,769
797.446,783
797.565,772
797.684,775
797.803,741
797.922,746
798.041,738
798.16,749
798.279,746
798.398,722
798.517,727
798.636,704
798.755,688
798.874,722
798.993,724
799.112,700
799.231,715
799.35,723
799.469,682
799.588,717
799.707,691
799.826,688
799.945,700
800.064,700
800.183,689
800.302,702
800.421,661
800.54,658
800.659,692
800.778,678
800.897,671
801.016,680
801.135,644
801.254,674
801.373,677
801.492,642
801.611,669
801.729,662
801.848,655
801.967,650
802.086,622
802.205,626
802.324,624
802.443,654
802.562,639
802.681,624
802.8,621
802.919,656
803.038,614
803.157,632
803.276,641
803.394,600
803.513,616
803.632,600
803.751,589
803.87,624
803.989,611
804.108,604
804.227,599
804.346,607
804.465,611
804.583,599
804.702,613
804.821,594
804.94,612
805.059,596
805.178,584
805.297,592
805.416,565
805.535,586
805.653,593
805.772,577
805.891,574
806.01,583
806.129,605
806.248,576
806.367,588
806.485,599
806.604,588
806.723,593
806.842,573
806.961,582
807.08,564
807.198,599
807.317,590
807.436,558
807.555,588
807.674,585
807.793,547
807.912,570
808.03,574
808.149,554
808.268,552
808.387,558
808.506,597
808.624,563
808.743,556
808.862,562
808.981,553
809.1,567
809.219,553
809.337,530
809.456,588
809.575,572
809.694,541
809.812,562
809.931,570
810.05,555
810.169,566
810.288,572
810.406,558
810.525,567
810.644,535
810.763,563
810.882,569
811.0,554
811.119,555
811.238,547
811.357,550
811.475,577
811.594,588
811.713,551
811.832,537
811.95,564
812.069,553
812.188,564
812.307,570
812.425,578
812.544,534
812.663,557
812.782,551
812.9,537
813.019,566
813.138,546
813.257,552
813.375,549
813.494,555
813.613,564
813.731,557
813.85,553
813.969,547
814.088,539
814.206,572
814.325,554
814.444,563
814.562,559
814.681,538
814.8,562
814.918,535
815.037,544
815.156,555
815.274,556
815.393,552
815.512,530
815.631,541
815.749,548
815.868,546
815.987,551
816.105,540
816.224,532
816.343,537
816.461,559
816.58,542
816.698,566
816.817,545
816.936,548
817.055,561
817.173,522
817.292,562
817.41,539
817.529,546
817.648,558
817.766,558
817.885,543
818.004,537
818.122,568
818.241,558
818.359,556
818.478,574
818.597,527
818.715,542
818.834,555
818.953,559
819.071,561
819.19,524
819.308,544
819.427,541
819.546,561
819.664,523
819.783,553
819.901,564
820.02,533
820.138,525
820.257,544
820.376,526
820.494,551
820.613,548
820.731,558
820.85,533
820.969,543
821.087,531
821.206,510
821.324,544
821.443,548
821.561,541
821.68,525
821.798,548
821.917,529
822.035,549
822.154,539
822.273,522
822.391,552
822.51,523
822.628,534
822.747,524
822.865,510
822.984,517
823.102,522
823.221,522
823.339,510
823.458,505
823.576,525
823.695,503
823.813,511
823.932,536
824.05,532
824.169,515
824.287,522
824.406,508
824.524,511
824.643,543
824.761,517
824.88,539
824.998,521
825.117,519
825.235,511
825.354,540
825.472,522
825.591,527
825.709,519
825.828,538
825.946,548
826.064,525
826.183,523
826.301,501
826.42,514
826.538,520
826.657,510
826.775,540
826.894,505
827.012,532
827.13,527
827.249,537
827.367,528
827.486,526
827.604,524
827.723,524
827.841,527
827.959,535
828.078,512
828.196,542
828.315,520
828.433,496
828.552,525
828.67,524
828.788,521
828.907,518
829.025,517
829.143,511
829.262,518
829.38,492
829.499,532
829.617,487
829.735,500
829.854,528
829.972,513
830.091,516
830.209,537
830.327,508
830.446,487
830.564,518
830.682,530
830.801,504
830.919,551
831.037,513
831.156,521
831.274,532
831.392,532
831.511,497
831.629,518
831.747,506
831.866,525
831.984,502
832.102,522
832.221,510
832.339,521
832.457,531
832.576,520
832.694,523
832.812,520
832.93,518
833.049,499
833.167,511
833.285,515
833.404,503
833.522,526
833.64,509
833.759,529
833.877,510
833.995,526
834.113,521
834.232,527
834.35,520
834.468,520
834.586,527
834.705,517
834.823,532
834.941,534
835.059,530
835.178,531
835.296,550
835.414,538
835.532,521
835.651,529
835.769,507
835.887,514
836.005,508
836.124,528
836.242,532
836.36,526
836.478,495
836.596,513
836.715,501
836.833,497
836.951,510
837.069,514
837.188,483
837.306,508
837.424,491
837.542,494
837.66,500
837.779,522
837.897,496
838.015,527
838.133,508
838.251,523
838.369,515
838.487,520
838.606,526
838.724,505
838.842,493
838.96,524
839.078,498
839.196,496
839.315,519
839.433,539
839.551,526
839.669,529
839.787,522
839.905,535
840.023,534
840.142,540
840.26,533
840.378,527
840.496,540
840.614,548
840.732,531
840.85,546
840.968,526
841.087,533
841.205,518
841.323,542
841.441,537
841.559,545
841.677,542
841.795,546
841.913,556
842.031,544
842.149,535
842.267,555
842.385,555
842.504,550
842.622,528
842.74,539
842.858,542
842.976,545
843.094,540
843.212,553
843.33,535
843.448,559
843.566,553
843.684,580
843.802,543
843.92,540
844.038,539
844.156,563
844.274,544
844.392,568
844.51,569
844.628,537
844.746,541
844.864,539
844.982,583
845.1,547
845.218,545
845.336,554
845.454,526
845.572,556
845.69,534
845.808,518
845.926,554
846.044,538
846.162,542
846.28,549
846.398,562
846.516,539
846.634,535
846.752,547
846.87,555
846.988,561
847.106,553
847.224,560
847.342,557
847.46,560
847.578,568
847.696,539
847.814,571
847.932,560
848.05,555
848.168,561
848.285,555
848.403,548
848.521,576
848.639,550
848.757,533
848.875,560
848.993,581
849.111,557
849.229,565
849.347,563
849.465,555
849.582,553
849.7,568
849.818,565
849.936,566
850.054,560
850.172,545
850.29,550
850.408,522
850.525,563
850.643,554
850.761,545
850.879,541
850.997,564
851.115,536
851.233,552
851.35,546
851.468,559
851.586,565
851.704,523
851.822,564
851.94,553
852.057,527
852.175,564
852.293,569
852.411,595
852.529,618
852.647,649
852.764,619
852.882,629
853.0,592
853.118,586
853.236,571
853.353,568
853.471,519
853.589,544
853.707,543
853.824,563
853.942,533
854.06,542
854.178,541
854.296,553
854.413,564
854.531,552
854.649,556
854.767,566
854.884,533
855.002,548
855.12,554
855.238,532
855.355,529
855.473,545
855.591,532
855.708,552
855.826,532
855.944,526
856.062,554
856.179,529
856.297,523
856.415,538
856.532,547
856.65,554
856.768,531
856.886,539
857.003,528
857.121,532
857.239,559
857.356,550
857.474,539
857.592,530
857.709,539
857.827,545
857.945,512
858.062,534
858.18,535
858.298,540
858.415,535
858.533,527
858.651,559
858.768,540
858.886,535
859.003,519
859.121,536
859.239,519
859.356,541
859.474,532
859.592,550
859.709,551
859.827,541
859.944,526
860.062,538
860.18,540
860.297,553
860.415,560
860.532,515
860.65,534
860.768,546
860.885,527
861.003,546
861.12,520
861.238,534
861.356,546
861.473,540
861.591,547
861.708,556
861.826,534
861.943,536
862.061,536
862.178,531
862.296,532
862.414,530
862.531,526
862.649,502
862.766,509
862.884,504
863.001,496
863.119,501
863.236,529
863.354,527
863.471,511
863.589,514
863.706,550
863.824,525
863.941,544
864.059,534
864.176,545
864.294,538
864.411,534
864.529,508
864.646,519
864.764,518
864.881,508
864.999,519
865.116,531
865.233,517
865.351,508
865.468,564
865.586,521
865.703,549
865.821,517
865.938,542
866.056,536
866.173,538
866.29,547
866.408,522
866.525,542
866.643,520
866.76,533
866.878,544
866.995,525
867.112,529
867.23,541
867.347,549
867.465,516
867.582,537
867.699,525
867.817,555
867.934,558
868.051,515
868.169,513
868.286,509
868.404,553
868.521,524
868.638,548
868.756,538
868.873,539
868.99,544
869.108,542
869.225,547
869.342,560
869.46,560
869.577,571
869.694,549
869.812,567
869.929,560
870.046,550
870.164,559
870.281,555
870.398,554
870.516,558
870.633,544
870.75,561
870.867,554
870.985,571
871.102,558
871.219,563
871.337,571
871.454,560
871.571,547
871.688,574
871.806,560
871.923,578
872.04,561
872.157,575
872.275,549
872.392,548
872.509,567
872.626,584
872.744,560
872.861,581
872.978,561
873.095,526
873.213,556
873.33,558
873.447,536
873.564,566
873.681,549
873.799,560
873.916,542
874.033,534
874.15,522
874.267,567
874.385,551
874.502,562
874.619,557
874.736,557
874.853,544
874.97,544
875.088,541
875.205,571
875.322,569
875.439,554
875.556,568
875.673,544
875.791,569
875.908,556
876.025,550
876.142,572
876.259,553
876.376,550
876.493,551
876.61,554
876.728,571
876.845,547
876.962,546
877.079,564
877.196,559
877.313,552
877.43,563
877.547,603
877.664,556
877.781,568
877.898,552
878.016,560
878.133,556
878.25,566
878.367,540
878.484,560
878.601,542
878.718,536
878.835,537
878.952,529
879.069,530
879.186,510
879.303,492
879.42,538
879.537,528
879.654,510
879.771,523
879.888,486
880.005,515
880.122,507
880.239,505
880.356,504
880.473,515
880.59,505
880.707,502
880.824,513
880.941,500
881.058,504
881.175,487
881.292,502
881.409,508
881.526,500
881.643,487
881.76,528
881.877,511
881.994,543
882.111,525
882.228,509
882.345,490
882.462,495
882.579,509
882.696,512
882.812,512
882.929,520
883.046,502
883.163,527
883.28,531
883.397,510
883.514,514
883.631,509
883.748,506
883.865,521
883.982,511
884.098,545
884.215,516
884.332,533
884.449,510
884.566,546
884.683,498
884.8,568
884.916,542
885.033,571
885.15,565
885.267,576
885.384,565
885.501,596
885.617,611
885.734,594
885.851,571
885.968,598
886.085,588
886.202,599
886.318,608
886.435,587
886.552,580
886.669,605
886.786,572
886.902,578
887.019,549
887.136,573
887.253,531
887.369,540
887.486,529
887.603,552
887.72,526
887.837,531
887.953,516
888.07,522
888.187,514
888.304,505
888.42,497
888.537,528
888.654,497
888.77,493
888.887,494
889.004,485
889.121,502
889.237,485
889.354,482
889.471,491
889.587,503
889.704,489
889.821,478
889.938,460
890.054,480
890.171,491
890.288,486
890.404,476
890.521,472
890.638,492
890.754,465
890.871,497
890.988,487
891.104,485
891.221,500
891.337,484
891.454,494
891.571,497
891.687,504
891.804,492
891.921,493
892.037,502
892.154,497
892.27,498
892.387,496
892.504,497
892.62,485
892.737,488
892.854,485
892.97,499
893.087,488
893.203,506
893.32,480
893.436,472
893.553,494
893.67,499
893.786,479
893.903,496
894.019,496
894.136,480
894.252,496
894.369,495
894.485,495
894.602,476
894.718,494
894.835,473
894.951,472
895.068,495
895.184,485
895.301,491
895.417,472
895.534,501
895.65,480
895.767,477
895.883,501
896.0,505
896.116,489
896.233,494
896.349,490
896.466,488
896.582,494
896.699,474
896.815,481
896.932,488
897.048,492
897.165,503
897.281,499
897.397,472
897.514,508
897.63,492
897.747,493
897.863,470
897.979,492
898.096,514
898.212,494
898.329,486
898.445,509
898.561,514
898.678,505
898.794,497
898.911,496
899.027,504
899.143,504
899.26,502
899.376,508
899.492,498
899.609,504
899.725,506
899.842,487
899.958,500
900.074,493
900.191,517
900.307,491
900.423,522
900.539,503
900.656,517
900.772,487
900.888,519
901.005,515
901.121,517
901.237,492
901.354,484
901.47,537
901.586,516
901.703,539
901.819,495
901.935,527
902.051,537
902.168,543
902.284,550
902.4,538
902.516,567
902.633,558
902.749,542
902.865,555
902.981,558
903.098,551
903.214,565
903.33,548
903.446,560
903.562,535
903.679,554
903.795,550
903.911,551
904.027,524
904.143,547
904.26,528
904.376,516
904.492,536
904.608,532
904.724,498
904.841,519
904.957,506
905.073,513
905.189,477
905.305,505
905.421,499
905.538,486
905.654,490
905.77,488
905.886,496
906.002,492
906.118,480
906.234,477
906.35,471
906.466,485
906.583,482
906.699,489
906.815,474
906.931,492
907.047,477
907.163,484
907.279,457
907.395,470
907.511,480
907.627,498
907.743,448
907.859,475
907.976,479
908.092,471
908.208,460
908.324,486
908.44,478
908.556,479
908.672,472
908.788,477
908.904,486
909.02,459
909.136,457
909.252,469
909.368,461
909.484,484
909.6,476
909.716,463
909.832,473
909.948,506
910.064,474
910.18,472
910.296,470
910.412,481
910.528,461
910.644,479
910.76,482
910.875,481
910.991,455
911.107,480
911.223,478
911.339,473
911.455,478
911.571,460
911.687,463
911.803,460
911.919,468
912.035,470
912.151,477
912.267,476
912.382,476
912.498,461
912.614,466
912.73,448
912.846,449
792.446,1539
792.565,1475
792.684,1533
792.803,1446
792.922,1414
793.041,1352
793.16,1325
793.279,1313
793.398,1288
793.518,1199
793.637,1197
793.756,1187
793.875,1172
793.994,1160
794.113,1088
794.232,1068
794.351,1086
794.47,1046
794.589,1024
794.708,1027
794.827,1005
794.946,1005
795.066,986
795.185,977
795.304,983
795.423,926
795.542,927
795.661,936
795.78,886
795.899,895
796.018,874
796.137,879
796.256,854
796.375,869
796.494,857
796.613,801
796.732,814
796.851,796
796.97,787
797.089,802
797.208,790
797.327,770
797.446,768
797.565,788
797.684,766
797.803,782
797.922,759
798.041,765
798.16,753
798.279,731
798.398,716
798.517,710
798.636,727
798.755,698
798.874,723
798.993,696
799.112,723
799.231,682
799.35,697
799.469,715
799.588,689
799.707,674
799.826,728
799.945,708
800.064,691
800.183,696
800.302,674
800.421,657
800.54,665
800.659,676
800.778,656
800.897,654
801.016,680
801.135,665
801.254,649
801.373,640
801.492,618
801.611,642
801.729,645
801.848,645
801.967,624
802.086,634
802.205,654
802.324,637
802.443,651
802.562,629
802.681,622
802.8,654
802.919,598
803.038,627
803.157,624
803.276,606
803.394,624
803.513,612
803.632,615
803.751,597
803.87,578
803.989,600
804.108,605
804.227,620
804.346,610
804.465,605
804.583,613
804.702,565
804.821,619
804.94,602
805.059,601
805.178,598
805.297,598
805.416,594
805.535,593
805.653,591
805.772,561
805.891,593
806.01,594
806.129,603
806.248,591
806.367,569
806.485,583
806.604,608
806.723,583
806.842,586
806.961,565
807.08,571
807.198,582
807.317,572
807.436,559
807.555,564
807.674,589
807.793,573
807.912,550
808.03,549
808.149,578
808.268,567
808.387,569
808.506,588
808.624,577
808.743,545
808.862,556
808.981,550
809.1,566
809.219,551
809.337,548
809.456,540
809.575,566
809.694,562
809.812,551
809.931,537
810.05,540
810.169,539
810.288,556
810.406,548
810.525,566
810.644,565
810.763,560
810.882,526
811.0,558
811.119,553
811.238,538
811.357,534
811.475,561
811.594,546
811.713,575
811.832,568
811.95,564
812.069,542
812.188,546
812.307,573
812.425,567
812.544,580
812.663,560
812.782,552
812.9,570
813.019,543
813.138,541
813.257,555
813.375,562
813.494,548
813.613,540
813.731,562
813.85,533
813.969,555
814.088,567
814.206,547
814.325,547
814.444,551
814.562,552
814.681,558
814.8,532
814.918,567
815.037,551
815.156,541
815.274,557
815.393,565
815.512,559
815.631,543
815.749,536
815.868,549
815.987,555
816.105,547
816.224,550
816.343,536
816.461,566
816.58,530
816.698,539
816.817,550
816.936,539
817.055,560
817.173,551
817.292,531
817.41,532
817.529,556
817.648,573
817.766,566
817.885,557
818.004,565
818.122,566
818.241,533
818.359,546
818.478,548
818.597,562
818.715,556
818.834,564
818.953,562
819.071,552
819.19,537
819.308,556
819.427,539
819.546,525
819.664,528
819.783,558
819.901,536
820.02,554
820.138,539
820.257,544
820.376,543
820.494,532
820.613,539
820.731,544
820.85,536
820.969,518
821.087,547
821.206,539
821.324,516
821.443,518
821.561,536
821.68,553
821.798,555
821.917,577
822.035,536
822.154,536
822.273,519
822.391,533
822.51,515
822.628,545
822.747,549
822.865,542
822.984,516
823.102,552
823.221,518
823.339,537
823.458,509
823.576,527
823.695,515
823.813,534
823.932,533
824.05,532
824.169,515
824.287,504
824.406,506
824.524,549
824.643,516
824.761,513
824.88,504
824.998,520
825.117,514
825.235,530
825.354,501
825.472,508
825.591,534
825.709,538
825.828,517
825.946,525
826.064,530
826.183,533
826.301,525
826.42,530
826.538,518
826.657,503
826.775,527
826.894,515
827.012,533
827.13,526
827.249,550
827.367,519
827.486,530
827.604,535
827.723,508
827.841,523
827.959,508
828.078,528
828.196,518
828.315,513
828.433,511
828.552,505
828.67,526
828.788,530
828.907,511
829.025,494
829.143,523
829.262,514
829.38,517
829.499,511
829.617,519
829.735,513
829.854,523
829.972,517
830.091,538
830.209,512
830.327,505
830.446,521
830.564,510
830.682,527
830.801,499
830.919,527
831.037,501
831.156,514
831.274,521
831.392,526
831.511,508
831.629,512
831.747,528
831.866,524
831.984,509
832.102,511
832.221,535
832.339,508
832.457,534
832.576,523
832.694,512
832.812,518
832.93,518
833.049,503
833.167,531
833.285,498
833.404,531
833.522,528
833.64,523
833.759,509
833.877,522
833.995,528
834.113,526
834.232,529
834.35,519
834.468,527
834.586,534
834.705,533
834.823,531
834.941,501
835.059,528
835.178,551
835.296,519
835.414,525
835.532,555
835.651,531
835.769,501
835.887,537
836.005,502
836.124,513
836.242,517
836.36,504
836.478,519
836.596,511
836.715,487
836.833,494
836.951,473
837.069,508
837.188,509
837.306,499
837.424,468
837.542,507
837.66,506
837.779,520
837.897,504
838.015,504
838.133,498
838.251,510
838.369,502
838.487,512
838.606,521
838.724,514
838.842,502
838.96,528
839.078,502
839.196,519
839.315,529
839.433,512
839.551,522
839.669,531
839.787,523
839.905,548
840.023,562
840.142,555
840.26,536
840.378,564
840.496,543
840.614,557
840.732,521
840.85,515
840.968,531
841.087,543
841.205,541
841.323,533
841.441,546
841.559,535
841.677,576
841.795,547
841.913,550
842.031,572
842.149,549
842.267,568
842.385,533
842.504,532
842.622,546
842.74,538
842.858,546
842.976,532
843.094,540
843.212,548
843.33,549
843.448,560
843.566,560
843.684,569
843.802,536
843.92,549
844.038,548
844.156,546
844.274,530
844.392,566
844.51,553
844.628,546
844.746,547
844.864,532
844.982,537
845.1,547
845.218,521
845.336,561
845.454,559
845.572,557
845.69,553
845.808,537
845.926,551
846.044,562
846.162,550
846.28,559
846.398,545
846.516,556
846.634,546
846.752,559
846.87,545
846.988,564
847.106,550
847.224,570
847.342,547
847.46,558
847.578,552
847.696,576
847.814,546
847.932,603
848.05,566
848.168,531
848.285,577
848.403,576
848.521,575
848.639,544
848.757,566
848.875,551
848.993,559
849.111,556
849.229,534
849.347,544
849.465,565
849.582,550
849.7,544
849.818,566
849.936,565
850.054,556
850.172,526
850.29,553
850.408,536
850.525,529
850.643,531
850.761,539
850.879,539
850.997,563
851.115,527
851.233,549
851.35,541
851.468,545
851.586,541
851.704,557
851.822,523
851.94,547
852.057,553
852.175,558
852.293,577
852.411,589
852.529,615
852.647,650
852.764,638
852.882,596
853.0,579
853.118,568
853.236,568
853.353,554
853.471,544
853.589,561
853.707,547
853.824,540
853.942,539
854.06,560
854.178,555
854.296,543
854.413,542
854.531,559
854.649,555
854.767,559
854.884,555
855.002,559
855.12,556
855.238,533
855.355,551
855.473,546
855.591,535
855.708,539
855.826,530
855.944,554
856.062,533
856.179,544
856.297,548
856.415,573
856.532,543
856.65,550
856.768,533
856.886,539
857.003,531
857.121,557
857.239,533
857.356,551
857.474,546
857.592,533
857.709,552
857.827,571
857.945,522
858.062,544
858.18,529
858.298,547
858.415,515
858.533,555
858.651,571
858.768,529
858.886,537
859.003,521
859.121,550
859.239,536
859.356,526
859.474,553
859.592,549
859.709,530
859.827,529
859.944,541
860.062,538
860.18,525
860.297,517
860.415,533
860.532,537
860.65,551
860.768,521
860.885,536
861.003,528
861.12,543
861.238,545
861.356,547
861.473,540
861.591,550
861.708,535
861.826,529
861.943,521
862.061,539
862.178,546
862.296,533
862.414,506
862.531,513
862.649,503
862.766,530
862.884,497
863.001,501
863.119,514
863.236,532
863.354,527
863.471,529
863.589,544
863.706,525
863.824,545
863.941,551
864.059,528
864.176,550
864.294,532
864.411,546
864.529,524
864.646,515
864.764,526
864.881,516
864.999,538
865.116,536
865.233,557
865.351,498
865.468,532
865.586,550
865.703,516
865.821,520
865.938,541
866.056,518
866.173,522
866.29,515
866.408,515
866.525,539
866.643,520
866.76,528
866.878,513
866.995,541
867.112,526
867.23,522
867.347,536
867.465,567
867.582,539
867.699,545
867.817,548
867.934,532
868.051,531
868.169,548
868.286,537
868.404,512
868.521,542
868.638,551
868.756,528
868.873,541
868.99,538
869.108,541
869.225,536
869.342,552
869.46,540
869.577,558
869.694,560
869.812,548
869.929,553
870.046,582
870.164,567
870.281,563
870.398,528
870.516,577
870.633,550
870.75,577
870.867,544
870.985,553
871.102,538
871.219,554
871.337,576
871.454,574
871.571,580
871.688,558
871.806,542
871.923,558
872.04,541
872.157,549
872.275,561
872.392,550
872.509,556
872.626,560
872.744,565
872.861,544
872.978,544
873.095,556
873.213,566
873.33,537
873.447,541
873.564,525
873.681,557
873.799,565
873.916,559
874.033,547
874.15,549
874.267,539
874.385,545
874.502,543
874.619,543
874.736,547
874.853,559
874.97,569
875.088,574
875.205,551
875.322,554
875.439,556
875.556,543
875.673,554
875.791,549
875.908,561
876.025,575
876.142,570
876.259,578
876.376,550
876.493,568
876.61,552
876.728,557
876.845,565
876.962,537
877.079,580
877.196,539
877.313,543
877.43,561
877.547,574
877.664,542
877.781,566
877.898,563
878.016,567
878.133,554
878.25,568
878.367,530
878.484,532
878.601,540
878.718,530
878.835,537
878.952,537
879.069,530
879.186,521
879.303,526
879.42,522
879.537,511
879.654,523
879.771,510
879.888,517
880.005,495
880.122,514
880.239,497
880.356,501
880.473,518
880.59,526
880.707,527
880.824,505
880.941,506
881.058,504
881.175,510
881.292,510
881.409,498
881.526,507
881.643,519
881.76,519
881.877,510
881.994,511
882.111,532
882.228,503
882.345,514
882.462,508
882.579,521
882.696,522
882.812,507
882.929,525
883.046,495
883.163,521
883.28,511
883.397,510
883.514,523
883.631,508
883.748,529
883.865,543
883.982,518
884.098,500
884.215,525
884.332,542
884.449,523
884.566,526
884.683,551
884.8,535
884.916,513
885.033,554
885.15,567
885.267,557
885.384,572
885.501,587
885.617,568
885.734,607
885.851,567
885.968,612
886.085,593
886.202,618
886.318,595
886.435,600
886.552,582
886.669,563
886.786,566
886.902,576
887.019,562
887.136,574
887.253,548
887.369,569
887.486,555
887.603,537
887.72,526
887.837,521
887.953,510
888.07,520
888.187,531
888.304,517
888.42,494
888.537,502
888.654,498
888.77,513
888.887,510
889.004,504
889.121,490
889.237,492
889.354,480
889.471,487
889.587,498
889.704,482
889.821,487
889.938,499
890.054,476
890.171,505
890.288,494
890.404,478
890.521,477
890.638,510
890.754,471
890.871,485
890.988,488
891.104,495
891.221,500
891.337,495
891.454,504
891.571,490
891.687,488
891.804,490
891.921,497
892.037,478
892.154,483
892.27,486
892.387,481
892.504,515
892.62,496
892.737,498
892.854,466
892.97,485
893.087,474
893.203,487
893.32,472
893.436,486
893.553,491
893.67,471
893.786,502
893.903,478
894.019,496
894.136,493
894.252,480
894.369,494
894.485,487
894.602,489
894.718,509
894.835,491
894.951,484
895.068,474
895.184,479
895.301,498
895.417,468
895.534,492
895.65,472
895.767,497
895.883,497
896.0,485
896.116,493
896.233,500
896.349,478
896.466,481
896.582,469
896.699,488
896.815,484
896.932,495
897.048,493
897.165,488
897.281,506
897.397,490
897.514,488
897.63,496
897.747,485
897.863,471
897.979,493
898.096,513
898.212,503
898.329,488
898.445,499
898.561,487
898.678,494
898.794,529
898.911,506
899.027,501
899.143,499
899.26,495
899.376,480
899.492,503
899.609,521
899.725,484
899.842,481
899.958,503
900.074,502
900.191,506
900.307,510
900.423,498
900.539,492
900.656,486
900.772,517
900.888,519
901.005,509
901.121,497
901.237,526
901.354,532
901.47,501
901.586,517
901.703,500
901.819,524
901.935,522
902.051,533
902.168,532
902.284,550
902.4,532
902.516,552
902.633,537
902.749,556
902.865,550
902.981,571
903.098,534
903.214,547
903.33,574
903.446,552
903.562,541
903.679,533
903.795,527
903.911,535
904.027,545
904.143,544
904.26,546
904.376,522
904.492,533
904.608,510
904.724,508
904.841,537
904.957,524
905.073,506
905.189,491
905.305,528
905.421,494
905.538,512
905.654,496
905.77,512
905.886,472
906.002,499
906.118,499
906.234,476
906.35,452
906.466,476
906.583,490
906.699,498
906.815,470
906.931,469
907.047,463
907.163,481
907.279,471
907.395,480
907.511,455
907.627,491
907.743,452
907.859,498
907.976,463
908.092,474
908.208,472
908.324,472
908.44,457
908.556,473
908.672,478
908.788,486
908.904,464
909.02,495
909.136,480
909.252,463
909.368,502
909.484,470
909.6,477
909.716,466
909.832,486
909.948,471
910.064,455
910.18,478
910.296,486
910.412,471
910.528,459
910.644,478
910.76,481
910.875,479
910.991,468
911.107,487
911.223,478
911.339,465
911.455,460
911.571,486
911.687,483
911.803,480
911.919,465
912.035,492
912.151,475
912.267,461
912.382,447
912.498,481
912.614,471
912.73,458
912.846,466
