792.446,302
792.565,341
792.684,397
792.803,391
792.922,332
793.041,301
793.16,305
793.279,348
793.398,316
793.518,316
793.637,320
793.756,316
793.875,338
793.994,322
794.113,328
794.232,314
794.351,329
794.47,316
794.589,330
794.708,308
794.827,318
794.946,313
795.066,320
795.185,321
795.304,320
795.423,328
795.542,322
795.661,317
795.78,321
795.899,318
796.018,318
796.137,327
796.256,330
796.375,327
796.494,320
796.613,313
796.732,346
796.851,312
796.97,324
797.089,325
797.208,318
797.327,322
797.446,322
797.565,323
797.684,321
797.803,316
797.922,321
798.041,318
798.16,319
798.279,327
798.398,328
798.517,313
798.636,327
798.755,310
798.874,322
798.993,320
799.112,320
799.231,330
799.35,321
799.469,323
799.588,316
799.707,320
799.826,320
799.945,316
800.064,330
800.183,325
800.302,317
800.421,332
800.54,330
800.659,314
800.778,325
800.897,330
801.016,320
801.135,317
801.254,332
801.373,321
801.492,336
801.611,319
801.729,324
801.848,305
801.967,329
802.086,318
802.205,320
802.324,333
802.443,325
802.562,327
802.681,322
802.8,320
802.919,325
803.038,322
803.157,314
803.276,323
803.394,331
803.513,305
803.632,327
803.751,319
803.87,323
803.989,306
804.108,312
804.227,307
804.346,322
804.465,313
804.583,337
804.702,320
804.821,320
804.94,326
805.059,320
805.178,324
805.297,316
805.416,323
805.535,315
805.653,315
805.772,326
805.891,316
806.01,321
806.129,320
806.248,306
806.367,319
806.485,317
806.604,325
806.723,323
806.842,313
806.961,319
807.08,325
807.198,319
807.317,325
807.436,315
807.555,328
807.674,320
807.793,320
807.912,319
808.03,325
808.149,319
808.268,322
808.387,323
808.506,314
808.624,329
808.743,315
808.862,332
808.981,326
809.1,318
809.219,301
809.337,324
809.456,324
809.575,313
809.694,319
809.812,318
809.931,317
810.05,334
810.169,316
810.288,322
810.406,321
810.525,324
810.644,331
810.763,328
810.882,326
811.0,316
811.119,332
811.238,328
811.357,315
811.475,323
811.594,317
811.713,324
811.832,328
811.95,325
812.069,329
812.188,326
812.307,327
812.425,335
812.544,318
812.663,320
812.782,316
812.9,334
813.019,316
813.138,306
813.257,318
813.375,326
813.494,320
813.613,331
813.731,319
813.85,328
813.969,329
814.088,307
814.206,315
814.325,332
814.444,335
814.562,310
814.681,308
814.8,321
814.918,329
815.037,325
815.156,327
815.274,318
815.393,320
815.512,315
815.631,326
815.749,321
815.868,304
815.987,331
816.105,308
816.224,319
816.343,329
816.461,327
816.58,319
816.698,323
816.817,304
816.936,331
817.055,331
817.173,318
817.292,313
817.41,317
817.529,331
817.648,322
817.766,318
817.885,298
818.004,328
818.122,318
818.241,319
818.359,328
818.478,314
818.597,327
818.715,311
818.834,315
818.953,320
819.071,316
819.19,330
819.308,320
819.427,318
819.546,331
819.664,313
819.783,315
819.901,309
820.02,320
820.138,325
820.257,330
820.376,316
820.494,313
820.613,312
820.731,328
820.85,310
820.969,328
821.087,316
821.206,333
821.324,318
821.443,321
821.561,319
821.68,312
821.798,323
821.917,321
822.035,300
822.154,324
822.273,304
822.391,320
822.51,312
822.628,317
822.747,302
822.865,316
822.984,309
823.102,313
823.221,311
823.339,306
823.458,318
823.576,310
823.695,326
823.813,324
823.932,313
824.05,321
824.169,318
824.287,312
824.406,309
824.524,320
824.643,310
824.761,328
824.88,304
824.998,323
825.117,309
825.235,304
825.354,315
825.472,334
825.591,319
825.709,316
825.828,322
825.946,314
826.064,325
826.183,311
826.301,325
826.42,313
826.538,310
826.657,324
826.775,317
826.894,321
827.012,305
827.13,310
827.249,307
827.367,318
827.486,313
827.604,319
827.723,320
827.841,319
827.959,307
828.078,313
828.196,314
828.315,325
828.433,322
828.552,315
828.67,312
828.788,322
828.907,306
829.025,315
829.143,323
829.262,320
829.38,315
829.499,338
829.617,306
829.735,318
829.854,317
829.972,315
830.091,319
830.209,331
830.327,299
830.446,317
830.564,296
830.682,317
830.801,314
830.919,312
831.037,312
831.156,306
831.274,309
831.392,307
831.511,306
831.629,320
831.747,310
831.866,319
831.984,288
832.102,322
832.221,318
832.339,310
832.457,309
832.576,308
832.694,319
832.812,313
832.93,322
833.049,319
833.167,308
833.285,320
833.404,314
833.522,301
833.64,317
833.759,316
833.877,307
833.995,298
834.113,306
834.232,327
834.35,320
834.468,313
834.586,302
834.705,306
834.823,305
834.941,318
835.059,319
835.178,318
835.296,313
835.414,316
835.532,314
835.651,308
835.769,308
835.887,320
836.005,305
836.124,315
836.242,313
836.36,322
836.478,320
836.596,321
836.715,326
836.833,311
836.951,314
837.069,328
837.188,308
837.306,320
837.424,300
837.542,323
837.66,315
837.779,322
837.897,319
838.015,309
838.133,304
838.251,314
838.369,306
838.487,319
838.606,321
838.724,310
838.842,308
838.96,319
839.078,304
839.196,318
839.315,303
839.433,321
839.551,313
839.669,332
839.787,319
839.905,321
840.023,312
840.142,317
840.26,305
840.378,337
840.496,318
840.614,320
840.732,317
840.85,322
840.968,309
841.087,332
841.205,314
841.323,324
841.441,316
841.559,313
841.677,308
841.795,325
841.913,310
842.031,331
842.149,314
842.267,317
842.385,310
842.504,326
842.622,298
842.74,327
842.858,305
842.976,315
843.094,316
843.212,322
843.33,318
843.448,311
843.566,311
843.684,323
843.802,313
843.92,313
844.038,327
844.156,314
844.274,305
844.392,319
844.51,311
844.628,313
844.746,317
844.864,317
844.982,311
845.1,328
845.218,302
845.336,312
845.454,304
845.572,316
845.69,312
845.808,315
845.926,304
846.044,332
846.162,326
846.28,307
846.398,321
846.516,307
846.634,315
846.752,315
846.87,310
846.988,309
847.106,312
847.224,327
847.342,307
847.46,324
847.578,303
847.696,314
847.814,315
847.932,317
848.05,303
848.168,323
848.285,321
848.403,318
848.521,321
848.639,319
848.757,303
848.875,321
848.993,307
849.111,313
849.229,313
849.347,333
849.465,314
849.582,320
849.7,323
849.818,312
849.936,313
850.054,326
850.172,315
850.29,326
850.408,310
850.525,317
850.643,322
850.761,323
850.879,322
850.997,318
851.115,302
851.233,325
851.35,316
851.468,322
851.586,317
851.704,318
851.822,316
851.94,314
852.057,302
852.175,314
852.293,306
852.411,320
852.529,307
852.647,317
852.764,296
852.882,318
853.0,314
853.118,321
853.236,322
853.353,322
853.471,318
853.589,304
853.707,310
853.824,319
853.942,307
854.06,308
854.178,317
854.296,314
854.413,313
854.531,316
854.649,318
854.767,310
854.884,319
855.002,316
855.12,313
855.238,309
855.355,309
855.473,319
855.591,314
855.708,318
855.826,312
855.944,321
856.062,317
856.179,327
856.297,321
856.415,323
856.532,305
856.65,317
856.768,312
856.886,317
857.003,313
857.121,322
857.239,342
857.356,314
857.474,314
857.592,320
857.709,310
857.827,316
857.945,317
858.062,317
858.18,309
858.298,307
858.415,305
858.533,311
858.651,306
858.768,315
858.886,302
859.003,308
859.121,316
859.239,316
859.356,310
859.474,311
859.592,307
859.709,328
859.827,305
859.944,321
860.062,306
860.18,320
860.297,306
860.415,318
860.532,307
860.65,315
860.768,315
860.885,313
861.003,320
861.12,313
861.238,309
861.356,294
861.473,316
861.591,308
861.708,306
861.826,325
861.943,311
862.061,322
862.178,322
862.296,320
862.414,306
862.531,327
862.649,312
862.766,314
862.884,316
863.001,317
863.119,318
863.236,322
863.354,315
863.471,314
863.589,297
863.706,312
863.824,309
863.941,318
864.059,305
864.176,312
864.294,318
864.411,304
864.529,322
864.646,316
864.764,305
864.881,333
864.999,323
865.116,312
865.233,303
865.351,310
865.468,325
865.586,306
865.703,315
865.821,322
865.938,299
866.056,323
866.173,325
866.29,305
866.408,312
866.525,305
866.643,316
866.76,306
866.878,315
866.995,333
867.112,319
867.23,328
867.347,316
867.465,323
867.582,325
867.699,318
867.817,304
867.934,320
868.051,312
868.169,327
868.286,310
868.404,309
868.521,314
868.638,314
868.756,310
868.873,313
868.99,322
869.108,310
869.225,327
869.342,309
869.46,309
869.577,310
869.694,309
869.812,319
869.929,317
870.046,325
870.164,315
870.281,324
870.398,326
870.516,310
870.633,310
870.75,315
870.867,311
870.985,322
871.102,305
871.219,317
871.337,317
871.454,325
871.571,307
871.688,309
871.806,318
871.923,317
872.04,305
872.157,322
872.275,305
872.392,322
872.509,298
872.626,312
872.744,315
872.861,311
872.978,299
873.095,323
873.213,313
873.33,317
873.447,321
873.564,315
873.681,316
873.799,313
873.916,300
874.033,331
874.15,308
874.267,312
874.385,310
874.502,315
874.619,313
874.736,309
874.853,319
874.97,308
875.088,291
875.205,320
875.322,303
875.439,298
875.556,297
875.673,326
875.791,295
875.908,319
876.025,305
876.142,323
876.259,299
876.376,318
876.493,314
876.61,319
876.728,312
876.845,317
876.962,292
877.079,330
877.196,316
877.313,331
877.43,295
877.547,311
877.664,305
877.781,324
877.898,310
878.016,310
878.133,318
878.25,297
878.367,305
878.484,312
878.601,320
878.718,310
878.835,322
878.952,307
879.069,318
879.186,316
879.303,310
879.42,333
879.537,317
879.654,316
879.771,317
879.888,321
880.005,298
880.122,312
880.239,316
880.356,314
880.473,316
880.59,319
880.707,304
880.824,312
880.941,303
881.058,316
881.175,319
881.292,313
881.409,321
881.526,303
881.643,309
881.76,334
881.877,315
881.994,312
882.111,302
882.228,304
882.345,312
882.462,306
882.579,310
882.696,319
882.812,319
882.929,312
883.046,307
883.163,326
883.28,297
883.397,310
883.514,311
883.631,317
883.748,314
883.865,320
883.982,304
884.098,318
884.215,316
884.332,320
884.449,314
884.566,319
884.683,308
884.8,327
884.916,321
885.033,315
885.15,310
885.267,307
885.384,315
885.501,313
885.617,314
885.734,312
885.851,318
885.968,329
886.085,307
886.202,318
886.318,307
886.435,313
886.552,318
886.669,324
886.786,309
886.902,314
887.019,313
887.136,320
887.253,307
887.369,314
887.486,302
887.603,309
887.72,302
887.837,319
887.953,313
888.07,311
888.187,317
888.304,322
888.42,317
888.537,322
888.654,310
888.77,332
888.887,312
889.004,319
889.121,317
889.237,316
889.354,323
889.471,329
889.587,332
889.704,312
889.821,319
889.938,317
890.054,320
890.171,315
890.288,315
890.404,319
890.521,318
890.638,309
890.754,316
890.871,309
890.988,307
891.104,303
891.221,306
891.337,315
891.454,306
891.571,324
891.687,315
891.804,335
891.921,312
892.037,317
892.154,318
892.27,314
892.387,317
892.504,320
892.62,319
892.737,310
892.854,313
892.97,324
893.087,299
893.203,298
893.32,309
893.436,324
893.553,303
893.67,315
893.786,316
893.903,319
894.019,304
894.136,324
894.252,310
894.369,311
894.485,323
894.602,319
894.718,317
894.835,320
894.951,325
895.068,307
895.184,308
895.301,321
895.417,313
895.534,317
895.65,311
895.767,321
895.883,311
896.0,312
896.116,311
896.233,316
896.349,302
896.466,324
896.582,314
896.699,320
896.815,310
896.932,321
897.048,306
897.165,312
897.281,301
897.397,325
897.514,313
897.63,322
897.747,310
897.863,317
897.979,330
898.096,312
898.212,326
898.329,321
898.445,309
898.561,317
898.678,315
898.794,314
898.911,324
899.027,312
899.143,317
899.26,322
899.376,295
899.492,319
899.609,300
899.725,317
899.842,301
899.958,332
900.074,310
900.191,300
900.307,313
900.423,312
900.539,321
900.656,322
900.772,315
900.888,311
901.005,310
901.121,322
901.237,318
901.354,314
901.47,305
901.586,302
901.703,318
901.819,323
901.935,306
902.051,313
902.168,314
902.284,333
902.4,303
902.516,309
902.633,311
902.749,315
902.865,314
902.981,303
903.098,316
903.214,328
903.33,319
903.446,326
903.562,320
903.679,304
903.795,317
903.911,315
904.027,318
904.143,323
904.26,311
904.376,314
904.492,336
904.608,321
904.724,319
904.841,298
904.957,297
905.073,311
905.189,305
905.305,325
905.421,321
905.538,315
905.654,317
905.77,318
905.886,317
906.002,323
906.118,312
906.234,322
906.35,314
906.466,320
906.583,319
906.699,325
906.815,316
906.931,322
907.047,324
907.163,319
907.279,315
907.395,316
907.511,315
907.627,318
907.743,308
907.859,325
907.976,308
908.092,319
908.208,315
908.324,323
908.44,308
908.556,321
908.672,313
908.788,321
908.904,325
909.02,320
909.136,311
909.252,304
909.368,297
909.484,320
909.6,317
909.716,311
909.832,314
909.948,317
910.064,326
910.18,321
910.296,308
910.412,321
910.528,308
910.644,320
910.76,317
910.875,315
910.991,309
911.107,308
911.223,304
911.339,315
911.455,310
911.571,313
911.687,312
911.803,319
911.919,305
912.035,325
912.151,310
912.267,311
912.382,304
912.498,320
912.614,318
912.73,316
912.846,317
792.446,315
792.565,349
792.684,396
792.803,361
792.922,334
793.041,309
793.16,323
793.279,321
793.398,296
793.518,321
793.637,309
793.756,322
793.875,367
793.994,347
794.113,328
794.232,314
794.351,326
794.47,343
794.589,329
794.708,318
794.827,331
794.946,324
795.066,336
795.185,319
795.304,318
795.423,317
795.542,320
795.661,321
795.78,321
795.899,315
796.018,315
796.137,330
796.256,312
796.375,321
796.494,329
796.613,314
796.732,324
796.851,316
796.97,322
797.089,323
797.208,324
797.327,321
797.446,308
797.565,326
797.684,321
797.803,325
797.922,320
798.041,331
798.16,324
798.279,306
798.398,326
798.517,316
798.636,333
798.755,309
798.874,316
798.993,327
799.112,323
799.231,335
799.35,316
799.469,311
799.588,305
799.707,319
799.826,326
799.945,324
800.064,330
800.183,309
800.302,320
800.421,327
800.54,322
800.659,341
800.778,317
800.897,344
801.016,327
801.135,310
801.254,317
801.373,318
801.492,318
801.611,325
801.729,315
801.848,311
801.967,317
802.086,329
802.205,330
802.324,316
802.443,322
802.562,325
802.681,321
802.8,315
802.919,332
803.038,331
803.157,326
803.276,321
803.394,315
803.513,337
803.632,319
803.751,325
803.87,321
803.989,323
804.108,312
804.227,320
804.346,320
804.465,322
804.583,323
804.702,316
804.821,319
804.94,325
805.059,322
805.178,315
805.297,334
805.416,318
805.535,337
805.653,317
805.772,321
805.891,326
806.01,324
806.129,307
806.248,317
806.367,316
806.485,318
806.604,321
806.723,334
806.842,318
806.961,318
807.08,320
807.198,333
807.317,315
807.436,326
807.555,305
807.674,322
807.793,319
807.912,324
808.03,306
808.149,325
808.268,310
808.387,342
808.506,312
808.624,329
808.743,317
808.862,318
808.981,320
809.1,330
809.219,321
809.337,326
809.456,305
809.575,333
809.694,308
809.812,314
809.931,312
810.05,310
810.169,317
810.288,330
810.406,338
810.525,310
810.644,312
810.763,327
810.882,321
811.0,328
811.119,314
811.238,314
811.357,316
811.475,327
811.594,320
811.713,326
811.832,303
811.95,310
812.069,309
812.188,329
812.307,310
812.425,329
812.544,310
812.663,327
812.782,317
812.9,329
813.019,327
813.138,313
813.257,304
813.375,333
813.494,322
813.613,322
813.731,321
813.85,329
813.969,324
814.088,324
814.206,318
814.325,315
814.444,313
814.562,321
814.681,330
814.8,323
814.918,319
815.037,318
815.156,315
815.274,331
815.393,326
815.512,325
815.631,311
815.749,323
815.868,333
815.987,306
816.105,315
816.224,324
816.343,319
816.461,329
816.58,313
816.698,329
816.817,316
816.936,336
817.055,314
817.173,320
817.292,319
817.41,326
817.529,311
817.648,331
817.766,308
817.885,331
818.004,314
818.122,308
818.241,315
818.359,315
818.478,322
818.597,324
818.715,321
818.834,323
818.953,316
819.071,317
819.19,324
819.308,334
819.427,312
819.546,315
819.664,317
819.783,318
819.901,316
820.02,316
820.138,315
820.257,320
820.376,309
820.494,325
820.613,309
820.731,320
820.85,326
820.969,320
821.087,311
821.206,327
821.324,312
821.443,325
821.561,308
821.68,318
821.798,309
821.917,298
822.035,312
822.154,310
822.273,322
822.391,327
822.51,321
822.628,314
822.747,320
822.865,319
822.984,313
823.102,319
823.221,317
823.339,311
823.458,310
823.576,318
823.695,309
823.813,320
823.932,302
824.05,330
824.169,316
824.287,321
824.406,306
824.524,311
824.643,315
824.761,313
824.88,306
824.998,323
825.117,315
825.235,323
825.354,308
825.472,325
825.591,333
825.709,322
825.828,314
825.946,317
826.064,314
826.183,314
826.301,321
826.42,324
826.538,319
826.657,328
826.775,316
826.894,302
827.012,304
827.13,308
827.249,306
827.367,312
827.486,305
827.604,318
827.723,323
827.841,322
827.959,303
828.078,320
828.196,306
828.315,323
828.433,308
828.552,316
828.67,313
828.788,307
828.907,303
829.025,313
829.143,317
829.262,324
829.38,303
829.499,314
829.617,314
829.735,312
829.854,321
829.972,313
830.091,310
830.209,322
830.327,315
830.446,306
830.564,324
830.682,320
830.801,312
830.919,323
831.037,307
831.156,320
831.274,314
831.392,302
831.511,321
831.629,310
831.747,325
831.866,329
831.984,301
832.102,321
832.221,316
832.339,328
832.457,313
832.576,320
832.694,327
832.812,305
832.93,315
833.049,322
833.167,322
833.285,323
833.404,316
833.522,336
833.64,317
833.759,318
833.877,302
833.995,312
834.113,301
834.232,323
834.35,322
834.468,315
834.586,325
834.705,322
834.823,314
834.941,319
835.059,305
835.178,326
835.296,323
835.414,323
835.532,303
835.651,320
835.769,308
835.887,321
836.005,308
836.124,316
836.242,308
836.36,325
836.478,316
836.596,320
836.715,307
836.833,312
836.951,316
837.069,318
837.188,304
837.306,323
837.424,317
837.542,322
837.66,308
837.779,309
837.897,310
838.015,315
838.133,316
838.251,304
838.369,325
838.487,315
838.606,325
838.724,318
838.842,313
838.96,310
839.078,309
839.196,317
839.315,311
839.433,316
839.551,309
839.669,310
839.787,307
839.905,312
840.023,312
840.142,322
840.26,316
840.378,317
840.496,325
840.614,317
840.732,308
840.85,312
840.968,324
841.087,335
841.205,315
841.323,310
841.441,304
841.559,317
841.677,317
841.795,322
841.913,309
842.031,319
842.149,323
842.267,309
842.385,302
842.504,304
842.622,318
842.74,320
842.858,297
842.976,313
843.094,305
843.212,313
843.33,310
843.448,323
843.566,320
843.684,305
843.802,321
843.92,305
844.038,305
844.156,299
844.274,322
844.392,322
844.51,306
844.628,318
844.746,306
844.864,327
844.982,312
845.1,335
845.218,314
845.336,330
845.454,302
845.572,321
845.69,329
845.808,313
845.926,319
846.044,316
846.162,311
846.28,329
846.398,314
846.516,303
846.634,304
846.752,313
846.87,315
846.988,318
847.106,327
847.224,318
847.342,315
847.46,308
847.578,311
847.696,318
847.814,313
847.932,314
848.05,306
848.168,312
848.285,313
848.403,320
848.521,316
848.639,330
848.757,321
848.875,308
848.993,310
849.111,312
849.229,314
849.347,302
849.465,311
849.582,317
849.7,308
849.818,310
849.936,314
850.054,311
850.172,319
850.29,304
850.408,301
850.525,309
850.643,327
850.761,318
850.879,306
850.997,321
851.115,326
851.233,318
851.35,328
851.468,325
851.586,307
851.704,313
851.822,319
851.94,320
852.057,310
852.175,320
852.293,316
852.411,336
852.529,316
852.647,303
852.764,307
852.882,317
853.0,324
853.118,319
853.236,323
853.353,331
853.471,299
853.589,320
853.707,304
853.824,306
853.942,302
854.06,302
854.178,334
854.296,329
854.413,312
854.531,320
854.649,303
854.767,330
854.884,320
855.002,317
855.12,310
855.238,321
855.355,313
855.473,317
855.591,317
855.708,324
855.826,322
855.944,322
856.062,317
856.179,315
856.297,325
856.415,316
856.532,313
856.65,323
856.768,305
856.886,329
857.003,317
857.121,318
857.239,313
857.356,322
857.474,312
857.592,312
857.709,298
857.827,325
857.945,307
858.062,324
858.18,318
858.298,335
858.415,323
858.533,330
858.651,304
858.768,321
858.886,305
859.003,303
859.121,318
859.239,315
859.356,306
859.474,317
859.592,317
859.709,313
859.827,311
859.944,315
860.062,307
860.18,316
860.297,301
860.415,306
860.532,312
860.65,324
860.768,309
860.885,308
861.003,313
861.12,340
861.238,320
861.356,313
861.473,322
861.591,308
861.708,312
861.826,316
861.943,302
862.061,318
862.178,316
862.296,313
862.414,313
862.531,317
862.649,323
862.766,308
862.884,316
863.001,303
863.119,316
863.236,314
863.354,313
863.471,321
863.589,308
863.706,309
863.824,318
863.941,311
864.059,299
864.176,317
864.294,317
864.411,315
864.529,298
864.646,314
864.764,319
864.881,318
864.999,316
865.116,319
865.233,313
865.351,315
865.468,302
865.586,322
865.703,318
865.821,311
865.938,310
866.056,327
866.173,316
866.29,323
866.408,306
866.525,310
866.643,307
866.76,316
866.878,325
866.995,295
867.112,318
867.23,304
867.347,314
867.465,323
867.582,322
867.699,324
867.817,319
867.934,316
868.051,308
868.169,324
868.286,304
868.404,309
868.521,304
868.638,324
868.756,310
868.873,318
868.99,312
869.108,306
869.225,315
869.342,307
869.46,311
869.577,321
869.694,292
869.812,313
869.929,327
870.046,319
870.164,309
870.281,315
870.398,313
870.516,329
870.633,316
870.75,313
870.867,306
870.985,315
871.102,291
871.219,317
871.337,321
871.454,322
871.571,311
871.688,305
871.806,311
871.923,309
872.04,318
872.157,320
872.275,297
872.392,324
872.509,306
872.626,323
872.744,315
872.861,318
872.978,321
873.095,322
873.213,308
873.33,321
873.447,305
873.564,311
873.681,314
873.799,313
873.916,299
874.033,308
874.15,302
874.267,322
874.385,312
874.502,306
874.619,314
874.736,335
874.853,316
874.97,318
875.088,318
875.205,316
875.322,307
875.439,309
875.556,308
875.673,321
875.791,304
875.908,305
876.025,299
876.142,319
876.259,314
876.376,310
876.493,322
876.61,315
876.728,325
876.845,315
876.962,318
877.079,301
877.196,309
877.313,309
877.43,315
877.547,317
877.664,307
877.781,318
877.898,307
878.016,319
878.133,315
878.25,320
878.367,314
878.484,320
878.601,319
878.718,315
878.835,308
878.952,309
879.069,313
879.186,311
879.303,307
879.42,316
879.537,306
879.654,316
879.771,322
879.888,315
880.005,323
880.122,319
880.239,314
880.356,298
880.473,302
880.59,321
880.707,317
880.824,320
880.941,313
881.058,320
881.175,315
881.292,326
881.409,301
881.526,309
881.643,326
881.76,323
881.877,307
881.994,308
882.111,303
882.228,309
882.345,313
882.462,325
882.579,319
882.696,307
882.812,311
882.929,319
883.046,308
883.163,313
883.28,301
883.397,328
883.514,313
883.631,319
883.748,314
883.865,312
883.982,306
884.098,321
884.215,313
884.332,328
884.449,310
884.566,318
884.683,323
884.8,302
884.916,295
885.033,318
885.15,309
885.267,315
885.384,327
885.501,316
885.617,311
885.734,314
885.851,324
885.968,321
886.085,315
886.202,322
886.318,308
886.435,319
886.552,315
886.669,319
886.786,314
886.902,317
887.019,322
887.136,318
887.253,295
887.369,318
887.486,311
887.603,317
887.72,311
887.837,319
887.953,301
888.07,331
888.187,313
888.304,313
888.42,314
888.537,320
888.654,302
888.77,321
888.887,322
889.004,313
889.121,314
889.237,321
889.354,318
889.471,316
889.587,310
889.704,330
889.821,315
889.938,313
890.054,318
890.171,311
890.288,317
890.404,327
890.521,304
890.638,314
890.754,282
890.871,321
890.988,298
891.104,315
891.221,302
891.337,310
891.454,311
891.571,316
891.687,303
891.804,331
891.921,298
892.037,298
892.154,309
892.27,324
892.387,322
892.504,319
892.62,312
892.737,322
892.854,308
892.97,335
893.087,321
893.203,330
893.32,321
893.436,314
893.553,312
893.67,322
893.786,305
893.903,309
894.019,325
894.136,313
894.252,307
894.369,329
894.485,313
894.602,327
894.718,312
894.835,322
894.951,317
895.068,313
895.184,297
895.301,320
895.417,305
895.534,315
895.65,313
895.767,326
895.883,319
896.0,312
896.116,314
896.233,312
896.349,322
896.466,330
896.582,301
896.699,310
896.815,312
896.932,323
897.048,317
897.165,311
897.281,314
897.397,332
897.514,304
897.63,322
897.747,307
897.863,332
897.979,326
898.096,318
898.212,315
898.329,302
898.445,328
898.561,313
898.678,315
898.794,322
898.911,318
899.027,303
899.143,314
899.26,331
899.376,308
899.492,317
899.609,316
899.725,317
899.842,310
899.958,325
900.074,310
900.191,317
900.307,316
900.423,313
900.539,316
900.656,322
900.772,314
900.888,305
901.005,317
901.121,320
901.237,313
901.354,325
901.47,329
901.586,321
901.703,318
901.819,319
901.935,306
902.051,311
902.168,305
902.284,326
902.4,310
902.516,328
902.633,310
902.749,317
902.865,313
902.981,315
903.098,318
903.214,318
903.33,318
903.446,318
903.562,312
903.679,317
903.795,306
903.911,315
904.027,311
904.143,301
904.26,313
904.376,331
904.492,309
904.608,318
904.724,309
904.841,323
904.957,298
905.073,321
905.189,328
905.305,312
905.421,313
905.538,304
905.654,300
905.77,319
905.886,309
906.002,305
906.118,319
906.234,320
906.35,308
906.466,322
906.583,330
906.699,307
906.815,317
906.931,301
907.047,301
907.163,314
907.279,297
907.395,318
907.511,305
907.627,317
907.743,305
907.859,327
907.976,316
908.092,321
908.208,305
908.324,327
908.44,299
908.556,313
908.672,314
908.788,320
908.904,308
909.02,315
909.136,317
909.252,321
909.368,315
909.484,331
909.6,311
909.716,318
909.832,309
909.948,316
910.064,308
910.18,312
910.296,316
910.412,318
910.528,314
910.644,328
910.76,320
910.875,331
910.991,312
911.107,322
911.223,308
911.339,326
911.455,307
911.571,316
911.687,313
911.803,323
911.919,317
912.035,322
912.151,309
912.267,323
912.382,305
912.498,316
912.614,317
912.73,320
912.846,306
792.446,298
792.565,349
792.684,387
792.803,369
792.922,324
793.041,308
793.16,325
793.279,324
793.398,317
793.518,303
793.637,327
793.756,322
793.875,343
793.994,328
794.113,323
794.232,324
794.351,326
794.47,321
794.589,318
794.708,308
794.827,327
794.946,321
795.066,330
795.185,332
795.304,330
795.423,317
795.542,323
795.661,322
795.78,319
795.899,327
796.018,330
796.137,319
796.256,329
796.375,329
796.494,328
796.613,310
796.732,334
796.851,322
796.97,322
797.089,324
797.208,309
797.327,324
797.446,342
797.565,329
797.684,320
797.803,319
797.922,312
798.041,329
798.16,320
798.279,318
798.398,320
798.517,314
798.636,322
798.755,322
798.874,326
798.993,321
799.112,321
799.231,327
799.35,311
799.469,330
799.588,320
799.707,334
799.826,311
799.945,315
800.064,326
800.183,329
800.302,328
800.421,314
800.54,327
800.659,315
800.778,322
800.897,322
801.016,325
801.135,327
801.254,315
801.373,320
801.492,320
801.611,316
801.729,316
801.848,318
801.967,325
802.086,331
802.205,329
802.324,310
802.443,325
802.562,319
802.681,335
802.8,324
802.919,318
803.038,326
803.157,332
803.276,323
803.394,326
803.513,312
803.632,337
803.751,316
803.87,329
803.989,338
804.108,322
804.227,321
804.346,328
804.465,329
804.583,325
804.702,304
804.821,320
804.94,325
805.059,328
805.178,313
805.297,318
805.416,327
805.535,321
805.653,310
805.772,325
805.891,325
806.01,316
806.129,320
806.248,324
806.367,317
806.485,323
806.604,328
806.723,303
806.842,322
806.961,332
807.08,320
807.198,331
807.317,319
807.436,321
807.555,324
807.674,320
807.793,328
807.912,313
808.03,329
808.149,315
808.268,312
808.387,320
808.506,319
808.624,328
808.743,317
808.862,331
808.981,318
809.1,325
809.219,325
809.337,314
809.456,302
809.575,314
809.694,323
809.812,316
809.931,318
810.05,319
810.169,314
810.288,321
810.406,331
810.525,331
810.644,314
810.763,321
810.882,322
811.0,328
811.119,321
811.238,316
811.357,321
811.475,309
811.594,319
811.713,329
811.832,324
811.95,324
812.069,311
812.188,332
812.307,323
812.425,333
812.544,312
812.663,327
812.782,319
812.9,312
813.019,310
813.138,324
813.257,327
813.375,310
813.494,320
813.613,322
813.731,308
813.85,316
813.969,330
814.088,328
814.206,320
814.325,313
814.444,308
814.562,329
814.681,317
814.8,315
814.918,321
815.037,319
815.156,314
815.274,322
815.393,323
815.512,326
815.631,324
815.749,324
815.868,312
815.987,334
816.105,315
816.224,319
816.343,317
816.461,326
816.58,314
816.698,327
816.817,319
816.936,311
817.055,322
817.173,316
817.292,316
817.41,322
817.529,319
817.648,324
817.766,325
817.885,329
818.004,313
818.122,311
818.241,326
818.359,310
818.478,313
818.597,312
818.715,315
818.834,307
818.953,315
819.071,324
819.19,322
819.308,319
819.427,324
819.546,316
819.664,307
819.783,321
819.901,318
820.02,318
820.138,312
820.257,307
820.376,320
820.494,308
820.613,317
820.731,314
820.85,323
820.969,312
821.087,332
821.206,316
821.324,315
821.443,317
821.561,308
821.68,314
821.798,305
821.917,333
822.035,321
822.154,312
822.273,325
822.391,320
822.51,324
822.628,313
822.747,311
822.865,322
822.984,316
823.102,315
823.221,303
823.339,308
823.458,315
823.576,324
823.695,312
823.813,315
823.932,320
824.05,328
824.169,304
824.287,325
824.406,315
824.524,318
824.643,318
824.761,331
824.88,328
824.998,325
825.117,324
825.235,323
825.354,311
825.472,313
825.591,307
825.709,313
825.828,308
825.946,312
826.064,331
826.183,319
826.301,308
826.42,331
826.538,313
826.657,311
826.775,315
826.894,305
827.012,313
827.13,321
827.249,318
827.367,325
827.486,306
827.604,323
827.723,311
827.841,318
827.959,311
828.078,318
828.196,322
828.315,331
828.433,324
828.552,319
828.67,313
828.788,325
828.907,312
829.025,309
829.143,317
829.262,319
829.38,300
829.499,307
829.617,315
829.735,318
829.854,315
829.972,320
830.091,322
830.209,322
830.327,299
830.446,316
830.564,317
830.682,322
830.801,305
830.919,315
831.037,315
831.156,322
831.274,315
831.392,326
831.511,329
831.629,314
831.747,314
831.866,322
831.984,319
832.102,316
832.221,319
832.339,315
832.457,331
832.576,327
832.694,306
832.812,324
832.93,300
833.049,324
833.167,310
833.285,321
833.404,311
833.522,319
833.64,315
833.759,322
833.877,300
833.995,326
834.113,297
834.232,335
834.35,305
834.468,329
834.586,321
834.705,331
834.823,312
834.941,310
835.059,316
835.178,316
835.296,320
835.414,309
835.532,318
835.651,329
835.769,303
835.887,314
836.005,322
836.124,312
836.242,315
836.36,311
836.478,317
836.596,331
836.715,306
836.833,323
836.951,321
837.069,311
837.188,313
837.306,324
837.424,310
837.542,319
837.66,310
837.779,328
837.897,315
838.015,312
838.133,315
838.251,315
838.369,324
838.487,312
838.606,313
838.724,324
838.842,311
838.96,321
839.078,302
839.196,307
839.315,315
839.433,325
839.551,313
839.669,322
839.787,317
839.905,330
840.023,313
840.142,312
840.26,293
840.378,318
840.496,327
840.614,326
840.732,315
840.85,321
840.968,312
841.087,317
841.205,322
841.323,311
841.441,316
841.559,317
841.677,319
841.795,313
841.913,317
842.031,312
842.149,308
842.267,311
842.385,325
842.504,307
842.622,316
842.74,321
842.858,320
842.976,313
843.094,316
843.212,309
843.33,319
843.448,314
843.566,299
843.684,309
843.802,314
843.92,310
844.038,307
844.156,318
844.274,319
844.392,311
844.51,310
844.628,329
844.746,313
844.864,303
844.982,316
845.1,314
845.218,328
845.336,319
845.454,312
845.572,318
845.69,309
845.808,318
845.926,314
846.044,315
846.162,317
846.28,315
846.398,326
846.516,329
846.634,307
846.752,310
846.87,310
846.988,314
847.106,304
847.224,327
847.342,302
847.46,314
847.578,314
847.696,320
847.814,314
847.932,307
848.05,328
848.168,308
848.285,320
848.403,311
848.521,304
848.639,317
848.757,290
848.875,315
848.993,334
849.111,300
849.229,314
849.347,325
849.465,322
849.582,322
849.7,301
849.818,321
849.936,301
850.054,311
850.172,313
850.29,317
850.408,308
850.525,315
850.643,304
850.761,321
850.879,282
850.997,314
851.115,313
851.233,311
851.35,310
851.468,318
851.586,311
851.704,314
851.822,316
851.94,315
852.057,320
852.175,310
852.293,310
852.411,314
852.529,305
852.647,316
852.764,306
852.882,317
853.0,319
853.118,308
853.236,315
853.353,302
853.471,306
853.589,311
853.707,315
853.824,320
853.942,310
854.06,318
854.178,321
854.296,309
854.413,314
854.531,309
854.649,322
854.767,321
854.884,307
855.002,300
855.12,309
855.238,332
855.355,311
855.473,317
855.591,308
855.708,316
855.826,309
855.944,309
856.062,314
856.179,325
856.297,320
856.415,309
856.532,317
856.65,307
856.768,309
856.886,313
857.003,315
857.121,316
857.239,314
857.356,319
857.474,308
857.592,320
857.709,323
857.827,312
857.945,315
858.062,314
858.18,287
858.298,324
858.415,312
858.533,326
858.651,314
858.768,296
858.886,323
859.003,314
859.121,298
859.239,312
859.356,318
859.474,318
859.592,312
859.709,310
859.827,296
859.944,330
860.062,301
860.18,321
860.297,309
860.415,314
860.532,319
860.65,311
860.768,307
860.885,317
861.003,311
861.12,313
861.238,323
861.356,311
861.473,310
861.591,314
861.708,311
861.826,327
861.943,318
862.061,316
862.178,311
862.296,317
862.414,302
862.531,315
862.649,304
862.766,328
862.884,306
863.001,317
863.119,309
863.236,311
863.354,314
863.471,312
863.589,314
863.706,317
863.824,304
863.941,324
864.059,318
864.176,315
864.294,313
864.411,309
864.529,317
864.646,312
864.764,318
864.881,308
864.999,318
865.116,314
865.233,318
865.351,323
865.468,323
865.586,314
865.703,319
865.821,311
865.938,319
866.056,324
866.173,312
866.29,325
866.408,314
866.525,324
866.643,312
866.76,312
866.878,322
866.995,312
867.112,316
867.23,315
867.347,303
867.465,311
867.582,296
867.699,313
867.817,322
867.934,315
868.051,312
868.169,313
868.286,319
868.404,311
868.521,300
868.638,321
868.756,314
868.873,330
868.99,312
869.108,307
869.225,320
869.342,320
869.46,323
869.577,317
869.694,322
869.812,308
869.929,321
870.046,321
870.164,306
870.281,328
870.398,307
870.516,317
870.633,303
870.75,307
870.867,314
870.985,314
871.102,322
871.219,305
871.337,312
871.454,313
871.571,310
871.688,326
871.806,310
871.923,314
872.04,321
872.157,304
872.275,313
872.392,318
872.509,300
872.626,313
872.744,312
872.861,316
872.978,312
873.095,321
873.213,303
873.33,312
873.447,312
873.564,312
873.681,302
873.799,325
873.916,307
874.033,330
874.15,316
874.267,324
874.385,319
874.502,321
874.619,315
874.736,310
874.853,322
874.97,324
875.088,309
875.205,313
875.322,313
875.439,310
875.556,310
875.673,311
875.791,312
875.908,310
876.025,311
876.142,305
876.259,309
876.376,315
876.493,323
876.61,332
876.728,300
876.845,313
876.962,305
877.079,317
877.196,310
877.313,313
877.43,315
877.547,321
877.664,316
877.781,307
877.898,302
878.016,318
878.133,312
878.25,331
878.367,294
878.484,330
878.601,314
878.718,312
878.835,314
878.952,324
879.069,302
879.186,323
879.303,307
879.42,317
879.537,310
879.654,310
879.771,318
879.888,324
880.005,318
880.122,316
880.239,311
880.356,312
880.473,319
880.59,331
880.707,304
880.824,307
880.941,314
881.058,308
881.175,312
881.292,321
881.409,315
881.526,323
881.643,306
881.76,318
881.877,322
881.994,311
882.111,312
882.228,328
882.345,311
882.462,309
882.579,324
882.696,320
882.812,315
882.929,311
883.046,307
883.163,318
883.28,317
883.397,321
883.514,315
883.631,329
883.748,302
883.865,306
883.982,297
884.098,327
884.215,322
884.332,314
884.449,314
884.566,305
884.683,310
884.8,318
884.916,308
885.033,321
885.15,311
885.267,326
885.384,330
885.501,310
885.617,306
885.734,313
885.851,319
885.968,323
886.085,307
886.202,310
886.318,315
886.435,341
886.552,302
886.669,310
886.786,311
886.902,318
887.019,307
887.136,331
887.253,330
887.369,324
887.486,317
887.603,314
887.72,315
887.837,320
887.953,314
888.07,315
888.187,307
888.304,317
888.42,313
888.537,312
888.654,312
888.77,318
888.887,309
889.004,314
889.121,319
889.237,322
889.354,304
889.471,318
889.587,312
889.704,322
889.821,308
889.938,315
890.054,316
890.171,320
890.288,306
890.404,311
890.521,313
890.638,325
890.754,315
890.871,310
890.988,316
891.104,307
891.221,304
891.337,325
891.454,301
891.571,318
891.687,314
891.804,324
891.921,305
892.037,307
892.154,308
892.27,315
892.387,315
892.504,305
892.62,312
892.737,313
892.854,327
892.97,322
893.087,308
893.203,318
893.32,312
893.436,310
893.553,302
893.67,315
893.786,309
893.903,318
894.019,309
894.136,320
894.252,291
894.369,324
894.485,322
894.602,320
894.718,329
894.835,326
894.951,309
895.068,319
895.184,321
895.301,329
895.417,306
895.534,327
895.65,309
895.767,316
895.883,318
896.0,307
896.116,320
896.233,315
896.349,312
896.466,315
896.582,313
896.699,323
896.815,313
896.932,316
897.048,310
897.165,318
897.281,311
897.397,324
897.514,305
897.63,314
897.747,310
897.863,318
897.979,318
898.096,323
898.212,304
898.329,311
898.445,310
898.561,316
898.678,315
898.794,317
898.911,309
899.027,307
899.143,314
899.26,319
899.376,312
899.492,311
899.609,318
899.725,322
899.842,309
899.958,310
900.074,295
900.191,307
900.307,307
900.423,323
900.539,317
900.656,315
900.772,313
900.888,325
901.005,307
901.121,316
901.237,311
901.354,322
901.47,311
901.586,324
901.703,307
901.819,319
901.935,315
902.051,300
902.168,319
902.284,322
902.4,317
902.516,314
902.633,317
902.749,331
902.865,308
902.981,317
903.098,319
903.214,322
903.33,302
903.446,302
903.562,314
903.679,319
903.795,299
903.911,322
904.027,303
904.143,304
904.26,320
904.376,317
904.492,316
904.608,314
904.724,321
904.841,320
904.957,324
905.073,320
905.189,305
905.305,311
905.421,313
905.538,311
905.654,299
905.77,320
905.886,313
906.002,318
906.118,314
906.234,309
906.35,297
906.466,319
906.583,327
906.699,306
906.815,323
906.931,322
907.047,315
907.163,324
907.279,313
907.395,324
907.511,319
907.627,318
907.743,298
907.859,329
907.976,320
908.092,331
908.208,321
908.324,307
908.44,306
908.556,318
908.672,311
908.788,309
908.904,316
909.02,315
909.136,306
909.252,305
909.368,313
909.484,318
909.6,315
909.716,326
909.832,320
909.948,334
910.064,311
910.18,319
910.296,323
910.412,307
910.528,317
910.644,316
910.76,297
910.875,323
910.991,312
911.107,325
911.223,321
911.339,319
911.455,314
911.571,328
911.687,312
911.803,317
911.919,297
912.035,319
912.151,313
912.267,321
912.382,311
912.498,329
912.614,317
912.73,311
912.846,307
