792.44574,3764
792.56488,3701
792.68396,3701
792.80304,3578
792.92218,3550
793.041199,3398
793.160339,3277
793.279419,3296
793.398499,3178
793.517578,3237
793.636658,3125
793.755737,3106
793.874817,2982
793.993896,3007
794.112976,2895
794.232056,2955
794.351074,2896
794.470215,2831
794.589233,2789
794.708313,2740
794.827393,2731
794.946411,2723
795.065552,2619
795.18457,2639
795.303589,2636
795.422668,2603
795.541687,2560
795.660767,2530
795.779846,2514
795.898865,2526
796.017883,2501
796.136963,2409
796.255981,2438
796.375061,2409
796.49408,2403
796.613037,2437
796.732117,2319
796.851135,2391
796.970154,2315
797.089233,2297
797.208191,2303
797.327271,2294
797.446228,2207
797.565186,2243
797.684265,2195
797.803223,2183
797.922241,2192
798.04126,2184
798.160278,2138
798.279297,2128
798.398315,2149
798.517273,2148
798.636292,2062
798.75531,2104
798.874268,2058
798.993286,2098
799.112244,2075
799.231323,2073
799.350281,2070
799.469238,2078
799.588257,2042
799.707153,2074
799.826111,2065
799.945129,2044
800.064087,2006
800.183044,2009
800.302063,1995
800.421021,2008
800.539978,1981
800.658936,2000
800.777893,1970
800.896912,1956
801.015747,1922
801.134705,1954
801.253723,1914
801.37262,1949
801.491638,1957
801.610535,1948
801.729492,1913
801.84845,1909
801.967407,1863
802.086243,1906
802.205261,1881
802.324158,1897
802.443115,1904
802.562073,1880
802.680969,1875
802.799927,1866
802.918762,1826
803.037659,1824
803.156677,1834
803.275574,1870
803.39447,1880
803.513428,1744
803.632263,1851
803.751221,1847
803.870117,1842
803.989014,1854
804.107971,1783
804.226746,1833
804.345642,1845
804.4646,1822
804.583496,1795
804.702393,1802
804.821228,1789
804.940125,1817
805.059021,1801
805.177917,1801
805.296814,1764
805.415649,1784
805.534546,1812
805.653442,1802
805.772278,1763
805.891113,1810
806.01001,1800
806.128906,1780
806.247742,1764
806.366577,1778
806.485413,1789
806.604309,1802
806.723145,1750
806.84198,1779
806.960876,1826
807.079712,1764
807.198486,1759
807.317383,1798
807.436218,1765
807.554993,1700
807.673889,1756
807.792725,1724
807.91156,1741
808.030396,1725
808.14917,1808
808.268005,1763
808.386841,1759
808.505676,1775
808.624451,1776
808.743286,1802
808.862122,1757
808.980896,1718
809.099731,1718
809.218506,1789
809.337341,1809
809.456116,1751
809.57489,1805
809.693726,1764
809.8125,1820
809.931274,1782
810.050049,1801
810.168884,1804
810.287659,1807
810.406372,1806
810.525269,1789
810.643982,1818
810.762756,1766
810.881531,1798
811.000305,1808
811.11908,1767
811.237854,1805
811.356567,1751
811.475403,1824
811.594116,1859
811.71283,1843
811.831604,1893
811.950378,1895
812.069153,1892
812.187927,1901
812.30658,1888
812.425415,1864
812.544128,1862
812.662781,1846
812.781616,1845
812.900269,1890
813.019043,1816
813.137756,1845
813.256531,1766
813.375244,1793
813.493896,1777
813.612671,1829
813.731384,1799
813.850037,1771
813.96875,1817
814.087524,1774
814.206238,1673
814.324951,1707
814.443604,1788
814.562256,1701
814.68103,1715
814.799683,1723
814.918335,1767
815.037109,1725
815.155762,1757
815.274475,1734
815.393188,1709
815.511841,1742
815.630554,1718
815.749146,1785
815.867859,1770
815.986572,1812
816.105164,1744
816.223877,1824
816.342529,1842
816.461182,1875
816.579895,1816
816.698486,1860
816.817139,1866
816.935791,1849
817.054504,1848
817.173096,1849
817.291748,1815
817.4104,1754
817.529053,1794
817.647644,1769
817.766235,1734
817.884949,1691
818.00354,1709
818.122192,1706
818.240845,1716
818.359436,1664
818.478088,1640
818.59668,1605
818.715271,1636
818.833923,1643
818.952515,1610
819.071106,1600
819.189758,1618
819.30835,1597
819.426941,1616
819.545532,1587
819.664124,1613
819.782715,1604
819.901306,1568
820.019897,1574
820.138489,1554
820.25708,1589
820.375671,1600
820.494202,1551
820.612732,1599
820.731384,1594
820.849915,1620
820.968506,1575
821.087097,1555
821.205627,1540
821.324158,1571
821.442749,1543
821.561279,1515
821.679871,1528
821.798401,1525
821.916931,1578
822.035461,1545
822.154053,1553
822.272583,1511
822.391174,1529
822.509583,1514
822.628174,1462
822.746704,1483
822.865234,1516
822.983765,1458
823.102295,1467
823.220825,1450
823.339294,1520
823.457825,1471
823.576355,1509
823.694824,1489
823.813354,1493
823.931885,1463
824.050354,1475
824.168884,1493
824.287354,1497
824.405823,1466
824.524353,1489
824.642822,1490
824.761353,1488
824.879822,1456
824.998291,1489
825.116699,1472
825.235291,1481
825.353699,1527
825.472168,1462
825.590637,1451
825.709106,1488
825.827576,1483
825.946045,1469
826.064453,1451
826.182983,1487
826.301392,1501
826.4198,1419
826.53833,1454
826.656738,1471
826.775208,1456
826.893677,1497
827.012024,1440
827.130493,1507
827.248962,1486
827.36731,1496
827.485779,1476
827.604248,1453
827.722595,1457
827.841064,1455
827.959412,1475
828.077942,1435
828.196289,1469
828.314636,1452
828.433105,1505
828.551514,1426
828.669861,1498
828.78833,1458
828.906677,1434
829.025085,1501
829.143433,1457
829.261841,1477
829.38031,1530
829.498657,1492
829.617004,1495
829.735413,1501
829.85376,1485
829.972107,1441
830.090515,1436
830.208862,1440
830.327209,1481
830.445557,1441
830.563904,1503
830.682312,1457
830.800659,1481
830.919006,1411
831.037354,1507
831.155701,1480
831.274048,1459
831.392395,1458
831.51062,1433
831.629028,1439
831.747314,1445
831.865662,1470
831.984009,1429
832.102356,1462
832.220642,1421
832.338928,1422
832.457275,1446
832.575623,1444
832.693909,1421
832.812134,1398
832.930481,1423
833.048828,1445
833.167114,1473
833.2854,1428
833.403687,1463
833.521973,1445
833.640259,1425
833.758545,1450
833.876831,1441
833.995056,1449
834.113281,1402
834.231628,1453
834.349915,1451
834.468201,1429
834.586426,1416
834.704651,1444
834.822998,1470
834.941162,1464
835.059448,1453
835.177673,1462
835.295959,1468
835.414246,1426
835.53241,1471
835.650635,1407
835.768921,1390
835.887146,1412
836.005371,1445
836.123596,1449
836.241821,1430
836.360046,1430
836.478271,1416
836.596497,1454
836.714722,1443
836.832886,1415
836.95105,1437
837.069336,1454
837.1875,1453
837.305725,1455
837.423889,1451
837.542053,1438
837.660339,1427
837.778503,1402
837.896667,1439
838.014832,1469
838.132996,1440
838.25116,1479
838.369385,1460
838.487488,1485
838.605713,1508
838.723877,1414
838.84198,1456
838.960205,1469
839.078308,1499
839.196472,1505
839.314636,1509
839.4328,1589
839.550964,1519
839.669067,1514
839.787231,1562
839.905396,1587
840.023499,1569
840.141602,1560
840.259766,1588
840.377869,1558
840.495972,1542
840.614136,1548
840.732239,1602
840.850342,1570
840.968445,1646
841.086548,1617
841.204651,1638
841.322754,1675
841.440918,1670
841.55896,1724
841.677002,1795
841.795166,1749
841.913208,1746
842.031311,1828
842.149353,1722
842.267456,1731
842.385498,1726
842.503601,1717
842.621643,1711
842.739746,1713
842.857788,1645
842.97583,1607
843.093933,1623
843.211975,1614
843.330017,1598
843.44812,1627
843.566101,1567
843.684204,1579
843.802246,1514
843.920227,1557
844.038269,1529
844.156311,1520
844.274292,1482
844.392395,1533
844.510376,1520
844.628357,1491
844.74646,1508
844.864441,1480
844.982422,1423
845.100403,1541
845.218384,1528
845.336426,1534
845.454468,1469
845.572449,1547
845.69043,1563
845.808411,1525
845.926453,1524
846.044373,1531
846.162354,1535
846.280396,1535
846.398315,1534
846.516296,1581
846.634216,1583
846.752197,1568
846.870178,1547
846.988098,1584
847.106079,1547
847.22406,1555
847.34198,1550
847.4599,1549
847.577881,1540
847.695801,1546
847.813782,1522
847.931641,1517
848.049561,1499
848.167603,1503
848.285461,1530
848.403381,1487
848.521362,1497
848.639221,1511
848.75708,1521
848.875,1487
848.99292,1522
849.110901,1550
849.22876,1509
849.34668,1544
849.464539,1539
849.582458,1526
849.700317,1570
849.818176,1537
849.936096,1546
850.053955,1523
850.171875,1567
850.289673,1562
850.407593,1590
850.525452,1552
850.643311,1570
850.761169,1579
850.878967,1565
850.996887,1559
851.114746,1572
851.232544,1601
851.350403,1603
851.468262,1621
851.58606,1549
851.703979,1565
851.821777,1565
851.939636,1558
852.057434,1521
852.175232,1570
852.293091,1578
852.410889,1588
852.528687,1675
852.646545,1660
852.764343,1622
852.88208,1595
852.999939,1536
853.117676,1573
853.235535,1571
853.353271,1512
853.471069,1522
853.588928,1541
853.706604,1491
853.824402,1504
853.9422,1534
854.059998,1540
854.177734,1508
854.295532,1599
854.413269,1568
854.531006,1543
854.648804,1626
854.766541,1590
854.884277,1641
855.002014,1648
855.119751,1640
855.237549,1630
855.355225,1644
855.473022,1661
855.590698,1699
855.708435,1701
855.826172,1650
855.943848,1713
856.061646,1710
856.179321,1694
856.296997,1688
856.414795,1741
856.53241,1742
856.650085,1746
856.767822,1733
856.885559,1707
857.003174,1680
857.120911,1702
857.238586,1690
857.356201,1651
857.473938,1681
857.591614,1687
857.709351,1660
857.826965,1645
857.944641,1613
858.062317,1673
858.179993,1628
858.297668,1641
858.415283,1636
858.532959,1659
858.650574,1657
858.768188,1697
858.885803,1655
859.003479,1627
859.121094,1630
859.23877,1591
859.356384,1647
859.473999,1591
859.591675,1625
859.709229,1591
859.826843,1621
859.944458,1555
860.062012,1563
860.179626,1582
860.297302,1591
860.414856,1578
860.532471,1602
860.650024,1578
860.767639,1588
860.885193,1587
861.002808,1573
861.120361,1581
861.237976,1536
861.35553,1555
861.473022,1546
861.590698,1573
861.708191,1560
861.825745,1496
861.943298,1487
862.060852,1462
862.178406,1471
862.295959,1463
862.413513,1399
862.531006,1442
862.64856,1452
862.766113,1424
862.883667,1415
863.00116,1465
863.118713,1410
863.236206,1493
863.353699,1451
863.471252,1425
863.588745,1453
863.706177,1436
863.82373,1432
863.941162,1498
864.058716,1493
864.176208,1421
864.29364,1446
864.411194,1470
864.528687,1421
864.646118,1439
864.763611,1395
864.881042,1425
864.998535,1379
865.116028,1423
865.233459,1467
865.350891,1407
865.468384,1469
865.585754,1444
865.703308,1409
865.820679,1429
865.938171,1442
866.055542,1427
866.173035,1400
866.290466,1459
866.407837,1420
866.52533,1456
866.6427,1472
866.760071,1485
866.877563,1500
866.994934,1466
867.112305,1462
867.229736,1452
867.347107,1524
867.464539,1507
867.58197,1485
867.699341,1499
867.81665,1519
867.934082,1543
868.051453,1481
868.168823,1511
868.286194,1552
868.403564,1474
868.520935,1477
868.638306,1488
868.755676,1507
868.872986,1514
868.990295,1531
869.107727,1538
869.225037,1536
869.342346,1523
869.459717,1545
869.577026,1606
869.694336,1613
869.811707,1591
869.929016,1663
870.046326,1567
870.163635,1596
870.280945,1584
870.398254,1614
870.515564,1634
870.632812,1598
870.750183,1601
870.867432,1608
870.984741,1557
871.102051,1600
871.219299,1601
871.336609,1585
871.453918,1569
871.571106,1625
871.688416,1639
871.805664,1598
871.922852,1618
872.040222,1633
872.157471,1594
872.274719,1625
872.391968,1610
872.509155,1560
872.626465,1600
872.743652,1627
872.860962,1605
872.978149,1578
873.095337,1524
873.212646,1610
873.329834,1575
873.44696,1591
873.564209,1551
873.681396,1551
873.798645,1550
873.915894,1513
874.03302,1580
874.150208,1549
874.267456,1556
874.384583,1541
874.501831,1513
874.618958,1525
874.736145,1553
874.853333,1567
874.970459,1576
875.087646,1523
875.204834,1520
875.32196,1549
875.439148,1555
875.556274,1540
875.673401,1545
875.790527,1548
875.907715,1563
876.024841,1501
876.141968,1546
876.259094,1577
876.376282,1549
876.493347,1512
876.610474,1519
876.7276,1544
876.844727,1565
876.961853,1526
877.078918,1561
877.195984,1542
877.313171,1552
877.430237,1528
877.547302,1560
877.664368,1522
877.781433,1529
877.898499,1554
878.015625,1559
878.13269,1546
878.249695,1484
878.366821,1509
878.483887,1513
878.600952,1514
878.717957,1521
878.834961,1498
878.952087,1472
879.069092,1514
879.186157,1515
879.303162,1494
879.420227,1505
879.537231,1533
879.654236,1479
879.77124,1484
879.888306,1479
880.005249,1493
880.122314,1458
880.239319,1446
880.356323,1459
880.473328,1425
880.590271,1436
880.707275,1468
880.824341,1419
880.941284,1459
881.058228,1502
881.175232,1441
881.292236,1473
881.40918,1430
881.526123,1448
881.643066,1489
881.760071,1496
881.877014,1450
881.993958,1478
882.11084,1459
882.227783,1463
882.344727,1436
882.46167,1435
882.578613,1467
882.695618,1470
882.812439,1502
882.929382,1443
883.046326,1473
883.163208,1444
883.280151,1440
883.397034,1433
883.513916,1470
883.630798,1481
883.747742,1473
883.864563,1445
883.981506,1501
884.098389,1449
884.21521,1455
884.332153,1502
884.448975,1486
884.565796,1477
884.682678,1518
884.7995,1557
884.916443,1572
885.033264,1563
885.150085,1588
885.266968,1615
885.383789,1665
885.500671,1650
885.617493,1645
885.734314,1645
885.851196,1653
885.967896,1670
886.084717,1666
886.201599,1669
886.318359,1689
886.435181,1698
886.552002,1693
886.668762,1725
886.785645,1712
886.902344,1739
887.019165,1714
887.135925,1700
887.252747,1734
887.369446,1731
887.486267,1759
887.603027,1659
887.719788,1644
887.836548,1663
887.953247,1634
888.070068,1607
888.186829,1660
888.303528,1587
888.420288,1547
888.536987,1437
888.653687,1499
888.770447,1490
888.887146,1482
889.003967,1404
889.120667,1413
889.237305,1434
889.354065,1391
889.470703,1445
889.587463,1418
889.704163,1438
889.820862,1378
889.937561,1427
890.054199,1355
890.170837,1390
890.287598,1416
890.404236,1354
890.520874,1407
890.637634,1437
890.754211,1382
890.87085,1413
890.987549,1386
891.104187,1387
891.220886,1410
891.337463,1407
891.454102,1409
891.57074,1405
891.687378,1456
891.804077,1401
891.920654,1419
892.037231,1424
892.15387,1405
892.270447,1393
892.387085,1352
892.503723,1413
892.6203,1394
892.736877,1388
892.853516,1425
892.970032,1354
893.08667,1397
893.203186,1368
893.319763,1431
893.43634,1431
893.552917,1418
893.669556,1385
893.786011,1392
893.902588,1428
894.019165,1427
894.135681,1402
894.252197,1446
894.368835,1420
894.485291,1417
894.601868,1423
894.718384,1417
894.8349,1396
894.951355,1391
895.067932,1374
895.184448,1412
895.300964,1406
895.417419,1427
895.533936,1386
895.650452,1386
895.766907,1378
895.883423,1423
895.999878,1393
896.116333,1448
896.232849,1370
896.349304,1406
896.465759,1416
896.582214,1411
896.698669,1374
896.815125,1408
896.931641,1405
897.048035,1373
897.164551,1370
897.280884,1411
897.397339,1419
897.513794,1430
897.630249,1416
897.746582,1389
897.863098,1426
897.979431,1438
898.095886,1378
898.212341,1436
898.328674,1409
898.445129,1444
898.561462,1437
898.677795,1403
898.794312,1480
898.910645,1453
899.026978,1409
899.143433,1422
899.259766,1433
899.37616,1451
899.492493,1428
899.608765,1409
899.725159,1440
899.841553,1428
899.957947,1443
900.07428,1460
900.190552,1464
900.306946,1458
900.423157,1410
900.53949,1438
900.655884,1452
900.772156,1438
900.888489,1444
901.004822,1461
901.121033,1418
901.237366,1407
901.353699,1455
901.46991,1491
901.586304,1464
901.702515,1426
901.818787,1504
901.93512,1472
902.051331,1490
902.167603,1520
902.283875,1547
902.400085,1554
902.516418,1501
902.632629,1551
902.74884,1508
902.865112,1549
902.981384,1595
903.097595,1614
903.213867,1529
903.330017,1575
903.446289,1621
903.5625,1569
903.67865,1585
903.794922,1599
903.911072,1539
904.027344,1544
904.143494,1571
904.259705,1496
904.375916,1489
904.492065,1524
904.608215,1502
904.724426,1484
904.840576,1449
904.956726,1512
905.072876,1443
905.189087,1471
905.305176,1415
905.421387,1453
905.537537,1440
905.653687,1431
905.769775,1405
905.885925,1475
906.002014,1420
906.118164,1438
906.234314,1386
906.350403,1413
906.466492,1407
906.582642,1382
906.69873,1424
906.814758,1461
906.930908,1442
907.046936,1404
907.163086,1396
907.279175,1419
907.395264,1416
907.511353,1414
907.62738,1424
907.743408,1414
907.859497,1438
907.975525,1373
908.091553,1413
908.207703,1412
908.32373,1409
908.439758,1414
908.555786,1395
908.671814,1392
908.787842,1382
908.90387,1436
909.019775,1405
909.135864,1389
909.251892,1411
909.367859,1412
909.483826,1416
909.599854,1408
909.715881,1409
909.831848,1389
909.947815,1410
910.063782,1400
910.179749,1444
910.295776,1430
910.411743,1416
910.527649,1374
910.643616,1413
910.759583,1423
910.875488,1422
910.991455,1410
911.107361,1421
911.223267,1385
911.339294,1377
911.4552,1418
911.571106,1393
911.687073,1424
911.802979,1452
911.918823,1426
912.034729,1392
912.150635,1406
912.266602,1372
912.382446,1421
912.498352,1362
912.614197,1396
912.730103,1373
912.846008,1408
792.44574,3878
792.56488,3777
792.68396,3637
792.80304,3590
792.92218,3533
793.041199,3390
793.160339,3412
793.279419,3357
793.398499,3213
793.517578,3179
793.636658,3151
793.755737,3111
793.874817,3024
793.993896,3057
794.112976,2983
794.232056,2945
794.351074,2929
794.470215,2830
794.589233,2882
794.708313,2810
794.827393,2800
794.946411,2760
795.065552,2725
795.18457,2666
795.303589,2717
795.422668,2677
795.541687,2652
795.660767,2588
795.779846,2560
795.898865,2571
796.017883,2475
796.136963,2513
796.255981,2431
796.375061,2461
796.49408,2432
796.613037,2388
796.732117,2420
796.851135,2343
796.970154,2331
797.089233,2336
797.208191,2290
797.327271,2257
797.446228,2268
797.565186,2218
797.684265,2256
797.803223,2239
797.922241,2246
798.04126,2189
798.160278,2179
798.279297,2180
798.398315,2190
798.517273,2107
798.636292,2157
798.75531,2117
798.874268,2160
798.993286,2134
799.112244,2082
799.231323,2134
799.350281,2128
799.469238,2092
799.588257,1990
799.707153,2100
799.826111,2110
799.945129,2057
800.064087,2047
800.183044,2027
800.302063,2067
800.421021,2078
800.539978,2023
800.658936,2077
800.777893,2066
800.896912,1996
801.015747,1973
801.134705,2021
801.253723,1888
801.37262,1995
801.491638,1957
801.610535,2006
801.729492,1953
801.84845,1934
801.967407,1951
802.086243,1917
802.205261,1925
802.324158,1933
802.443115,1912
802.562073,1886
802.680969,1921
802.799927,1872
802.918762,1861
803.037659,1857
803.156677,1969
803.275574,1877
803.39447,1871
803.513428,1864
803.632263,1850
803.751221,1852
803.870117,1875
803.989014,1862
804.107971,1820
804.226746,1854
804.345642,1846
804.4646,1866
804.583496,1850
804.702393,1830
804.821228,1794
804.940125,1848
805.059021,1826
805.177917,1851
805.296814,1825
805.415649,1853
805.534546,1803
805.653442,1814
805.772278,1791
805.891113,1847
806.01001,1802
806.128906,1813
806.247742,1830
806.366577,1813
806.485413,1854
806.604309,1796
806.723145,1815
806.84198,1817
806.960876,1815
807.079712,1813
807.198486,1796
807.317383,1810
807.436218,1754
807.554993,1821
807.673889,1818
807.792725,1798
807.91156,1756
808.030396,1776
808.14917,1754
808.268005,1739
808.386841,1768
808.505676,1781
808.624451,1803
808.743286,1750
808.862122,1758
808.980896,1740
809.099731,1837
809.218506,1794
809.337341,1862
809.456116,1833
809.57489,1871
809.693726,1812
809.8125,1785
809.931274,1844
810.050049,1805
810.168884,1807
810.287659,1825
810.406372,1841
810.525269,1834
810.643982,1824
810.762756,1790
810.881531,1809
811.000305,1810
811.11908,1811
811.237854,1818
811.356567,1827
811.475403,1886
811.594116,1813
811.71283,1936
811.831604,1897
811.950378,1910
812.069153,1888
812.187927,1928
812.30658,1935
812.425415,1871
812.544128,1873
812.662781,1855
812.781616,1929
812.900269,1887
813.019043,1906
813.137756,1835
813.256531,1845
813.375244,1798
813.493896,1799
813.612671,1827
813.731384,1802
813.850037,1762
813.96875,1776
814.087524,1774
814.206238,1757
814.324951,1768
814.443604,1747
814.562256,1792
814.68103,1758
814.799683,1759
814.918335,1730
815.037109,1769
815.155762,1778
815.274475,1733
815.393188,1765
815.511841,1774
815.630554,1769
815.749146,1772
815.867859,1816
815.986572,1839
816.105164,1805
816.223877,1841
816.342529,1857
816.461182,1861
816.579895,1880
816.698486,1851
816.817139,1920
816.935791,1884
817.054504,1912
817.173096,1848
817.291748,1885
817.4104,1777
817.529053,1829
817.647644,1794
817.766235,1818
817.884949,1720
818.00354,1717
818.122192,1716
818.240845,1709
818.359436,1647
818.478088,1682
818.59668,1689
818.715271,1688
818.833923,1632
818.952515,1649
819.071106,1617
819.189758,1651
819.30835,1626
819.426941,1627
819.545532,1595
819.664124,1640
819.782715,1668
819.901306,1648
820.019897,1602
820.138489,1608
820.25708,1668
820.375671,1633
820.494202,1660
820.612732,1653
820.731384,1642
820.849915,1639
820.968506,1596
821.087097,1624
821.205627,1608
821.324158,1590
821.442749,1539
821.561279,1549
821.679871,1534
821.798401,1599
821.916931,1570
822.035461,1574
822.154053,1572
822.272583,1546
822.391174,1554
822.509583,1523
822.628174,1529
822.746704,1509
822.865234,1545
822.983765,1544
823.102295,1506
823.220825,1545
823.339294,1485
823.457825,1509
823.576355,1485
823.694824,1533
823.813354,1532
823.931885,1506
824.050354,1515
824.168884,1517
824.287354,1539
824.405823,1498
824.524353,1513
824.642822,1520
824.761353,1497
824.879822,1496
824.998291,1505
825.116699,1510
825.235291,1508
825.353699,1499
825.472168,1493
825.590637,1508
825.709106,1503
825.827576,1501
825.946045,1515
826.064453,1494
826.182983,1476
826.301392,1515
826.4198,1435
826.53833,1503
826.656738,1478
826.775208,1434
826.893677,1532
827.012024,1534
827.130493,1491
827.248962,1511
827.36731,1525
827.485779,1563
827.604248,1512
827.722595,1500
827.841064,1491
827.959412,1484
828.077942,1447
828.196289,1520
828.314636,1477
828.433105,1407
828.551514,1506
828.669861,1469
828.78833,1537
828.906677,1486
829.025085,1482
829.143433,1540
829.261841,1497
829.38031,1510
829.498657,1502
829.617004,1486
829.735413,1507
829.85376,1529
829.972107,1466
830.090515,1485
830.208862,1468
830.327209,1524
830.445557,1438
830.563904,1525
830.682312,1467
830.800659,1493
830.919006,1479
831.037354,1473
831.155701,1474
831.274048,1495
831.392395,1457
831.51062,1489
831.629028,1460
831.747314,1465
831.865662,1452
831.984009,1466
832.102356,1442
832.220642,1429
832.338928,1493
832.457275,1480
832.575623,1478
832.693909,1437
832.812134,1448
832.930481,1467
833.048828,1479
833.167114,1464
833.2854,1486
833.403687,1427
833.521973,1503
833.640259,1463
833.758545,1476
833.876831,1474
833.995056,1445
834.113281,1448
834.231628,1478
834.349915,1474
834.468201,1414
834.586426,1443
834.704651,1443
834.822998,1478
834.941162,1456
835.059448,1523
835.177673,1497
835.295959,1478
835.414246,1486
835.53241,1475
835.650635,1468
835.768921,1464
835.887146,1435
836.005371,1465
836.123596,1426
836.241821,1472
836.360046,1503
836.478271,1427
836.596497,1474
836.714722,1439
836.832886,1458
836.95105,1425
837.069336,1469
837.1875,1460
837.305725,1430
837.423889,1431
837.542053,1541
837.660339,1474
837.778503,1488
837.896667,1443
838.014832,1477
838.132996,1461
838.25116,1430
838.369385,1479
838.487488,1476
838.605713,1503
838.723877,1532
838.84198,1547
838.960205,1500
839.078308,1561
839.196472,1500
839.314636,1556
839.4328,1522
839.550964,1564
839.669067,1564
839.787231,1539
839.905396,1569
840.023499,1574
840.141602,1552
840.259766,1581
840.377869,1564
840.495972,1570
840.614136,1594
840.732239,1613
840.850342,1586
840.968445,1592
841.086548,1674
841.204651,1742
841.322754,1710
841.440918,1733
841.55896,1782
841.677002,1792
841.795166,1786
841.913208,1792
842.031311,1778
842.149353,1730
842.267456,1780
842.385498,1759
842.503601,1713
842.621643,1717
842.739746,1680
842.857788,1668
842.97583,1684
843.093933,1614
843.211975,1644
843.330017,1618
843.44812,1614
843.566101,1591
843.684204,1536
843.802246,1596
843.920227,1592
844.038269,1535
844.156311,1528
844.274292,1508
844.392395,1516
844.510376,1519
844.628357,1527
844.74646,1544
844.864441,1521
844.982422,1518
845.100403,1489
845.218384,1550
845.336426,1517
845.454468,1496
845.572449,1557
845.69043,1489
845.808411,1543
845.926453,1532
846.044373,1551
846.162354,1558
846.280396,1594
846.398315,1617
846.516296,1604
846.634216,1561
846.752197,1560
846.870178,1606
846.988098,1611
847.106079,1570
847.22406,1607
847.34198,1567
847.4599,1606
847.577881,1584
847.695801,1554
847.813782,1580
847.931641,1563
848.049561,1544
848.167603,1555
848.285461,1478
848.403381,1543
848.521362,1488
848.639221,1558
848.75708,1482
848.875,1566
848.99292,1551
849.110901,1535
849.22876,1494
849.34668,1556
849.464539,1572
849.582458,1491
849.700317,1585
849.818176,1541
849.936096,1503
850.053955,1583
850.171875,1571
850.289673,1552
850.407593,1565
850.525452,1652
850.643311,1595
850.761169,1639
850.878967,1611
850.996887,1657
851.114746,1567
851.232544,1606
851.350403,1586
851.468262,1613
851.58606,1589
851.703979,1577
851.821777,1572
851.939636,1590
852.057434,1560
852.175232,1626
852.293091,1585
852.410889,1634
852.528687,1674
852.646545,1624
852.764343,1626
852.88208,1617
852.999939,1584
853.117676,1573
853.235535,1550
853.353271,1544
853.471069,1554
853.588928,1526
853.706604,1542
853.824402,1543
853.9422,1570
854.059998,1537
854.177734,1573
854.295532,1611
854.413269,1636
854.531006,1549
854.648804,1615
854.766541,1646
854.884277,1640
855.002014,1619
855.119751,1694
855.237549,1656
855.355225,1675
855.473022,1693
855.590698,1683
855.708435,1719
855.826172,1723
855.943848,1743
856.061646,1746
856.179321,1730
856.296997,1783
856.414795,1772
856.53241,1759
856.650085,1760
856.767822,1782
856.885559,1781
857.003174,1743
857.120911,1778
857.238586,1733
857.356201,1675
857.473938,1696
857.591614,1664
857.709351,1683
857.826965,1651
857.944641,1703
858.062317,1651
858.179993,1701
858.297668,1634
858.415283,1641
858.532959,1654
858.650574,1656
858.768188,1683
858.885803,1697
859.003479,1671
859.121094,1637
859.23877,1656
859.356384,1642
859.473999,1649
859.591675,1652
859.709229,1627
859.826843,1572
859.944458,1576
860.062012,1637
860.179626,1615
860.297302,1625
860.414856,1625
860.532471,1613
860.650024,1660
860.767639,1641
860.885193,1633
861.002808,1622
861.120361,1541
861.237976,1599
861.35553,1585
861.473022,1588
861.590698,1591
861.708191,1549
861.825745,1565
861.943298,1559
862.060852,1515
862.178406,1501
862.295959,1453
862.413513,1433
862.531006,1465
862.64856,1424
862.766113,1416
862.883667,1433
863.00116,1433
863.118713,1470
863.236206,1452
863.353699,1437
863.471252,1492
863.588745,1484
863.706177,1485
863.82373,1475
863.941162,1466
864.058716,1461
864.176208,1523
864.29364,1476
864.411194,1487
864.528687,1475
864.646118,1450
864.763611,1470
864.881042,1464
864.998535,1455
865.116028,1429
865.233459,1423
865.350891,1482
865.468384,1427
865.585754,1479
865.703308,1446
865.820679,1444
865.938171,1440
866.055542,1504
866.173035,1418
866.290466,1419
866.407837,1444
866.52533,1449
866.6427,1509
866.760071,1476
866.877563,1479
866.994934,1478
867.112305,1525
867.229736,1491
867.347107,1539
867.464539,1535
867.58197,1512
867.699341,1527
867.81665,1516
867.934082,1556
868.051453,1518
868.168823,1469
868.286194,1551
868.403564,1562
868.520935,1526
868.638306,1540
868.755676,1546
868.872986,1597
868.990295,1546
869.107727,1532
869.225037,1572
869.342346,1530
869.459717,1573
869.577026,1604
869.694336,1612
869.811707,1588
869.929016,1679
870.046326,1614
870.163635,1621
870.280945,1614
870.398254,1595
870.515564,1644
870.632812,1622
870.750183,1643
870.867432,1665
870.984741,1639
871.102051,1653
871.219299,1639
871.336609,1654
871.453918,1626
871.571106,1648
871.688416,1639
871.805664,1671
871.922852,1619
872.040222,1639
872.157471,1681
872.274719,1624
872.391968,1637
872.509155,1568
872.626465,1632
872.743652,1631
872.860962,1672
872.978149,1587
873.095337,1606
873.212646,1577
873.329834,1577
873.44696,1601
873.564209,1610
873.681396,1588
873.798645,1558
873.915894,1624
874.03302,1554
874.150208,1571
874.267456,1575
874.384583,1555
874.501831,1573
874.618958,1575
874.736145,1536
874.853333,1618
874.970459,1577
875.087646,1571
875.204834,1548
875.32196,1557
875.439148,1560
875.556274,1564
875.673401,1577
875.790527,1585
875.907715,1579
876.024841,1581
876.141968,1573
876.259094,1534
876.376282,1545
876.493347,1578
876.610474,1591
876.7276,1579
876.844727,1591
876.961853,1577
877.078918,1589
877.195984,1591
877.313171,1561
877.430237,1555
877.547302,1592
877.664368,1572
877.781433,1564
877.898499,1570
878.015625,1559
878.13269,1524
878.249695,1547
878.366821,1496
878.483887,1528
878.600952,1523
878.717957,1541
878.834961,1496
878.952087,1525
879.069092,1519
879.186157,1548
879.303162,1527
879.420227,1527
879.537231,1485
879.654236,1496
879.77124,1472
879.888306,1516
880.005249,1502
880.122314,1495
880.239319,1525
880.356323,1434
880.473328,1508
880.590271,1506
880.707275,1478
880.824341,1431
880.941284,1482
881.058228,1499
881.175232,1462
881.292236,1463
881.40918,1486
881.526123,1466
881.643066,1469
881.760071,1496
881.877014,1462
881.993958,1478
882.11084,1455
882.227783,1506
882.344727,1476
882.46167,1508
882.578613,1505
882.695618,1479
882.812439,1472
882.929382,1492
883.046326,1496
883.163208,1470
883.280151,1470
883.397034,1475
883.513916,1488
883.630798,1447
883.747742,1549
883.864563,1547
883.981506,1547
884.098389,1481
884.21521,1519
884.332153,1498
884.448975,1524
884.565796,1561
884.682678,1554
884.7995,1558
884.916443,1599
885.033264,1599
885.150085,1623
885.266968,1648
885.383789,1690
885.500671,1729
885.617493,1684
885.734314,1716
885.851196,1745
885.967896,1668
886.084717,1710
886.201599,1743
886.318359,1703
886.435181,1760
886.552002,1720
886.668762,1712
886.785645,1760
886.902344,1758
887.019165,1767
887.135925,1766
887.252747,1753
887.369446,1782
887.486267,1746
887.603027,1749
887.719788,1684
887.836548,1684
887.953247,1634
888.070068,1676
888.186829,1615
888.303528,1581
888.420288,1523
888.536987,1551
888.653687,1533
888.770447,1516
888.887146,1494
889.003967,1470
889.120667,1453
889.237305,1455
889.354065,1443
889.470703,1472
889.587463,1400
889.704163,1427
889.820862,1381
889.937561,1428
890.054199,1409
890.170837,1443
890.287598,1451
890.404236,1398
890.520874,1424
890.637634,1457
890.754211,1382
890.87085,1407
890.987549,1454
891.104187,1448
891.220886,1403
891.337463,1411
891.454102,1446
891.57074,1428
891.687378,1424
891.804077,1447
891.920654,1441
892.037231,1437
892.15387,1448
892.270447,1391
892.387085,1444
892.503723,1417
892.6203,1416
892.736877,1395
892.853516,1421
892.970032,1441
893.08667,1436
893.203186,1395
893.319763,1443
893.43634,1426
893.552917,1442
893.669556,1435
893.786011,1427
893.902588,1403
894.019165,1460
894.135681,1419
894.252197,1494
894.368835,1454
894.485291,1433
894.601868,1421
894.718384,1414
894.8349,1421
894.951355,1418
895.067932,1445
895.184448,1440
895.300964,1408
895.417419,1404
895.533936,1444
895.650452,1407
895.766907,1413
895.883423,1443
895.999878,1439
896.116333,1425
896.232849,1423
896.349304,1434
896.465759,1445
896.582214,1449
896.698669,1407
896.815125,1456
896.931641,1427
897.048035,1442
897.164551,1405
897.280884,1427
897.397339,1459
897.513794,1402
897.630249,1469
897.746582,1459
897.863098,1420
897.979431,1432
898.095886,1455
898.212341,1492
898.328674,1447
898.445129,1407
898.561462,1472
898.677795,1472
898.794312,1427
898.910645,1454
899.026978,1510
899.143433,1433
899.259766,1460
899.37616,1474
899.492493,1489
899.608765,1493
899.725159,1471
899.841553,1433
899.957947,1484
900.07428,1438
900.190552,1491
900.306946,1439
900.423157,1443
900.53949,1467
900.655884,1461
900.772156,1511
900.888489,1476
901.004822,1459
901.121033,1495
901.237366,1431
901.353699,1492
901.46991,1519
901.586304,1527
901.702515,1477
901.818787,1513
901.93512,1477
902.051331,1523
902.167603,1562
902.283875,1549
902.400085,1538
902.516418,1570
902.632629,1550
902.74884,1625
902.865112,1615
902.981384,1566
903.097595,1603
903.213867,1620
903.330017,1590
903.446289,1566
903.5625,1608
903.67865,1598
903.794922,1616
903.911072,1558
904.027344,1623
904.143494,1600
904.259705,1585
904.375916,1607
904.492065,1522
904.608215,1504
904.724426,1498
904.840576,1502
904.956726,1537
905.072876,1467
905.189087,1509
905.305176,1483
905.421387,1490
905.537537,1459
905.653687,1443
905.769775,1480
905.885925,1461
906.002014,1496
906.118164,1448
906.234314,1457
906.350403,1449
906.466492,1455
906.582642,1450
906.69873,1483
906.814758,1440
906.930908,1430
907.046936,1433
907.163086,1415
907.279175,1440
907.395264,1474
907.511353,1410
907.62738,1478
907.743408,1426
907.859497,1440
907.975525,1451
908.091553,1455
908.207703,1422
908.32373,1416
908.439758,1447
908.555786,1425
908.671814,1449
908.787842,1445
908.90387,1443
909.019775,1396
909.135864,1486
909.251892,1470
909.367859,1468
909.483826,1421
909.599854,1398
909.715881,1464
909.831848,1453
909.947815,1424
910.063782,1424
910.179749,1413
910.295776,1487
910.411743,1429
910.527649,1401
910.643616,1479
910.759583,1443
910.875488,1466
910.991455,1392
911.107361,1452
911.223267,1437
911.339294,1455
911.4552,1405
911.571106,1449
911.687073,1439
911.802979,1403
911.918823,1467
912.034729,1434
912.150635,1393
912.266602,1418
912.382446,1422
912.498352,1494
912.614197,1399
912.730103,1451
912.846008,1416
792.44574,3836
792.56488,3793
792.68396,3666
792.80304,3649
792.92218,3448
793.041199,3417
793.160339,3373
793.279419,3277
793.398499,3339
793.517578,3245
793.636658,3155
793.755737,3120
793.874817,3074
793.993896,3042
794.112976,2944
794.232056,2959
794.351074,2941
794.470215,2919
794.589233,2877
794.708313,2825
794.827393,2750
794.946411,2736
795.065552,2739
795.18457,2640
795.303589,2678
795.422668,2632
795.541687,2623
795.660767,2597
795.779846,2582
795.898865,2544
796.017883,2498
796.136963,2481
796.255981,2464
796.375061,2488
796.49408,2415
796.613037,2432
796.732117,2395
796.851135,2339
796.970154,2349
797.089233,2386
797.208191,2319
797.327271,2295
797.446228,2282
797.565186,2258
797.684265,2234
797.803223,2307
797.922241,2228
798.04126,2225
798.160278,2173
798.279297,2146
798.398315,2187
798.517273,2190
798.636292,2123
798.75531,2123
798.874268,2116
798.993286,2140
799.112244,2106
799.231323,2068
799.350281,2109
799.469238,2148
799.588257,2072
799.707153,2048
799.826111,2053
799.945129,2089
800.064087,2014
800.183044,2061
800.302063,2035
800.421021,2066
800.539978,2016
800.658936,2034
800.777893,2055
800.896912,2000
801.015747,2022
801.134705,1959
801.253723,1967
801.37262,1951
801.491638,1994
801.610535,1960
801.729492,2008
801.84845,1964
801.967407,1976
802.086243,1953
802.205261,1929
802.324158,1941
802.443115,1938
802.562073,1964
802.680969,1924
802.799927,1941
802.918762,1919
803.037659,1890
803.156677,1902
803.275574,1888
803.39447,1867
803.513428,1895
803.632263,1871
803.751221,1876
803.870117,1818
803.989014,1893
804.107971,1810
804.226746,1880
804.345642,1911
804.4646,1833
804.583496,1917
804.702393,1831
804.821228,1814
804.940125,1822
805.059021,1835
805.177917,1827
805.296814,1838
805.415649,1843
805.534546,1854
805.653442,1814
805.772278,1832
805.891113,1846
806.01001,1818
806.128906,1833
806.247742,1812
806.366577,1822
806.485413,1834
806.604309,1859
806.723145,1843
806.84198,1854
806.960876,1855
807.079712,1836
807.198486,1789
807.317383,1836
807.436218,1794
807.554993,1804
807.673889,1796
807.792725,1764
807.91156,1827
808.030396,1789
808.14917,1770
808.268005,1735
808.386841,1798
808.505676,1812
808.624451,1785
808.743286,1780
808.862122,1733
808.980896,1835
809.099731,1825
809.218506,1800
809.337341,1834
809.456116,1812
809.57489,1839
809.693726,1881
809.8125,1815
809.931274,1806
810.050049,1846
810.168884,1761
810.287659,1844
810.406372,1803
810.525269,1816
810.643982,1836
810.762756,1857
810.881531,1858
811.000305,1808
811.11908,1858
811.237854,1829
811.356567,1790
811.475403,1901
811.594116,1879
811.71283,1896
811.831604,1845
811.950378,1951
812.069153,1933
812.187927,1931
812.30658,1940
812.425415,1898
812.544128,1942
812.662781,1901
812.781616,1864
812.900269,1844
813.019043,1859
813.137756,1856
813.256531,1828
813.375244,1787
813.493896,1810
813.612671,1796
813.731384,1842
813.850037,1808
813.96875,1782
814.087524,1746
814.206238,1745
814.324951,1730
814.443604,1784
814.562256,1777
814.68103,1742
814.799683,1760
814.918335,1764
815.037109,1754
815.155762,1764
815.274475,1768
815.393188,1771
815.511841,1833
815.630554,1806
815.749146,1809
815.867859,1752
815.986572,1837
816.105164,1831
816.223877,1848
816.342529,1816
816.461182,1875
816.579895,1883
816.698486,1889
816.817139,1884
816.935791,1881
817.054504,1876
817.173096,1862
817.291748,1831
817.4104,1828
817.529053,1833
817.647644,1760
817.766235,1777
817.884949,1772
818.00354,1718
818.122192,1735
818.240845,1690
818.359436,1695
818.478088,1753
818.59668,1657
818.715271,1655
818.833923,1681
818.952515,1635
819.071106,1589
819.189758,1617
819.30835,1664
819.426941,1640
819.545532,1617
819.664124,1676
819.782715,1622
819.901306,1632
820.019897,1599
820.138489,1666
820.25708,1635
820.375671,1628
820.494202,1627
820.612732,1611
820.731384,1642
820.849915,1579
820.968506,1608
821.087097,1566
821.205627,1598
821.324158,1586
821.442749,1559
821.561279,1616
821.679871,1592
821.798401,1611
821.916931,1576
822.035461,1560
822.154053,1582
822.272583,1541
822.391174,1541
822.509583,1563
822.628174,1546
822.746704,1541
822.865234,1576
822.983765,1520
823.102295,1535
823.220825,1487
823.339294,1558
823.457825,1475
823.576355,1534
823.694824,1535
823.813354,1501
823.931885,1479
824.050354,1525
824.168884,1486
824.287354,1502
824.405823,1500
824.524353,1565
824.642822,1550
824.761353,1543
824.879822,1548
824.998291,1478
825.116699,1519
825.235291,1524
825.353699,1517
825.472168,1478
825.590637,1559
825.709106,1510
825.827576,1551
825.946045,1532
826.064453,1515
826.182983,1463
826.301392,1529
826.4198,1479
826.53833,1473
826.656738,1504
826.775208,1485
826.893677,1502
827.012024,1481
827.130493,1511
827.248962,1509
827.36731,1504
827.485779,1551
827.604248,1508
827.722595,1530
827.841064,1497
827.959412,1494
828.077942,1496
828.196289,1511
828.314636,1502
828.433105,1488
828.551514,1503
828.669861,1552
828.78833,1461
828.906677,1560
829.025085,1485
829.143433,1540
829.261841,1471
829.38031,1540
829.498657,1502
829.617004,1506
829.735413,1554
829.85376,1496
829.972107,1472
830.090515,1494
830.208862,1490
830.327209,1454
830.445557,1487
830.563904,1518
830.682312,1457
830.800659,1494
830.919006,1501
831.037354,1504
831.155701,1498
831.274048,1520
831.392395,1481
831.51062,1447
831.629028,1461
831.747314,1486
831.865662,1456
831.984009,1490
832.102356,1494
832.220642,1428
832.338928,1482
832.457275,1481
832.575623,1459
832.693909,1480
832.812134,1466
832.930481,1492
833.048828,1452
833.167114,1468
833.2854,1418
833.403687,1486
833.521973,1449
833.640259,1452
833.758545,1448
833.876831,1461
833.995056,1441
834.113281,1448
834.231628,1445
834.349915,1460
834.468201,1460
834.586426,1480
834.704651,1468
834.822998,1443
834.941162,1469
835.059448,1449
835.177673,1524
835.295959,1486
835.414246,1453
835.53241,1479
835.650635,1479
835.768921,1461
835.887146,1491
836.005371,1439
836.123596,1458
836.241821,1424
836.360046,1428
836.478271,1450
836.596497,1471
836.714722,1457
836.832886,1490
836.95105,1442
837.069336,1505
837.1875,1467
837.305725,1473
837.423889,1429
837.542053,1442
837.660339,1468
837.778503,1490
837.896667,1518
838.014832,1448
838.132996,1465
838.25116,1494
838.369385,1484
838.487488,1493
838.605713,1529
838.723877,1520
838.84198,1510
838.960205,1479
839.078308,1517
839.196472,1517
839.314636,1540
839.4328,1581
839.550964,1611
839.669067,1566
839.787231,1593
839.905396,1612
840.023499,1586
840.141602,1612
840.259766,1635
840.377869,1588
840.495972,1627
840.614136,1590
840.732239,1576
840.850342,1631
840.968445,1671
841.086548,1648
841.204651,1708
841.322754,1735
841.440918,1739
841.55896,1754
841.677002,1729
841.795166,1823
841.913208,1762
842.031311,1770
842.149353,1779
842.267456,1747
842.385498,1741
842.503601,1708
842.621643,1722
842.739746,1686
842.857788,1712
842.97583,1634
843.093933,1678
843.211975,1668
843.330017,1626
843.44812,1616
843.566101,1608
843.684204,1596
843.802246,1554
843.920227,1587
844.038269,1570
844.156311,1542
844.274292,1550
844.392395,1544
844.510376,1585
844.628357,1513
844.74646,1514
844.864441,1583
844.982422,1546
845.100403,1529
845.218384,1552
845.336426,1492
845.454468,1575
845.572449,1541
845.69043,1519
845.808411,1562
845.926453,1552
846.044373,1560
846.162354,1576
846.280396,1572
846.398315,1565
846.516296,1595
846.634216,1552
846.752197,1613
846.870178,1601
846.988098,1554
847.106079,1640
847.22406,1638
847.34198,1603
847.4599,1611
847.577881,1558
847.695801,1570
847.813782,1609
847.931641,1513
848.049561,1539
848.167603,1534
848.285461,1555
848.403381,1555
848.521362,1554
848.639221,1561
848.75708,1527
848.875,1542
848.99292,1521
849.110901,1534
849.22876,1579
849.34668,1561
849.464539,1543
849.582458,1552
849.700317,1525
849.818176,1527
849.936096,1557
850.053955,1588
850.171875,1583
850.289673,1578
850.407593,1571
850.525452,1639
850.643311,1561
850.761169,1570
850.878967,1604
850.996887,1613
851.114746,1621
851.232544,1595
851.350403,1628
851.468262,1599
851.58606,1564
851.703979,1559
851.821777,1605
851.939636,1561
852.057434,1613
852.175232,1569
852.293091,1544
852.410889,1674
852.528687,1623
852.646545,1683
852.764343,1648
852.88208,1630
852.999939,1573
853.117676,1553
853.235535,1614
853.353271,1544
853.471069,1576
853.588928,1563
853.706604,1546
853.824402,1529
853.9422,1566
854.059998,1531
854.177734,1580
854.295532,1579
854.413269,1624
854.531006,1575
854.648804,1604
854.766541,1671
854.884277,1654
855.002014,1634
855.119751,1684
855.237549,1686
855.355225,1665
855.473022,1713
855.590698,1731
855.708435,1651
855.826172,1694
855.943848,1738
856.061646,1773
856.179321,1772
856.296997,1717
856.414795,1748
856.53241,1759
856.650085,1749
856.767822,1744
856.885559,1742
857.003174,1781
857.120911,1716
857.238586,1766
857.356201,1669
857.473938,1692
857.591614,1706
857.709351,1700
857.826965,1696
857.944641,1688
858.062317,1617
858.179993,1655
858.297668,1718
858.415283,1645
858.532959,1604
858.650574,1697
858.768188,1674
858.885803,1637
859.003479,1651
859.121094,1676
859.23877,1650
859.356384,1606
859.473999,1608
859.591675,1662
859.709229,1605
859.826843,1617
859.944458,1580
860.062012,1606
860.179626,1597
860.297302,1637
860.414856,1655
860.532471,1631
860.650024,1617
860.767639,1597
860.885193,1580
861.002808,1617
861.120361,1591
861.237976,1549
861.35553,1607
861.473022,1581
861.590698,1632
861.708191,1541
861.825745,1545
861.943298,1530
862.060852,1522
862.178406,1497
862.295959,1471
862.413513,1443
862.531006,1463
862.64856,1469
862.766113,1475
862.883667,1473
863.00116,1451
863.118713,1474
863.236206,1440
863.353699,1459
863.471252,1502
863.588745,1507
863.706177,1481
863.82373,1524
863.941162,1475
864.058716,1518
864.176208,1493
864.29364,1494
864.411194,1491
864.528687,1443
864.646118,1516
864.763611,1455
864.881042,1485
864.998535,1461
865.116028,1483
865.233459,1424
865.350891,1427
865.468384,1477
865.585754,1485
865.703308,1472
865.820679,1509
865.938171,1496
866.055542,1474
866.173035,1466
866.290466,1448
866.407837,1487
866.52533,1504
866.6427,1472
866.760071,1472
866.877563,1526
866.994934,1506
867.112305,1532
867.229736,1493
867.347107,1551
867.464539,1523
867.58197,1500
867.699341,1547
867.81665,1523
867.934082,1561
868.051453,1545
868.168823,1513
868.286194,1488
868.403564,1554
868.520935,1566
868.638306,1514
868.755676,1521
868.872986,1561
868.990295,1570
869.107727,1604
869.225037,1565
869.342346,1568
869.459717,1584
869.577026,1598
869.694336,1626
869.811707,1643
869.929016,1602
870.046326,1603
870.163635,1673
870.280945,1642
870.398254,1638
870.515564,1664
870.632812,1651
870.750183,1682
870.867432,1642
870.984741,1676
871.102051,1625
871.219299,1657
871.336609,1639
871.453918,1632
871.571106,1620
871.688416,1672
871.805664,1670
871.922852,1584
872.040222,1632
872.157471,1665
872.274719,1642
872.391968,1619
872.509155,1672
872.626465,1662
872.743652,1645
872.860962,1615
872.978149,1627
873.095337,1629
873.212646,1620
873.329834,1597
873.44696,1586
873.564209,1601
873.681396,1612
873.798645,1611
873.915894,1587
874.03302,1543
874.150208,1569
874.267456,1581
874.384583,1580
874.501831,1576
874.618958,1577
874.736145,1600
874.853333,1560
874.970459,1613
875.087646,1586
875.204834,1576
875.32196,1580
875.439148,1613
875.556274,1572
875.673401,1563
875.790527,1562
875.907715,1613
876.024841,1575
876.141968,1612
876.259094,1595
876.376282,1575
876.493347,1571
876.610474,1551
876.7276,1585
876.844727,1544
876.961853,1571
877.078918,1581
877.195984,1565
877.313171,1601
877.430237,1539
877.547302,1616
877.664368,1571
877.781433,1571
877.898499,1563
878.015625,1583
878.13269,1516
878.249695,1576
878.366821,1514
878.483887,1573
878.600952,1555
878.717957,1545
878.834961,1522
878.952087,1586
879.069092,1557
879.186157,1514
879.303162,1492
879.420227,1498
879.537231,1529
879.654236,1555
879.77124,1527
879.888306,1519
880.005249,1482
880.122314,1512
880.239319,1472
880.356323,1484
880.473328,1458
880.590271,1516
880.707275,1462
880.824341,1485
880.941284,1503
881.058228,1513
881.175232,1496
881.292236,1495
881.40918,1528
881.526123,1507
881.643066,1503
881.760071,1471
881.877014,1464
881.993958,1508
882.11084,1453
882.227783,1536
882.344727,1494
882.46167,1454
882.578613,1439
882.695618,1476
882.812439,1478
882.929382,1483
883.046326,1445
883.163208,1475
883.280151,1492
883.397034,1457
883.513916,1531
883.630798,1532
883.747742,1541
883.864563,1493
883.981506,1500
884.098389,1502
884.21521,1475
884.332153,1555
884.448975,1562
884.565796,1559
884.682678,1558
884.7995,1586
884.916443,1600
885.033264,1635
885.150085,1649
885.266968,1644
885.383789,1650
885.500671,1654
885.617493,1702
885.734314,1638
885.851196,1714
885.967896,1685
886.084717,1746
886.201599,1734
886.318359,1715
886.435181,1692
886.552002,1747
886.668762,1747
886.785645,1746
886.902344,1763
887.019165,1807
887.135925,1797
887.252747,1705
887.369446,1778
887.486267,1773
887.603027,1748
887.719788,1739
887.836548,1653
887.953247,1691
888.070068,1641
888.186829,1637
888.303528,1635
888.420288,1560
888.536987,1573
888.653687,1525
888.770447,1540
888.887146,1495
889.003967,1496
889.120667,1433
889.237305,1475
889.354065,1483
889.470703,1418
889.587463,1474
889.704163,1456
889.820862,1468
889.937561,1434
890.054199,1416
890.170837,1434
890.287598,1434
890.404236,1404
890.520874,1433
890.637634,1489
890.754211,1435
890.87085,1427
890.987549,1433
891.104187,1465
891.220886,1409
891.337463,1430
891.454102,1417
891.57074,1463
891.687378,1463
891.804077,1425
891.920654,1416
892.037231,1450
892.15387,1471
892.270447,1409
892.387085,1417
892.503723,1457
892.6203,1415
892.736877,1449
892.853516,1426
892.970032,1412
893.08667,1425
893.203186,1485
893.319763,1421
893.43634,1449
893.552917,1453
893.669556,1439
893.786011,1423
893.902588,1454
894.019165,1421
894.135681,1437
894.252197,1443
894.368835,1444
894.485291,1486
894.601868,1423
894.718384,1425
894.8349,1450
894.951355,1420
895.067932,1443
895.184448,1417
895.300964,1448
895.417419,1429
895.533936,1444
895.650452,1416
895.766907,1434
895.883423,1434
895.999878,1428
896.116333,1486
896.232849,1431
896.349304,1409
896.465759,1461
896.582214,1437
896.698669,1461
896.815125,1439
896.931641,1410
897.048035,1455
897.164551,1448
897.280884,1438
897.397339,1373
897.513794,1446
897.630249,1475
897.746582,1442
897.863098,1484
897.979431,1437
898.095886,1471
898.212341,1435
898.328674,1486
898.445129,1467
898.561462,1450
898.677795,1456
898.794312,1485
898.910645,1456
899.026978,1432
899.143433,1467
899.259766,1490
899.37616,1460
899.492493,1474
899.608765,1528
899.725159,1457
899.841553,1487
899.957947,1415
900.07428,1481
900.190552,1493
900.306946,1465
900.423157,1460
900.53949,1487
900.655884,1493
900.772156,1473
900.888489,1506
901.004822,1530
901.121033,1481
901.237366,1504
901.353699,1502
901.46991,1490
901.586304,1532
901.702515,1515
901.818787,1534
901.93512,1546
902.051331,1555
902.167603,1580
902.283875,1565
902.400085,1546
902.516418,1596
902.632629,1582
902.74884,1624
902.865112,1595
902.981384,1595
903.097595,1648
903.213867,1612
903.330017,1631
903.446289,1572
903.5625,1579
903.67865,1594
903.794922,1637
903.911072,1605
904.027344,1623
904.143494,1624
904.259705,1536
904.375916,1562
904.492065,1560
904.608215,1552
904.724426,1535
904.840576,1533
904.956726,1496
905.072876,1525
905.189087,1520
905.305176,1524
905.421387,1498
905.537537,1498
905.653687,1467
905.769775,1495
905.885925,1499
906.002014,1431
906.118164,1416
906.234314,1449
906.350403,1417
906.466492,1483
906.582642,1456
906.69873,1468
906.814758,1467
906.930908,1460
907.046936,1449
907.163086,1442
907.279175,1458
907.395264,1428
907.511353,1450
907.62738,1433
907.743408,1444
907.859497,1445
907.975525,1470
908.091553,1431
908.207703,1495
908.32373,1452
908.439758,1486
908.555786,1466
908.671814,1499
908.787842,1457
908.90387,1503
909.019775,1477
909.135864,1441
909.251892,1504
909.367859,1468
909.483826,1470
909.599854,1432
909.715881,1464
909.831848,1465
909.947815,1475
910.063782,1456
910.179749,1421
910.295776,1462
910.411743,1435
910.527649,1450
910.643616,1470
910.759583,1435
910.875488,1451
910.991455,1437
911.107361,1447
911.223267,1391
911.339294,1477
911.4552,1445
911.571106,1443
911.687073,1468
911.802979,1447
911.918823,1444
912.034729,1450
912.150635,1428
912.266602,1483
912.382446,1454
912.498352,1437
912.614197,1449
912.730103,1470
912.846008,1444
