792.44574,3393
792.56488,3293
792.68396,3202
792.80304,3185
792.92218,3095
793.041199,3004
793.160339,2917
793.279419,2936
793.398499,2882
793.517578,2881
793.636658,2837
793.755737,2715
793.874817,2722
793.993896,2722
794.112976,2667
794.232056,2632
794.351074,2591
794.470215,2517
794.589233,2485
794.708313,2515
794.827393,2463
794.946411,2505
795.065552,2448
795.18457,2453
795.303589,2386
795.422668,2341
795.541687,2337
795.660767,2353
795.779846,2287
795.898865,2212
796.017883,2291
796.136963,2211
796.255981,2271
796.375061,2184
796.49408,2149
796.613037,2196
796.732117,2164
796.851135,2177
796.970154,2147
797.089233,2097
797.208191,2105
797.327271,2116
797.446228,2074
797.565186,2056
797.684265,2086
797.803223,1986
797.922241,2029
798.04126,1975
798.160278,1980
798.279297,2011
798.398315,1970
798.517273,1995
798.636292,1950
798.75531,2021
798.874268,1912
798.993286,1978
799.112244,1921
799.231323,1949
799.350281,1908
799.469238,1930
799.588257,1875
799.707153,1927
799.826111,1912
799.945129,1865
800.064087,1896
800.183044,1866
800.302063,1878
800.421021,1847
800.539978,1824
800.658936,1865
800.777893,1827
800.896912,1830
801.015747,1819
801.134705,1869
801.253723,1816
801.37262,1828
801.491638,1843
801.610535,1790
801.729492,1765
801.84845,1811
801.967407,1744
802.086243,1807
802.205261,1787
802.324158,1770
802.443115,1801
802.562073,1724
802.680969,1736
802.799927,1727
802.918762,1743
803.037659,1718
803.156677,1765
803.275574,1744
803.39447,1725
803.513428,1665
803.632263,1786
803.751221,1699
803.870117,1699
803.989014,1717
804.107971,1775
804.226746,1691
804.345642,1690
804.4646,1712
804.583496,1714
804.702393,1682
804.821228,1625
804.940125,1653
805.059021,1668
805.177917,1663
805.296814,1685
805.415649,1680
805.534546,1648
805.653442,1699
805.772278,1710
805.891113,1693
806.01001,1692
806.128906,1726
806.247742,1700
806.366577,1687
806.485413,1728
806.604309,1717
806.723145,1706
806.84198,1694
806.960876,1658
807.079712,1645
807.198486,1704
807.317383,1726
807.436218,1685
807.554993,1638
807.673889,1658
807.792725,1721
807.91156,1636
808.030396,1684
808.14917,1622
808.268005,1659
808.386841,1712
808.505676,1675
808.624451,1655
808.743286,1674
808.862122,1664
808.980896,1591
809.099731,1671
809.218506,1651
809.337341,1670
809.456116,1636
809.57489,1625
809.693726,1658
809.8125,1681
809.931274,1652
810.050049,1669
810.168884,1698
810.287659,1673
810.406372,1672
810.525269,1652
810.643982,1670
810.762756,1665
810.881531,1658
811.000305,1650
811.11908,1662
811.237854,1673
811.356567,1655
811.475403,1677
811.594116,1747
811.71283,1770
811.831604,1739
811.950378,1761
812.069153,1760
812.187927,1746
812.30658,1721
812.425415,1775
812.544128,1753
812.662781,1735
812.781616,1740
812.900269,1695
813.019043,1655
813.137756,1688
813.256531,1667
813.375244,1658
813.493896,1669
813.612671,1629
813.731384,1667
813.850037,1650
813.96875,1630
814.087524,1624
814.206238,1651
814.324951,1616
814.443604,1610
814.562256,1607
814.68103,1670
814.799683,1638
814.918335,1644
815.037109,1624
815.155762,1666
815.274475,1640
815.393188,1653
815.511841,1655
815.630554,1663
815.749146,1658
815.867859,1666
815.986572,1701
816.105164,1640
816.223877,1669
816.342529,1683
816.461182,1714
816.579895,1692
816.698486,1707
816.817139,1723
816.935791,1716
817.054504,1723
817.173096,1659
817.291748,1647
817.4104,1714
817.529053,1714
817.647644,1682
817.766235,1613
817.884949,1610
818.00354,1621
818.122192,1585
818.240845,1568
818.359436,1598
818.478088,1616
818.59668,1582
818.715271,1567
818.833923,1533
818.952515,1567
819.071106,1557
819.189758,1535
819.30835,1538
819.426941,1536
819.545532,1522
819.664124,1578
819.782715,1545
819.901306,1534
820.019897,1500
820.138489,1552
820.25708,1563
820.375671,1554
820.494202,1534
820.612732,1550
820.731384,1551
820.849915,1563
820.968506,1559
821.087097,1520
821.205627,1549
821.324158,1538
821.442749,1527
821.561279,1491
821.679871,1519
821.798401,1552
821.916931,1500
822.035461,1489
822.154053,1466
822.272583,1496
822.391174,1470
822.509583,1526
822.628174,1508
822.746704,1469
822.865234,1468
822.983765,1459
823.102295,1489
823.220825,1431
823.339294,1478
823.457825,1445
823.576355,1446
823.694824,1457
823.813354,1481
823.931885,1466
824.050354,1443
824.168884,1458
824.287354,1479
824.405823,1488
824.524353,1526
824.642822,1471
824.761353,1429
824.879822,1477
824.998291,1453
825.116699,1465
825.235291,1460
825.353699,1467
825.472168,1468
825.590637,1439
825.709106,1470
825.827576,1452
825.946045,1456
826.064453,1448
826.182983,1444
826.301392,1406
826.4198,1464
826.53833,1457
826.656738,1441
826.775208,1479
826.893677,1460
827.012024,1435
827.130493,1440
827.248962,1419
827.36731,1443
827.485779,1490
827.604248,1441
827.722595,1455
827.841064,1465
827.959412,1449
828.077942,1446
828.196289,1426
828.314636,1463
828.433105,1443
828.551514,1476
828.669861,1448
828.78833,1474
828.906677,1434
829.025085,1440
829.143433,1451
829.261841,1444
829.38031,1482
829.498657,1443
829.617004,1487
829.735413,1469
829.85376,1454
829.972107,1437
830.090515,1485
830.208862,1420
830.327209,1460
830.445557,1455
830.563904,1479
830.682312,1409
830.800659,1406
830.919006,1431
831.037354,1414
831.155701,1524
831.274048,1428
831.392395,1407
831.51062,1450
831.629028,1394
831.747314,1426
831.865662,1411
831.984009,1428
832.102356,1402
832.220642,1478
832.338928,1422
832.457275,1441
832.575623,1447
832.693909,1428
832.812134,1435
832.930481,1396
833.048828,1421
833.167114,1373
833.2854,1426
833.403687,1413
833.521973,1426
833.640259,1444
833.758545,1437
833.876831,1448
833.995056,1460
834.113281,1439
834.231628,1447
834.349915,1437
834.468201,1381
834.586426,1441
834.704651,1430
834.822998,1417
834.941162,1443
835.059448,1424
835.177673,1448
835.295959,1484
835.414246,1443
835.53241,1417
835.650635,1435
835.768921,1430
835.887146,1422
836.005371,1478
836.123596,1396
836.241821,1405
836.360046,1419
836.478271,1387
836.596497,1398
836.714722,1437
836.832886,1430
836.95105,1387
837.069336,1419
837.1875,1404
837.305725,1449
837.423889,1407
837.542053,1430
837.660339,1406
837.778503,1430
837.896667,1415
838.014832,1428
838.132996,1375
838.25116,1430
838.369385,1425
838.487488,1446
838.605713,1429
838.723877,1438
838.84198,1448
838.960205,1452
839.078308,1456
839.196472,1450
839.314636,1517
839.4328,1522
839.550964,1481
839.669067,1478
839.787231,1535
839.905396,1495
840.023499,1505
840.141602,1507
840.259766,1478
840.377869,1494
840.495972,1537
840.614136,1502
840.732239,1521
840.850342,1545
840.968445,1614
841.086548,1544
841.204651,1566
841.322754,1544
841.440918,1609
841.55896,1665
841.677002,1652
841.795166,1637
841.913208,1697
842.031311,1674
842.149353,1627
842.267456,1587
842.385498,1650
842.503601,1643
842.621643,1602
842.739746,1576
842.857788,1586
842.97583,1573
843.093933,1598
843.211975,1574
843.330017,1479
843.44812,1548
843.566101,1482
843.684204,1465
843.802246,1529
843.920227,1453
844.038269,1491
844.156311,1471
844.274292,1525
844.392395,1473
844.510376,1512
844.628357,1452
844.74646,1426
844.864441,1480
844.982422,1433
845.100403,1464
845.218384,1471
845.336426,1466
845.454468,1481
845.572449,1430
845.69043,1474
845.808411,1449
845.926453,1492
846.044373,1457
846.162354,1463
846.280396,1497
846.398315,1518
846.516296,1491
846.634216,1499
846.752197,1566
846.870178,1518
846.988098,1507
847.106079,1525
847.22406,1526
847.34198,1535
847.4599,1562
847.577881,1452
847.695801,1469
847.813782,1511
847.931641,1471
848.049561,1460
848.167603,1441
848.285461,1455
848.403381,1451
848.521362,1484
848.639221,1481
848.75708,1471
848.875,1466
848.99292,1479
849.110901,1484
849.22876,1494
849.34668,1471
849.464539,1485
849.582458,1487
849.700317,1458
849.818176,1486
849.936096,1482
850.053955,1490
850.171875,1500
850.289673,1511
850.407593,1473
850.525452,1539
850.643311,1476
850.761169,1490
850.878967,1537
850.996887,1520
851.114746,1533
851.232544,1522
851.350403,1506
851.468262,1511
851.58606,1474
851.703979,1497
851.821777,1491
851.939636,1487
852.057434,1488
852.175232,1519
852.293091,1523
852.410889,1536
852.528687,1511
852.646545,1573
852.764343,1538
852.88208,1509
852.999939,1515
853.117676,1514
853.235535,1507
853.353271,1464
853.471069,1402
853.588928,1488
853.706604,1430
853.824402,1479
853.9422,1449
854.059998,1473
854.177734,1476
854.295532,1513
854.413269,1496
854.531006,1527
854.648804,1515
854.766541,1539
854.884277,1563
855.002014,1542
855.119751,1606
855.237549,1544
855.355225,1595
855.473022,1604
855.590698,1613
855.708435,1593
855.826172,1624
855.943848,1602
856.061646,1626
856.179321,1645
856.296997,1622
856.414795,1648
856.53241,1579
856.650085,1629
856.767822,1668
856.885559,1641
857.003174,1671
857.120911,1601
857.238586,1620
857.356201,1666
857.473938,1572
857.591614,1543
857.709351,1612
857.826965,1540
857.944641,1609
858.062317,1555
858.179993,1533
858.297668,1541
858.415283,1577
858.532959,1509
858.650574,1586
858.768188,1541
858.885803,1580
859.003479,1603
859.121094,1571
859.23877,1515
859.356384,1581
859.473999,1514
859.591675,1560
859.709229,1528
859.826843,1534
859.944458,1536
860.062012,1551
860.179626,1554
860.297302,1539
860.414856,1536
860.532471,1494
860.650024,1538
860.767639,1522
860.885193,1516
861.002808,1518
861.120361,1538
861.237976,1512
861.35553,1502
861.473022,1500
861.590698,1486
861.708191,1497
861.825745,1481
861.943298,1438
862.060852,1454
862.178406,1446
862.295959,1461
862.413513,1391
862.531006,1364
862.64856,1401
862.766113,1427
862.883667,1382
863.00116,1421
863.118713,1406
863.236206,1431
863.353699,1401
863.471252,1385
863.588745,1445
863.706177,1430
863.82373,1401
863.941162,1411
864.058716,1425
864.176208,1401
864.29364,1398
864.411194,1453
864.528687,1408
864.646118,1401
864.763611,1385
864.881042,1494
864.998535,1411
865.116028,1415
865.233459,1406
865.350891,1376
865.468384,1404
865.585754,1418
865.703308,1388
865.820679,1373
865.938171,1393
866.055542,1406
866.173035,1415
866.290466,1425
866.407837,1454
866.52533,1422
866.6427,1450
866.760071,1437
866.877563,1371
866.994934,1425
867.112305,1422
867.229736,1412
867.347107,1383
867.464539,1473
867.58197,1472
867.699341,1491
867.81665,1457
867.934082,1449
868.051453,1483
868.168823,1448
868.286194,1468
868.403564,1470
868.520935,1467
868.638306,1472
868.755676,1450
868.872986,1466
868.990295,1465
869.107727,1473
869.225037,1516
869.342346,1525
869.459717,1519
869.577026,1505
869.694336,1492
869.811707,1526
869.929016,1513
870.046326,1530
870.163635,1549
870.280945,1572
870.398254,1524
870.515564,1532
870.632812,1548
870.750183,1521
870.867432,1560
870.984741,1530
871.102051,1516
871.219299,1516
871.336609,1554
871.453918,1533
871.571106,1567
871.688416,1511
871.805664,1515
871.922852,1588
872.040222,1546
872.157471,1514
872.274719,1517
872.391968,1502
872.509155,1517
872.626465,1517
872.743652,1545
872.860962,1503
872.978149,1529
873.095337,1508
873.212646,1476
873.329834,1531
873.44696,1476
873.564209,1512
873.681396,1475
873.798645,1508
873.915894,1470
874.03302,1467
874.150208,1502
874.267456,1496
874.384583,1500
874.501831,1469
874.618958,1492
874.736145,1468
874.853333,1486
874.970459,1472
875.087646,1501
875.204834,1469
875.32196,1512
875.439148,1482
875.556274,1481
875.673401,1515
875.790527,1510
875.907715,1487
876.024841,1474
876.141968,1502
876.259094,1502
876.376282,1516
876.493347,1477
876.610474,1496
876.7276,1473
876.844727,1475
876.961853,1489
877.078918,1514
877.195984,1488
877.313171,1495
877.430237,1501
877.547302,1550
877.664368,1488
877.781433,1493
877.898499,1455
878.015625,1459
878.13269,1435
878.249695,1517
878.366821,1467
878.483887,1503
878.600952,1453
878.717957,1465
878.834961,1466
878.952087,1441
879.069092,1458
879.186157,1474
879.303162,1454
879.420227,1477
879.537231,1497
879.654236,1414
879.77124,1475
879.888306,1435
880.005249,1420
880.122314,1409
880.239319,1414
880.356323,1420
880.473328,1434
880.590271,1415
880.707275,1432
880.824341,1430
880.941284,1389
881.058228,1480
881.175232,1432
881.292236,1443
881.40918,1392
881.526123,1423
881.643066,1442
881.760071,1444
881.877014,1457
881.993958,1411
882.11084,1399
882.227783,1396
882.344727,1383
882.46167,1420
882.578613,1404
882.695618,1446
882.812439,1391
882.929382,1479
883.046326,1463
883.163208,1420
883.280151,1453
883.397034,1395
883.513916,1428
883.630798,1440
883.747742,1481
883.864563,1468
883.981506,1441
884.098389,1452
884.21521,1424
884.332153,1442
884.448975,1432
884.565796,1465
884.682678,1451
884.7995,1478
884.916443,1481
885.033264,1512
885.150085,1519
885.266968,1552
885.383789,1563
885.500671,1550
885.617493,1505
885.734314,1558
885.851196,1549
885.967896,1540
886.084717,1548
886.201599,1613
886.318359,1558
886.435181,1570
886.552002,1611
886.668762,1607
886.785645,1628
886.902344,1623
887.019165,1628
887.135925,1640
887.252747,1646
887.369446,1648
887.486267,1619
887.603027,1604
887.719788,1549
887.836548,1614
887.953247,1567
888.070068,1581
888.186829,1555
888.303528,1478
888.420288,1478
888.536987,1457
888.653687,1429
888.770447,1437
888.887146,1459
889.003967,1420
889.120667,1365
889.237305,1434
889.354065,1408
889.470703,1429
889.587463,1383
889.704163,1409
889.820862,1380
889.937561,1394
890.054199,1363
890.170837,1377
890.287598,1402
890.404236,1330
890.520874,1392
890.637634,1371
890.754211,1413
890.87085,1373
890.987549,1404
891.104187,1394
891.220886,1385
891.337463,1411
891.454102,1441
891.57074,1395
891.687378,1391
891.804077,1379
891.920654,1361
892.037231,1410
892.15387,1420
892.270447,1408
892.387085,1376
892.503723,1360
892.6203,1373
892.736877,1375
892.853516,1390
892.970032,1376
893.08667,1370
893.203186,1387
893.319763,1378
893.43634,1375
893.552917,1391
893.669556,1383
893.786011,1377
893.902588,1355
894.019165,1420
894.135681,1346
894.252197,1449
894.368835,1412
894.485291,1401
894.601868,1387
894.718384,1404
894.8349,1358
894.951355,1357
895.067932,1368
895.184448,1387
895.300964,1416
895.417419,1394
895.533936,1405
895.650452,1384
895.766907,1376
895.883423,1418
895.999878,1377
896.116333,1332
896.232849,1356
896.349304,1397
896.465759,1382
896.582214,1370
896.698669,1427
896.815125,1421
896.931641,1399
897.048035,1348
897.164551,1388
897.280884,1372
897.397339,1355
897.513794,1425
897.630249,1418
897.746582,1381
897.863098,1415
897.979431,1392
898.095886,1433
898.212341,1390
898.328674,1427
898.445129,1436
898.561462,1404
898.677795,1420
898.794312,1411
898.910645,1407
899.026978,1410
899.143433,1425
899.259766,1429
899.37616,1392
899.492493,1400
899.608765,1389
899.725159,1404
899.841553,1389
899.957947,1414
900.07428,1489
900.190552,1413
900.306946,1448
900.423157,1386
900.53949,1399
900.655884,1431
900.772156,1403
900.888489,1430
901.004822,1415
901.121033,1418
901.237366,1416
901.353699,1420
901.46991,1434
901.586304,1458
901.702515,1402
901.818787,1462
901.93512,1474
902.051331,1482
902.167603,1475
902.283875,1441
902.400085,1480
902.516418,1494
902.632629,1519
902.74884,1475
902.865112,1531
902.981384,1461
903.097595,1519
903.213867,1530
903.330017,1528
903.446289,1457
903.5625,1493
903.67865,1494
903.794922,1527
903.911072,1490
904.027344,1437
904.143494,1478
904.259705,1495
904.375916,1474
904.492065,1431
904.608215,1446
904.724426,1446
904.840576,1436
904.956726,1416
905.072876,1422
905.189087,1430
905.305176,1420
905.421387,1426
905.537537,1423
905.653687,1376
905.769775,1430
905.885925,1433
906.002014,1421
906.118164,1401
906.234314,1421
906.350403,1386
906.466492,1384
906.582642,1420
906.69873,1370
906.814758,1413
906.930908,1416
907.046936,1414
907.163086,1396
907.279175,1416
907.395264,1361
907.511353,1428
907.62738,1383
907.743408,1380
907.859497,1374
907.975525,1400
908.091553,1332
908.207703,1390
908.32373,1350
908.439758,1421
908.555786,1422
908.671814,1426
908.787842,1381
908.90387,1385
909.019775,1369
909.135864,1351
909.251892,1386
909.367859,1379
909.483826,1375
909.599854,1374
909.715881,1411
909.831848,1392
909.947815,1396
910.063782,1409
910.179749,1374
910.295776,1342
910.411743,1379
910.527649,1387
910.643616,1372
910.759583,1412
910.875488,1362
910.991455,1405
911.107361,1388
911.223267,1426
911.339294,1387
911.4552,1377
911.571106,1373
911.687073,1431
911.802979,1375
911.918823,1351
912.034729,1362
912.150635,1359
912.266602,1453
912.382446,1371
912.498352,1386
912.614197,1399
912.730103,1360
912.846008,1364
792.44574,3365
792.56488,3289
792.68396,3233
792.80304,3235
792.92218,3085
793.041199,3017
793.160339,2910
793.279419,2969
793.398499,2897
793.517578,2870
793.636658,2801
793.755737,2771
793.874817,2746
793.993896,2718
794.112976,2689
794.232056,2631
794.351074,2572
794.470215,2671
794.589233,2570
794.708313,2548
794.827393,2520
794.946411,2500
795.065552,2460
795.18457,2428
795.303589,2489
795.422668,2345
795.541687,2390
795.660767,2328
795.779846,2312
795.898865,2338
796.017883,2272
796.136963,2272
796.255981,2248
796.375061,2242
796.49408,2163
796.613037,2202
796.732117,2243
796.851135,2177
796.970154,2137
797.089233,2162
797.208191,2108
797.327271,2117
797.446228,2055
797.565186,2087
797.684265,2048
797.803223,2059
797.922241,2029
798.04126,2072
798.160278,2047
798.279297,2055
798.398315,2045
798.517273,2009
798.636292,2033
798.75531,1960
798.874268,1981
798.993286,2015
799.112244,1915
799.231323,1959
799.350281,1973
799.469238,1964
799.588257,1976
799.707153,1922
799.826111,1939
799.945129,1900
800.064087,1897
800.183044,1893
800.302063,1864
800.421021,1836
800.539978,1868
800.658936,1862
800.777893,1858
800.896912,1883
801.015747,1861
801.134705,1821
801.253723,1837
801.37262,1838
801.491638,1793
801.610535,1836
801.729492,1823
801.84845,1837
801.967407,1822
802.086243,1817
802.205261,1811
802.324158,1772
802.443115,1778
802.562073,1824
802.680969,1782
802.799927,1786
802.918762,1792
803.037659,1761
803.156677,1776
803.275574,1762
803.39447,1776
803.513428,1717
803.632263,1746
803.751221,1717
803.870117,1831
803.989014,1711
804.107971,1731
804.226746,1722
804.345642,1725
804.4646,1704
804.583496,1754
804.702393,1763
804.821228,1686
804.940125,1709
805.059021,1694
805.177917,1666
805.296814,1712
805.415649,1726
805.534546,1727
805.653442,1713
805.772278,1753
805.891113,1709
806.01001,1717
806.128906,1712
806.247742,1727
806.366577,1708
806.485413,1693
806.604309,1722
806.723145,1704
806.84198,1677
806.960876,1687
807.079712,1714
807.198486,1700
807.317383,1685
807.436218,1670
807.554993,1717
807.673889,1668
807.792725,1693
807.91156,1664
808.030396,1686
808.14917,1651
808.268005,1681
808.386841,1630
808.505676,1666
808.624451,1658
808.743286,1694
808.862122,1641
808.980896,1696
809.099731,1665
809.218506,1710
809.337341,1666
809.456116,1679
809.57489,1696
809.693726,1686
809.8125,1679
809.931274,1692
810.050049,1636
810.168884,1738
810.287659,1714
810.406372,1713
810.525269,1701
810.643982,1681
810.762756,1686
810.881531,1718
811.000305,1688
811.11908,1727
811.237854,1718
811.356567,1703
811.475403,1780
811.594116,1739
811.71283,1723
811.831604,1793
811.950378,1756
812.069153,1744
812.187927,1799
812.30658,1746
812.425415,1727
812.544128,1729
812.662781,1719
812.781616,1766
812.900269,1706
813.019043,1684
813.137756,1718
813.256531,1705
813.375244,1674
813.493896,1659
813.612671,1685
813.731384,1698
813.850037,1636
813.96875,1671
814.087524,1695
814.206238,1618
814.324951,1659
814.443604,1621
814.562256,1627
814.68103,1650
814.799683,1679
814.918335,1641
815.037109,1608
815.155762,1641
815.274475,1631
815.393188,1696
815.511841,1696
815.630554,1640
815.749146,1681
815.867859,1703
815.986572,1699
816.105164,1666
816.223877,1704
816.342529,1721
816.461182,1723
816.579895,1719
816.698486,1759
816.817139,1723
816.935791,1775
817.054504,1771
817.173096,1720
817.291748,1711
817.4104,1725
817.529053,1667
817.647644,1625
817.766235,1636
817.884949,1646
818.00354,1658
818.122192,1609
818.240845,1622
818.359436,1574
818.478088,1587
818.59668,1602
818.715271,1619
818.833923,1595
818.952515,1566
819.071106,1552
819.189758,1578
819.30835,1578
819.426941,1563
819.545532,1548
819.664124,1554
819.782715,1595
819.901306,1585
820.019897,1562
820.138489,1530
820.25708,1551
820.375671,1560
820.494202,1521
820.612732,1590
820.731384,1538
820.849915,1516
820.968506,1523
821.087097,1566
821.205627,1529
821.324158,1539
821.442749,1534
821.561279,1526
821.679871,1542
821.798401,1537
821.916931,1524
822.035461,1506
822.154053,1548
822.272583,1468
822.391174,1519
822.509583,1531
822.628174,1505
822.746704,1508
822.865234,1450
822.983765,1486
823.102295,1524
823.220825,1483
823.339294,1430
823.457825,1516
823.576355,1465
823.694824,1513
823.813354,1417
823.931885,1496
824.050354,1486
824.168884,1502
824.287354,1473
824.405823,1481
824.524353,1485
824.642822,1449
824.761353,1483
824.879822,1450
824.998291,1496
825.116699,1468
825.235291,1489
825.353699,1515
825.472168,1462
825.590637,1490
825.709106,1451
825.827576,1464
825.946045,1442
826.064453,1449
826.182983,1475
826.301392,1448
826.4198,1465
826.53833,1437
826.656738,1426
826.775208,1432
826.893677,1480
827.012024,1459
827.130493,1431
827.248962,1474
827.36731,1473
827.485779,1482
827.604248,1488
827.722595,1432
827.841064,1454
827.959412,1444
828.077942,1424
828.196289,1500
828.314636,1452
828.433105,1461
828.551514,1543
828.669861,1463
828.78833,1524
828.906677,1473
829.025085,1447
829.143433,1507
829.261841,1482
829.38031,1502
829.498657,1497
829.617004,1457
829.735413,1481
829.85376,1507
829.972107,1485
830.090515,1450
830.208862,1443
830.327209,1468
830.445557,1486
830.563904,1471
830.682312,1433
830.800659,1474
830.919006,1524
831.037354,1500
831.155701,1472
831.274048,1458
831.392395,1459
831.51062,1441
831.629028,1421
831.747314,1407
831.865662,1460
831.984009,1458
832.102356,1466
832.220642,1414
832.338928,1424
832.457275,1454
832.575623,1461
832.693909,1437
832.812134,1456
832.930481,1404
833.048828,1423
833.167114,1375
833.2854,1442
833.403687,1433
833.521973,1433
833.640259,1418
833.758545,1431
833.876831,1445
833.995056,1453
834.113281,1435
834.231628,1466
834.349915,1403
834.468201,1408
834.586426,1414
834.704651,1479
834.822998,1416
834.941162,1469
835.059448,1454
835.177673,1432
835.295959,1443
835.414246,1400
835.53241,1465
835.650635,1434
835.768921,1445
835.887146,1420
836.005371,1462
836.123596,1405
836.241821,1452
836.360046,1409
836.478271,1469
836.596497,1410
836.714722,1427
836.832886,1480
836.95105,1434
837.069336,1431
837.1875,1427
837.305725,1441
837.423889,1435
837.542053,1427
837.660339,1460
837.778503,1442
837.896667,1429
838.014832,1417
838.132996,1424
838.25116,1426
838.369385,1420
838.487488,1447
838.605713,1447
838.723877,1486
838.84198,1445
838.960205,1490
839.078308,1479
839.196472,1500
839.314636,1511
839.4328,1513
839.550964,1541
839.669067,1505
839.787231,1529
839.905396,1523
840.023499,1520
840.141602,1555
840.259766,1551
840.377869,1546
840.495972,1543
840.614136,1515
840.732239,1532
840.850342,1554
840.968445,1565
841.086548,1577
841.204651,1604
841.322754,1654
841.440918,1675
841.55896,1639
841.677002,1694
841.795166,1707
841.913208,1690
842.031311,1695
842.149353,1667
842.267456,1666
842.385498,1636
842.503601,1621
842.621643,1611
842.739746,1590
842.857788,1617
842.97583,1518
843.093933,1585
843.211975,1598
843.330017,1572
843.44812,1548
843.566101,1481
843.684204,1539
843.802246,1528
843.920227,1480
844.038269,1522
844.156311,1557
844.274292,1516
844.392395,1499
844.510376,1498
844.628357,1467
844.74646,1492
844.864441,1504
844.982422,1487
845.100403,1492
845.218384,1470
845.336426,1437
845.454468,1504
845.572449,1491
845.69043,1490
845.808411,1495
845.926453,1520
846.044373,1504
846.162354,1515
846.280396,1508
846.398315,1480
846.516296,1541
846.634216,1479
846.752197,1512
846.870178,2794
846.988098,1496
847.106079,1530
847.22406,1532
847.34198,1534
847.4599,1534
847.577881,1490
847.695801,1542
847.813782,1502
847.931641,1452
848.049561,1499
848.167603,1474
848.285461,1493
848.403381,1498
848.521362,1475
848.639221,1479
848.75708,1478
848.875,1504
848.99292,1486
849.110901,1516
849.22876,1485
849.34668,1481
849.464539,1493
849.582458,1473
849.700317,1489
849.818176,1439
849.936096,1515
850.053955,1526
850.171875,1489
850.289673,1466
850.407593,1493
850.525452,1493
850.643311,1504
850.761169,1528
850.878967,1521
850.996887,1536
851.114746,1518
851.232544,1531
851.350403,1559
851.468262,1591
851.58606,1544
851.703979,1514
851.821777,1550
851.939636,1515
852.057434,1556
852.175232,1498
852.293091,1550
852.410889,1540
852.528687,1591
852.646545,1580
852.764343,1533
852.88208,1554
852.999939,1522
853.117676,1501
853.235535,1502
853.353271,1476
853.471069,1455
853.588928,1423
853.706604,1481
853.824402,1520
853.9422,1448
854.059998,1514
854.177734,1519
854.295532,1499
854.413269,1564
854.531006,1554
854.648804,1572
854.766541,1578
854.884277,1570
855.002014,1560
855.119751,1555
855.237549,1589
855.355225,1592
855.473022,1604
855.590698,1590
855.708435,1613
855.826172,1606
855.943848,1648
856.061646,1643
856.179321,1619
856.296997,1637
856.414795,1629
856.53241,1648
856.650085,1670
856.767822,1621
856.885559,1656
857.003174,1627
857.120911,1652
857.238586,1601
857.356201,1635
857.473938,1622
857.591614,1565
857.709351,1654
857.826965,1558
857.944641,1568
858.062317,1605
858.179993,1627
858.297668,1548
858.415283,1565
858.532959,1580
858.650574,1583
858.768188,1592
858.885803,1614
859.003479,1565
859.121094,1580
859.23877,1555
859.356384,1574
859.473999,1552
859.591675,1546
859.709229,1568
859.826843,1606
859.944458,1549
860.062012,1513
860.179626,1493
860.297302,1572
860.414856,1525
860.532471,1511
860.650024,1505
860.767639,1538
860.885193,1560
861.002808,1506
861.120361,1495
861.237976,1547
861.35553,1539
861.473022,1500
861.590698,1486
861.708191,1502
861.825745,1457
861.943298,1496
862.060852,1469
862.178406,1444
862.295959,1458
862.413513,1437
862.531006,1448
862.64856,1465
862.766113,1396
862.883667,1435
863.00116,1450
863.118713,1436
863.236206,1401
863.353699,1417
863.471252,1461
863.588745,1458
863.706177,1452
863.82373,1432
863.941162,1440
864.058716,1459
864.176208,1408
864.29364,1444
864.411194,1426
864.528687,1427
864.646118,1422
864.763611,1402
864.881042,1427
864.998535,1457
865.116028,1388
865.233459,1423
865.350891,1415
865.468384,1425
865.585754,1423
865.703308,1443
865.820679,1424
865.938171,1483
866.055542,1413
866.173035,1444
866.290466,1419
866.407837,1432
866.52533,1440
866.6427,1397
866.760071,1438
866.877563,1414
866.994934,1483
867.112305,1470
867.229736,1471
867.347107,1478
867.464539,1444
867.58197,1500
867.699341,1483
867.81665,1502
867.934082,1470
868.051453,1463
868.168823,1487
868.286194,1462
868.403564,1488
868.520935,1470
868.638306,1468
868.755676,1484
868.872986,1545
868.990295,1474
869.107727,1452
869.225037,1490
869.342346,1514
869.459717,1519
869.577026,1519
869.694336,1550
869.811707,1531
869.929016,1546
870.046326,1558
870.163635,1578
870.280945,1574
870.398254,1547
870.515564,1571
870.632812,1561
870.750183,1563
870.867432,1554
870.984741,1522
871.102051,1587
871.219299,1561
871.336609,1580
871.453918,1559
871.571106,1528
871.688416,1523
871.805664,1555
871.922852,1554
872.040222,1558
872.157471,1531
872.274719,1505
872.391968,1550
872.509155,1542
872.626465,1516
872.743652,1556
872.860962,1550
872.978149,1567
873.095337,1524
873.212646,1527
873.329834,1539
873.44696,1537
873.564209,1496
873.681396,1462
873.798645,1498
873.915894,1501
874.03302,1519
874.150208,1539
874.267456,1482
874.384583,1500
874.501831,1498
874.618958,1541
874.736145,1503
874.853333,1494
874.970459,1548
875.087646,1523
875.204834,1520
875.32196,1528
875.439148,1499
875.556274,1519
875.673401,1547
875.790527,1556
875.907715,1515
876.024841,1558
876.141968,1482
876.259094,1511
876.376282,1555
876.493347,1530
876.610474,1535
876.7276,1509
876.844727,1532
876.961853,1502
877.078918,1522
877.195984,1537
877.313171,1516
877.430237,1485
877.547302,1514
877.664368,1522
877.781433,1485
877.898499,1466
878.015625,1497
878.13269,1486
878.249695,1499
878.366821,1491
878.483887,1472
878.600952,1491
878.717957,1501
878.834961,1474
878.952087,1510
879.069092,1468
879.186157,1466
879.303162,1488
879.420227,1470
879.537231,1439
879.654236,1431
879.77124,1470
879.888306,1472
880.005249,1466
880.122314,1435
880.239319,1483
880.356323,1454
880.473328,1485
880.590271,1439
880.707275,1459
880.824341,1453
880.941284,1463
881.058228,1459
881.175232,1473
881.292236,1449
881.40918,1452
881.526123,1428
881.643066,1441
881.760071,1459
881.877014,1444
881.993958,1433
882.11084,1421
882.227783,1460
882.344727,1452
882.46167,1449
882.578613,1425
882.695618,1483
882.812439,1427
882.929382,1450
883.046326,1448
883.163208,1436
883.280151,1394
883.397034,1465
883.513916,1427
883.630798,1492
883.747742,1484
883.864563,1457
883.981506,1468
884.098389,1490
884.21521,1447
884.332153,1473
884.448975,1484
884.565796,1484
884.682678,1511
884.7995,1522
884.916443,1489
885.033264,1544
885.150085,1508
885.266968,1605
885.383789,1561
885.500671,1578
885.617493,1633
885.734314,1606
885.851196,1611
885.967896,1604
886.084717,1612
886.201599,1623
886.318359,1618
886.435181,1595
886.552002,1675
886.668762,1607
886.785645,1633
886.902344,1669
887.019165,1650
887.135925,1628
887.252747,1682
887.369446,1664
887.486267,1675
887.603027,1672
887.719788,1598
887.836548,1563
887.953247,1587
888.070068,1562
888.186829,1579
888.303528,1503
888.420288,1503
888.536987,1453
888.653687,1478
888.770447,1455
888.887146,1456
889.003967,1438
889.120667,1452
889.237305,1391
889.354065,1432
889.470703,1417
889.587463,1416
889.704163,1431
889.820862,1378
889.937561,1395
890.054199,1409
890.170837,1371
890.287598,1389
890.404236,1380
890.520874,1385
890.637634,1461
890.754211,1399
890.87085,1439
890.987549,1395
891.104187,1375
891.220886,1440
891.337463,1373
891.454102,1407
891.57074,1417
891.687378,1410
891.804077,1443
891.920654,1426
892.037231,1355
892.15387,1423
892.270447,1387
892.387085,1439
892.503723,1412
892.6203,1387
892.736877,1425
892.853516,1422
892.970032,1399
893.08667,1419
893.203186,1411
893.319763,1416
893.43634,1422
893.552917,1398
893.669556,1379
893.786011,1428
893.902588,1434
894.019165,1379
894.135681,1403
894.252197,1437
894.368835,1464
894.485291,1419
894.601868,1380
894.718384,1417
894.8349,1432
894.951355,1403
895.067932,1429
895.184448,1369
895.300964,1417
895.417419,1420
895.533936,1420
895.650452,1367
895.766907,1409
895.883423,1419
895.999878,1446
896.116333,1373
896.232849,1383
896.349304,1374
896.465759,1388
896.582214,1422
896.698669,1413
896.815125,1431
896.931641,1441
897.048035,1410
897.164551,1416
897.280884,1397
897.397339,1398
897.513794,1417
897.630249,1393
897.746582,1423
897.863098,1419
897.979431,1408
898.095886,1400
898.212341,1407
898.328674,1464
898.445129,1424
898.561462,1451
898.677795,1402
898.794312,1434
898.910645,1432
899.026978,1437
899.143433,1442
899.259766,1451
899.37616,1422
899.492493,1437
899.608765,1430
899.725159,1480
899.841553,1477
899.957947,1450
900.07428,1461
900.190552,1438
900.306946,1414
900.423157,1443
900.53949,1482
900.655884,1418
900.772156,1429
900.888489,1472
901.004822,1390
901.121033,1467
901.237366,1466
901.353699,1454
901.46991,1422
901.586304,1463
901.702515,1467
901.818787,1432
901.93512,1465
902.051331,1479
902.167603,1459
902.283875,1456
902.400085,1501
902.516418,1496
902.632629,1514
902.74884,1540
902.865112,1504
902.981384,1518
903.097595,1505
903.213867,1577
903.330017,1535
903.446289,1549
903.5625,1541
903.67865,1536
903.794922,1533
903.911072,1542
904.027344,1499
904.143494,1480
904.259705,1514
904.375916,1503
904.492065,1464
904.608215,1453
904.724426,1476
904.840576,1466
904.956726,1475
905.072876,1437
905.189087,1521
905.305176,1471
905.421387,1415
905.537537,1483
905.653687,1440
905.769775,1427
905.885925,1480
906.002014,1453
906.118164,1417
906.234314,1442
906.350403,1425
906.466492,1457
906.582642,1397
906.69873,1429
906.814758,1418
906.930908,1430
907.046936,1475
907.163086,1443
907.279175,1432
907.395264,1396
907.511353,1417
907.62738,1420
907.743408,1405
907.859497,1403
907.975525,1426
908.091553,1414
908.207703,1440
908.32373,1420
908.439758,1403
908.555786,1385
908.671814,1440
908.787842,1429
908.90387,1437
909.019775,1408
909.135864,1375
909.251892,1469
909.367859,1426
909.483826,1396
909.599854,1438
909.715881,1405
909.831848,1452
909.947815,1416
910.063782,1394
910.179749,1468
910.295776,1448
910.411743,1416
910.527649,1412
910.643616,1416
910.759583,1461
910.875488,1431
910.991455,1460
911.107361,1389
911.223267,1443
911.339294,1443
911.4552,1406
911.571106,1404
911.687073,1421
911.802979,1443
911.918823,1426
912.034729,1410
912.150635,1376
912.266602,1443
912.382446,1427
912.498352,1400
912.614197,1383
912.730103,1416
912.846008,1380
792.44574,3395
792.56488,3280
792.68396,3290
792.80304,3122
792.92218,3111
793.041199,3141
793.160339,2981
793.279419,2948
793.398499,2912
793.517578,2915
793.636658,2790
793.755737,2812
793.874817,2727
793.993896,2748
794.112976,2693
794.232056,2585
794.351074,2657
794.470215,2576
794.589233,2535
794.708313,2556
794.827393,2509
794.946411,2459
795.065552,2486
795.18457,2383
795.303589,2446
795.422668,2396
795.541687,2367
795.660767,2363
795.779846,2271
795.898865,2261
796.017883,2332
796.136963,2228
796.255981,2220
796.375061,2224
796.49408,2151
796.613037,2214
796.732117,2163
796.851135,2157
796.970154,2179
797.089233,2109
797.208191,2130
797.327271,2141
797.446228,2077
797.565186,2098
797.684265,2029
797.803223,2063
797.922241,2034
798.04126,2029
798.160278,2049
798.279297,1995
798.398315,2055
798.517273,1995
798.636292,1943
798.75531,1965
798.874268,1967
798.993286,1944
799.112244,1974
799.231323,1922
799.350281,1910
799.469238,1996
799.588257,1942
799.707153,1903
799.826111,1901
799.945129,1884
800.064087,1914
800.183044,1875
800.302063,1929
800.421021,1920
800.539978,1882
800.658936,1841
800.777893,1895
800.896912,1850
801.015747,1827
801.134705,1839
801.253723,1825
801.37262,1875
801.491638,1802
801.610535,1857
801.729492,1783
801.84845,1810
801.967407,1828
802.086243,1797
802.205261,1825
802.324158,1827
802.443115,1816
802.562073,1791
802.680969,1821
802.799927,1784
802.918762,1751
803.037659,1741
803.156677,1727
803.275574,1742
803.39447,1757
803.513428,1810
803.632263,1773
803.751221,1737
803.870117,1727
803.989014,1730
804.107971,1770
804.226746,1741
804.345642,1756
804.4646,1751
804.583496,1776
804.702393,1713
804.821228,1724
804.940125,1750
805.059021,1718
805.177917,1701
805.296814,1689
805.415649,1718
805.534546,1705
805.653442,1737
805.772278,1710
805.891113,1689
806.01001,1705
806.128906,1741
806.247742,1712
806.366577,1700
806.485413,1704
806.604309,1740
806.723145,1719
806.84198,1703
806.960876,1702
807.079712,1705
807.198486,1721
807.317383,1680
807.436218,1680
807.554993,1689
807.673889,1708
807.792725,1680
807.91156,1658
808.030396,1655
808.14917,1639
808.268005,1678
808.386841,1650
808.505676,1654
808.624451,1657
808.743286,1634
808.862122,1702
808.980896,1680
809.099731,1704
809.218506,1699
809.337341,1727
809.456116,1657
809.57489,1725
809.693726,1670
809.8125,1742
809.931274,1712
810.050049,1701
810.168884,1680
810.287659,1686
810.406372,1669
810.525269,1663
810.643982,1713
810.762756,1713
810.881531,1704
811.000305,1688
811.11908,1702
811.237854,1684
811.356567,1718
811.475403,1703
811.594116,1739
811.71283,1743
811.831604,1770
811.950378,1761
812.069153,1824
812.187927,1751
812.30658,1783
812.425415,1774
812.544128,1722
812.662781,1734
812.781616,1760
812.900269,1720
813.019043,1686
813.137756,1728
813.256531,1722
813.375244,1661
813.493896,1640
813.612671,1655
813.731384,1686
813.850037,1656
813.96875,1649
814.087524,1642
814.206238,1658
814.324951,1646
814.443604,1648
814.562256,1613
814.68103,1661
814.799683,1665
814.918335,1659
815.037109,1675
815.155762,1613
815.274475,1620
815.393188,1616
815.511841,1625
815.630554,1656
815.749146,1667
815.867859,1687
815.986572,1694
816.105164,1667
816.223877,1750
816.342529,1743
816.461182,1699
816.579895,1780
816.698486,1710
816.817139,1733
816.935791,1761
817.054504,1716
817.173096,1744
817.291748,1727
817.4104,1688
817.529053,1685
817.647644,1692
817.766235,1631
817.884949,1664
818.00354,1627
818.122192,1625
818.240845,1600
818.359436,1603
818.478088,1563
818.59668,1591
818.715271,1608
818.833923,1601
818.952515,1586
819.071106,1607
819.189758,1586
819.30835,1590
819.426941,1566
819.545532,1563
819.664124,1613
819.782715,1512
819.901306,1610
820.019897,1580
820.138489,1578
820.25708,1590
820.375671,1560
820.494202,1544
820.612732,1572
820.731384,1575
820.849915,1580
820.968506,1562
821.087097,1545
821.205627,1572
821.324158,1563
821.442749,1522
821.561279,1613
821.679871,1512
821.798401,1511
821.916931,1558
822.035461,1495
822.154053,1561
822.272583,1501
822.391174,1563
822.509583,1513
822.628174,1550
822.746704,1514
822.865234,1478
822.983765,1496
823.102295,1529
823.220825,1463
823.339294,1464
823.457825,1510
823.576355,1496
823.694824,1507
823.813354,1471
823.931885,1499
824.050354,1497
824.168884,1480
824.287354,1485
824.405823,1477
824.524353,1475
824.642822,1463
824.761353,1469
824.879822,1487
824.998291,1414
825.116699,1460
825.235291,1471
825.353699,1437
825.472168,1492
825.590637,1472
825.709106,1476
825.827576,1440
825.946045,1497
826.064453,1448
826.182983,1444
826.301392,1454
826.4198,1470
826.53833,1438
826.656738,1423
826.775208,1474
826.893677,1457
827.012024,1497
827.130493,1481
827.248962,1495
827.36731,1495
827.485779,1453
827.604248,1471
827.722595,1477
827.841064,1478
827.959412,1466
828.077942,1495
828.196289,1460
828.314636,1485
828.433105,1408
828.551514,1494
828.669861,1458
828.78833,1487
828.906677,1506
829.025085,1466
829.143433,1475
829.261841,1494
829.38031,1495
829.498657,1440
829.617004,1472
829.735413,1486
829.85376,1479
829.972107,1452
830.090515,1472
830.208862,1499
830.327209,1472
830.445557,1448
830.563904,1445
830.682312,1492
830.800659,1406
830.919006,1501
831.037354,1412
831.155701,1473
831.274048,1454
831.392395,1477
831.51062,1445
831.629028,1425
831.747314,1423
831.865662,1427
831.984009,1462
832.102356,1461
832.220642,1474
832.338928,1475
832.457275,1450
832.575623,1469
832.693909,1504
832.812134,1375
832.930481,1449
833.048828,1414
833.167114,1438
833.2854,1425
833.403687,1392
833.521973,1451
833.640259,1405
833.758545,1451
833.876831,1450
833.995056,1425
834.113281,1428
834.231628,1433
834.349915,1443
834.468201,1449
834.586426,1382
834.704651,1464
834.822998,1465
834.941162,1438
835.059448,1456
835.177673,1464
835.295959,1445
835.414246,1449
835.53241,1461
835.650635,1409
835.768921,1441
835.887146,1432
836.005371,1401
836.123596,1443
836.241821,1433
836.360046,1403
836.478271,1436
836.596497,1434
836.714722,1418
836.832886,1429
836.95105,1387
837.069336,1435
837.1875,1436
837.305725,1456
837.423889,1440
837.542053,1438
837.660339,1380
837.778503,1471
837.896667,1439
838.014832,1446
838.132996,1465
838.25116,1439
838.369385,1437
838.487488,1495
838.605713,1408
838.723877,1415
838.84198,1483
838.960205,1430
839.078308,1518
839.196472,1445
839.314636,1487
839.4328,1522
839.550964,1506
839.669067,1529
839.787231,1523
839.905396,1549
840.023499,1523
840.141602,1515
840.259766,1516
840.377869,1527
840.495972,1551
840.614136,1511
840.732239,1561
840.850342,1545
840.968445,1593
841.086548,1559
841.204651,1618
841.322754,1601
841.440918,1644
841.55896,1658
841.677002,1676
841.795166,1675
841.913208,1681
842.031311,1702
842.149353,1672
842.267456,1673
842.385498,1638
842.503601,1658
842.621643,1605
842.739746,1609
842.857788,1620
842.97583,1591
843.093933,1569
843.211975,1576
843.330017,1580
843.44812,1522
843.566101,1508
843.684204,1559
843.802246,1579
843.920227,1502
844.038269,1507
844.156311,1528
844.274292,1550
844.392395,1459
844.510376,1502
844.628357,1478
844.74646,1480
844.864441,1478
844.982422,1492
845.100403,1560
845.218384,1470
845.336426,1526
845.454468,1478
845.572449,1491
845.69043,1491
845.808411,1494
845.926453,1505
846.044373,1494
846.162354,1504
846.280396,1493
846.398315,1525
846.516296,1552
846.634216,1519
846.752197,1554
846.870178,1542
846.988098,1585
847.106079,1525
847.22406,1524
847.34198,1570
847.4599,1537
847.577881,1518
847.695801,1530
847.813782,1528
847.931641,1496
848.049561,1497
848.167603,1447
848.285461,1487
848.403381,1445
848.521362,1470
848.639221,1483
848.75708,1526
848.875,1469
848.99292,1482
849.110901,1436
849.22876,1509
849.34668,1465
849.464539,1471
849.582458,1513
849.700317,1484
849.818176,1480
849.936096,1501
850.053955,1473
850.171875,1498
850.289673,1498
850.407593,1520
850.525452,1540
850.643311,1569
850.761169,1514
850.878967,1542
850.996887,1533
851.114746,1552
851.232544,1528
851.350403,1545
851.468262,1558
851.58606,1522
851.703979,1482
851.821777,1560
851.939636,1512
852.057434,1488
852.175232,1501
852.293091,1492
852.410889,1596
852.528687,1579
852.646545,1549
852.764343,1503
852.88208,1498
852.999939,1500
853.117676,1486
853.235535,1500
853.353271,1481
853.471069,1504
853.588928,1461
853.706604,1495
853.824402,1504
853.9422,1519
854.059998,1482
854.177734,1510
854.295532,1505
854.413269,1550
854.531006,1542
854.648804,1552
854.766541,1508
854.884277,1555
855.002014,1548
855.119751,1571
855.237549,1594
855.355225,1599
855.473022,1560
855.590698,1621
855.708435,1612
855.826172,1574
855.943848,1618
856.061646,1628
856.179321,1614
856.296997,1628
856.414795,1644
856.53241,1634
856.650085,1662
856.767822,1636
856.885559,1659
857.003174,1651
857.120911,1677
857.238586,1651
857.356201,1618
857.473938,1593
857.591614,1597
857.709351,1586
857.826965,1616
857.944641,1579
858.062317,1562
858.179993,1597
858.297668,1579
858.415283,1587
858.532959,1607
858.650574,1578
858.768188,1567
858.885803,1601
859.003479,1579
859.121094,1575
859.23877,1575
859.356384,1556
859.473999,1548
859.591675,1559
859.709229,1593
859.826843,1491
859.944458,1568
860.062012,1548
860.179626,1515
860.297302,1579
860.414856,1521
860.532471,1550
860.650024,1565
860.767639,1562
860.885193,1517
861.002808,1538
861.120361,1546
861.237976,1534
861.35553,1523
861.473022,1522
861.590698,1478
861.708191,1518
861.825745,1481
861.943298,1485
862.060852,1480
862.178406,1430
862.295959,1479
862.413513,1440
862.531006,1448
862.64856,1404
862.766113,1418
862.883667,1400
863.00116,1439
863.118713,1454
863.236206,1414
863.353699,1452
863.471252,1421
863.588745,1466
863.706177,1456
863.82373,1494
863.941162,1420
864.058716,1461
864.176208,1468
864.29364,1448
864.411194,1455
864.528687,1446
864.646118,1424
864.763611,1449
864.881042,1459
864.998535,1406
865.116028,1398
865.233459,1446
865.350891,1408
865.468384,1427
865.585754,1429
865.703308,1429
865.820679,1472
865.938171,1426
866.055542,1414
866.173035,1441
866.290466,1416
866.407837,1425
866.52533,1426
866.6427,1441
866.760071,1423
866.877563,1455
866.994934,1436
867.112305,1441
867.229736,1474
867.347107,1440
867.464539,1450
867.58197,1467
867.699341,1471
867.81665,1515
867.934082,1465
868.051453,1507
868.168823,1512
868.286194,1470
868.403564,1558
868.520935,1454
868.638306,1528
868.755676,1487
868.872986,1523
868.990295,1492
869.107727,1518
869.225037,1515
869.342346,1459
869.459717,1542
869.577026,1529
869.694336,1527
869.811707,1536
869.929016,1532
870.046326,1529
870.163635,1549
870.280945,1581
870.398254,1595
870.515564,1559
870.632812,1560
870.750183,1562
870.867432,1560
870.984741,1555
871.102051,1547
871.219299,1566
871.336609,1536
871.453918,1582
871.571106,1568
871.688416,1575
871.805664,1547
871.922852,1565
872.040222,1513
872.157471,1557
872.274719,1571
872.391968,1532
872.509155,1543
872.626465,1575
872.743652,1527
872.860962,1533
872.978149,1557
873.095337,1552
873.212646,1517
873.329834,1525
873.44696,1521
873.564209,1541
873.681396,1514
873.798645,1501
873.915894,1561
874.03302,1482
874.150208,1508
874.267456,1558
874.384583,1456
874.501831,1529
874.618958,1539
874.736145,1509
874.853333,1533
874.970459,1542
875.087646,1520
875.204834,1477
875.32196,1501
875.439148,1523
875.556274,1523
875.673401,1467
875.790527,1517
875.907715,1490
876.024841,1508
876.141968,1502
876.259094,1502
876.376282,1534
876.493347,1502
876.610474,1522
876.7276,1535
876.844727,1484
876.961853,1475
877.078918,1550
877.195984,1518
877.313171,1538
877.430237,1533
877.547302,1525
877.664368,1528
877.781433,1468
877.898499,1522
878.015625,1519
878.13269,1497
878.249695,1478
878.366821,1485
878.483887,1507
878.600952,1482
878.717957,1455
878.834961,1508
878.952087,1451
879.069092,1508
879.186157,1514
879.303162,1452
879.420227,1528
879.537231,1484
879.654236,1456
879.77124,1491
879.888306,1435
880.005249,1455
880.122314,1441
880.239319,1461
880.356323,1462
880.473328,1436
880.590271,1458
880.707275,1469
880.824341,1423
880.941284,1455
881.058228,1452
881.175232,1460
881.292236,1431
881.40918,1448
881.526123,1438
881.643066,1429
881.760071,1452
881.877014,1446
881.993958,1505
882.11084,1424
882.227783,1428
882.344727,1425
882.46167,1500
882.578613,1408
882.695618,1436
882.812439,1433
882.929382,1484
883.046326,1433
883.163208,1461
883.280151,1436
883.397034,1448
883.513916,1475
883.630798,1452
883.747742,1436
883.864563,1459
883.981506,1461
884.098389,1486
884.21521,1437
884.332153,1474
884.448975,1538
884.565796,1457
884.682678,1506
884.7995,1472
884.916443,1525
885.033264,1523
885.150085,1529
885.266968,1576
885.383789,1547
885.500671,1601
885.617493,1639
885.734314,1599
885.851196,1589
885.967896,1583
886.084717,1626
886.201599,1614
886.318359,1665
886.435181,1653
886.552002,1636
886.668762,1619
886.785645,1689
886.902344,1660
887.019165,1662
887.135925,1643
887.252747,1590
887.369446,1688
887.486267,1689
887.603027,1653
887.719788,1628
887.836548,1637
887.953247,1597
888.070068,1598
888.186829,1563
888.303528,1506
888.420288,1529
888.536987,1502
888.653687,1510
888.770447,1447
888.887146,1451
889.003967,1417
889.120667,1432
889.237305,1422
889.354065,1442
889.470703,1413
889.587463,1384
889.704163,1433
889.820862,1388
889.937561,1393
890.054199,1357
890.170837,1417
890.287598,1394
890.404236,1403
890.520874,1397
890.637634,1437
890.754211,1415
890.87085,1437
890.987549,1396
891.104187,1444
891.220886,1412
891.337463,1417
891.454102,1447
891.57074,1439
891.687378,1403
891.804077,1432
891.920654,1419
892.037231,1447
892.15387,1403
892.270447,1392
892.387085,1419
892.503723,1420
892.6203,1397
892.736877,1391
892.853516,1440
892.970032,1460
893.08667,1410
893.203186,1431
893.319763,1443
893.43634,1399
893.552917,1460
893.669556,1423
893.786011,1415
893.902588,1395
894.019165,1373
894.135681,1430
894.252197,1433
894.368835,1430
894.485291,1389
894.601868,1427
894.718384,1413
894.8349,1450
894.951355,1396
895.067932,1403
895.184448,1427
895.300964,1389
895.417419,1443
895.533936,1389
895.650452,1413
895.766907,1410
895.883423,1436
895.999878,1416
896.116333,1420
896.232849,1406
896.349304,1430
896.465759,1422
896.582214,1413
896.698669,1402
896.815125,1394
896.931641,1429
897.048035,1443
897.164551,1418
897.280884,1405
897.397339,1420
897.513794,1429
897.630249,1447
897.746582,1425
897.863098,1428
897.979431,1409
898.095886,1463
898.212341,1453
898.328674,1425
898.445129,1453
898.561462,1418
898.677795,1437
898.794312,1449
898.910645,1399
899.026978,1429
899.143433,1439
899.259766,1394
899.37616,1425
899.492493,1418
899.608765,1426
899.725159,1454
899.841553,1491
899.957947,1405
900.07428,1443
900.190552,1420
900.306946,1448
900.423157,1447
900.53949,1452
900.655884,1448
900.772156,1420
900.888489,1446
901.004822,1457
901.121033,1420
901.237366,1401
901.353699,1462
901.46991,1455
901.586304,1496
901.702515,1487
901.818787,1475
901.93512,1500
902.051331,1464
902.167603,1544
902.283875,1488
902.400085,1524
902.516418,1504
902.632629,1523
902.74884,1506
902.865112,1550
902.981384,1544
903.097595,1510
903.213867,1544
903.330017,1522
903.446289,1573
903.5625,1522
903.67865,1515
903.794922,1517
903.911072,1505
904.027344,1505
904.143494,1489
904.259705,1507
904.375916,1482
904.492065,1491
904.608215,1499
904.724426,1464
904.840576,1463
904.956726,1450
905.072876,1435
905.189087,1463
905.305176,1485
905.421387,1471
905.537537,1470
905.653687,1474
905.769775,1474
905.885925,1442
906.002014,1438
906.118164,1446
906.234314,1462
906.350403,1453
906.466492,1425
906.582642,1435
906.69873,1452
906.814758,1463
906.930908,1469
907.046936,1412
907.163086,1443
907.279175,1420
907.395264,1402
907.511353,1431
907.62738,1400
907.743408,1454
907.859497,1462
907.975525,1436
908.091553,1403
908.207703,1438
908.32373,1396
908.439758,1431
908.555786,1465
908.671814,1443
908.787842,1413
908.90387,1424
909.019775,1437
909.135864,1416
909.251892,1439
909.367859,1444
909.483826,1447
909.599854,1427
909.715881,1440
909.831848,1383
909.947815,1450
910.063782,1425
910.179749,1460
910.295776,1461
910.411743,1404
910.527649,1500
910.643616,1446
910.759583,1417
910.875488,1446
910.991455,1455
911.107361,1430
911.223267,1447
911.339294,1418
911.4552,1423
911.571106,1383
911.687073,1430
911.802979,1427
911.918823,1417
912.034729,1437
912.150635,1475
912.266602,1420
912.382446,1446
912.498352,1419
912.614197,1394
912.730103,1459
912.846008,1397
