792.446,552
792.565,578
792.684,633
792.803,584
792.922,526
793.041,539
793.16,551
793.279,523
793.398,542
793.518,530
793.637,519
793.756,530
793.875,558
793.994,539
794.113,530
794.232,501
794.351,528
794.47,533
794.589,548
794.708,519
794.827,521
794.946,521
795.066,524
795.185,504
795.304,507
795.423,529
795.542,520
795.661,514
795.78,513
795.899,515
796.018,509
796.137,511
796.256,516
796.375,522
796.494,513
796.613,521
796.732,504
796.851,504
796.97,485
797.089,512
797.208,525
797.327,483
797.446,516
797.565,511
797.684,503
797.803,506
797.922,496
798.041,518
798.16,499
798.279,486
798.398,503
798.517,486
798.636,500
798.755,481
798.874,516
798.993,503
799.112,496
799.231,496
799.35,497
799.469,489
799.588,520
799.707,495
799.826,505
799.945,508
800.064,501
800.183,492
800.302,494
800.421,515
800.54,516
800.659,504
800.778,508
800.897,486
801.016,493
801.135,505
801.254,490
801.373,492
801.492,491
801.611,490
801.729,488
801.848,500
801.967,495
802.086,499
802.205,495
802.324,492
802.443,503
802.562,509
802.681,473
802.8,498
802.919,494
803.038,491
803.157,497
803.276,491
803.394,501
803.513,497
803.632,493
803.751,491
803.87,491
803.989,507
804.108,480
804.227,474
804.346,498
804.465,495
804.583,501
804.702,500
804.821,507
804.94,487
805.059,488
805.178,494
805.297,506
805.416,474
805.535,507
805.653,504
805.772,514
805.891,482
806.01,498
806.129,496
806.248,486
806.367,477
806.485,484
806.604,462
806.723,507
806.842,484
806.961,477
807.08,504
807.198,505
807.317,471
807.436,484
807.555,504
807.674,508
807.793,492
807.912,482
808.03,493
808.149,488
808.268,500
808.387,495
808.506,512
808.624,481
808.743,501
808.862,485
808.981,490
809.1,478
809.219,484
809.337,480
809.456,512
809.575,481
809.694,496
809.812,520
809.931,499
810.05,492
810.169,513
810.288,504
810.406,475
810.525,511
810.644,502
810.763,479
810.882,475
811.0,496
811.119,496
811.238,477
811.357,470
811.475,481
811.594,512
811.713,488
811.832,479
811.95,511
812.069,493
812.188,509
812.307,482
812.425,501
812.544,500
812.663,493
812.782,497
812.9,491
813.019,497
813.138,508
813.257,488
813.375,498
813.494,492
813.613,494
813.731,484
813.85,496
813.969,493
814.088,472
814.206,497
814.325,475
814.444,488
814.562,487
814.681,486
814.8,470
814.918,478
815.037,497
815.156,470
815.274,498
815.393,484
815.512,474
815.631,490
815.749,481
815.868,477
815.987,496
816.105,488
816.224,468
816.343,469
816.461,494
816.58,484
816.698,488
816.817,477
816.936,489
817.055,499
817.173,484
817.292,480
817.41,467
817.529,474
817.648,511
817.766,477
817.885,481
818.004,468
818.122,483
818.241,478
818.359,494
818.478,482
818.597,481
818.715,467
818.834,481
818.953,476
819.071,452
819.19,476
819.308,480
819.427,467
819.546,480
819.664,461
819.783,468
819.901,459
820.02,462
820.138,466
820.257,481
820.376,471
820.494,488
820.613,484
820.731,461
820.85,471
820.969,483
821.087,475
821.206,465
821.324,464
821.443,460
821.561,459
821.68,475
821.798,477
821.917,478
822.035,484
822.154,473
822.273,451
822.391,473
822.51,474
822.628,467
822.747,465
822.865,454
822.984,464
823.102,471
823.221,454
823.339,485
823.458,460
823.576,476
823.695,445
823.813,468
823.932,476
824.05,450
824.169,475
824.287,454
824.406,466
824.524,456
824.643,490
824.761,461
824.88,467
824.998,460
825.117,464
825.235,461
825.354,441
825.472,466
825.591,449
825.709,464
825.828,467
825.946,460
826.064,458
826.183,470
826.301,442
826.42,462
826.538,477
826.657,442
826.775,457
826.894,463
827.012,474
827.13,458
827.249,454
827.367,443
827.486,475
827.604,476
827.723,465
827.841,457
827.959,458
828.078,452
828.196,439
828.315,464
828.433,463
828.552,454
828.67,463
828.788,460
828.907,468
829.025,458
829.143,446
829.262,441
829.38,462
829.499,455
829.617,442
829.735,471
829.854,441
829.972,458
830.091,473
830.209,457
830.327,452
830.446,465
830.564,448
830.682,456
830.801,437
830.919,460
831.037,468
831.156,456
831.274,460
831.392,460
831.511,449
831.629,463
831.747,453
831.866,439
831.984,459
832.102,458
832.221,467
832.339,454
832.457,461
832.576,465
832.694,440
832.812,473
832.93,459
833.049,471
833.167,443
833.285,457
833.404,472
833.522,458
833.64,473
833.759,480
833.877,449
833.995,448
834.113,449
834.232,468
834.35,458
834.468,433
834.586,458
834.705,462
834.823,450
834.941,462
835.059,445
835.178,474
835.296,473
835.414,452
835.532,477
835.651,445
835.769,470
835.887,466
836.005,454
836.124,449
836.242,451
836.36,465
836.478,447
836.596,464
836.715,448
836.833,451
836.951,449
837.069,476
837.188,475
837.306,466
837.424,467
837.542,462
837.66,438
837.779,458
837.897,473
838.015,457
838.133,460
838.251,461
838.369,460
838.487,470
838.606,461
838.724,456
838.842,449
838.96,455
839.078,445
839.196,461
839.315,458
839.433,472
839.551,462
839.669,461
839.787,447
839.905,468
840.023,456
840.142,457
840.26,455
840.378,466
840.496,456
840.614,462
840.732,461
840.85,451
840.968,455
841.087,447
841.205,454
841.323,445
841.441,458
841.559,460
841.677,465
841.795,469
841.913,455
842.031,477
842.149,460
842.267,456
842.385,445
842.504,478
842.622,462
842.74,462
842.858,449
842.976,469
843.094,463
843.212,462
843.33,444
843.448,464
843.566,438
843.684,467
843.802,432
843.92,461
844.038,479
844.156,460
844.274,447
844.392,501
844.51,464
844.628,476
844.746,453
844.864,468
844.982,468
845.1,469
845.218,472
845.336,464
845.454,471
845.572,483
845.69,456
845.808,475
845.926,454
846.044,454
846.162,481
846.28,461
846.398,475
846.516,461
846.634,455
846.752,480
846.87,442
846.988,458
847.106,460
847.224,468
847.342,445
847.46,471
847.578,475
847.696,487
847.814,468
847.932,466
848.05,465
848.168,465
848.285,456
848.403,478
848.521,452
848.639,449
848.757,473
848.875,468
848.993,461
849.111,466
849.229,472
849.347,453
849.465,466
849.582,472
849.7,477
849.818,472
849.936,460
850.054,473
850.172,449
850.29,474
850.408,468
850.525,468
850.643,459
850.761,465
850.879,476
850.997,460
851.115,468
851.233,454
851.35,447
851.468,468
851.586,458
851.704,480
851.822,459
851.94,482
852.057,453
852.175,458
852.293,447
852.411,450
852.529,455
852.647,476
852.764,456
852.882,456
853.0,462
853.118,480
853.236,463
853.353,455
853.471,485
853.589,455
853.707,447
853.824,471
853.942,442
854.06,462
854.178,454
854.296,460
854.413,452
854.531,429
854.649,458
854.767,453
854.884,449
855.002,471
855.12,443
855.238,456
855.355,466
855.473,477
855.591,447
855.708,450
855.826,452
855.944,492
856.062,458
856.179,448
856.297,450
856.415,464
856.532,459
856.65,454
856.768,476
856.886,470
857.003,468
857.121,452
857.239,452
857.356,463
857.474,474
857.592,473
857.709,445
857.827,472
857.945,435
858.062,439
858.18,462
858.298,475
858.415,463
858.533,471
858.651,460
858.768,462
858.886,463
859.003,458
859.121,458
859.239,444
859.356,450
859.474,454
859.592,465
859.709,478
859.827,469
859.944,480
860.062,471
860.18,460
860.297,440
860.415,462
860.532,462
860.65,477
860.768,464
860.885,449
861.003,435
861.12,464
861.238,458
861.356,465
861.473,449
861.591,462
861.708,453
861.826,469
861.943,472
862.061,462
862.178,451
862.296,478
862.414,461
862.531,466
862.649,459
862.766,471
862.884,448
863.001,442
863.119,456
863.236,465
863.354,437
863.471,443
863.589,442
863.706,460
863.824,453
863.941,450
864.059,439
864.176,476
864.294,458
864.411,468
864.529,451
864.646,466
864.764,446
864.881,457
864.999,453
865.116,471
865.233,448
865.351,453
865.468,455
865.586,451
865.703,462
865.821,454
865.938,442
866.056,458
866.173,454
866.29,467
866.408,456
866.525,448
866.643,465
866.76,456
866.878,447
866.995,464
867.112,475
867.23,458
867.347,462
867.465,487
867.582,469
867.699,454
867.817,450
867.934,458
868.051,453
868.169,482
868.286,451
868.404,478
868.521,464
868.638,441
868.756,468
868.873,439
868.99,441
869.108,446
869.225,468
869.342,465
869.46,465
869.577,482
869.694,464
869.812,449
869.929,449
870.046,454
870.164,458
870.281,459
870.398,438
870.516,492
870.633,466
870.75,462
870.867,451
870.985,471
871.102,468
871.219,466
871.337,467
871.454,464
871.571,455
871.688,477
871.806,451
871.923,467
872.04,453
872.157,461
872.275,476
872.392,458
872.509,454
872.626,469
872.744,463
872.861,470
872.978,452
873.095,470
873.213,460
873.33,452
873.447,470
873.564,464
873.681,439
873.799,462
873.916,452
874.033,454
874.15,459
874.267,465
874.385,455
874.502,461
874.619,450
874.736,461
874.853,467
874.97,462
875.088,461
875.205,483
875.322,454
875.439,484
875.556,460
875.673,472
875.791,463
875.908,483
876.025,477
876.142,461
876.259,458
876.376,467
876.493,459
876.61,462
876.728,442
876.845,482
876.962,467
877.079,466
877.196,441
877.313,464
877.43,482
877.547,465
877.664,470
877.781,463
877.898,465
878.016,466
878.133,460
878.25,476
878.367,459
878.484,468
878.601,452
878.718,458
878.835,442
878.952,454
879.069,456
879.186,463
879.303,461
879.42,466
879.537,459
879.654,461
879.771,484
879.888,447
880.005,452
880.122,472
880.239,447
880.356,462
880.473,462
880.59,460
880.707,473
880.824,456
880.941,456
881.058,468
881.175,446
881.292,467
881.409,430
881.526,469
881.643,467
881.76,482
881.877,461
881.994,474
882.111,458
882.228,472
882.345,458
882.462,475
882.579,446
882.696,474
882.812,457
882.929,465
883.046,480
883.163,451
883.28,457
883.397,450
883.514,444
883.631,449
883.748,468
883.865,452
883.982,453
884.098,469
884.215,458
884.332,465
884.449,472
884.566,471
884.683,450
884.8,476
884.916,457
885.033,493
885.15,451
885.267,486
885.384,459
885.501,466
885.617,474
885.734,503
885.851,480
885.968,463
886.085,478
886.202,506
886.318,473
886.435,489
886.552,481
886.669,488
886.786,474
886.902,483
887.019,478
887.136,475
887.253,467
887.369,488
887.486,472
887.603,468
887.72,494
887.837,468
887.953,479
888.07,465
888.187,473
888.304,466
888.42,478
888.537,469
888.654,471
888.77,478
888.887,471
889.004,485
889.121,461
889.237,465
889.354,469
889.471,483
889.587,478
889.704,465
889.821,455
889.938,473
890.054,477
890.171,458
890.288,470
890.404,481
890.521,464
890.638,466
890.754,480
890.871,483
890.988,477
891.104,477
891.221,482
891.337,471
891.454,445
891.571,472
891.687,462
891.804,477
891.921,457
892.037,486
892.154,479
892.27,465
892.387,469
892.504,476
892.62,482
892.737,456
892.854,472
892.97,481
893.087,471
893.203,465
893.32,459
893.436,479
893.553,484
893.67,468
893.786,488
893.903,485
894.019,462
894.136,476
894.252,479
894.369,484
894.485,486
894.602,471
894.718,484
894.835,483
894.951,484
895.068,464
895.184,448
895.301,496
895.417,470
895.534,459
895.65,468
895.767,467
895.883,484
896.0,476
896.116,456
896.233,485
896.349,454
896.466,481
896.582,471
896.699,486
896.815,473
896.932,472
897.048,492
897.165,471
897.281,459
897.397,475
897.514,457
897.63,481
897.747,471
897.863,468
897.979,471
898.096,466
898.212,475
898.329,477
898.445,466
898.561,458
898.678,465
898.794,490
898.911,484
899.027,481
899.143,470
899.26,474
899.376,462
899.492,472
899.609,458
899.725,466
899.842,459
899.958,482
900.074,480
900.191,469
900.307,490
900.423,480
900.539,476
900.656,469
900.772,458
900.888,474
901.005,480
901.121,472
901.237,469
901.354,465
901.47,497
901.586,456
901.703,476
901.819,465
901.935,486
902.051,498
902.168,497
902.284,484
902.4,471
902.516,474
902.633,486
902.749,490
902.865,484
902.981,502
903.098,502
903.214,496
903.33,473
903.446,494
903.562,476
903.679,486
903.795,482
903.911,489
904.027,487
904.143,476
904.26,475
904.376,489
904.492,481
904.608,476
904.724,472
904.841,506
904.957,471
905.073,500
905.189,482
905.305,487
905.421,478
905.538,494
905.654,471
905.77,485
905.886,486
906.002,500
906.118,479
906.234,482
906.35,477
906.466,489
906.583,482
906.699,487
906.815,478
906.931,469
907.047,487
907.163,482
907.279,474
907.395,498
907.511,487
907.627,479
907.743,507
907.859,464
907.976,458
908.092,489
908.208,473
908.324,474
908.44,485
908.556,492
908.672,477
908.788,484
908.904,500
909.02,475
909.136,482
909.252,507
909.368,500
909.484,487
909.6,471
909.716,487
909.832,489
909.948,501
910.064,484
910.18,475
910.296,469
910.412,495
910.528,475
910.644,488
910.76,486
910.875,471
910.991,481
911.107,484
911.223,477
911.339,481
911.455,481
911.571,469
911.687,483
911.803,514
911.919,474
912.035,477
912.151,481
912.267,499
912.382,481
912.498,499
912.614,468
912.73,484
912.846,487
792.446,547
792.565,581
792.684,623
792.803,603
792.922,522
793.041,531
793.16,532
793.279,560
793.398,554
793.518,527
793.637,509
793.756,539
793.875,584
793.994,540
794.113,526
794.232,546
794.351,555
794.47,524
794.589,539
794.708,518
794.827,523
794.946,545
795.066,521
795.185,517
795.304,542
795.423,522
795.542,520
795.661,524
795.78,499
795.899,505
796.018,527
796.137,537
796.256,507
796.375,533
796.494,511
796.613,522
796.732,508
796.851,506
796.97,530
797.089,490
797.208,511
797.327,487
797.446,525
797.565,534
797.684,519
797.803,535
797.922,502
798.041,492
798.16,503
798.279,499
798.398,524
798.517,520
798.636,497
798.755,510
798.874,493
798.993,505
799.112,487
799.231,505
799.35,497
799.469,503
799.588,509
799.707,514
799.826,505
799.945,514
800.064,508
800.183,480
800.302,492
800.421,502
800.54,493
800.659,516
800.778,496
800.897,497
801.016,506
801.135,498
801.254,490
801.373,484
801.492,479
801.611,514
801.729,501
801.848,507
801.967,488
802.086,507
802.205,476
802.324,512
802.443,492
802.562,490
802.681,500
802.8,495
802.919,508
803.038,510
803.157,503
803.276,492
803.394,481
803.513,499
803.632,496
803.751,492
803.87,500
803.989,498
804.108,491
804.227,489
804.346,486
804.465,475
804.583,490
804.702,480
804.821,498
804.94,495
805.059,501
805.178,482
805.297,507
805.416,476
805.535,489
805.653,489
805.772,495
805.891,472
806.01,496
806.129,518
806.248,505
806.367,473
806.485,500
806.604,484
806.723,494
806.842,493
806.961,499
807.08,494
807.198,509
807.317,496
807.436,480
807.555,501
807.674,499
807.793,491
807.912,493
808.03,492
808.149,484
808.268,493
808.387,499
808.506,498
808.624,517
808.743,477
808.862,490
808.981,502
809.1,495
809.219,500
809.337,498
809.456,506
809.575,508
809.694,508
809.812,488
809.931,491
810.05,488
810.169,494
810.288,504
810.406,503
810.525,506
810.644,500
810.763,493
810.882,500
811.0,506
811.119,496
811.238,504
811.357,503
811.475,492
811.594,499
811.713,502
811.832,484
811.95,493
812.069,520
812.188,489
812.307,492
812.425,486
812.544,473
812.663,473
812.782,498
812.9,477
813.019,503
813.138,494
813.257,509
813.375,477
813.494,508
813.613,494
813.731,507
813.85,507
813.969,486
814.088,485
814.206,487
814.325,508
814.444,501
814.562,491
814.681,492
814.8,496
814.918,486
815.037,518
815.156,486
815.274,496
815.393,495
815.512,494
815.631,504
815.749,493
815.868,495
815.987,473
816.105,502
816.224,495
816.343,493
816.461,486
816.58,480
816.698,482
816.817,488
816.936,496
817.055,489
817.173,494
817.292,482
817.41,485
817.529,483
817.648,486
817.766,459
817.885,492
818.004,478
818.122,496
818.241,492
818.359,477
818.478,495
818.597,491
818.715,473
818.834,469
818.953,471
819.071,492
819.19,473
819.308,488
819.427,481
819.546,485
819.664,463
819.783,477
819.901,468
820.02,506
820.138,474
820.257,471
820.376,484
820.494,475
820.613,477
820.731,500
820.85,470
820.969,482
821.087,469
821.206,472
821.324,453
821.443,486
821.561,480
821.68,483
821.798,468
821.917,459
822.035,486
822.154,483
822.273,475
822.391,474
822.51,477
822.628,488
822.747,457
822.865,477
822.984,456
823.102,468
823.221,471
823.339,473
823.458,471
823.576,471
823.695,469
823.813,477
823.932,467
824.05,453
824.169,463
824.287,461
824.406,469
824.524,464
824.643,459
824.761,449
824.88,453
824.998,485
825.117,470
825.235,458
825.354,460
825.472,478
825.591,460
825.709,467
825.828,455
825.946,458
826.064,450
826.183,464
826.301,465
826.42,469
826.538,441
826.657,467
826.775,477
826.894,480
827.012,452
827.13,474
827.249,470
827.367,494
827.486,479
827.604,486
827.723,472
827.841,449
827.959,452
828.078,454
828.196,463
828.315,450
828.433,459
828.552,463
828.67,471
828.788,465
828.907,466
829.025,442
829.143,475
829.262,476
829.38,466
829.499,464
829.617,438
829.735,451
829.854,467
829.972,471
830.091,476
830.209,451
830.327,473
830.446,456
830.564,449
830.682,463
830.801,458
830.919,458
831.037,442
831.156,466
831.274,476
831.392,472
831.511,457
831.629,467
831.747,472
831.866,454
831.984,471
832.102,465
832.221,462
832.339,482
832.457,447
832.576,475
832.694,452
832.812,465
832.93,467
833.049,468
833.167,471
833.285,466
833.404,465
833.522,459
833.64,462
833.759,452
833.877,440
833.995,462
834.113,474
834.232,451
834.35,436
834.468,458
834.586,457
834.705,464
834.823,454
834.941,457
835.059,448
835.178,467
835.296,452
835.414,472
835.532,473
835.651,454
835.769,443
835.887,439
836.005,461
836.124,483
836.242,459
836.36,455
836.478,434
836.596,438
836.715,467
836.833,467
836.951,444
837.069,480
837.188,454
837.306,460
837.424,463
837.542,462
837.66,447
837.779,457
837.897,460
838.015,446
838.133,458
838.251,475
838.369,454
838.487,453
838.606,440
838.724,466
838.842,469
838.96,444
839.078,451
839.196,452
839.315,465
839.433,462
839.551,444
839.669,472
839.787,459
839.905,446
840.023,462
840.142,463
840.26,472
840.378,471
840.496,453
840.614,471
840.732,457
840.85,480
840.968,459
841.087,465
841.205,454
841.323,478
841.441,460
841.559,468
841.677,474
841.795,460
841.913,471
842.031,462
842.149,469
842.267,457
842.385,455
842.504,464
842.622,459
842.74,455
842.858,462
842.976,458
843.094,470
843.212,471
843.33,439
843.448,476
843.566,447
843.684,467
843.802,459
843.92,450
844.038,447
844.156,468
844.274,448
844.392,459
844.51,451
844.628,473
844.746,466
844.864,476
844.982,474
845.1,474
845.218,482
845.336,463
845.454,465
845.572,480
845.69,456
845.808,453
845.926,463
846.044,464
846.162,468
846.28,456
846.398,470
846.516,474
846.634,445
846.752,474
846.87,450
846.988,468
847.106,475
847.224,459
847.342,465
847.46,453
847.578,460
847.696,460
847.814,480
847.932,477
848.05,469
848.168,478
848.285,474
848.403,465
848.521,481
848.639,470
848.757,465
848.875,458
848.993,473
849.111,463
849.229,482
849.347,487
849.465,492
849.582,473
849.7,483
849.818,472
849.936,475
850.054,435
850.172,490
850.29,476
850.408,464
850.525,459
850.643,462
850.761,472
850.879,462
850.997,473
851.115,485
851.233,457
851.35,466
851.468,474
851.586,476
851.704,476
851.822,462
851.94,450
852.057,452
852.175,435
852.293,465
852.411,470
852.529,459
852.647,481
852.764,467
852.882,470
853.0,476
853.118,458
853.236,473
853.353,475
853.471,436
853.589,468
853.707,463
853.824,471
853.942,461
854.06,461
854.178,482
854.296,470
854.413,461
854.531,471
854.649,475
854.767,464
854.884,461
855.002,458
855.12,470
855.238,470
855.355,466
855.473,472
855.591,462
855.708,451
855.826,478
855.944,451
856.062,452
856.179,472
856.297,456
856.415,455
856.532,447
856.65,475
856.768,444
856.886,472
857.003,454
857.121,474
857.239,467
857.356,455
857.474,473
857.592,479
857.709,460
857.827,467
857.945,485
858.062,463
858.18,459
858.298,482
858.415,477
858.533,469
858.651,448
858.768,476
858.886,467
859.003,480
859.121,467
859.239,463
859.356,461
859.474,464
859.592,453
859.709,469
859.827,461
859.944,479
860.062,458
860.18,467
860.297,481
860.415,454
860.532,472
860.65,462
860.768,451
860.885,459
861.003,472
861.12,484
861.238,462
861.356,479
861.473,444
861.591,458
861.708,465
861.826,479
861.943,449
862.061,461
862.178,467
862.296,469
862.414,466
862.531,447
862.649,459
862.766,461
862.884,473
863.001,457
863.119,454
863.236,465
863.354,447
863.471,458
863.589,459
863.706,460
863.824,467
863.941,469
864.059,478
864.176,452
864.294,470
864.411,460
864.529,448
864.646,472
864.764,464
864.881,474
864.999,449
865.116,455
865.233,457
865.351,473
865.468,449
865.586,464
865.703,457
865.821,477
865.938,451
866.056,456
866.173,454
866.29,471
866.408,468
866.525,469
866.643,454
866.76,473
866.878,471
866.995,472
867.112,460
867.23,466
867.347,474
867.465,464
867.582,466
867.699,454
867.817,445
867.934,472
868.051,447
868.169,469
868.286,471
868.404,451
868.521,472
868.638,460
868.756,454
868.873,471
868.99,473
869.108,462
869.225,458
869.342,484
869.46,462
869.577,471
869.694,451
869.812,472
869.929,455
870.046,456
870.164,441
870.281,466
870.398,475
870.516,469
870.633,465
870.75,465
870.867,461
870.985,465
871.102,491
871.219,461
871.337,474
871.454,462
871.571,470
871.688,480
871.806,473
871.923,464
872.04,463
872.157,481
872.275,449
872.392,454
872.509,463
872.626,464
872.744,465
872.861,481
872.978,462
873.095,461
873.213,462
873.33,453
873.447,461
873.564,458
873.681,455
873.799,482
873.916,451
874.033,479
874.15,448
874.267,466
874.385,467
874.502,476
874.619,461
874.736,485
874.853,457
874.97,476
875.088,467
875.205,463
875.322,468
875.439,467
875.556,454
875.673,472
875.791,471
875.908,462
876.025,462
876.142,466
876.259,452
876.376,468
876.493,460
876.61,460
876.728,465
876.845,473
876.962,470
877.079,471
877.196,457
877.313,462
877.43,464
877.547,477
877.664,491
877.781,463
877.898,476
878.016,464
878.133,443
878.25,478
878.367,455
878.484,477
878.601,465
878.718,492
878.835,463
878.952,450
879.069,441
879.186,460
879.303,453
879.42,487
879.537,454
879.654,471
879.771,442
879.888,465
880.005,444
880.122,459
880.239,461
880.356,470
880.473,476
880.59,465
880.707,460
880.824,475
880.941,447
881.058,472
881.175,474
881.292,460
881.409,472
881.526,456
881.643,454
881.76,471
881.877,462
881.994,468
882.111,442
882.228,477
882.345,473
882.462,477
882.579,457
882.696,471
882.812,492
882.929,472
883.046,463
883.163,471
883.28,459
883.397,474
883.514,473
883.631,497
883.748,475
883.865,450
883.982,452
884.098,483
884.215,467
884.332,480
884.449,470
884.566,482
884.683,466
884.8,470
884.916,470
885.033,457
885.15,457
885.267,469
885.384,463
885.501,503
885.617,478
885.734,463
885.851,503
885.968,484
886.085,479
886.202,480
886.318,478
886.435,488
886.552,478
886.669,493
886.786,462
886.902,481
887.019,482
887.136,489
887.253,480
887.369,471
887.486,475
887.603,482
887.72,453
887.837,469
887.953,489
888.07,485
888.187,451
888.304,468
888.42,467
888.537,471
888.654,461
888.77,471
888.887,460
889.004,472
889.121,469
889.237,480
889.354,453
889.471,467
889.587,469
889.704,490
889.821,467
889.938,477
890.054,486
890.171,477
890.288,460
890.404,476
890.521,493
890.638,478
890.754,480
890.871,487
890.988,478
891.104,463
891.221,479
891.337,475
891.454,471
891.571,482
891.687,457
891.804,473
891.921,457
892.037,467
892.154,461
892.27,506
892.387,484
892.504,462
892.62,467
892.737,459
892.854,477
892.97,472
893.087,456
893.203,476
893.32,474
893.436,473
893.553,484
893.67,487
893.786,472
893.903,471
894.019,461
894.136,496
894.252,467
894.369,487
894.485,486
894.602,482
894.718,484
894.835,506
894.951,469
895.068,484
895.184,453
895.301,481
895.417,477
895.534,482
895.65,487
895.767,481
895.883,469
896.0,473
896.116,461
896.233,485
896.349,477
896.466,463
896.582,475
896.699,482
896.815,485
896.932,469
897.048,473
897.165,479
897.281,461
897.397,485
897.514,462
897.63,469
897.747,480
897.863,471
897.979,489
898.096,487
898.212,468
898.329,510
898.445,468
898.561,485
898.678,455
898.794,463
898.911,462
899.027,448
899.143,478
899.26,487
899.376,476
899.492,480
899.609,482
899.725,493
899.842,483
899.958,488
900.074,494
900.191,473
900.307,482
900.423,486
900.539,492
900.656,493
900.772,475
900.888,473
901.005,484
901.121,482
901.237,481
901.354,500
901.47,496
901.586,487
901.703,491
901.819,479
901.935,495
902.051,470
902.168,475
902.284,509
902.4,500
902.516,480
902.633,490
902.749,483
902.865,485
902.981,488
903.098,494
903.214,491
903.33,471
903.446,504
903.562,508
903.679,491
903.795,523
903.911,504
904.027,483
904.143,486
904.26,470
904.376,501
904.492,469
904.608,494
904.724,497
904.841,504
904.957,500
905.073,481
905.189,475
905.305,484
905.421,471
905.538,494
905.654,488
905.77,485
905.886,484
906.002,504
906.118,478
906.234,485
906.35,472
906.466,471
906.583,484
906.699,506
906.815,485
906.931,459
907.047,494
907.163,486
907.279,486
907.395,511
907.511,476
907.627,498
907.743,470
907.859,490
907.976,486
908.092,485
908.208,497
908.324,488
908.44,487
908.556,489
908.672,490
908.788,484
908.904,484
909.02,505
909.136,484
909.252,496
909.368,486
909.484,475
909.6,490
909.716,491
909.832,502
909.948,495
910.064,500
910.18,481
910.296,487
910.412,482
910.528,473
910.644,490
910.76,495
910.875,478
910.991,481
911.107,469
911.223,456
911.339,494
911.455,473
911.571,487
911.687,487
911.803,480
911.919,494
912.035,483
912.151,478
912.267,486
912.382,484
912.498,492
912.614,480
912.73,468
912.846,495
792.446,545
792.565,596
792.684,620
792.803,589
792.922,576
793.041,529
793.16,561
793.279,561
793.398,546
793.518,539
793.637,530
793.756,528
793.875,544
793.994,568
794.113,526
794.232,537
794.351,526
794.47,550
794.589,534
794.708,519
794.827,510
794.946,529
795.066,539
795.185,537
795.304,542
795.423,520
795.542,524
795.661,510
795.78,541
795.899,507
796.018,523
796.137,526
796.256,542
796.375,524
796.494,520
796.613,519
796.732,530
796.851,516
796.97,532
797.089,524
797.208,494
797.327,521
797.446,490
797.565,501
797.684,510
797.803,526
797.922,519
798.041,489
798.16,522
798.279,531
798.398,490
798.517,534
798.636,511
798.755,507
798.874,505
798.993,487
799.112,494
799.231,495
799.35,515
799.469,506
799.588,519
799.707,492
799.826,497
799.945,501
800.064,503
800.183,508
800.302,528
800.421,528
800.54,501
800.659,493
800.778,503
800.897,490
801.016,503
801.135,497
801.254,499
801.373,501
801.492,493
801.611,492
801.729,504
801.848,488
801.967,525
802.086,503
802.205,507
802.324,499
802.443,512
802.562,489
802.681,507
802.8,498
802.919,506
803.038,500
803.157,471
803.276,496
803.394,502
803.513,481
803.632,477
803.751,501
803.87,510
803.989,507
804.108,491
804.227,494
804.346,516
804.465,501
804.583,515
804.702,511
804.821,495
804.94,496
805.059,517
805.178,507
805.297,515
805.416,478
805.535,516
805.653,503
805.772,509
805.891,481
806.01,500
806.129,487
806.248,505
806.367,509
806.485,512
806.604,492
806.723,499
806.842,498
806.961,495
807.08,494
807.198,508
807.317,493
807.436,510
807.555,502
807.674,491
807.793,514
807.912,473
808.03,492
808.149,506
808.268,502
808.387,505
808.506,496
808.624,537
808.743,495
808.862,509
808.981,471
809.1,510
809.219,487
809.337,490
809.456,481
809.575,497
809.694,506
809.812,497
809.931,498
810.05,500
810.169,476
810.288,506
810.406,512
810.525,505
810.644,501
810.763,500
810.882,508
811.0,493
811.119,511
811.238,493
811.357,527
811.475,516
811.594,506
811.713,509
811.832,501
811.95,500
812.069,514
812.188,490
812.307,505
812.425,495
812.544,520
812.663,489
812.782,493
812.9,514
813.019,493
813.138,504
813.257,494
813.375,482
813.494,496
813.613,511
813.731,501
813.85,493
813.969,489
814.088,497
814.206,486
814.325,504
814.444,501
814.562,494
814.681,481
814.8,512
814.918,487
815.037,488
815.156,491
815.274,500
815.393,497
815.512,487
815.631,489
815.749,512
815.868,504
815.987,488
816.105,495
816.224,488
816.343,501
816.461,491
816.58,472
816.698,490
816.817,496
816.936,509
817.055,484
817.173,519
817.292,493
817.41,488
817.529,481
817.648,470
817.766,472
817.885,483
818.004,483
818.122,504
818.241,478
818.359,493
818.478,475
818.597,474
818.715,481
818.834,488
818.953,481
819.071,485
819.19,480
819.308,484
819.427,469
819.546,486
819.664,493
819.783,501
819.901,483
820.02,474
820.138,478
820.257,496
820.376,461
820.494,467
820.613,485
820.731,475
820.85,495
820.969,470
821.087,461
821.206,485
821.324,470
821.443,486
821.561,482
821.68,475
821.798,474
821.917,474
822.035,470
822.154,466
822.273,473
822.391,464
822.51,458
822.628,487
822.747,469
822.865,475
822.984,461
823.102,477
823.221,473
823.339,474
823.458,452
823.576,471
823.695,462
823.813,475
823.932,476
824.05,477
824.169,484
824.287,472
824.406,475
824.524,479
824.643,468
824.761,469
824.88,482
824.998,479
825.117,450
825.235,482
825.354,454
825.472,479
825.591,464
825.709,454
825.828,463
825.946,467
826.064,468
826.183,475
826.301,475
826.42,455
826.538,459
826.657,473
826.775,467
826.894,453
827.012,455
827.13,459
827.249,445
827.367,485
827.486,464
827.604,459
827.723,457
827.841,453
827.959,441
828.078,473
828.196,456
828.315,476
828.433,453
828.552,459
828.67,455
828.788,464
828.907,456
829.025,460
829.143,467
829.262,460
829.38,469
829.499,476
829.617,469
829.735,466
829.854,478
829.972,457
830.091,451
830.209,488
830.327,446
830.446,446
830.564,450
830.682,453
830.801,453
830.919,466
831.037,469
831.156,466
831.274,464
831.392,464
831.511,456
831.629,459
831.747,448
831.866,473
831.984,442
832.102,464
832.221,460
832.339,480
832.457,456
832.576,457
832.694,487
832.812,477
832.93,443
833.049,466
833.167,471
833.285,468
833.404,452
833.522,463
833.64,455
833.759,479
833.877,452
833.995,473
834.113,436
834.232,480
834.35,473
834.468,464
834.586,464
834.705,468
834.823,472
834.941,479
835.059,473
835.178,457
835.296,473
835.414,489
835.532,481
835.651,456
835.769,452
835.887,451
836.005,460
836.124,469
836.242,452
836.36,476
836.478,456
836.596,468
836.715,440
836.833,462
836.951,460
837.069,456
837.188,469
837.306,478
837.424,458
837.542,471
837.66,444
837.779,468
837.897,462
838.015,479
838.133,450
838.251,494
838.369,447
838.487,471
838.606,464
838.724,444
838.842,468
838.96,450
839.078,461
839.196,443
839.315,466
839.433,475
839.551,456
839.669,461
839.787,455
839.905,470
840.023,465
840.142,450
840.26,476
840.378,460
840.496,469
840.614,459
840.732,471
840.85,458
840.968,458
841.087,457
841.205,457
841.323,450
841.441,464
841.559,467
841.677,465
841.795,475
841.913,447
842.031,448
842.149,464
842.267,455
842.385,456
842.504,479
842.622,472
842.74,464
842.858,475
842.976,466
843.094,489
843.212,472
843.33,464
843.448,469
843.566,453
843.684,482
843.802,476
843.92,459
844.038,444
844.156,472
844.274,469
844.392,456
844.51,482
844.628,450
844.746,470
844.864,469
844.982,485
845.1,467
845.218,458
845.336,485
845.454,464
845.572,482
845.69,483
845.808,475
845.926,436
846.044,467
846.162,467
846.28,463
846.398,460
846.516,482
846.634,470
846.752,449
846.87,475
846.988,457
847.106,468
847.224,481
847.342,472
847.46,466
847.578,480
847.696,476
847.814,462
847.932,462
848.05,480
848.168,479
848.285,485
848.403,471
848.521,464
848.639,468
848.757,478
848.875,476
848.993,474
849.111,469
849.229,481
849.347,462
849.465,476
849.582,476
849.7,474
849.818,480
849.936,469
850.054,476
850.172,476
850.29,463
850.408,470
850.525,454
850.643,458
850.761,465
850.879,475
850.997,482
851.115,467
851.233,464
851.35,465
851.468,481
851.586,451
851.704,464
851.822,458
851.94,498
852.057,449
852.175,489
852.293,455
852.411,462
852.529,470
852.647,477
852.764,495
852.882,477
853.0,451
853.118,480
853.236,452
853.353,461
853.471,457
853.589,465
853.707,468
853.824,461
853.942,466
854.06,470
854.178,469
854.296,467
854.413,451
854.531,456
854.649,464
854.767,471
854.884,457
855.002,465
855.12,459
855.238,456
855.355,465
855.473,481
855.591,472
855.708,464
855.826,456
855.944,468
856.062,461
856.179,468
856.297,454
856.415,470
856.532,479
856.65,471
856.768,476
856.886,482
857.003,482
857.121,466
857.239,470
857.356,477
857.474,465
857.592,477
857.709,468
857.827,452
857.945,471
858.062,467
858.18,477
858.298,478
858.415,480
858.533,469
858.651,479
858.768,480
858.886,469
859.003,466
859.121,457
859.239,464
859.356,462
859.474,477
859.592,466
859.709,487
859.827,441
859.944,458
860.062,482
860.18,476
860.297,459
860.415,463
860.532,465
860.65,470
860.768,467
860.885,456
861.003,459
861.12,473
861.238,454
861.356,475
861.473,455
861.591,493
861.708,459
861.826,462
861.943,465
862.061,465
862.178,474
862.296,468
862.414,470
862.531,457
862.649,466
862.766,473
862.884,459
863.001,475
863.119,461
863.236,470
863.354,455
863.471,454
863.589,471
863.706,454
863.824,467
863.941,470
864.059,470
864.176,453
864.294,457
864.411,464
864.529,491
864.646,460
864.764,450
864.881,462
864.999,486
865.116,478
865.233,463
865.351,472
865.468,490
865.586,476
865.703,457
865.821,489
865.938,451
866.056,481
866.173,471
866.29,473
866.408,470
866.525,466
866.643,454
866.76,446
866.878,468
866.995,467
867.112,460
867.23,468
867.347,452
867.465,478
867.582,457
867.699,437
867.817,462
867.934,469
868.051,462
868.169,456
868.286,471
868.404,464
868.521,492
868.638,469
868.756,444
868.873,470
868.99,459
869.108,482
869.225,458
869.342,429
869.46,464
869.577,478
869.694,461
869.812,451
869.929,471
870.046,477
870.164,475
870.281,451
870.398,462
870.516,473
870.633,472
870.75,452
870.867,468
870.985,469
871.102,469
871.219,468
871.337,466
871.454,470
871.571,464
871.688,485
871.806,463
871.923,472
872.04,458
872.157,485
872.275,474
872.392,469
872.509,456
872.626,468
872.744,456
872.861,477
872.978,456
873.095,469
873.213,485
873.33,473
873.447,461
873.564,458
873.681,457
873.799,464
873.916,475
874.033,469
874.15,488
874.267,475
874.385,471
874.502,463
874.619,465
874.736,466
874.853,475
874.97,472
875.088,458
875.205,478
875.322,481
875.439,472
875.556,461
875.673,467
875.791,476
875.908,475
876.025,469
876.142,465
876.259,465
876.376,460
876.493,479
876.61,460
876.728,457
876.845,438
876.962,464
877.079,495
877.196,472
877.313,480
877.43,462
877.547,477
877.664,453
877.781,495
877.898,464
878.016,466
878.133,460
878.25,477
878.367,452
878.484,487
878.601,467
878.718,461
878.835,467
878.952,467
879.069,475
879.186,480
879.303,463
879.42,478
879.537,479
879.654,455
879.771,468
879.888,462
880.005,469
880.122,472
880.239,471
880.356,474
880.473,466
880.59,488
880.707,455
880.824,487
880.941,462
881.058,472
881.175,459
881.292,497
881.409,465
881.526,476
881.643,487
881.76,470
881.877,466
881.994,476
882.111,467
882.228,463
882.345,463
882.462,444
882.579,464
882.696,478
882.812,481
882.929,471
883.046,485
883.163,479
883.28,474
883.397,463
883.514,483
883.631,480
883.748,469
883.865,484
883.982,475
884.098,479
884.215,464
884.332,460
884.449,479
884.566,473
884.683,478
884.8,475
884.916,474
885.033,473
885.15,464
885.267,482
885.384,470
885.501,463
885.617,502
885.734,500
885.851,479
885.968,487
886.085,469
886.202,489
886.318,476
886.435,479
886.552,494
886.669,492
886.786,483
886.902,483
887.019,467
887.136,467
887.253,478
887.369,492
887.486,484
887.603,480
887.72,484
887.837,474
887.953,474
888.07,479
888.187,480
888.304,482
888.42,465
888.537,475
888.654,463
888.77,471
888.887,493
889.004,470
889.121,465
889.237,485
889.354,467
889.471,478
889.587,461
889.704,475
889.821,477
889.938,465
890.054,482
890.171,484
890.288,492
890.404,496
890.521,464
890.638,496
890.754,455
890.871,479
890.988,460
891.104,484
891.221,472
891.337,476
891.454,468
891.571,468
891.687,471
891.804,494
891.921,479
892.037,498
892.154,480
892.27,468
892.387,482
892.504,476
892.62,490
892.737,495
892.854,482
892.97,483
893.087,458
893.203,478
893.32,486
893.436,469
893.553,470
893.67,484
893.786,489
893.903,481
894.019,486
894.136,484
894.252,467
894.369,492
894.485,469
894.602,487
894.718,475
894.835,470
894.951,485
895.068,490
895.184,481
895.301,476
895.417,478
895.534,500
895.65,478
895.767,480
895.883,456
896.0,500
896.116,461
896.233,486
896.349,459
896.466,485
896.582,469
896.699,464
896.815,485
896.932,492
897.048,466
897.165,479
897.281,502
897.397,483
897.514,473
897.63,494
897.747,473
897.863,474
897.979,489
898.096,486
898.212,467
898.329,505
898.445,466
898.561,503
898.678,478
898.794,472
898.911,485
899.027,482
899.143,471
899.26,488
899.376,480
899.492,464
899.609,498
899.725,466
899.842,469
899.958,478
900.074,487
900.191,490
900.307,475
900.423,462
900.539,485
900.656,466
900.772,483
900.888,501
901.005,486
901.121,486
901.237,474
901.354,493
901.47,491
901.586,468
901.703,493
901.819,503
901.935,485
902.051,487
902.168,487
902.284,499
902.4,496
902.516,491
902.633,498
902.749,505
902.865,482
902.981,491
903.098,480
903.214,490
903.33,508
903.446,493
903.562,487
903.679,505
903.795,497
903.911,496
904.027,488
904.143,485
904.26,501
904.376,486
904.492,487
904.608,495
904.724,477
904.841,500
904.957,492
905.073,489
905.189,482
905.305,503
905.421,498
905.538,475
905.654,497
905.77,490
905.886,503
906.002,483
906.118,491
906.234,494
906.35,475
906.466,479
906.583,498
906.699,488
906.815,505
906.931,504
907.047,482
907.163,472
907.279,502
907.395,494
907.511,499
907.627,516
907.743,487
907.859,505
907.976,464
908.092,490
908.208,485
908.324,468
908.44,485
908.556,480
908.672,474
908.788,495
908.904,499
909.02,476
909.136,482
909.252,503
909.368,487
909.484,507
909.6,471
909.716,479
909.832,476
909.948,494
910.064,486
910.18,494
910.296,470
910.412,488
910.528,476
910.644,510
910.76,498
910.875,511
910.991,464
911.107,499
911.223,454
911.339,482
911.455,489
911.571,504
911.687,493
911.803,504
911.919,502
912.035,506
912.151,481
912.267,485
912.382,485
912.498,489
912.614,492
912.73,501
912.846,493
