792.446,609
792.565,675
792.684,671
792.803,650
792.922,620
793.041,605
793.16,606
793.279,603
793.398,587
793.518,578
793.637,601
793.756,615
793.875,610
793.994,607
794.113,596
794.232,561
794.351,582
794.47,594
794.589,584
794.708,586
794.827,582
794.946,599
795.066,578
795.185,595
795.304,603
795.423,564
795.542,603
795.661,570
795.78,570
795.899,552
796.018,572
796.137,566
796.256,544
796.375,585
796.494,572
796.613,569
796.732,583
796.851,574
796.97,577
797.089,569
797.208,551
797.327,574
797.446,562
797.565,564
797.684,561
797.803,574
797.922,560
798.041,555
798.16,547
798.279,537
798.398,544
798.517,568
798.636,549
798.755,559
798.874,540
798.993,568
799.112,550
799.231,570
799.35,549
799.469,567
799.588,555
799.707,573
799.826,557
799.945,560
800.064,543
800.183,558
800.302,565
800.421,564
800.54,572
800.659,573
800.778,576
800.897,568
801.016,578
801.135,562
801.254,582
801.373,577
801.492,577
801.611,566
801.729,564
801.848,572
801.967,564
802.086,566
802.205,555
802.324,578
802.443,569
802.562,590
802.681,592
802.8,570
802.919,571
803.038,592
803.157,580
803.276,580
803.394,557
803.513,569
803.632,543
803.751,561
803.87,570
803.989,582
804.108,572
804.227,577
804.346,590
804.465,580
804.583,562
804.702,582
804.821,588
804.94,578
805.059,577
805.178,579
805.297,605
805.416,572
805.535,594
805.653,598
805.772,576
805.891,591
806.01,564
806.129,586
806.248,593
806.367,596
806.485,597
806.604,605
806.723,593
806.842,582
806.961,592
807.08,596
807.198,612
807.317,612
807.436,585
807.555,587
807.674,629
807.793,613
807.912,594
808.03,589
808.149,599
808.268,603
808.387,568
808.506,604
808.624,594
808.743,572
808.862,623
808.981,599
809.1,604
809.219,628
809.337,610
809.456,594
809.575,634
809.694,611
809.812,583
809.931,601
810.05,585
810.169,566
810.288,634
810.406,610
810.525,625
810.644,634
810.763,593
810.882,623
811.0,631
811.119,599
811.238,598
811.357,584
811.475,590
811.594,611
811.713,616
811.832,609
811.95,579
812.069,632
812.188,604
812.307,595
812.425,615
812.544,600
812.663,614
812.782,610
812.9,620
813.019,618
813.138,594
813.257,600
813.375,603
813.494,618
813.613,616
813.731,634
813.85,619
813.969,624
814.088,606
814.206,607
814.325,589
814.444,598
814.562,596
814.681,612
814.8,604
814.918,616
815.037,596
815.156,609
815.274,598
815.393,597
815.512,588
815.631,610
815.749,594
815.868,595
815.987,586
816.105,586
816.224,603
816.343,595
816.461,614
816.58,608
816.698,603
816.817,602
816.936,605
817.055,605
817.173,609
817.292,606
817.41,599
817.529,579
817.648,576
817.766,568
817.885,578
818.004,570
818.122,544
818.241,531
818.359,563
818.478,531
818.597,524
818.715,537
818.834,491
818.953,532
819.071,493
819.19,508
819.308,521
819.427,515
819.546,492
819.664,505
819.783,530
819.901,492
820.02,508
820.138,497
820.257,486
820.376,489
820.494,494
820.613,486
820.731,509
820.85,510
820.969,482
821.087,487
821.206,477
821.324,484
821.443,492
821.561,481
821.68,489
821.798,479
821.917,485
822.035,474
822.154,488
822.273,504
822.391,497
822.51,491
822.628,480
822.747,486
822.865,475
822.984,479
823.102,457
823.221,468
823.339,473
823.458,464
823.576,465
823.695,477
823.813,472
823.932,491
824.05,478
824.169,495
824.287,475
824.406,493
824.524,487
824.643,488
824.761,472
824.88,497
824.998,503
825.117,493
825.235,478
825.354,485
825.472,481
825.591,477
825.709,476
825.828,469
825.946,479
826.064,493
826.183,478
826.301,478
826.42,466
826.538,473
826.657,475
826.775,480
826.894,447
827.012,471
827.13,484
827.249,455
827.367,450
827.486,482
827.604,457
827.723,444
827.841,463
827.959,470
828.078,473
828.196,460
828.315,484
828.433,464
828.552,474
828.67,463
828.788,451
828.907,468
829.025,477
829.143,468
829.262,444
829.38,464
829.499,460
829.617,473
829.735,454
829.854,462
829.972,462
830.091,457
830.209,466
830.327,461
830.446,457
830.564,444
830.682,455
830.801,473
830.919,466
831.037,454
831.156,460
831.274,455
831.392,438
831.511,443
831.629,474
831.747,470
831.866,468
831.984,477
832.102,468
832.221,461
832.339,470
832.457,472
832.576,462
832.694,446
832.812,464
832.93,460
833.049,478
833.167,473
833.285,451
833.404,467
833.522,463
833.64,460
833.759,465
833.877,456
833.995,483
834.113,463
834.232,446
834.35,478
834.468,453
834.586,449
834.705,460
834.823,464
834.941,461
835.059,468
835.178,468
835.296,462
835.414,456
835.532,478
835.651,452
835.769,452
835.887,485
836.005,455
836.124,450
836.242,458
836.36,447
836.478,460
836.596,462
836.715,461
836.833,471
836.951,469
837.069,464
837.188,483
837.306,460
837.424,471
837.542,480
837.66,476
837.779,494
837.897,471
838.015,482
838.133,490
838.251,497
838.369,476
838.487,474
838.606,479
838.724,481
838.842,465
838.96,475
839.078,475
839.196,457
839.315,466
839.433,470
839.551,489
839.669,465
839.787,467
839.905,467
840.023,479
840.142,470
840.26,475
840.378,474
840.496,452
840.614,476
840.732,462
840.85,464
840.968,462
841.087,476
841.205,456
841.323,455
841.441,486
841.559,457
841.677,453
841.795,453
841.913,453
842.031,473
842.149,457
842.267,468
842.385,441
842.504,458
842.622,453
842.74,459
842.858,445
842.976,470
843.094,454
843.212,449
843.33,469
843.448,453
843.566,470
843.684,447
843.802,462
843.92,452
844.038,472
844.156,453
844.274,476
844.392,452
844.51,458
844.628,461
844.746,450
844.864,453
844.982,444
845.1,461
845.218,472
845.336,441
845.454,450
845.572,452
845.69,465
845.808,457
845.926,449
846.044,443
846.162,450
846.28,453
846.398,450
846.516,454
846.634,440
846.752,450
846.87,469
846.988,427
847.106,453
847.224,465
847.342,434
847.46,454
847.578,448
847.696,453
847.814,452
847.932,470
848.05,443
848.168,446
848.285,450
848.403,442
848.521,460
848.639,448
848.757,455
848.875,462
848.993,456
849.111,461
849.229,448
849.347,449
849.465,449
849.582,445
849.7,467
849.818,469
849.936,461
850.054,468
850.172,449
850.29,457
850.408,447
850.525,457
850.643,453
850.761,453
850.879,467
850.997,462
851.115,460
851.233,454
851.35,462
851.468,470
851.586,457
851.704,459
851.822,446
851.94,448
852.057,447
852.175,459
852.293,458
852.411,472
852.529,463
852.647,466
852.764,450
852.882,451
853.0,456
853.118,450
853.236,462
853.353,452
853.471,470
853.589,457
853.707,472
853.824,455
853.942,461
854.06,450
854.178,467
854.296,446
854.413,468
854.531,445
854.649,455
854.767,466
854.884,474
855.002,468
855.12,448
855.238,472
855.355,463
855.473,474
855.591,461
855.708,464
855.826,464
855.944,469
856.062,465
856.179,475
856.297,465
856.415,452
856.532,461
856.65,452
856.768,461
856.886,458
857.003,464
857.121,467
857.239,460
857.356,457
857.474,481
857.592,467
857.709,448
857.827,470
857.945,477
858.062,468
858.18,465
858.298,455
858.415,456
858.533,458
858.651,452
858.768,460
858.886,465
859.003,454
859.121,456
859.239,464
859.356,459
859.474,475
859.592,464
859.709,455
859.827,477
859.944,453
860.062,466
860.18,462
860.297,447
860.415,473
860.532,467
860.65,447
860.768,456
860.885,463
861.003,441
861.12,464
861.238,447
861.356,473
861.473,465
861.591,458
861.708,458
861.826,468
861.943,458
862.061,455
862.178,453
862.296,454
862.414,462
862.531,470
862.649,477
862.766,445
862.884,447
863.001,461
863.119,471
863.236,466
863.354,476
863.471,461
863.589,471
863.706,466
863.824,471
863.941,456
864.059,463
864.176,470
864.294,460
864.411,468
864.529,455
864.646,454
864.764,481
864.881,442
864.999,472
865.116,435
865.233,459
865.351,443
865.468,471
865.586,454
865.703,480
865.821,468
865.938,478
866.056,454
866.173,469
866.29,465
866.408,473
866.525,445
866.643,477
866.76,475
866.878,458
866.995,449
867.112,463
867.23,457
867.347,454
867.465,468
867.582,459
867.699,469
867.817,467
867.934,467
868.051,470
868.169,467
868.286,464
868.404,461
868.521,469
868.638,458
868.756,468
868.873,468
868.99,463
869.108,460
869.225,459
869.342,476
869.46,472
869.577,459
869.694,467
869.812,471
869.929,479
870.046,493
870.164,479
870.281,470
870.398,479
870.516,458
870.633,479
870.75,468
870.867,464
870.985,448
871.102,473
871.219,452
871.337,467
871.454,431
871.571,472
871.688,461
871.806,475
871.923,480
872.04,477
872.157,471
872.275,482
872.392,467
872.509,475
872.626,466
872.744,474
872.861,475
872.978,467
873.095,479
873.213,470
873.33,471
873.447,470
873.564,471
873.681,479
873.799,479
873.916,472
874.033,467
874.15,466
874.267,479
874.385,463
874.502,473
874.619,460
874.736,465
874.853,455
874.97,464
875.088,463
875.205,469
875.322,453
875.439,480
875.556,470
875.673,479
875.791,475
875.908,463
876.025,459
876.142,465
876.259,481
876.376,450
876.493,471
876.61,474
876.728,445
876.845,456
876.962,482
877.079,485
877.196,462
877.313,483
877.43,474
877.547,460
877.664,483
877.781,460
877.898,494
878.016,456
878.133,463
878.25,486
878.367,477
878.484,461
878.601,481
878.718,461
878.835,470
878.952,465
879.069,476
879.186,486
879.303,486
879.42,472
879.537,481
879.654,457
879.771,464
879.888,448
880.005,448
880.122,478
880.239,467
880.356,461
880.473,487
880.59,451
880.707,483
880.824,472
880.941,462
881.058,471
881.175,449
881.292,483
881.409,489
881.526,460
881.643,500
881.76,461
881.877,475
881.994,485
882.111,475
882.228,459
882.345,466
882.462,475
882.579,460
882.696,467
882.812,465
882.929,459
883.046,466
883.163,497
883.28,463
883.397,474
883.514,473
883.631,482
883.748,468
883.865,470
883.982,469
884.098,484
884.215,455
884.332,478
884.449,475
884.566,493
884.683,490
884.8,502
884.916,493
885.033,468
885.15,476
885.267,465
885.384,487
885.501,474
885.617,495
885.734,490
885.851,497
885.968,485
886.085,501
886.202,477
886.318,496
886.435,482
886.552,468
886.669,476
886.786,486
886.902,475
887.019,481
887.136,482
887.253,466
887.369,471
887.486,486
887.603,462
887.72,488
887.837,484
887.953,469
888.07,461
888.187,492
888.304,484
888.42,499
888.537,491
888.654,482
888.77,460
888.887,491
889.004,481
889.121,480
889.237,471
889.354,477
889.471,489
889.587,473
889.704,474
889.821,482
889.938,497
890.054,467
890.171,491
890.288,489
890.404,473
890.521,483
890.638,497
890.754,490
890.871,476
890.988,469
891.104,482
891.221,489
891.337,489
891.454,484
891.571,479
891.687,499
891.804,485
891.921,494
892.037,472
892.154,494
892.27,489
892.387,502
892.504,495
892.62,483
892.737,480
892.854,464
892.97,502
893.087,473
893.203,476
893.32,488
893.436,480
893.553,487
893.67,513
893.786,471
893.903,482
894.019,490
894.136,486
894.252,477
894.369,463
894.485,501
894.602,500
894.718,505
894.835,505
894.951,476
895.068,490
895.184,482
895.301,491
895.417,484
895.534,481
895.65,488
895.767,491
895.883,481
896.0,498
896.116,499
896.233,495
896.349,486
896.466,471
896.582,478
896.699,504
896.815,493
896.932,472
897.048,475
897.165,491
897.281,496
897.397,492
897.514,483
897.63,495
897.747,486
897.863,492
897.979,491
898.096,481
898.212,509
898.329,483
898.445,503
898.561,505
898.678,505
898.794,475
898.911,486
899.027,486
899.143,483
899.26,501
899.376,485
899.492,478
899.609,478
899.725,506
899.842,490
899.958,503
900.074,499
900.191,498
900.307,477
900.423,500
900.539,488
900.656,498
900.772,469
900.888,485
901.005,477
901.121,497
901.237,482
901.354,496
901.47,504
901.586,477
901.703,475
901.819,479
901.935,476
902.051,498
902.168,486
902.284,495
902.4,483
902.516,489
902.633,480
902.749,481
902.865,518
902.981,516
903.098,501
903.214,488
903.33,503
903.446,491
903.562,503
903.679,506
903.795,506
903.911,497
904.027,478
904.143,498
904.26,506
904.376,497
904.492,492
904.608,507
904.724,500
904.841,486
904.957,496
905.073,498
905.189,511
905.305,501
905.421,513
905.538,512
905.654,528
905.77,486
905.886,518
906.002,496
906.118,499
906.234,520
906.35,515
906.466,490
906.583,499
906.699,499
906.815,503
906.931,500
907.047,509
907.163,523
907.279,486
907.395,486
907.511,505
907.627,493
907.743,480
907.859,487
907.976,488
908.092,496
908.208,510
908.324,506
908.44,506
908.556,497
908.672,501
908.788,506
908.904,494
909.02,499
909.136,500
909.252,477
909.368,487
909.484,491
909.6,533
909.716,510
909.832,510
909.948,496
910.064,491
910.18,521
910.296,482
910.412,512
910.528,496
910.644,496
910.76,510
910.875,506
910.991,524
911.107,487
911.223,503
911.339,489
911.455,484
911.571,501
911.687,493
911.803,504
911.919,483
912.035,483
912.151,500
912.267,493
912.382,510
912.498,474
912.614,501
912.73,482
912.846,509
792.446,604
792.565,649
792.684,689
792.803,652
792.922,591
793.041,594
793.16,605
793.279,616
793.398,625
793.518,595
793.637,609
793.756,608
793.875,611
793.994,647
794.113,597
794.232,591
794.351,589
794.47,603
794.589,599
794.708,583
794.827,598
794.946,584
795.066,590
795.185,588
795.304,566
795.423,575
795.542,560
795.661,575
795.78,577
795.899,577
796.018,594
796.137,573
796.256,563
796.375,574
796.494,571
796.613,546
796.732,558
796.851,562
796.97,562
797.089,583
797.208,565
797.327,561
797.446,554
797.565,581
797.684,560
797.803,558
797.922,571
798.041,556
798.16,550
798.279,571
798.398,566
798.517,578
798.636,575
798.755,566
798.874,575
798.993,574
799.112,566
799.231,566
799.35,578
799.469,549
799.588,570
799.707,558
799.826,587
799.945,576
800.064,583
800.183,565
800.302,560
800.421,559
800.54,576
800.659,568
800.778,561
800.897,573
801.016,560
801.135,567
801.254,562
801.373,552
801.492,558
801.611,577
801.729,582
801.848,566
801.967,550
802.086,579
802.205,558
802.324,576
802.443,584
802.562,570
802.681,555
802.8,550
802.919,571
803.038,586
803.157,590
803.276,567
803.394,577
803.513,604
803.632,577
803.751,586
803.87,590
803.989,568
804.108,576
804.227,567
804.346,597
804.465,566
804.583,577
804.702,587
804.821,608
804.94,569
805.059,579
805.178,589
805.297,569
805.416,575
805.535,593
805.653,591
805.772,581
805.891,578
806.01,578
806.129,617
806.248,598
806.367,619
806.485,596
806.604,580
806.723,627
806.842,578
806.961,581
807.08,579
807.198,574
807.317,580
807.436,569
807.555,591
807.674,583
807.793,600
807.912,571
808.03,584
808.149,592
808.268,605
808.387,595
808.506,616
808.624,605
808.743,585
808.862,624
808.981,597
809.1,619
809.219,588
809.337,600
809.456,597
809.575,610
809.694,609
809.812,617
809.931,593
810.05,624
810.169,617
810.288,597
810.406,600
810.525,608
810.644,621
810.763,612
810.882,611
811.0,618
811.119,616
811.238,617
811.357,621
811.475,618
811.594,605
811.713,623
811.832,626
811.95,626
812.069,594
812.188,628
812.307,602
812.425,614
812.544,620
812.663,593
812.782,588
812.9,625
813.019,604
813.138,604
813.257,600
813.375,603
813.494,611
813.613,594
813.731,591
813.85,618
813.969,582
814.088,630
814.206,619
814.325,606
814.444,612
814.562,616
814.681,628
814.8,615
814.918,612
815.037,603
815.156,615
815.274,591
815.393,599
815.512,602
815.631,601
815.749,573
815.868,588
815.987,590
816.105,582
816.224,574
816.343,584
816.461,572
816.58,611
816.698,581
816.817,581
816.936,608
817.055,615
817.173,611
817.292,616
817.41,565
817.529,597
817.648,588
817.766,561
817.885,558
818.004,548
818.122,559
818.241,560
818.359,558
818.478,524
818.597,536
818.715,518
818.834,535
818.953,527
819.071,518
819.19,516
819.308,515
819.427,511
819.546,501
819.664,508
819.783,503
819.901,497
820.02,500
820.138,514
820.257,493
820.376,507
820.494,485
820.613,491
820.731,513
820.85,507
820.969,491
821.087,506
821.206,482
821.324,516
821.443,521
821.561,490
821.68,488
821.798,482
821.917,494
822.035,479
822.154,476
822.273,497
822.391,476
822.51,491
822.628,480
822.747,500
822.865,489
822.984,471
823.102,492
823.221,469
823.339,477
823.458,492
823.576,483
823.695,483
823.813,485
823.932,498
824.05,494
824.169,494
824.287,480
824.406,474
824.524,491
824.643,481
824.761,486
824.88,496
824.998,518
825.117,483
825.235,485
825.354,501
825.472,471
825.591,488
825.709,503
825.828,474
825.946,478
826.064,486
826.183,462
826.301,475
826.42,478
826.538,481
826.657,479
826.775,467
826.894,473
827.012,470
827.13,447
827.249,476
827.367,479
827.486,463
827.604,466
827.723,480
827.841,454
827.959,462
828.078,451
828.196,467
828.315,493
828.433,469
828.552,477
828.67,466
828.788,460
828.907,457
829.025,456
829.143,454
829.262,463
829.38,456
829.499,458
829.617,484
829.735,476
829.854,462
829.972,448
830.091,462
830.209,479
830.327,466
830.446,467
830.564,451
830.682,457
830.801,473
830.919,483
831.037,440
831.156,469
831.274,467
831.392,468
831.511,471
831.629,472
831.747,462
831.866,458
831.984,462
832.102,481
832.221,468
832.339,463
832.457,461
832.576,475
832.694,462
832.812,458
832.93,462
833.049,463
833.167,457
833.285,469
833.404,454
833.522,464
833.64,459
833.759,460
833.877,477
833.995,463
834.113,448
834.232,467
834.35,466
834.468,445
834.586,461
834.705,470
834.823,491
834.941,479
835.059,462
835.178,471
835.296,434
835.414,462
835.532,437
835.651,478
835.769,447
835.887,470
836.005,456
836.124,472
836.242,456
836.36,473
836.478,455
836.596,463
836.715,456
836.833,475
836.951,481
837.069,478
837.188,469
837.306,478
837.424,490
837.542,468
837.66,476
837.779,465
837.897,494
838.015,479
838.133,470
838.251,481
838.369,473
838.487,469
838.606,457
838.724,471
838.842,455
838.96,487
839.078,495
839.196,473
839.315,469
839.433,469
839.551,487
839.669,474
839.787,469
839.905,468
840.023,491
840.142,487
840.26,487
840.378,449
840.496,490
840.614,471
840.732,473
840.85,472
840.968,465
841.087,463
841.205,463
841.323,476
841.441,478
841.559,469
841.677,478
841.795,477
841.913,454
842.031,460
842.149,473
842.267,458
842.385,460
842.504,457
842.622,471
842.74,448
842.858,450
842.976,447
843.094,468
843.212,472
843.33,482
843.448,450
843.566,446
843.684,459
843.802,462
843.92,469
844.038,464
844.156,473
844.274,477
844.392,460
844.51,461
844.628,438
844.746,456
844.864,453
844.982,480
845.1,452
845.218,473
845.336,462
845.454,459
845.572,457
845.69,450
845.808,451
845.926,466
846.044,455
846.162,453
846.28,448
846.398,467
846.516,458
846.634,457
846.752,477
846.87,460
846.988,453
847.106,460
847.224,463
847.342,460
847.46,478
847.578,465
847.696,451
847.814,467
847.932,467
848.05,461
848.168,445
848.285,476
848.403,472
848.521,453
848.639,480
848.757,443
848.875,455
848.993,468
849.111,454
849.229,470
849.347,474
849.465,458
849.582,466
849.7,436
849.818,474
849.936,461
850.054,471
850.172,458
850.29,462
850.408,454
850.525,460
850.643,453
850.761,445
850.879,484
850.997,455
851.115,464
851.233,464
851.35,461
851.468,461
851.586,443
851.704,469
851.822,446
851.94,455
852.057,457
852.175,470
852.293,476
852.411,457
852.529,458
852.647,457
852.764,461
852.882,456
853.0,458
853.118,461
853.236,449
853.353,471
853.471,438
853.589,463
853.707,459
853.824,460
853.942,471
854.06,459
854.178,458
854.296,470
854.413,456
854.531,449
854.649,453
854.767,451
854.884,460
855.002,445
855.12,474
855.238,468
855.355,448
855.473,476
855.591,457
855.708,469
855.826,448
855.944,465
856.062,475
856.179,465
856.297,444
856.415,463
856.532,465
856.65,476
856.768,452
856.886,465
857.003,479
857.121,453
857.239,477
857.356,466
857.474,462
857.592,477
857.709,458
857.827,469
857.945,473
858.062,474
858.18,475
858.298,492
858.415,457
858.533,467
858.651,462
858.768,472
858.886,439
859.003,470
859.121,477
859.239,455
859.356,468
859.474,472
859.592,465
859.709,475
859.827,474
859.944,479
860.062,457
860.18,458
860.297,477
860.415,470
860.532,461
860.65,486
860.768,462
860.885,488
861.003,460
861.12,464
861.238,459
861.356,463
861.473,454
861.591,466
861.708,457
861.826,450
861.943,471
862.061,477
862.178,463
862.296,458
862.414,470
862.531,474
862.649,467
862.766,455
862.884,449
863.001,479
863.119,480
863.236,441
863.354,439
863.471,456
863.589,465
863.706,451
863.824,479
863.941,472
864.059,463
864.176,449
864.294,456
864.411,475
864.529,487
864.646,472
864.764,488
864.881,459
864.999,465
865.116,465
865.233,469
865.351,463
865.468,470
865.586,470
865.703,468
865.821,472
865.938,468
866.056,446
866.173,476
866.29,481
866.408,478
866.525,493
866.643,476
866.76,482
866.878,461
866.995,461
867.112,464
867.23,460
867.347,463
867.465,460
867.582,479
867.699,487
867.817,447
867.934,475
868.051,460
868.169,488
868.286,452
868.404,470
868.521,473
868.638,476
868.756,470
868.873,472
868.99,467
869.108,470
869.225,462
869.342,467
869.46,474
869.577,468
869.694,471
869.812,471
869.929,477
870.046,477
870.164,459
870.281,458
870.398,467
870.516,471
870.633,467
870.75,474
870.867,471
870.985,459
871.102,461
871.219,480
871.337,458
871.454,480
871.571,472
871.688,449
871.806,468
871.923,478
872.04,455
872.157,475
872.275,474
872.392,485
872.509,471
872.626,470
872.744,458
872.861,455
872.978,459
873.095,477
873.213,462
873.33,467
873.447,440
873.564,469
873.681,480
873.799,468
873.916,466
874.033,467
874.15,466
874.267,477
874.385,464
874.502,475
874.619,467
874.736,476
874.853,465
874.97,468
875.088,482
875.205,459
875.322,454
875.439,467
875.556,476
875.673,486
875.791,462
875.908,478
876.025,474
876.142,462
876.259,461
876.376,469
876.493,459
876.61,481
876.728,479
876.845,468
876.962,479
877.079,483
877.196,495
877.313,474
877.43,460
877.547,476
877.664,485
877.781,457
877.898,465
878.016,469
878.133,468
878.25,471
878.367,469
878.484,464
878.601,471
878.718,465
878.835,477
878.952,459
879.069,477
879.186,482
879.303,462
879.42,475
879.537,478
879.654,460
879.771,459
879.888,474
880.005,486
880.122,452
880.239,467
880.356,487
880.473,471
880.59,477
880.707,471
880.824,449
880.941,466
881.058,454
881.175,488
881.292,475
881.409,445
881.526,476
881.643,465
881.76,470
881.877,469
881.994,476
882.111,479
882.228,461
882.345,465
882.462,461
882.579,469
882.696,485
882.812,478
882.929,484
883.046,503
883.163,481
883.28,478
883.397,483
883.514,468
883.631,476
883.748,477
883.865,487
883.982,467
884.098,476
884.215,468
884.332,471
884.449,477
884.566,474
884.683,474
884.8,488
884.916,477
885.033,466
885.15,477
885.267,484
885.384,472
885.501,492
885.617,489
885.734,496
885.851,476
885.968,482
886.085,477
886.202,488
886.318,484
886.435,496
886.552,499
886.669,485
886.786,494
886.902,500
887.019,499
887.136,484
887.253,486
887.369,487
887.486,474
887.603,469
887.72,477
887.837,473
887.953,494
888.07,487
888.187,471
888.304,504
888.42,483
888.537,478
888.654,468
888.77,492
888.887,475
889.004,503
889.121,474
889.237,479
889.354,467
889.471,485
889.587,475
889.704,488
889.821,480
889.938,482
890.054,487
890.171,486
890.288,485
890.404,495
890.521,482
890.638,488
890.754,497
890.871,487
890.988,462
891.104,484
891.221,502
891.337,484
891.454,498
891.571,490
891.687,477
891.804,497
891.921,502
892.037,486
892.154,485
892.27,488
892.387,493
892.504,512
892.62,461
892.737,503
892.854,479
892.97,493
893.087,487
893.203,515
893.32,485
893.436,493
893.553,475
893.67,488
893.786,483
893.903,488
894.019,486
894.136,491
894.252,496
894.369,487
894.485,464
894.602,495
894.718,473
894.835,494
894.951,503
895.068,492
895.184,473
895.301,476
895.417,487
895.534,506
895.65,483
895.767,498
895.883,486
896.0,485
896.116,515
896.233,506
896.349,501
896.466,489
896.582,469
896.699,487
896.815,486
896.932,479
897.048,492
897.165,497
897.281,477
897.397,503
897.514,496
897.63,480
897.747,485
897.863,494
897.979,480
898.096,497
898.212,481
898.329,499
898.445,487
898.561,482
898.678,506
898.794,486
898.911,493
899.027,506
899.143,479
899.26,499
899.376,486
899.492,477
899.609,469
899.725,503
899.842,497
899.958,488
900.074,504
900.191,512
900.307,485
900.423,498
900.539,469
900.656,519
900.772,502
900.888,507
901.005,505
901.121,479
901.237,500
901.354,503
901.47,482
901.586,511
901.703,502
901.819,485
901.935,492
902.051,510
902.168,490
902.284,519
902.4,510
902.516,499
902.633,488
902.749,504
902.865,528
902.981,517
903.098,498
903.214,492
903.33,505
903.446,500
903.562,517
903.679,497
903.795,489
903.911,521
904.027,503
904.143,515
904.26,506
904.376,516
904.492,501
904.608,510
904.724,494
904.841,511
904.957,490
905.073,511
905.189,504
905.305,496
905.421,488
905.538,507
905.654,499
905.77,532
905.886,500
906.002,491
906.118,499
906.234,531
906.35,508
906.466,509
906.583,486
906.699,508
906.815,469
906.931,485
907.047,521
907.163,525
907.279,484
907.395,514
907.511,495
907.627,486
907.743,514
907.859,500
907.976,509
908.092,501
908.208,494
908.324,506
908.44,508
908.556,492
908.672,497
908.788,498
908.904,502
909.02,525
909.136,475
909.252,514
909.368,485
909.484,511
909.6,487
909.716,517
909.832,523
909.948,519
910.064,518
910.18,499
910.296,495
910.412,507
910.528,506
910.644,529
910.76,486
910.875,490
910.991,495
911.107,501
911.223,478
911.339,490
911.455,470
911.571,505
911.687,502
911.803,509
911.919,501
912.035,491
912.151,507
912.267,494
912.382,493
912.498,502
912.614,499
912.73,520
912.846,485
792.446,590
792.565,656
792.684,677
792.803,650
792.922,601
793.041,610
793.16,598
793.279,610
793.398,623
793.518,613
793.637,608
793.756,624
793.875,625
793.994,617
794.113,603
794.232,583
794.351,581
794.47,580
794.589,600
794.708,584
794.827,590
794.946,566
795.066,572
795.185,576
795.304,583
795.423,554
795.542,589
795.661,564
795.78,572
795.899,575
796.018,572
796.137,580
796.256,558
796.375,558
796.494,575
796.613,572
796.732,551
796.851,572
796.97,568
797.089,558
797.208,589
797.327,568
797.446,584
797.565,558
797.684,536
797.803,580
797.922,582
798.041,574
798.16,564
798.279,572
798.398,572
798.517,594
798.636,567
798.755,588
798.874,554
798.993,565
799.112,548
799.231,575
799.35,567
799.469,573
799.588,562
799.707,579
799.826,563
799.945,566
800.064,550
800.183,568
800.302,585
800.421,563
800.54,539
800.659,561
800.778,565
800.897,554
801.016,559
801.135,555
801.254,578
801.373,569
801.492,543
801.611,572
801.729,581
801.848,560
801.967,594
802.086,571
802.205,562
802.324,589
802.443,573
802.562,556
802.681,564
802.8,574
802.919,604
803.038,568
803.157,594
803.276,577
803.394,550
803.513,573
803.632,585
803.751,594
803.87,592
803.989,582
804.108,581
804.227,592
804.346,590
804.465,581
804.583,575
804.702,576
804.821,622
804.94,586
805.059,600
805.178,576
805.297,586
805.416,599
805.535,596
805.653,625
805.772,596
805.891,597
806.01,585
806.129,613
806.248,571
806.367,593
806.485,614
806.604,602
806.723,607
806.842,600
806.961,576
807.08,589
807.198,598
807.317,592
807.436,610
807.555,566
807.674,609
807.793,582
807.912,604
808.03,624
808.149,591
808.268,605
808.387,594
808.506,599
808.624,606
808.743,590
808.862,612
808.981,597
809.1,606
809.219,593
809.337,609
809.456,589
809.575,611
809.694,608
809.812,611
809.931,617
810.05,622
810.169,621
810.288,623
810.406,598
810.525,582
810.644,581
810.763,596
810.882,632
811.0,616
811.119,613
811.238,598
811.357,606
811.475,617
811.594,593
811.713,604
811.832,616
811.95,591
812.069,619
812.188,609
812.307,619
812.425,613
812.544,617
812.663,595
812.782,595
812.9,608
813.019,600
813.138,607
813.257,626
813.375,602
813.494,603
813.613,610
813.731,621
813.85,608
813.969,622
814.088,621
814.206,627
814.325,609
814.444,614
814.562,619
814.681,586
814.8,605
814.918,611
815.037,632
815.156,615
815.274,594
815.393,584
815.512,609
815.631,593
815.749,596
815.868,590
815.987,590
816.105,589
816.224,576
816.343,559
816.461,578
816.58,616
816.698,589
816.817,598
816.936,594
817.055,599
817.173,583
817.292,608
817.41,589
817.529,580
817.648,579
817.766,559
817.885,575
818.004,555
818.122,564
818.241,527
818.359,556
818.478,559
818.597,516
818.715,515
818.834,528
818.953,527
819.071,522
819.19,506
819.308,521
819.427,517
819.546,521
819.664,494
819.783,492
819.901,496
820.02,491
820.138,493
820.257,485
820.376,506
820.494,493
820.613,504
820.731,508
820.85,489
820.969,501
821.087,498
821.206,478
821.324,498
821.443,473
821.561,479
821.68,506
821.798,502
821.917,490
822.035,477
822.154,503
822.273,492
822.391,483
822.51,490
822.628,484
822.747,465
822.865,477
822.984,476
823.102,475
823.221,476
823.339,486
823.458,484
823.576,489
823.695,477
823.813,467
823.932,492
824.05,484
824.169,491
824.287,500
824.406,486
824.524,488
824.643,502
824.761,468
824.88,476
824.998,491
825.117,485
825.235,477
825.354,475
825.472,484
825.591,502
825.709,494
825.828,472
825.946,478
826.064,483
826.183,465
826.301,476
826.42,479
826.538,478
826.657,472
826.775,465
826.894,474
827.012,485
827.13,469
827.249,472
827.367,469
827.486,474
827.604,473
827.723,475
827.841,459
827.959,457
828.078,458
828.196,461
828.315,481
828.433,445
828.552,479
828.67,482
828.788,459
828.907,469
829.025,470
829.143,462
829.262,458
829.38,475
829.499,478
829.617,462
829.735,465
829.854,465
829.972,482
830.091,447
830.209,463
830.327,451
830.446,489
830.564,463
830.682,480
830.801,463
830.919,469
831.037,469
831.156,471
831.274,466
831.392,472
831.511,466
831.629,463
831.747,473
831.866,465
831.984,465
832.102,458
832.221,490
832.339,455
832.457,462
832.576,462
832.694,453
832.812,467
832.93,488
833.049,466
833.167,474
833.285,445
833.404,465
833.522,455
833.64,486
833.759,463
833.877,455
833.995,464
834.113,478
834.232,446
834.35,461
834.468,467
834.586,473
834.705,462
834.823,439
834.941,490
835.059,463
835.178,473
835.296,470
835.414,458
835.532,484
835.651,453
835.769,464
835.887,463
836.005,461
836.124,464
836.242,463
836.36,484
836.478,501
836.596,459
836.715,482
836.833,474
836.951,476
837.069,488
837.188,478
837.306,458
837.424,483
837.542,485
837.66,503
837.779,476
837.897,487
838.015,464
838.133,477
838.251,479
838.369,464
838.487,474
838.606,481
838.724,487
838.842,471
838.96,478
839.078,482
839.196,475
839.315,465
839.433,479
839.551,469
839.669,491
839.787,490
839.905,473
840.023,483
840.142,474
840.26,484
840.378,467
840.496,476
840.614,445
840.732,483
840.85,478
840.968,476
841.087,467
841.205,481
841.323,492
841.441,460
841.559,468
841.677,466
841.795,484
841.913,476
842.031,460
842.149,455
842.267,479
842.385,460
842.504,460
842.622,466
842.74,473
842.858,456
842.976,446
843.094,446
843.212,462
843.33,475
843.448,448
843.566,463
843.684,467
843.802,451
843.92,467
844.038,477
844.156,485
844.274,453
844.392,483
844.51,470
844.628,455
844.746,456
844.864,455
844.982,454
845.1,449
845.218,461
845.336,449
845.454,458
845.572,473
845.69,454
845.808,467
845.926,450
846.044,452
846.162,475
846.28,452
846.398,454
846.516,457
846.634,469
846.752,448
846.87,476
846.988,449
847.106,466
847.224,451
847.342,468
847.46,460
847.578,463
847.696,431
847.814,478
847.932,451
848.05,459
848.168,453
848.285,466
848.403,456
848.521,465
848.639,434
848.757,462
848.875,437
848.993,469
849.111,451
849.229,449
849.347,439
849.465,457
849.582,476
849.7,460
849.818,446
849.936,473
850.054,476
850.172,452
850.29,454
850.408,468
850.525,458
850.643,473
850.761,454
850.879,450
850.997,467
851.115,472
851.233,450
851.35,466
851.468,476
851.586,446
851.704,435
851.822,454
851.94,468
852.057,476
852.175,456
852.293,455
852.411,455
852.529,445
852.647,460
852.764,455
852.882,450
853.0,453
853.118,447
853.236,459
853.353,461
853.471,443
853.589,468
853.707,469
853.824,451
853.942,475
854.06,469
854.178,450
854.296,451
854.413,449
854.531,456
854.649,468
854.767,464
854.884,495
855.002,437
855.12,460
855.238,464
855.355,476
855.473,484
855.591,469
855.708,454
855.826,469
855.944,466
856.062,456
856.179,466
856.297,462
856.415,460
856.532,452
856.65,481
856.768,471
856.886,463
857.003,470
857.121,478
857.239,466
857.356,483
857.474,470
857.592,448
857.709,484
857.827,452
857.945,457
858.062,448
858.18,473
858.298,464
858.415,467
858.533,460
858.651,466
858.768,474
858.886,464
859.003,479
859.121,469
859.239,457
859.356,482
859.474,454
859.592,442
859.709,494
859.827,472
859.944,462
860.062,460
860.18,472
860.297,459
860.415,450
860.532,465
860.65,465
860.768,445
860.885,475
861.003,458
861.12,469
861.238,472
861.356,461
861.473,472
861.591,455
861.708,481
861.826,464
861.943,478
862.061,457
862.178,458
862.296,467
862.414,468
862.531,466
862.649,457
862.766,463
862.884,456
863.001,461
863.119,475
863.236,467
863.354,478
863.471,481
863.589,458
863.706,452
863.824,446
863.941,461
864.059,491
864.176,478
864.294,470
864.411,474
864.529,465
864.646,480
864.764,478
864.881,463
864.999,465
865.116,470
865.233,457
865.351,478
865.468,461
865.586,437
865.703,462
865.821,489
865.938,486
866.056,472
866.173,464
866.29,466
866.408,472
866.525,468
866.643,459
866.76,482
866.878,447
866.995,452
867.112,455
867.23,461
867.347,470
867.465,469
867.582,470
867.699,495
867.817,483
867.934,457
868.051,480
868.169,460
868.286,472
868.404,472
868.521,467
868.638,456
868.756,470
868.873,464
868.99,471
869.108,468
869.225,471
869.342,461
869.46,463
869.577,458
869.694,484
869.812,491
869.929,494
870.046,470
870.164,462
870.281,464
870.398,470
870.516,476
870.633,480
870.75,465
870.867,483
870.985,475
871.102,490
871.219,478
871.337,464
871.454,475
871.571,483
871.688,461
871.806,467
871.923,463
872.04,471
872.157,466
872.275,472
872.392,473
872.509,492
872.626,469
872.744,476
872.861,448
872.978,464
873.095,490
873.213,476
873.33,477
873.447,473
873.564,480
873.681,469
873.799,466
873.916,472
874.033,472
874.15,471
874.267,473
874.385,486
874.502,481
874.619,458
874.736,470
874.853,477
874.97,487
875.088,488
875.205,460
875.322,482
875.439,460
875.556,472
875.673,464
875.791,471
875.908,473
876.025,474
876.142,464
876.259,486
876.376,453
876.493,465
876.61,465
876.728,482
876.845,474
876.962,485
877.079,471
877.196,480
877.313,492
877.43,473
877.547,476
877.664,470
877.781,472
877.898,467
878.016,483
878.133,453
878.25,478
878.367,474
878.484,456
878.601,477
878.718,475
878.835,489
878.952,478
879.069,476
879.186,476
879.303,470
879.42,461
879.537,473
879.654,475
879.771,462
879.888,490
880.005,466
880.122,474
880.239,456
880.356,458
880.473,476
880.59,468
880.707,474
880.824,481
880.941,471
881.058,465
881.175,490
881.292,484
881.409,458
881.526,461
881.643,472
881.76,470
881.877,478
881.994,466
882.111,486
882.228,472
882.345,471
882.462,458
882.579,479
882.696,474
882.812,478
882.929,470
883.046,492
883.163,485
883.28,471
883.397,491
883.514,475
883.631,474
883.748,477
883.865,480
883.982,490
884.098,487
884.215,477
884.332,440
884.449,476
884.566,482
884.683,502
884.8,484
884.916,492
885.033,478
885.15,496
885.267,481
885.384,489
885.501,491
885.617,490
885.734,463
885.851,493
885.968,486
886.085,489
886.202,489
886.318,487
886.435,513
886.552,489
886.669,475
886.786,513
886.902,467
887.019,478
887.136,475
887.253,501
887.369,475
887.486,488
887.603,492
887.72,483
887.837,503
887.953,483
888.07,488
888.187,483
888.304,479
888.42,508
888.537,479
888.654,483
888.77,469
888.887,500
889.004,471
889.121,503
889.237,481
889.354,491
889.471,477
889.587,499
889.704,480
889.821,513
889.938,490
890.054,484
890.171,479
890.288,485
890.404,487
890.521,490
890.638,477
890.754,490
890.871,485
890.988,479
891.104,495
891.221,476
891.337,491
891.454,483
891.571,500
891.687,496
891.804,487
891.921,512
892.037,474
892.154,477
892.27,512
892.387,477
892.504,487
892.62,482
892.737,505
892.854,481
892.97,491
893.087,499
893.203,484
893.32,482
893.436,470
893.553,489
893.67,479
893.786,499
893.903,474
894.019,498
894.136,490
894.252,495
894.369,466
894.485,512
894.602,496
894.718,467
894.835,500
894.951,482
895.068,506
895.184,476
895.301,509
895.417,498
895.534,494
895.65,496
895.767,487
895.883,499
896.0,484
896.116,492
896.233,501
896.349,504
896.466,484
896.582,471
896.699,505
896.815,495
896.932,499
897.048,491
897.165,494
897.281,487
897.397,502
897.514,498
897.63,478
897.747,502
897.863,473
897.979,497
898.096,499
898.212,490
898.329,476
898.445,495
898.561,478
898.678,490
898.794,495
898.911,483
899.027,473
899.143,487
899.26,488
899.376,487
899.492,502
899.609,475
899.725,509
899.842,483
899.958,505
900.074,494
900.191,492
900.307,516
900.423,512
900.539,514
900.656,488
900.772,498
900.888,522
901.005,496
901.121,507
901.237,514
901.354,485
901.47,512
901.586,515
901.703,510
901.819,506
901.935,488
902.051,482
902.168,519
902.284,485
902.4,505
902.516,470
902.633,504
902.749,492
902.865,506
902.981,485
903.098,496
903.214,491
903.33,515
903.446,501
903.562,518
903.679,493
903.795,494
903.911,504
904.027,506
904.143,505
904.26,518
904.376,522
904.492,518
904.608,502
904.724,517
904.841,504
904.957,505
905.073,498
905.189,490
905.305,505
905.421,517
905.538,489
905.654,501
905.77,517
905.886,509
906.002,514
906.118,501
906.234,497
906.35,498
906.466,522
906.583,510
906.699,499
906.815,503
906.931,519
907.047,491
907.163,468
907.279,506
907.395,489
907.511,494
907.627,503
907.743,504
907.859,510
907.976,511
908.092,493
908.208,509
908.324,507
908.44,531
908.556,502
908.672,501
908.788,496
908.904,505
909.02,495
909.136,495
909.252,486
909.368,532
909.484,513
909.6,504
909.716,506
909.832,503
909.948,510
910.064,513
910.18,483
910.296,511
910.412,507
910.528,512
910.644,500
910.76,519
910.875,511
910.991,527
911.107,498
911.223,508
911.339,500
911.455,523
911.571,488
911.687,496
911.803,488
911.919,475
912.035,498
912.151,496
912.267,517
912.382,479
912.498,500
912.614,502
912.73,509
912.846,507
