792.446,863
792.565,898
792.684,910
792.803,864
792.922,817
793.041,786
793.16,805
793.279,789
793.398,762
793.518,734
793.637,733
793.756,768
793.875,725
793.994,739
794.113,725
794.232,725
794.351,716
794.47,732
794.589,729
794.708,695
794.827,715
794.946,705
795.066,699
795.185,681
795.304,685
795.423,683
795.542,682
795.661,681
795.78,680
795.899,670
796.018,682
796.137,645
796.256,640
796.375,663
796.494,649
796.613,638
796.732,648
796.851,637
796.97,648
797.089,603
797.208,646
797.327,619
797.446,628
797.565,635
797.684,630
797.803,616
797.922,631
798.041,589
798.16,590
798.279,615
798.398,601
798.517,630
798.636,603
798.755,631
798.874,619
798.993,624
799.112,629
799.231,617
799.35,616
799.469,608
799.588,603
799.707,572
799.826,614
799.945,591
800.064,609
800.183,582
800.302,593
800.421,583
800.54,603
800.659,599
800.778,608
800.897,609
801.016,602
801.135,596
801.254,603
801.373,597
801.492,589
801.611,570
801.729,597
801.848,555
801.967,592
802.086,591
802.205,598
802.324,581
802.443,607
802.562,608
802.681,608
802.8,591
802.919,604
803.038,609
803.157,598
803.276,602
803.394,601
803.513,589
803.632,594
803.751,591
803.87,586
803.989,593
804.108,598
804.227,568
804.346,601
804.465,594
804.583,593
804.702,594
804.821,596
804.94,578
805.059,606
805.178,591
805.297,586
805.416,591
805.535,583
805.653,598
805.772,584
805.891,581
806.01,608
806.129,619
806.248,598
806.367,595
806.485,582
806.604,595
806.723,575
806.842,594
806.961,606
807.08,616
807.198,605
807.317,620
807.436,566
807.555,601
807.674,601
807.793,562
807.912,604
808.03,592
808.149,584
808.268,581
808.387,616
808.506,580
808.624,605
808.743,590
808.862,606
808.981,602
809.1,597
809.219,584
809.337,597
809.456,585
809.575,597
809.694,617
809.812,605
809.931,586
810.05,593
810.169,582
810.288,595
810.406,617
810.525,607
810.644,596
810.763,605
810.882,574
811.0,596
811.119,580
811.238,606
811.357,629
811.475,601
811.594,619
811.713,599
811.832,620
811.95,595
812.069,596
812.188,620
812.307,607
812.425,591
812.544,609
812.663,597
812.782,593
812.9,586
813.019,596
813.138,617
813.257,612
813.375,599
813.494,589
813.613,597
813.731,597
813.85,612
813.969,582
814.088,593
814.206,597
814.325,578
814.444,593
814.562,608
814.681,568
814.8,585
814.918,547
815.037,607
815.156,593
815.274,575
815.393,586
815.512,590
815.631,579
815.749,567
815.868,586
815.987,595
816.105,579
816.224,563
816.343,595
816.461,578
816.58,586
816.698,616
816.817,618
816.936,581
817.055,607
817.173,599
817.292,596
817.41,573
817.529,571
817.648,567
817.766,580
817.885,542
818.004,540
818.122,541
818.241,528
818.359,520
818.478,526
818.597,551
818.715,526
818.834,547
818.953,522
819.071,523
819.19,526
819.308,526
819.427,523
819.546,518
819.664,507
819.783,530
819.901,524
820.02,513
820.138,517
820.257,523
820.376,512
820.494,508
820.613,506
820.731,501
820.85,505
820.969,516
821.087,518
821.206,511
821.324,495
821.443,495
821.561,487
821.68,498
821.798,480
821.917,502
822.035,494
822.154,504
822.273,513
822.391,496
822.51,496
822.628,487
822.747,463
822.865,501
822.984,493
823.102,491
823.221,497
823.339,497
823.458,502
823.576,484
823.695,477
823.813,498
823.932,486
824.05,481
824.169,472
824.287,485
824.406,509
824.524,499
824.643,484
824.761,482
824.88,510
824.998,837
825.117,1238
825.235,1258
825.354,1458
825.472,1018
825.591,1042
825.709,1366
825.828,1744
825.946,455
826.064,484
826.183,498
826.301,470
826.42,486
826.538,486
826.657,480
826.775,495
826.894,474
827.012,478
827.13,468
827.249,476
827.367,480
827.486,479
827.604,475
827.723,473
827.841,486
827.959,481
828.078,478
828.196,465
828.315,490
828.433,482
828.552,483
828.67,490
828.788,478
828.907,466
829.025,473
829.143,461
829.262,476
829.38,460
829.499,462
829.617,448
829.735,470
829.854,458
829.972,487
830.091,462
830.209,487
830.327,465
830.446,472
830.564,482
830.682,475
830.801,481
830.919,484
831.037,462
831.156,460
831.274,469
831.392,479
831.511,460
831.629,476
831.747,448
831.866,481
831.984,474
832.102,479
832.221,472
832.339,480
832.457,457
832.576,470
832.694,460
832.812,475
832.93,468
833.049,477
833.167,458
833.285,477
833.404,469
833.522,473
833.64,473
833.759,476
833.877,477
833.995,486
834.113,470
834.232,491
834.35,476
834.468,479
834.586,496
834.705,467
834.823,487
834.941,470
835.059,471
835.178,474
835.296,482
835.414,467
835.532,468
835.651,472
835.769,490
835.887,481
836.005,453
836.124,486
836.242,481
836.36,488
836.478,493
836.596,482
836.715,501
836.833,475
836.951,458
837.069,487
837.188,457
837.306,491
837.424,474
837.542,516
837.66,479
837.779,482
837.897,485
838.015,487
838.133,510
838.251,490
838.369,476
838.487,490
838.606,462
838.724,502
838.842,486
838.96,486
839.078,479
839.196,492
839.315,488
839.433,473
839.551,463
839.669,476
839.787,501
839.905,478
840.023,465
840.142,487
840.26,485
840.378,489
840.496,488
840.614,491
840.732,467
840.85,503
840.968,480
841.087,501
841.205,502
841.323,480
841.441,480
841.559,501
841.677,491
841.795,477
841.913,488
842.031,478
842.149,479
842.267,497
842.385,481
842.504,491
842.622,488
842.74,502
842.858,468
842.976,483
843.094,455
843.212,497
843.33,461
843.448,496
843.566,489
843.684,476
843.802,485
843.92,477
844.038,477
844.156,475
844.274,488
844.392,496
844.51,467
844.628,492
844.746,480
844.864,469
844.982,482
845.1,489
845.218,499
845.336,483
845.454,479
845.572,489
845.69,459
845.808,484
845.926,493
846.044,487
846.162,471
846.28,468
846.398,447
846.516,497
846.634,464
846.752,493
846.87,478
846.988,476
847.106,483
847.224,474
847.342,482
847.46,482
847.578,480
847.696,472
847.814,449
847.932,462
848.05,482
848.168,478
848.285,466
848.403,488
848.521,477
848.639,471
848.757,485
848.875,482
848.993,488
849.111,475
849.229,470
849.347,493
849.465,470
849.582,467
849.7,489
849.818,484
849.936,452
850.054,477
850.172,468
850.29,481
850.408,452
850.525,482
850.643,484
850.761,465
850.879,460
850.997,471
851.115,448
851.233,496
851.35,477
851.468,485
851.586,477
851.704,470
851.822,483
851.94,478
852.057,502
852.175,485
852.293,512
852.411,503
852.529,496
852.647,488
852.764,489
852.882,500
853.0,487
853.118,481
853.236,489
853.353,496
853.471,478
853.589,479
853.707,481
853.824,460
853.942,471
854.06,476
854.178,463
854.296,488
854.413,465
854.531,488
854.649,468
854.767,483
854.884,485
855.002,493
855.12,485
855.238,492
855.355,483
855.473,480
855.591,484
855.708,507
855.826,494
855.944,510
856.062,488
856.179,492
856.297,463
856.415,487
856.532,492
856.65,501
856.768,479
856.886,489
857.003,486
857.121,492
857.239,481
857.356,491
857.474,491
857.592,461
857.709,485
857.827,489
857.945,473
858.062,474
858.18,466
858.298,484
858.415,486
858.533,496
858.651,494
858.768,488
858.886,482
859.003,480
859.121,479
859.239,503
859.356,475
859.474,484
859.592,487
859.709,487
859.827,487
859.944,474
860.062,490
860.18,468
860.297,478
860.415,486
860.532,456
860.65,465
860.768,464
860.885,473
861.003,464
861.12,465
861.238,474
861.356,489
861.473,458
861.591,467
861.708,491
861.826,492
861.943,479
862.061,474
862.178,459
862.296,469
862.414,448
862.531,482
862.649,464
862.766,479
862.884,477
863.001,469
863.119,473
863.236,473
863.354,482
863.471,473
863.589,461
863.706,493
863.824,482
863.941,462
864.059,493
864.176,486
864.294,486
864.411,464
864.529,491
864.646,483
864.764,470
864.881,460
864.999,463
865.116,486
865.233,464
865.351,480
865.468,476
865.586,489
865.703,466
865.821,480
865.938,475
866.056,490
866.173,474
866.29,476
866.408,466
866.525,484
866.643,468
866.76,479
866.878,454
866.995,479
867.112,481
867.23,478
867.347,475
867.465,484
867.582,471
867.699,483
867.817,483
867.934,465
868.051,467
868.169,492
868.286,476
868.404,486
868.521,503
868.638,482
868.756,478
868.873,463
868.99,479
869.108,466
869.225,474
869.342,486
869.46,483
869.577,494
869.694,471
869.812,469
869.929,498
870.046,481
870.164,487
870.281,499
870.398,490
870.516,484
870.633,490
870.75,480
870.867,490
870.985,470
871.102,474
871.219,475
871.337,486
871.454,500
871.571,471
871.688,501
871.806,478
871.923,500
872.04,481
872.157,476
872.275,484
872.392,465
872.509,483
872.626,478
872.744,468
872.861,473
872.978,509
873.095,479
873.213,481
873.33,486
873.447,485
873.564,468
873.681,486
873.799,481
873.916,482
874.033,481
874.15,483
874.267,471
874.385,483
874.502,468
874.619,479
874.736,481
874.853,485
874.97,466
875.088,503
875.205,484
875.322,466
875.439,493
875.556,490
875.673,486
875.791,469
875.908,476
876.025,467
876.142,471
876.259,504
876.376,495
876.493,475
876.61,468
876.728,482
876.845,491
876.962,464
877.079,481
877.196,476
877.313,492
877.43,478
877.547,466
877.664,469
877.781,475
877.898,500
878.016,480
878.133,480
878.25,463
878.367,465
878.484,492
878.601,465
878.718,485
878.835,479
878.952,466
879.069,479
879.186,456
879.303,469
879.42,458
879.537,460
879.654,459
879.771,474
879.888,477
880.005,447
880.122,457
880.239,464
880.356,477
880.473,464
880.59,466
880.707,471
880.824,474
880.941,486
881.058,457
881.175,482
881.292,464
881.409,454
881.526,463
881.643,458
881.76,468
881.877,477
881.994,472
882.111,458
882.228,460
882.345,475
882.462,482
882.579,463
882.696,468
882.812,466
882.929,470
883.046,446
883.163,479
883.28,476
883.397,465
883.514,461
883.631,464
883.748,454
883.865,474
883.982,479
884.098,488
884.215,459
884.332,476
884.449,474
884.566,490
884.683,486
884.8,500
884.916,481
885.033,491
885.15,488
885.267,501
885.384,507
885.501,511
885.617,506
885.734,518
885.851,491
885.968,506
886.085,503
886.202,496
886.318,503
886.435,485
886.552,503
886.669,516
886.786,508
886.902,481
887.019,510
887.136,480
887.253,510
887.369,502
887.486,491
887.603,499
887.72,475
887.837,499
887.953,494
888.07,474
888.187,472
888.304,478
888.42,477
888.537,470
888.654,457
888.77,470
888.887,480
889.004,479
889.121,472
889.237,462
889.354,451
889.471,459
889.587,461
889.704,445
889.821,470
889.938,473
890.054,452
890.171,470
890.288,459
890.404,473
890.521,458
890.638,467
890.754,455
890.871,475
890.988,459
891.104,460
891.221,459
891.337,475
891.454,472
891.571,495
891.687,466
891.804,483
891.921,457
892.037,466
892.154,448
892.27,460
892.387,459
892.504,485
892.62,451
892.737,467
892.854,450
892.97,491
893.087,465
893.203,475
893.32,474
893.436,488
893.553,455
893.67,479
893.786,462
893.903,459
894.019,472
894.136,475
894.252,462
894.369,453
894.485,468
894.602,458
894.718,459
894.835,471
894.951,484
895.068,463
895.184,449
895.301,463
895.417,494
895.534,445
895.65,458
895.767,440
895.883,460
896.0,453
896.116,461
896.233,476
896.349,448
896.466,478
896.582,478
896.699,478
896.815,478
896.932,474
897.048,461
897.165,436
897.281,462
897.397,468
897.514,465
897.63,467
897.747,471
897.863,471
897.979,464
898.096,468
898.212,440
898.329,458
898.445,457
898.561,465
898.678,466
898.794,463
898.911,473
899.027,463
899.143,466
899.26,486
899.376,445
899.492,481
899.609,455
899.725,478
899.842,463
899.958,467
900.074,488
900.191,471
900.307,454
900.423,481
900.539,464
900.656,461
900.772,453
900.888,496
901.005,463
901.121,450
901.237,467
901.354,458
901.47,481
901.586,485
901.703,473
901.819,475
901.935,476
902.051,486
902.168,483
902.284,486
902.4,477
902.516,496
902.633,488
902.749,473
902.865,477
902.981,515
903.098,486
903.214,507
903.33,476
903.446,513
903.562,499
903.679,472
903.795,480
903.911,481
904.027,477
904.143,504
904.26,475
904.376,501
904.492,455
904.608,452
904.724,474
904.841,460
904.957,466
905.073,471
905.189,488
905.305,470
905.421,453
905.538,462
905.654,456
905.77,475
905.886,468
906.002,459
906.118,469
906.234,446
906.35,454
906.466,455
906.583,474
906.699,475
906.815,456
906.931,441
907.047,463
907.163,447
907.279,457
907.395,469
907.511,445
907.627,456
907.743,469
907.859,440
907.976,460
908.092,450
908.208,451
908.324,462
908.44,466
908.556,458
908.672,447
908.788,470
908.904,444
909.02,459
909.136,455
909.252,479
909.368,463
909.484,458
909.6,467
909.716,473
909.832,459
909.948,474
910.064,469
910.18,461
910.296,456
910.412,449
910.528,456
910.644,466
910.76,458
910.875,459
910.991,457
911.107,446
911.223,439
911.339,473
911.455,459
911.571,456
911.687,481
911.803,456
911.919,457
912.035,459
912.151,458
912.267,461
912.382,462
912.498,458
912.614,465
912.73,484
912.846,467
792.446,858
792.565,856
792.684,905
792.803,887
792.922,824
793.041,827
793.16,780
793.279,791
793.398,785
793.518,764
793.637,789
793.756,773
793.875,791
793.994,749
794.113,740
794.232,727
794.351,715
794.47,705
794.589,696
794.708,691
794.827,690
794.946,697
795.066,698
795.185,689
795.304,684
795.423,688
795.542,676
795.661,655
795.78,678
795.899,658
796.018,669
796.137,650
796.256,667
796.375,669
796.494,667
796.613,646
796.732,637
796.851,654
796.97,643
797.089,644
797.208,611
797.327,639
797.446,658
797.565,635
797.684,607
797.803,636
797.922,614
798.041,635
798.16,591
798.279,584
798.398,602
798.517,610
798.636,628
798.755,603
798.874,643
798.993,604
799.112,625
799.231,595
799.35,613
799.469,592
799.588,618
799.707,608
799.826,585
799.945,603
800.064,625
800.183,616
800.302,584
800.421,629
800.54,626
800.659,605
800.778,627
800.897,604
801.016,603
801.135,584
801.254,609
801.373,615
801.492,585
801.611,567
801.729,593
801.848,602
801.967,584
802.086,591
802.205,611
802.324,592
802.443,584
802.562,587
802.681,595
802.8,606
802.919,587
803.038,606
803.157,608
803.276,606
803.394,600
803.513,609
803.632,601
803.751,611
803.87,594
803.989,600
804.108,601
804.227,595
804.346,601
804.465,599
804.583,604
804.702,588
804.821,625
804.94,604
805.059,584
805.178,598
805.297,620
805.416,607
805.535,594
805.653,607
805.772,591
805.891,596
806.01,608
806.129,611
806.248,587
806.367,581
806.485,584
806.604,604
806.723,592
806.842,608
806.961,614
807.08,575
807.198,607
807.317,605
807.436,582
807.555,596
807.674,599
807.793,572
807.912,599
808.03,623
808.149,584
808.268,593
808.387,582
808.506,593
808.624,597
808.743,603
808.862,605
808.981,589
809.1,619
809.219,595
809.337,585
809.456,590
809.575,616
809.694,612
809.812,620
809.931,600
810.05,603
810.169,609
810.288,617
810.406,589
810.525,598
810.644,596
810.763,589
810.882,604
811.0,605
811.119,579
811.238,595
811.357,605
811.475,579
811.594,629
811.713,614
811.832,582
811.95,619
812.069,580
812.188,613
812.307,608
812.425,588
812.544,586
812.663,615
812.782,619
812.9,596
813.019,603
813.138,628
813.257,596
813.375,612
813.494,632
813.613,604
813.731,608
813.85,578
813.969,589
814.088,609
814.206,611
814.325,611
814.444,590
814.562,598
814.681,613
814.8,606
814.918,598
815.037,596
815.156,600
815.274,598
815.393,590
815.512,576
815.631,586
815.749,618
815.868,575
815.987,572
816.105,586
816.224,599
816.343,584
816.461,604
816.58,583
816.698,608
816.817,568
816.936,593
817.055,587
817.173,604
817.292,597
817.41,600
817.529,595
817.648,590
817.766,564
817.885,567
818.004,566
818.122,553
818.241,546
818.359,561
818.478,535
818.597,537
818.715,530
818.834,522
818.953,521
819.071,514
819.19,552
819.308,528
819.427,527
819.546,528
819.664,528
819.783,529
819.901,502
820.02,490
820.138,500
820.257,503
820.376,508
820.494,513
820.613,505
820.731,514
820.85,502
820.969,500
821.087,493
821.206,504
821.324,504
821.443,495
821.561,486
821.68,528
821.798,499
821.917,485
822.035,501
822.154,504
822.273,488
822.391,485
822.51,502
822.628,492
822.747,499
822.865,487
822.984,492
823.102,502
823.221,492
823.339,502
823.458,495
823.576,512
823.695,495
823.813,503
823.932,499
824.05,512
824.169,491
824.287,523
824.406,492
824.524,500
824.643,511
824.761,491
824.88,505
824.998,495
825.117,488
825.235,525
825.354,502
825.472,476
825.591,484
825.709,497
825.828,480
825.946,493
826.064,489
826.183,472
826.301,472
826.42,483
826.538,481
826.657,480
826.775,478
826.894,472
827.012,466
827.13,477
827.249,487
827.367,486
827.486,499
827.604,484
827.723,480
827.841,485
827.959,487
828.078,476
828.196,454
828.315,468
828.433,462
828.552,487
828.67,474
828.788,493
828.907,458
829.025,476
829.143,482
829.262,465
829.38,482
829.499,474
829.617,472
829.735,478
829.854,457
829.972,482
830.091,463
830.209,478
830.327,470
830.446,484
830.564,487
830.682,472
830.801,469
830.919,500
831.037,462
831.156,493
831.274,480
831.392,502
831.511,463
831.629,483
831.747,471
831.866,455
831.984,478
832.102,494
832.221,488
832.339,480
832.457,464
832.576,479
832.694,467
832.812,474
832.93,475
833.049,467
833.167,490
833.285,451
833.404,475
833.522,467
833.64,482
833.759,488
833.877,468
833.995,486
834.113,500
834.232,474
834.35,487
834.468,493
834.586,472
834.705,484
834.823,473
834.941,484
835.059,490
835.178,461
835.296,469
835.414,487
835.532,455
835.651,486
835.769,462
835.887,484
836.005,489
836.124,474
836.242,477
836.36,492
836.478,482
836.596,474
836.715,465
836.833,494
836.951,460
837.069,492
837.188,502
837.306,489
837.424,475
837.542,506
837.66,479
837.779,475
837.897,479
838.015,489
838.133,488
838.251,475
838.369,482
838.487,483
838.606,484
838.724,475
838.842,482
838.96,495
839.078,470
839.196,470
839.315,462
839.433,488
839.551,488
839.669,484
839.787,486
839.905,496
840.023,490
840.142,485
840.26,505
840.378,493
840.496,498
840.614,497
840.732,491
840.85,488
840.968,485
841.087,469
841.205,508
841.323,494
841.441,498
841.559,503
841.677,475
841.795,494
841.913,496
842.031,496
842.149,495
842.267,486
842.385,497
842.504,479
842.622,491
842.74,490
842.858,480
842.976,492
843.094,484
843.212,469
843.33,476
843.448,493
843.566,483
843.684,468
843.802,471
843.92,484
844.038,490
844.156,469
844.274,487
844.392,476
844.51,475
844.628,487
844.746,472
844.864,464
844.982,479
845.1,473
845.218,483
845.336,481
845.454,490
845.572,467
845.69,472
845.808,470
845.926,474
846.044,481
846.162,484
846.28,467
846.398,471
846.516,480
846.634,489
846.752,474
846.87,487
846.988,480
847.106,482
847.224,486
847.342,488
847.46,498
847.578,466
847.696,471
847.814,498
847.932,494
848.05,480
848.168,473
848.285,465
848.403,477
848.521,479
848.639,489
848.757,473
848.875,510
848.993,476
849.111,464
849.229,475
849.347,495
849.465,495
849.582,485
849.7,453
849.818,478
849.936,469
850.054,494
850.172,457
850.29,477
850.408,482
850.525,464
850.643,471
850.761,482
850.879,467
850.997,475
851.115,475
851.233,493
851.35,498
851.468,485
851.586,468
851.704,480
851.822,476
851.94,483
852.057,480
852.175,504
852.293,515
852.411,499
852.529,497
852.647,499
852.764,493
852.882,502
853.0,483
853.118,490
853.236,468
853.353,483
853.471,493
853.589,493
853.707,480
853.824,481
853.942,479
854.06,481
854.178,498
854.296,499
854.413,454
854.531,498
854.649,498
854.767,526
854.884,488
855.002,499
855.12,472
855.238,473
855.355,485
855.473,481
855.591,484
855.708,495
855.826,483
855.944,490
856.062,491
856.179,484
856.297,480
856.415,485
856.532,501
856.65,501
856.768,490
856.886,492
857.003,502
857.121,511
857.239,494
857.356,477
857.474,485
857.592,484
857.709,505
857.827,480
857.945,487
858.062,494
858.18,499
858.298,506
858.415,506
858.533,481
858.651,482
858.768,499
858.886,487
859.003,491
859.121,494
859.239,477
859.356,481
859.474,487
859.592,483
859.709,496
859.827,494
859.944,467
860.062,478
860.18,458
860.297,469
860.415,494
860.532,482
860.65,496
860.768,480
860.885,466
861.003,473
861.12,496
861.238,462
861.356,478
861.473,480
861.591,475
861.708,465
861.826,494
861.943,462
862.061,490
862.178,475
862.296,489
862.414,480
862.531,486
862.649,478
862.766,481
862.884,455
863.001,476
863.119,473
863.236,483
863.354,473
863.471,498
863.589,476
863.706,494
863.824,482
863.941,482
864.059,493
864.176,495
864.294,479
864.411,474
864.529,485
864.646,486
864.764,465
864.881,473
864.999,470
865.116,479
865.233,483
865.351,477
865.468,464
865.586,462
865.703,475
865.821,465
865.938,467
866.056,476
866.173,450
866.29,474
866.408,451
866.525,469
866.643,479
866.76,483
866.878,486
866.995,488
867.112,465
867.23,482
867.347,486
867.465,490
867.582,469
867.699,506
867.817,471
867.934,475
868.051,481
868.169,493
868.286,499
868.404,470
868.521,474
868.638,473
868.756,494
868.873,475
868.99,451
869.108,480
869.225,477
869.342,500
869.46,474
869.577,489
869.694,500
869.812,481
869.929,474
870.046,487
870.164,480
870.281,478
870.398,509
870.516,487
870.633,475
870.75,487
870.867,477
870.985,470
871.102,477
871.219,487
871.337,500
871.454,500
871.571,499
871.688,488
871.806,510
871.923,474
872.04,474
872.157,499
872.275,483
872.392,471
872.509,494
872.626,491
872.744,503
872.861,490
872.978,474
873.095,493
873.213,467
873.33,470
873.447,507
873.564,473
873.681,475
873.799,492
873.916,496
874.033,494
874.15,474
874.267,488
874.385,485
874.502,486
874.619,483
874.736,485
874.853,478
874.97,486
875.088,488
875.205,498
875.322,500
875.439,486
875.556,502
875.673,484
875.791,490
875.908,483
876.025,491
876.142,471
876.259,482
876.376,476
876.493,488
876.61,483
876.728,483
876.845,490
876.962,477
877.079,490
877.196,494
877.313,491
877.43,478
877.547,490
877.664,496
877.781,488
877.898,502
878.016,482
878.133,463
878.25,494
878.367,463
878.484,462
878.601,469
878.718,464
878.835,476
878.952,491
879.069,492
879.186,488
879.303,459
879.42,443
879.537,468
879.654,471
879.771,464
879.888,464
880.005,456
880.122,457
880.239,465
880.356,463
880.473,462
880.59,469
880.707,458
880.824,462
880.941,461
881.058,480
881.175,485
881.292,471
881.409,463
881.526,474
881.643,443
881.76,481
881.877,480
881.994,470
882.111,472
882.228,468
882.345,458
882.462,489
882.579,478
882.696,470
882.812,458
882.929,479
883.046,475
883.163,488
883.28,473
883.397,473
883.514,472
883.631,473
883.748,474
883.865,486
883.982,473
884.098,478
884.215,484
884.332,494
884.449,471
884.566,472
884.683,476
884.8,488
884.916,511
885.033,484
885.15,491
885.267,522
885.384,520
885.501,511
885.617,503
885.734,522
885.851,508
885.968,538
886.085,515
886.202,521
886.318,505
886.435,509
886.552,524
886.669,497
886.786,488
886.902,512
887.019,494
887.136,491
887.253,505
887.369,488
887.486,487
887.603,488
887.72,502
887.837,478
887.953,481
888.07,488
888.187,476
888.304,476
888.42,488
888.537,458
888.654,460
888.77,453
888.887,477
889.004,457
889.121,478
889.237,469
889.354,484
889.471,458
889.587,433
889.704,467
889.821,462
889.938,466
890.054,459
890.171,464
890.288,451
890.404,462
890.521,469
890.638,468
890.754,468
890.871,475
890.988,464
891.104,462
891.221,480
891.337,490
891.454,476
891.571,483
891.687,464
891.804,468
891.921,482
892.037,485
892.154,477
892.27,473
892.387,466
892.504,487
892.62,476
892.737,459
892.854,437
892.97,457
893.087,454
893.203,471
893.32,478
893.436,461
893.553,469
893.67,471
893.786,457
893.903,455
894.019,462
894.136,477
894.252,454
894.369,463
894.485,469
894.602,460
894.718,453
894.835,461
894.951,455
895.068,467
895.184,453
895.301,482
895.417,445
895.534,465
895.65,457
895.767,471
895.883,468
896.0,472
896.116,462
896.233,473
896.349,462
896.466,461
896.582,455
896.699,461
896.815,466
896.932,489
897.048,449
897.165,464
897.281,463
897.397,476
897.514,475
897.63,464
897.747,466
897.863,482
897.979,485
898.096,474
898.212,460
898.329,475
898.445,464
898.561,473
898.678,455
898.794,483
898.911,454
899.027,466
899.143,442
899.26,473
899.376,455
899.492,479
899.609,470
899.725,495
899.842,481
899.958,451
900.074,474
900.191,463
900.307,446
900.423,462
900.539,466
900.656,467
900.772,463
900.888,460
901.005,473
901.121,461
901.237,458
901.354,467
901.47,478
901.586,459
901.703,500
901.819,486
901.935,479
902.051,491
902.168,508
902.284,501
902.4,476
902.516,498
902.633,512
902.749,495
902.865,503
902.981,501
903.098,498
903.214,492
903.33,495
903.446,498
903.562,494
903.679,486
903.795,497
903.911,487
904.027,488
904.143,489
904.26,489
904.376,487
904.492,475
904.608,480
904.724,489
904.841,480
904.957,477
905.073,479
905.189,469
905.305,461
905.421,484
905.538,479
905.654,466
905.77,459
905.886,476
906.002,468
906.118,469
906.234,463
906.35,462
906.466,462
906.583,460
906.699,476
906.815,459
906.931,466
907.047,479
907.163,460
907.279,464
907.395,485
907.511,463
907.627,473
907.743,448
907.859,463
907.976,459
908.092,466
908.208,458
908.324,466
908.44,449
908.556,462
908.672,480
908.788,472
908.904,461
909.02,487
909.136,480
909.252,453
909.368,464
909.484,485
909.6,458
909.716,485
909.832,462
909.948,474
910.064,489
910.18,474
910.296,462
910.412,477
910.528,467
910.644,471
910.76,470
910.875,478
910.991,444
911.107,464
911.223,468
911.339,468
911.455,455
911.571,471
911.687,471
911.803,494
911.919,488
912.035,486
912.151,480
912.267,476
912.382,469
912.498,474
912.614,470
912.73,444
912.846,454
792.446,857
792.565,870
792.684,909
792.803,842
792.922,793
793.041,817
793.16,816
793.279,773
793.398,760
793.518,777
793.637,766
793.756,753
793.875,783
793.994,759
794.113,755
794.232,721
794.351,736
794.47,701
794.589,752
794.708,694
794.827,715
794.946,694
795.066,707
795.185,699
795.304,697
795.423,669
795.542,677
795.661,665
795.78,664
795.899,645
796.018,659
796.137,662
796.256,620
796.375,653
796.494,637
796.613,632
796.732,662
796.851,649
796.97,640
797.089,615
797.208,633
797.327,622
797.446,631
797.565,600
797.684,639
797.803,640
797.922,604
798.041,638
798.16,617
798.279,612
798.398,612
798.517,609
798.636,621
798.755,597
798.874,590
798.993,604
799.112,590
799.231,613
799.35,616
799.469,609
799.588,610
799.707,606
799.826,620
799.945,606
800.064,588
800.183,587
800.302,591
800.421,588
800.54,608
800.659,602
800.778,608
800.897,584
801.016,624
801.135,601
801.254,606
801.373,596
801.492,613
801.611,623
801.729,609
801.848,570
801.967,581
802.086,602
802.205,624
802.324,597
802.443,599
802.562,566
802.681,577
802.8,582
802.919,607
803.038,587
803.157,621
803.276,581
803.394,610
803.513,560
803.632,590
803.751,598
803.87,599
803.989,588
804.108,605
804.227,588
804.346,570
804.465,592
804.583,592
804.702,592
804.821,590
804.94,603
805.059,610
805.178,590
805.297,592
805.416,608
805.535,599
805.653,609
805.772,627
805.891,590
806.01,606
806.129,612
806.248,615
806.367,582
806.485,614
806.604,588
806.723,583
806.842,603
806.961,586
807.08,581
807.198,602
807.317,611
807.436,577
807.555,597
807.674,577
807.793,573
807.912,593
808.03,581
808.149,589
808.268,578
808.387,596
808.506,602
808.624,592
808.743,626
808.862,591
808.981,611
809.1,589
809.219,599
809.337,602
809.456,596
809.575,601
809.694,598
809.812,581
809.931,584
810.05,618
810.169,589
810.288,581
810.406,627
810.525,610
810.644,610
810.763,594
810.882,626
811.0,595
811.119,578
811.238,632
811.357,591
811.475,631
811.594,609
811.713,623
811.832,581
811.95,578
812.069,606
812.188,603
812.307,608
812.425,593
812.544,606
812.663,580
812.782,595
812.9,611
813.019,591
813.138,602
813.257,581
813.375,620
813.494,591
813.613,595
813.731,592
813.85,593
813.969,607
814.088,577
814.206,572
814.325,617
814.444,583
814.562,606
814.681,604
814.8,606
814.918,588
815.037,589
815.156,594
815.274,613
815.393,571
815.512,586
815.631,589
815.749,584
815.868,576
815.987,572
816.105,582
816.224,604
816.343,580
816.461,597
816.58,589
816.698,574
816.817,602
816.936,594
817.055,586
817.173,590
817.292,588
817.41,605
817.529,594
817.648,604
817.766,561
817.885,571
818.004,562
818.122,530
818.241,552
818.359,552
818.478,537
818.597,537
818.715,529
818.834,536
818.953,530
819.071,533
819.19,517
819.308,502
819.427,509
819.546,518
819.664,511
819.783,504
819.901,511
820.02,526
820.138,517
820.257,488
820.376,512
820.494,515
820.613,495
820.731,513
820.85,507
820.969,511
821.087,497
821.206,482
821.324,497
821.443,491
821.561,506
821.68,499
821.798,482
821.917,511
822.035,513
822.154,491
822.273,512
822.391,500
822.51,491
822.628,508
822.747,506
822.865,491
822.984,500
823.102,508
823.221,488
823.339,477
823.458,493
823.576,498
823.695,478
823.813,524
823.932,487
824.05,487
824.169,504
824.287,505
824.406,518
824.524,503
824.643,469
824.761,491
824.88,496
824.998,480
825.117,487
825.235,481
825.354,514
825.472,495
825.591,501
825.709,489
825.828,482
825.946,493
826.064,483
826.183,478
826.301,483
826.42,501
826.538,490
826.657,488
826.775,484
826.894,489
827.012,486
827.13,487
827.249,493
827.367,514
827.486,470
827.604,490
827.723,495
827.841,480
827.959,475
828.078,473
828.196,489
828.315,469
828.433,455
828.552,461
828.67,484
828.788,465
828.907,483
829.025,473
829.143,475
829.262,458
829.38,470
829.499,477
829.617,460
829.735,477
829.854,489
829.972,476
830.091,474
830.209,488
830.327,462
830.446,474
830.564,477
830.682,480
830.801,482
830.919,479
831.037,471
831.156,492
831.274,487
831.392,477
831.511,464
831.629,477
831.747,480
831.866,495
831.984,481
832.102,470
832.221,479
832.339,458
832.457,490
832.576,475
832.694,465
832.812,481
832.93,466
833.049,472
833.167,447
833.285,489
833.404,469
833.522,491
833.64,482
833.759,462
833.877,472
833.995,488
834.113,479
834.232,480
834.35,476
834.468,481
834.586,487
834.705,488
834.823,472
834.941,469
835.059,480
835.178,482
835.296,474
835.414,487
835.532,476
835.651,457
835.769,488
835.887,483
836.005,504
836.124,482
836.242,471
836.36,485
836.478,483
836.596,496
836.715,472
836.833,484
836.951,493
837.069,483
837.188,495
837.306,478
837.424,482
837.542,496
837.66,481
837.779,482
837.897,492
838.015,468
838.133,504
838.251,479
838.369,480
838.487,500
838.606,486
838.724,485
838.842,482
838.96,493
839.078,479
839.196,481
839.315,490
839.433,502
839.551,492
839.669,496
839.787,473
839.905,496
840.023,463
840.142,484
840.26,497
840.378,501
840.496,481
840.614,486
840.732,490
840.85,483
840.968,486
841.087,507
841.205,486
841.323,495
841.441,484
841.559,500
841.677,490
841.795,499
841.913,478
842.031,486
842.149,491
842.267,509
842.385,483
842.504,494
842.622,490
842.74,499
842.858,496
842.976,492
843.094,506
843.212,486
843.33,486
843.448,470
843.566,477
843.684,479
843.802,504
843.92,463
844.038,478
844.156,464
844.274,464
844.392,481
844.51,476
844.628,471
844.746,482
844.864,480
844.982,485
845.1,469
845.218,483
845.336,488
845.454,479
845.572,495
845.69,489
845.808,479
845.926,455
846.044,476
846.162,493
846.28,479
846.398,475
846.516,480
846.634,475
846.752,482
846.87,463
846.988,497
847.106,488
847.224,483
847.342,475
847.46,476
847.578,480
847.696,482
847.814,473
847.932,483
848.05,475
848.168,473
848.285,461
848.403,480
848.521,488
848.639,492
848.757,462
848.875,483
848.993,479
849.111,479
849.229,489
849.347,484
849.465,465
849.582,490
849.7,514
849.818,476
849.936,476
850.054,476
850.172,472
850.29,498
850.408,464
850.525,496
850.643,453
850.761,465
850.879,467
850.997,486
851.115,481
851.233,499
851.35,479
851.468,472
851.586,480
851.704,465
851.822,451
851.94,483
852.057,474
852.175,468
852.293,509
852.411,503
852.529,506
852.647,510
852.764,505
852.882,491
853.0,469
853.118,510
853.236,477
853.353,478
853.471,502
853.589,485
853.707,464
853.824,481
853.942,460
854.06,493
854.178,482
854.296,483
854.413,494
854.531,484
854.649,496
854.767,483
854.884,481
855.002,493
855.12,495
855.238,493
855.355,487
855.473,493
855.591,488
855.708,489
855.826,493
855.944,491
856.062,482
856.179,489
856.297,475
856.415,490
856.532,464
856.65,514
856.768,493
856.886,490
857.003,485
857.121,485
857.239,495
857.356,490
857.474,476
857.592,500
857.709,480
857.827,499
857.945,490
858.062,500
858.18,471
858.298,500
858.415,500
858.533,488
858.651,495
858.768,464
858.886,477
859.003,491
859.121,483
859.239,475
859.356,479
859.474,483
859.592,475
859.709,478
859.827,482
859.944,473
860.062,481
860.18,482
860.297,451
860.415,474
860.532,467
860.65,493
860.768,476
860.885,484
861.003,475
861.12,485
861.238,476
861.356,483
861.473,503
861.591,492
861.708,487
861.826,483
861.943,495
862.061,465
862.178,458
862.296,470
862.414,478
862.531,484
862.649,473
862.766,476
862.884,473
863.001,462
863.119,501
863.236,481
863.354,466
863.471,493
863.589,468
863.706,480
863.824,492
863.941,513
864.059,490
864.176,487
864.294,459
864.411,491
864.529,477
864.646,479
864.764,459
864.881,468
864.999,475
865.116,478
865.233,469
865.351,491
865.468,484
865.586,470
865.703,468
865.821,477
865.938,469
866.056,482
866.173,454
866.29,479
866.408,487
866.525,467
866.643,491
866.76,488
866.878,465
866.995,488
867.112,472
867.23,515
867.347,493
867.465,516
867.582,474
867.699,482
867.817,498
867.934,479
868.051,476
868.169,477
868.286,470
868.404,464
868.521,469
868.638,483
868.756,483
868.873,474
868.99,480
869.108,498
869.225,491
869.342,476
869.46,469
869.577,491
869.694,495
869.812,481
869.929,457
870.046,491
870.164,481
870.281,492
870.398,475
870.516,507
870.633,486
870.75,488
870.867,473
870.985,483
871.102,487
871.219,500
871.337,489
871.454,484
871.571,481
871.688,478
871.806,478
871.923,492
872.04,471
872.157,470
872.275,491
872.392,491
872.509,475
872.626,468
872.744,486
872.861,459
872.978,479
873.095,488
873.213,471
873.33,475
873.447,486
873.564,477
873.681,494
873.799,486
873.916,482
874.033,481
874.15,498
874.267,498
874.385,481
874.502,505
874.619,485
874.736,488
874.853,469
874.97,491
875.088,481
875.205,460
875.322,484
875.439,484
875.556,481
875.673,475
875.791,473
875.908,484
876.025,468
876.142,486
876.259,502
876.376,489
876.493,487
876.61,488
876.728,481
876.845,488
876.962,488
877.079,491
877.196,468
877.313,474
877.43,482
877.547,494
877.664,471
877.781,469
877.898,446
878.016,469
878.133,487
878.25,494
878.367,475
878.484,474
878.601,481
878.718,472
878.835,465
878.952,475
879.069,477
879.186,498
879.303,470
879.42,479
879.537,475
879.654,489
879.771,469
879.888,487
880.005,475
880.122,480
880.239,481
880.356,481
880.473,464
880.59,477
880.707,451
880.824,465
880.941,456
881.058,462
881.175,469
881.292,487
881.409,471
881.526,475
881.643,451
881.76,486
881.877,472
881.994,480
882.111,466
882.228,467
882.345,465
882.462,476
882.579,465
882.696,474
882.812,473
882.929,487
883.046,469
883.163,473
883.28,479
883.397,474
883.514,466
883.631,476
883.748,471
883.865,462
883.982,479
884.098,473
884.215,455
884.332,482
884.449,468
884.566,485
884.683,499
884.8,482
884.916,485
885.033,477
885.15,517
885.267,499
885.384,506
885.501,511
885.617,503
885.734,513
885.851,519
885.968,528
886.085,515
886.202,524
886.318,479
886.435,499
886.552,497
886.669,512
886.786,515
886.902,498
887.019,486
887.136,504
887.253,498
887.369,497
887.486,495
887.603,489
887.72,477
887.837,527
887.953,471
888.07,476
888.187,468
888.304,493
888.42,488
888.537,475
888.654,458
888.77,474
888.887,478
889.004,470
889.121,456
889.237,465
889.354,452
889.471,464
889.587,455
889.704,467
889.821,469
889.938,466
890.054,453
890.171,467
890.288,460
890.404,471
890.521,486
890.638,479
890.754,453
890.871,472
890.988,458
891.104,466
891.221,471
891.337,463
891.454,473
891.571,463
891.687,466
891.804,474
891.921,471
892.037,481
892.154,466
892.27,459
892.387,460
892.504,475
892.62,484
892.737,490
892.854,444
892.97,466
893.087,464
893.203,443
893.32,456
893.436,456
893.553,459
893.67,481
893.786,474
893.903,471
894.019,471
894.136,489
894.252,467
894.369,461
894.485,477
894.602,495
894.718,471
894.835,469
894.951,471
895.068,460
895.184,460
895.301,472
895.417,462
895.534,461
895.65,457
895.767,454
895.883,461
896.0,466
896.116,471
896.233,476
896.349,452
896.466,478
896.582,474
896.699,464
896.815,434
896.932,440
897.048,456
897.165,461
897.281,462
897.397,473
897.514,463
897.63,501
897.747,445
897.863,467
897.979,475
898.096,466
898.212,471
898.329,489
898.445,464
898.561,467
898.678,488
898.794,478
898.911,458
899.027,462
899.143,467
899.26,460
899.376,470
899.492,482
899.609,468
899.725,460
899.842,473
899.958,474
900.074,488
900.191,487
900.307,448
900.423,480
900.539,484
900.656,476
900.772,461
900.888,454
901.005,476
901.121,482
901.237,446
901.354,470
901.47,491
901.586,478
901.703,465
901.819,474
901.935,454
902.051,489
902.168,468
902.284,507
902.4,498
902.516,473
902.633,491
902.749,493
902.865,512
902.981,506
903.098,491
903.214,491
903.33,496
903.446,493
903.562,473
903.679,489
903.795,487
903.911,478
904.027,473
904.143,493
904.26,500
904.376,485
904.492,474
904.608,493
904.724,470
904.841,477
904.957,461
905.073,484
905.189,467
905.305,487
905.421,461
905.538,452
905.654,485
905.77,462
905.886,474
906.002,478
906.118,451
906.234,482
906.35,468
906.466,473
906.583,469
906.699,460
906.815,463
906.931,484
907.047,460
907.163,454
907.279,471
907.395,457
907.511,472
907.627,475
907.743,458
907.859,464
907.976,461
908.092,470
908.208,477
908.324,464
908.44,473
908.556,465
908.672,469
908.788,459
908.904,462
909.02,471
909.136,464
909.252,465
909.368,478
909.484,463
909.6,479
909.716,467
909.832,462
909.948,475
910.064,442
910.18,499
910.296,459
910.412,491
910.528,483
910.644,461
910.76,479
910.875,478
910.991,461
911.107,468
911.223,463
911.339,464
911.455,449
911.571,458
911.687,471
911.803,451
911.919,460
912.035,466
912.151,478
912.267,489
912.382,479
912.498,476
912.614,449
912.73,454
912.846,472
