792.44574,2262
792.56488,2233
792.68396,2249
792.80304,2220
792.92218,2191
793.041199,2185
793.160339,2156
793.279419,2163
793.398499,2121
793.517578,2120
793.636658,2104
793.755737,2055
793.874817,2061
793.993896,2101
794.112976,2142
794.232056,2052
794.351074,1997
794.470215,2085
794.589233,2022
794.708313,2020
794.827393,2030
794.946411,2053
795.065552,2044
795.18457,2046
795.303589,2018
795.422668,2000
795.541687,1997
795.660767,2042
795.779846,1962
795.898865,2007
796.017883,1951
796.136963,2016
796.255981,1968
796.375061,1990
796.49408,1984
796.613037,1994
796.732117,1963
796.851135,1932
796.970154,1963
797.089233,1937
797.208191,1959
797.327271,1936
797.446228,1935
797.565186,1942
797.684265,1927
797.803223,1931
797.922241,1947
798.04126,1892
798.160278,1930
798.279297,1932
798.398315,1937
798.517273,1923
798.636292,1869
798.75531,1929
798.874268,1941
798.993286,1926
799.112244,1917
799.231323,1882
799.350281,1975
799.469238,1895
799.588257,1916
799.707153,1962
799.826111,1915
799.945129,1949
800.064087,1965
800.183044,1921
800.302063,1924
800.421021,1903
800.539978,1949
800.658936,1905
800.777893,1884
800.896912,1958
801.015747,1915
801.134705,1920
801.253723,1990
801.37262,1987
801.491638,1911
801.610535,1947
801.729492,1940
801.84845,1959
801.967407,1958
802.086243,2002
802.205261,1984
802.324158,2006
802.443115,1940
802.562073,1995
802.680969,1992
802.799927,1963
802.918762,1996
803.037659,2012
803.156677,1991
803.275574,1977
803.39447,2024
803.513428,2027
803.632263,2053
803.751221,2042
803.870117,2005
803.989014,2045
804.107971,2058
804.226746,2065
804.345642,2000
804.4646,2084
804.583496,2076
804.702393,2080
804.821228,2076
804.940125,2073
805.059021,2036
805.177917,1998
805.296814,2088
805.415649,2086
805.534546,2077
805.653442,2037
805.772278,2130
805.891113,2147
806.01001,2084
806.128906,2140
806.247742,2097
806.366577,2106
806.485413,2127
806.604309,2064
806.723145,2082
806.84198,2103
806.960876,2118
807.079712,2108
807.198486,2104
807.317383,2093
807.436218,2124
807.554993,2115
807.673889,2113
807.792725,2081
807.91156,2114
808.030396,2134
808.14917,2096
808.268005,2113
808.386841,2151
808.505676,2108
808.624451,2103
808.743286,2093
808.862122,2102
808.980896,2165
809.099731,2140
809.218506,2123
809.337341,2102
809.456116,2189
809.57489,2214
809.693726,2159
809.8125,2174
809.931274,2215
810.050049,2210
810.168884,2209
810.287659,2177
810.406372,2182
810.525269,2173
810.643982,2147
810.762756,2183
810.881531,2184
811.000305,2218
811.11908,2174
811.237854,2204
811.356567,2129
811.475403,2212
811.594116,2179
811.71283,2172
811.831604,2219
811.950378,2195
812.069153,2226
812.187927,2171
812.30658,2186
812.425415,2232
812.544128,2230
812.662781,2198
812.781616,2212
812.900269,2177
813.019043,2220
813.137756,2178
813.256531,2213
813.375244,2216
813.493896,2191
813.612671,2181
813.731384,2214
813.850037,2172
813.96875,2219
814.087524,2154
814.206238,2177
814.324951,2095
814.443604,2221
814.562256,2235
814.68103,2131
814.799683,2158
814.918335,2175
815.037109,2158
815.155762,2162
815.274475,2161
815.393188,2105
815.511841,2156
815.630554,2125
815.749146,2124
815.867859,2030
815.986572,2108
816.105164,2064
816.223877,2060
816.342529,2047
816.461182,2117
816.579895,2132
816.698486,2169
816.817139,2098
816.935791,2128
817.054504,2128
817.173096,2133
817.291748,2100
817.4104,2078
817.529053,1997
817.647644,2060
817.766235,2036
817.884949,1905
818.00354,1923
818.122192,1923
818.240845,1798
818.359436,1773
818.478088,1778
818.59668,1675
818.715271,1754
818.833923,1743
818.952515,1724
819.071106,1661
819.189758,1611
819.30835,1627
819.426941,1576
819.545532,1622
819.664124,1590
819.782715,1555
819.901306,1576
820.019897,1568
820.138489,1573
820.25708,1567
820.375671,1520
820.494202,1481
820.612732,1468
820.731384,1526
820.849915,1485
820.968506,1516
821.087097,1506
821.205627,1472
821.324158,1516
821.442749,1486
821.561279,1451
821.679871,1497
821.798401,1454
821.916931,1495
822.035461,1479
822.154053,1513
822.272583,1475
822.391174,1446
822.509583,1464
822.628174,1432
822.746704,1509
822.865234,1441
822.983765,1447
823.102295,1460
823.220825,1417
823.339294,1446
823.457825,1467
823.576355,1446
823.694824,1445
823.813354,1440
823.931885,1463
824.050354,1438
824.168884,1469
824.287354,1507
824.405823,1438
824.524353,1472
824.642822,1494
824.761353,1487
824.879822,1434
824.998291,1473
825.116699,1496
825.235291,1499
825.353699,1499
825.472168,1481
825.590637,1421
825.709106,1452
825.827576,1479
825.946045,1426
826.064453,1438
826.182983,1414
826.301392,1442
826.4198,1344
826.53833,1405
826.656738,1364
826.775208,1370
826.893677,1402
827.012024,1364
827.130493,1414
827.248962,1381
827.36731,1351
827.485779,1372
827.604248,1335
827.722595,1371
827.841064,1366
827.959412,1406
828.077942,1375
828.196289,1373
828.314636,1322
828.433105,1385
828.551514,1372
828.669861,1327
828.78833,1342
828.906677,1354
829.025085,1376
829.143433,1351
829.261841,1353
829.38031,1350
829.498657,1327
829.617004,1353
829.735413,1371
829.85376,1337
829.972107,1303
830.090515,1332
830.208862,1333
830.327209,1338
830.445557,1367
830.563904,1322
830.682312,1300
830.800659,1294
830.919006,1328
831.037354,1345
831.155701,1323
831.274048,1356
831.392395,1312
831.51062,1377
831.629028,1350
831.747314,1306
831.865662,1348
831.984009,1329
832.102356,1341
832.220642,1337
832.338928,1361
832.457275,1351
832.575623,1354
832.693909,1335
832.812134,1349
832.930481,1326
833.048828,1331
833.167114,1351
833.2854,1303
833.403687,1361
833.521973,1339
833.640259,1275
833.758545,1338
833.876831,1323
833.995056,1313
834.113281,1318
834.231628,1322
834.349915,1302
834.468201,1347
834.586426,1343
834.704651,1302
834.822998,1334
834.941162,1311
835.059448,1346
835.177673,1347
835.295959,1325
835.414246,1330
835.53241,1331
835.650635,1341
835.768921,1332
835.887146,1355
836.005371,1316
836.123596,1356
836.241821,1348
836.360046,1393
836.478271,1391
836.596497,1360
836.714722,1417
836.832886,1368
836.95105,1369
837.069336,1462
837.1875,1421
837.305725,1400
837.423889,1399
837.542053,1409
837.660339,1411
837.778503,1425
837.896667,1410
838.014832,1387
838.132996,1407
838.25116,1414
838.369385,1403
838.487488,1376
838.605713,1404
838.723877,1417
838.84198,1351
838.960205,1397
839.078308,1391
839.196472,1396
839.314636,1405
839.4328,1398
839.550964,1360
839.669067,1370
839.787231,1388
839.905396,1397
840.023499,1347
840.141602,1386
840.259766,1367
840.377869,1356
840.495972,1404
840.614136,1325
840.732239,1402
840.850342,1352
840.968445,1372
841.086548,1353
841.204651,1336
841.322754,1362
841.440918,1319
841.55896,1323
841.677002,1346
841.795166,1322
841.913208,1342
842.031311,1344
842.149353,1289
842.267456,1317
842.385498,1277
842.503601,1289
842.621643,1337
842.739746,1346
842.857788,1277
842.97583,1281
843.093933,1323
843.211975,1303
843.330017,1337
843.44812,1284
843.566101,1248
843.684204,1313
843.802246,1267
843.920227,1295
844.038269,1274
844.156311,1286
844.274292,1284
844.392395,1277
844.510376,1307
844.628357,1268
844.74646,1293
844.864441,1285
844.982422,1285
845.100403,1286
845.218384,1322
845.336426,1276
845.454468,1312
845.572449,1262
845.69043,1316
845.808411,1306
845.926453,1290
846.044373,1288
846.162354,1318
846.280396,1246
846.398315,1290
846.516296,1312
846.634216,1276
846.752197,1266
846.870178,1275
846.988098,1236
847.106079,1252
847.22406,1291
847.34198,1280
847.4599,1246
847.577881,1264
847.695801,1274
847.813782,1268
847.931641,1283
848.049561,1251
848.167603,1251
848.285461,1300
848.403381,1278
848.521362,1286
848.639221,1255
848.75708,1279
848.875,1273
848.99292,1269
849.110901,1299
849.22876,1294
849.34668,1266
849.464539,1257
849.582458,1246
849.700317,1287
849.818176,1287
849.936096,1278
850.053955,1250
850.171875,1275
850.289673,1268
850.407593,1280
850.525452,1293
850.643311,1296
850.761169,1262
850.878967,1278
850.996887,1269
851.114746,1288
851.232544,1260
851.350403,1297
851.468262,1224
851.58606,1315
851.703979,1254
851.821777,1310
851.939636,1242
852.057434,1282
852.175232,1285
852.293091,1290
852.410889,1282
852.528687,1276
852.646545,1309
852.764343,1328
852.88208,1274
852.999939,1295
853.117676,1293
853.235535,1289
853.353271,1276
853.471069,1256
853.588928,1309
853.706604,1273
853.824402,1299
853.9422,1313
854.059998,1287
854.177734,1304
854.295532,1307
854.413269,1331
854.531006,1324
854.648804,1295
854.766541,1313
854.884277,1284
855.002014,1343
855.119751,1299
855.237549,1268
855.355225,1285
855.473022,1308
855.590698,1309
855.708435,1357
855.826172,1297
855.943848,1327
856.061646,1337
856.179321,1330
856.296997,1276
856.414795,1320
856.53241,1341
856.650085,1274
856.767822,1344
856.885559,1357
857.003174,1331
857.120911,1314
857.238586,1337
857.356201,1353
857.473938,1322
857.591614,1329
857.709351,1288
857.826965,1305
857.944641,1318
858.062317,1300
858.179993,1305
858.297668,1335
858.415283,1331
858.532959,1369
858.650574,1311
858.768188,1324
858.885803,1338
859.003479,1319
859.121094,1315
859.23877,1270
859.356384,1273
859.473999,1340
859.591675,1252
859.709229,1320
859.826843,1294
859.944458,1317
860.062012,1293
860.179626,1292
860.297302,1322
860.414856,1283
860.532471,1292
860.650024,1253
860.767639,1270
860.885193,1275
861.002808,1246
861.120361,1279
861.237976,1289
861.35553,1293
861.473022,1296
861.590698,1255
861.708191,1281
861.825745,1285
861.943298,1305
862.060852,1316
862.178406,1282
862.295959,1291
862.413513,1280
862.531006,1268
862.64856,1289
862.766113,1312
862.883667,1246
863.00116,1284
863.118713,1283
863.236206,1312
863.353699,1300
863.471252,1266
863.588745,1265
863.706177,1291
863.82373,1295
863.941162,1252
864.058716,1271
864.176208,1302
864.29364,1297
864.411194,1349
864.528687,1280
864.646118,1282
864.763611,1262
864.881042,1310
864.998535,1290
865.116028,1298
865.233459,1284
865.350891,1296
865.468384,1286
865.585754,1286
865.703308,1280
865.820679,1259
865.938171,1295
866.055542,1305
866.173035,1246
866.290466,1263
866.407837,1297
866.52533,1272
866.6427,1277
866.760071,1281
866.877563,1268
866.994934,1295
867.112305,1289
867.229736,1290
867.347107,1307
867.464539,1278
867.58197,1318
867.699341,1299
867.81665,1256
867.934082,1337
868.051453,1312
868.168823,1284
868.286194,1291
868.403564,1328
868.520935,1280
868.638306,1321
868.755676,1267
868.872986,1286
868.990295,1286
869.107727,1290
869.225037,1288
869.342346,1327
869.459717,1266
869.577026,1277
869.694336,1296
869.811707,1332
869.929016,1287
870.046326,1272
870.163635,1297
870.280945,1295
870.398254,1321
870.515564,1299
870.632812,1356
870.750183,1309
870.867432,1319
870.984741,1313
871.102051,1276
871.219299,1281
871.336609,1296
871.453918,1253
871.571106,1297
871.688416,1256
871.805664,1299
871.922852,1309
872.040222,1263
872.157471,1293
872.274719,1284
872.391968,1290
872.509155,1310
872.626465,1268
872.743652,1341
872.860962,1301
872.978149,1265
873.095337,1273
873.212646,1319
873.329834,1251
873.44696,1286
873.564209,1305
873.681396,1288
873.798645,1314
873.915894,1278
874.03302,1278
874.150208,1311
874.267456,1314
874.384583,1298
874.501831,1274
874.618958,1278
874.736145,1266
874.853333,1271
874.970459,1302
875.087646,1292
875.204834,1302
875.32196,1282
875.439148,1272
875.556274,1297
875.673401,1277
875.790527,1323
875.907715,1288
876.024841,1323
876.141968,1310
876.259094,1288
876.376282,1267
876.493347,1274
876.610474,1274
876.7276,1331
876.844727,1293
876.961853,1294
877.078918,1285
877.195984,1310
877.313171,1283
877.430237,1335
877.547302,1316
877.664368,1310
877.781433,1335
877.898499,1314
878.015625,1287
878.13269,1305
878.249695,1287
878.366821,1319
878.483887,1292
878.600952,1310
878.717957,1266
878.834961,1283
878.952087,1293
879.069092,1301
879.186157,1269
879.303162,1298
879.420227,1304
879.537231,1349
879.654236,1301
879.77124,1334
879.888306,1286
880.005249,1313
880.122314,1324
880.239319,1272
880.356323,1335
880.473328,1291
880.590271,1320
880.707275,1264
880.824341,1295
880.941284,1334
881.058228,1254
881.175232,1260
881.292236,1324
881.40918,1293
881.526123,1287
881.643066,1290
881.760071,1280
881.877014,1280
881.993958,1286
882.11084,1297
882.227783,1259
882.344727,1313
882.46167,1327
882.578613,1307
882.695618,1319
882.812439,1294
882.929382,1334
883.046326,1306
883.163208,1305
883.280151,1296
883.397034,1286
883.513916,1303
883.630798,1300
883.747742,1305
883.864563,1277
883.981506,1302
884.098389,1320
884.21521,1326
884.332153,1310
884.448975,1321
884.565796,1301
884.682678,1345
884.7995,1277
884.916443,1307
885.033264,1331
885.150085,1327
885.266968,1332
885.383789,1310
885.500671,1351
885.617493,1306
885.734314,1336
885.851196,1306
885.967896,1294
886.084717,1312
886.201599,1346
886.318359,1350
886.435181,1333
886.552002,1298
886.668762,1300
886.785645,1284
886.902344,1290
887.019165,1297
887.135925,1303
887.252747,1330
887.369446,1294
887.486267,1300
887.603027,1340
887.719788,1329
887.836548,1315
887.953247,1331
888.070068,1280
888.186829,1402
888.303528,1327
888.420288,1347
888.536987,1332
888.653687,1309
888.770447,1311
888.887146,1333
889.003967,1270
889.120667,1318
889.237305,1266
889.354065,1341
889.470703,1264
889.587463,1320
889.704163,1322
889.820862,1286
889.937561,1352
890.054199,1315
890.170837,1318
890.287598,1324
890.404236,1340
890.520874,1340
890.637634,1344
890.754211,1353
890.87085,1296
890.987549,1364
891.104187,1337
891.220886,1349
891.337463,1328
891.454102,1352
891.57074,1363
891.687378,1327
891.804077,1363
891.920654,1317
892.037231,1326
892.15387,1365
892.270447,1303
892.387085,1349
892.503723,1310
892.6203,1350
892.736877,1315
892.853516,1380
892.970032,1304
893.08667,1354
893.203186,1351
893.319763,1335
893.43634,1337
893.552917,1370
893.669556,1326
893.786011,1340
893.902588,1327
894.019165,1294
894.135681,1336
894.252197,1334
894.368835,1336
894.485291,1361
894.601868,1356
894.718384,1340
894.8349,1342
894.951355,1305
895.067932,1342
895.184448,1347
895.300964,1350
895.417419,1336
895.533936,1351
895.650452,1345
895.766907,1341
895.883423,1344
895.999878,1351
896.116333,1301
896.232849,1345
896.349304,1286
896.465759,1332
896.582214,1339
896.698669,1325
896.815125,1354
896.931641,1311
897.048035,1347
897.164551,1354
897.280884,1330
897.397339,1337
897.513794,1334
897.630249,1370
897.746582,1337
897.863098,1322
897.979431,1343
898.095886,1337
898.212341,1328
898.328674,1379
898.445129,1366
898.561462,1378
898.677795,1344
898.794312,1337
898.910645,1357
899.026978,1342
899.143433,1340
899.259766,1327
899.37616,1357
899.492493,1367
899.608765,1339
899.725159,1336
899.841553,1378
899.957947,1338
900.07428,1370
900.190552,1324
900.306946,1393
900.423157,1317
900.53949,1355
900.655884,1349
900.772156,1404
900.888489,1363
901.004822,1319
901.121033,1360
901.237366,1332
901.353699,1329
901.46991,1370
901.586304,1338
901.702515,1353
901.818787,1395
901.93512,1337
902.051331,1356
902.167603,1359
902.283875,1365
902.400085,1343
902.516418,1373
902.632629,1365
902.74884,1344
902.865112,1354
902.981384,1323
903.097595,1373
903.213867,1345
903.330017,1359
903.446289,1389
903.5625,1363
903.67865,1358
903.794922,1362
903.911072,1377
904.027344,1352
904.143494,1364
904.259705,1357
904.375916,1382
904.492065,1381
904.608215,1335
904.724426,1408
904.840576,1397
904.956726,1347
905.072876,1368
905.189087,1365
905.305176,1351
905.421387,1398
905.537537,1403
905.653687,1387
905.769775,1364
905.885925,1378
906.002014,1360
906.118164,1338
906.234314,1398
906.350403,1375
906.466492,1365
906.582642,1386
906.69873,1341
906.814758,1367
906.930908,1359
907.046936,1427
907.163086,1349
907.279175,1360
907.395264,1349
907.511353,1379
907.62738,1356
907.743408,1339
907.859497,1368
907.975525,1447
908.091553,1341
908.207703,1355
908.32373,1336
908.439758,1385
908.555786,1411
908.671814,1412
908.787842,1342
908.90387,1359
909.019775,1370
909.135864,1378
909.251892,1368
909.367859,1411
909.483826,1383
909.599854,1374
909.715881,1390
909.831848,1384
909.947815,1364
910.063782,1405
910.179749,1416
910.295776,1392
910.411743,1360
910.527649,1415
910.643616,1360
910.759583,1397
910.875488,1363
910.991455,1372
911.107361,1387
911.223267,1384
911.339294,1398
911.4552,1395
911.571106,1370
911.687073,1395
911.802979,1373
911.918823,1335
912.034729,1396
912.150635,1389
912.266602,1375
912.382446,1398
912.498352,1347
912.614197,1371
912.730103,1398
912.846008,1354
792.44574,2290
792.56488,2326
792.68396,2295
792.80304,2304
792.92218,2215
793.041199,2158
793.160339,2183
793.279419,2176
793.398499,2170
793.517578,2155
793.636658,2167
793.755737,2093
793.874817,2119
793.993896,2160
794.112976,2134
794.232056,2085
794.351074,2078
794.470215,2148
794.589233,2077
794.708313,2050
794.827393,2072
794.946411,2034
795.065552,2012
795.18457,2033
795.303589,2042
795.422668,2027
795.541687,2032
795.660767,2015
795.779846,2014
795.898865,1992
796.017883,2001
796.136963,2010
796.255981,2029
796.375061,1985
796.49408,1986
796.613037,2011
796.732117,1986
796.851135,1965
796.970154,1997
797.089233,1955
797.208191,2003
797.327271,1964
797.446228,1967
797.565186,1957
797.684265,1953
797.803223,1970
797.922241,1931
798.04126,1959
798.160278,1972
798.279297,1953
798.398315,1981
798.517273,1932
798.636292,1953
798.75531,1976
798.874268,1955
798.993286,1979
799.112244,1946
799.231323,1927
799.350281,1945
799.469238,2011
799.588257,1994
799.707153,1945
799.826111,1995
799.945129,1985
800.064087,1968
800.183044,1918
800.302063,1999
800.421021,1992
800.539978,1930
800.658936,1975
800.777893,1982
800.896912,2013
801.015747,1981
801.134705,1958
801.253723,1989
801.37262,2026
801.491638,2016
801.610535,1979
801.729492,2053
801.84845,2015
801.967407,2004
802.086243,1993
802.205261,2060
802.324158,2032
802.443115,2064
802.562073,2084
802.680969,2023
802.799927,2010
802.918762,2041
803.037659,2055
803.156677,2081
803.275574,2013
803.39447,1975
803.513428,2054
803.632263,2080
803.751221,2068
803.870117,2048
803.989014,2020
804.107971,2091
804.226746,2034
804.345642,2057
804.4646,2038
804.583496,2166
804.702393,2100
804.821228,2043
804.940125,2078
805.059021,2056
805.177917,2079
805.296814,2071
805.415649,2142
805.534546,2079
805.653442,2108
805.772278,2139
805.891113,2084
806.01001,2149
806.128906,2171
806.247742,2091
806.366577,2138
806.485413,2103
806.604309,2161
806.723145,2177
806.84198,2120
806.960876,2093
807.079712,2106
807.198486,2138
807.317383,2151
807.436218,2122
807.554993,2147
807.673889,2142
807.792725,2114
807.91156,2122
808.030396,2133
808.14917,2130
808.268005,2132
808.386841,2155
808.505676,2189
808.624451,2223
808.743286,2172
808.862122,2174
808.980896,2219
809.099731,2121
809.218506,2147
809.337341,2168
809.456116,2222
809.57489,2219
809.693726,2230
809.8125,2219
809.931274,2228
810.050049,2199
810.168884,2214
810.287659,2236
810.406372,2241
810.525269,2206
810.643982,2146
810.762756,2213
810.881531,2226
811.000305,2222
811.11908,2183
811.237854,2234
811.356567,2153
811.475403,2237
811.594116,2199
811.71283,2276
811.831604,2269
811.950378,2157
812.069153,2279
812.187927,2197
812.30658,2223
812.425415,2294
812.544128,2232
812.662781,2213
812.781616,2199
812.900269,2238
813.019043,2284
813.137756,2197
813.256531,2201
813.375244,2205
813.493896,2217
813.612671,2207
813.731384,2213
813.850037,2251
813.96875,2207
814.087524,2259
814.206238,2206
814.324951,2213
814.443604,2194
814.562256,2161
814.68103,2190
814.799683,2212
814.918335,2154
815.037109,2193
815.155762,2152
815.274475,2147
815.393188,2162
815.511841,2188
815.630554,2111
815.749146,2112
815.867859,2155
815.986572,2116
816.105164,2109
816.223877,2113
816.342529,2078
816.461182,2192
816.579895,2164
816.698486,2191
816.817139,2142
816.935791,2246
817.054504,2197
817.173096,2180
817.291748,2149
817.4104,2131
817.529053,2061
817.647644,2044
817.766235,1988
817.884949,2043
818.00354,1963
818.122192,1896
818.240845,1903
818.359436,1841
818.478088,1778
818.59668,1804
818.715271,1719
818.833923,1734
818.952515,1707
819.071106,1651
819.189758,1612
819.30835,1647
819.426941,1628
819.545532,1645
819.664124,1625
819.782715,1608
819.901306,1558
820.019897,1597
820.138489,1602
820.25708,1582
820.375671,1581
820.494202,1538
820.612732,1570
820.731384,1548
820.849915,1524
820.968506,1510
821.087097,1560
821.205627,1557
821.324158,1527
821.442749,1534
821.561279,1476
821.679871,1475
821.798401,1478
821.916931,1474
822.035461,1470
822.154053,1503
822.272583,1444
822.391174,1493
822.509583,1449
822.628174,1485
822.746704,1489
822.865234,1479
822.983765,1504
823.102295,1476
823.220825,1450
823.339294,1493
823.457825,1465
823.576355,1489
823.694824,1482
823.813354,1540
823.931885,1488
824.050354,1505
824.168884,1521
824.287354,1475
824.405823,1460
824.524353,1531
824.642822,1519
824.761353,1467
824.879822,1481
824.998291,1457
825.116699,1494
825.235291,1521
825.353699,1500
825.472168,1440
825.590637,1466
825.709106,1499
825.827576,1407
825.946045,1434
826.064453,1443
826.182983,1424
826.301392,1389
826.4198,1468
826.53833,1422
826.656738,1409
826.775208,1450
826.893677,1352
827.012024,1404
827.130493,1412
827.248962,1412
827.36731,1407
827.485779,1377
827.604248,1358
827.722595,1408
827.841064,1405
827.959412,1381
828.077942,1365
828.196289,1407
828.314636,1370
828.433105,1363
828.551514,1358
828.669861,1391
828.78833,1391
828.906677,1400
829.025085,1333
829.143433,1350
829.261841,1346
829.38031,1377
829.498657,1367
829.617004,1347
829.735413,1390
829.85376,1328
829.972107,1363
830.090515,1356
830.208862,1370
830.327209,1332
830.445557,1357
830.563904,1338
830.682312,1374
830.800659,1358
830.919006,1378
831.037354,1337
831.155701,1367
831.274048,1368
831.392395,1378
831.51062,1342
831.629028,1347
831.747314,1361
831.865662,1362
831.984009,1349
832.102356,1351
832.220642,1303
832.338928,1399
832.457275,1329
832.575623,1352
832.693909,1364
832.812134,1348
832.930481,1365
833.048828,1369
833.167114,1309
833.2854,1327
833.403687,1373
833.521973,1362
833.640259,1349
833.758545,1340
833.876831,1346
833.995056,1334
834.113281,1354
834.231628,1336
834.349915,1320
834.468201,1395
834.586426,1366
834.704651,1366
834.822998,1310
834.941162,1389
835.059448,1332
835.177673,1358
835.295959,1345
835.414246,1384
835.53241,1367
835.650635,1339
835.768921,1363
835.887146,1372
836.005371,1367
836.123596,1410
836.241821,1385
836.360046,1415
836.478271,1412
836.596497,1384
836.714722,1387
836.832886,1402
836.95105,1429
837.069336,1478
837.1875,1433
837.305725,1481
837.423889,1430
837.542053,1460
837.660339,1462
837.778503,1427
837.896667,1432
838.014832,1446
838.132996,1438
838.25116,1407
838.369385,1460
838.487488,1430
838.605713,1443
838.723877,1396
838.84198,1456
838.960205,1399
839.078308,1399
839.196472,1396
839.314636,1433
839.4328,1423
839.550964,1398
839.669067,1378
839.787231,1389
839.905396,1376
840.023499,1425
840.141602,1395
840.259766,1431
840.377869,1395
840.495972,1410
840.614136,1391
840.732239,1379
840.850342,1391
840.968445,1380
841.086548,1377
841.204651,1391
841.322754,1379
841.440918,1346
841.55896,1381
841.677002,1340
841.795166,1369
841.913208,1347
842.031311,1355
842.149353,1333
842.267456,1379
842.385498,1337
842.503601,1338
842.621643,1351
842.739746,1360
842.857788,1316
842.97583,1335
843.093933,1301
843.211975,1309
843.330017,1296
843.44812,1302
843.566101,1313
843.684204,1323
843.802246,1345
843.920227,1305
844.038269,1305
844.156311,1342
844.274292,1305
844.392395,1318
844.510376,1302
844.628357,1280
844.74646,1349
844.864441,1326
844.982422,1325
845.100403,1352
845.218384,1327
845.336426,1294
845.454468,1308
845.572449,1312
845.69043,1296
845.808411,1308
845.926453,1261
846.044373,1294
846.162354,1287
846.280396,1302
846.398315,1310
846.516296,1300
846.634216,1275
846.752197,1293
846.870178,1338
846.988098,1342
847.106079,1285
847.22406,1340
847.34198,1289
847.4599,1337
847.577881,1300
847.695801,1345
847.813782,1320
847.931641,1317
848.049561,1289
848.167603,1279
848.285461,1301
848.403381,1318
848.521362,1333
848.639221,1344
848.75708,1323
848.875,1274
848.99292,1325
849.110901,1260
849.22876,1299
849.34668,1303
849.464539,1298
849.582458,1289
849.700317,1299
849.818176,1280
849.936096,1275
850.053955,1301
850.171875,1308
850.289673,1241
850.407593,1258
850.525452,1301
850.643311,1314
850.761169,1286
850.878967,1236
850.996887,1345
851.114746,1290
851.232544,1293
851.350403,1293
851.468262,1284
851.58606,1294
851.703979,1311
851.821777,1304
851.939636,1335
852.057434,1288
852.175232,1293
852.293091,1305
852.410889,1347
852.528687,1305
852.646545,1295
852.764343,1297
852.88208,1311
852.999939,1307
853.117676,1333
853.235535,1299
853.353271,1300
853.471069,1282
853.588928,1340
853.706604,1302
853.824402,1336
853.9422,1316
854.059998,1301
854.177734,1359
854.295532,1326
854.413269,1299
854.531006,1336
854.648804,1320
854.766541,1327
854.884277,1329
855.002014,1325
855.119751,1385
855.237549,1341
855.355225,1345
855.473022,1318
855.590698,1362
855.708435,1324
855.826172,1370
855.943848,1374
856.061646,1311
856.179321,1349
856.296997,1357
856.414795,1369
856.53241,1351
856.650085,1382
856.767822,1345
856.885559,1356
857.003174,1361
857.120911,1277
857.238586,1328
857.356201,1375
857.473938,1335
857.591614,1323
857.709351,1341
857.826965,1288
857.944641,1376
858.062317,1347
858.179993,1351
858.297668,1341
858.415283,1312
858.532959,1331
858.650574,1340
858.768188,1381
858.885803,1322
859.003479,1315
859.121094,1316
859.23877,1322
859.356384,1335
859.473999,1352
859.591675,1321
859.709229,1331
859.826843,1319
859.944458,1322
860.062012,1316
860.179626,1286
860.297302,1284
860.414856,1335
860.532471,1310
860.650024,1305
860.767639,1307
860.885193,1319
861.002808,1308
861.120361,1318
861.237976,1340
861.35553,1335
861.473022,1322
861.590698,1274
861.708191,1314
861.825745,1348
861.943298,1295
862.060852,1297
862.178406,1288
862.295959,1307
862.413513,1276
862.531006,1310
862.64856,1297
862.766113,1296
862.883667,1282
863.00116,1325
863.118713,1302
863.236206,1333
863.353699,1295
863.471252,1265
863.588745,1302
863.706177,1370
863.82373,1320
863.941162,1321
864.058716,1347
864.176208,1339
864.29364,1298
864.411194,1323
864.528687,1355
864.646118,1364
864.763611,1294
864.881042,1318
864.998535,1344
865.116028,1307
865.233459,1299
865.350891,1323
865.468384,1291
865.585754,1330
865.703308,1329
865.820679,1264
865.938171,1316
866.055542,1323
866.173035,1331
866.290466,1305
866.407837,1330
866.52533,1336
866.6427,1314
866.760071,1321
866.877563,1327
866.994934,1308
867.112305,1326
867.229736,1347
867.347107,1331
867.464539,1335
867.58197,1304
867.699341,1318
867.81665,1338
867.934082,1307
868.051453,1329
868.168823,1332
868.286194,1336
868.403564,1368
868.520935,1294
868.638306,1332
868.755676,1285
868.872986,1343
868.990295,1350
869.107727,1375
869.225037,1318
869.342346,1330
869.459717,1316
869.577026,1318
869.694336,1357
869.811707,1337
869.929016,1308
870.046326,1340
870.163635,1322
870.280945,1336
870.398254,1329
870.515564,1367
870.632812,1302
870.750183,1345
870.867432,1361
870.984741,1316
871.102051,1343
871.219299,1329
871.336609,1336
871.453918,1349
871.571106,1312
871.688416,1316
871.805664,1317
871.922852,1331
872.040222,1341
872.157471,1354
872.274719,1352
872.391968,1326
872.509155,1337
872.626465,1353
872.743652,1310
872.860962,1325
872.978149,1318
873.095337,1321
873.212646,1352
873.329834,1315
873.44696,1333
873.564209,1321
873.681396,1316
873.798645,1316
873.915894,1298
874.03302,1266
874.150208,1290
874.267456,1310
874.384583,1282
874.501831,1315
874.618958,1281
874.736145,1318
874.853333,1286
874.970459,1368
875.087646,1293
875.204834,1280
875.32196,1318
875.439148,1354
875.556274,1273
875.673401,1324
875.790527,1298
875.907715,1292
876.024841,1315
876.141968,1279
876.259094,1336
876.376282,1361
876.493347,1326
876.610474,1305
876.7276,1305
876.844727,1335
876.961853,1311
877.078918,1351
877.195984,1313
877.313171,1323
877.430237,1323
877.547302,1344
877.664368,1291
877.781433,1354
877.898499,1313
878.015625,1327
878.13269,1333
878.249695,1308
878.366821,1329
878.483887,1378
878.600952,1309
878.717957,1306
878.834961,1311
878.952087,1335
879.069092,1310
879.186157,1348
879.303162,1283
879.420227,1320
879.537231,1338
879.654236,1300
879.77124,1315
879.888306,1327
880.005249,1301
880.122314,1323
880.239319,1338
880.356323,1345
880.473328,1304
880.590271,1321
880.707275,1378
880.824341,1322
880.941284,1354
881.058228,1335
881.175232,1313
881.292236,1277
881.40918,1317
881.526123,1342
881.643066,1355
881.760071,1323
881.877014,1301
881.993958,1340
882.11084,1327
882.227783,1310
882.344727,1305
882.46167,1347
882.578613,1353
882.695618,1324
882.812439,1349
882.929382,1321
883.046326,1328
883.163208,1340
883.280151,1324
883.397034,1359
883.513916,1319
883.630798,1319
883.747742,1305
883.864563,1339
883.981506,1343
884.098389,1315
884.21521,1339
884.332153,1299
884.448975,1338
884.565796,1319
884.682678,1306
884.7995,1377
884.916443,1327
885.033264,1348
885.150085,1327
885.266968,1361
885.383789,1369
885.500671,1361
885.617493,1337
885.734314,1378
885.851196,1363
885.967896,1342
886.084717,1386
886.201599,1318
886.318359,1349
886.435181,1364
886.552002,1393
886.668762,1333
886.785645,1368
886.902344,1329
887.019165,1374
887.135925,1327
887.252747,1360
887.369446,1358
887.486267,1334
887.603027,1353
887.719788,1344
887.836548,1348
887.953247,1339
888.070068,1358
888.186829,1362
888.303528,1364
888.420288,1383
888.536987,1365
888.653687,1338
888.770447,1351
888.887146,1358
889.003967,1330
889.120667,1368
889.237305,1350
889.354065,1345
889.470703,1328
889.587463,1358
889.704163,1378
889.820862,1345
889.937561,1343
890.054199,1359
890.170837,1344
890.287598,1346
890.404236,1355
890.520874,1279
890.637634,1397
890.754211,1339
890.87085,1324
890.987549,1359
891.104187,1390
891.220886,1353
891.337463,1332
891.454102,1335
891.57074,1418
891.687378,1360
891.804077,1358
891.920654,1370
892.037231,1366
892.15387,1419
892.270447,1375
892.387085,1377
892.503723,1401
892.6203,1367
892.736877,1294
892.853516,1339
892.970032,1395
893.08667,1359
893.203186,1339
893.319763,1348
893.43634,1347
893.552917,1367
893.669556,1390
893.786011,1370
893.902588,1373
894.019165,1373
894.135681,1339
894.252197,1384
894.368835,1381
894.485291,1408
894.601868,1386
894.718384,1405
894.8349,1379
894.951355,1386
895.067932,1392
895.184448,1309
895.300964,1414
895.417419,1376
895.533936,1357
895.650452,1383
895.766907,1342
895.883423,1348
895.999878,1370
896.116333,1354
896.232849,1410
896.349304,1336
896.465759,1355
896.582214,1360
896.698669,1336
896.815125,1378
896.931641,1385
897.048035,1343
897.164551,1389
897.280884,1427
897.397339,1377
897.513794,1390
897.630249,1366
897.746582,1373
897.863098,1397
897.979431,1364
898.095886,1379
898.212341,1392
898.328674,1356
898.445129,1392
898.561462,1371
898.677795,1434
898.794312,1375
898.910645,1371
899.026978,1409
899.143433,1402
899.259766,1397
899.37616,1417
899.492493,1355
899.608765,1397
899.725159,1383
899.841553,1380
899.957947,1379
900.07428,1421
900.190552,1405
900.306946,1430
900.423157,1391
900.53949,1378
900.655884,1407
900.772156,1342
900.888489,1391
901.004822,1395
901.121033,1392
901.237366,1345
901.353699,1351
901.46991,1413
901.586304,1420
901.702515,1406
901.818787,1365
901.93512,1423
902.051331,1385
902.167603,1411
902.283875,1363
902.400085,1426
902.516418,1389
902.632629,1378
902.74884,1402
902.865112,1421
902.981384,1373
903.097595,1451
903.213867,1410
903.330017,1400
903.446289,1396
903.5625,1388
903.67865,1394
903.794922,1393
903.911072,1399
904.027344,1433
904.143494,1422
904.259705,1411
904.375916,1402
904.492065,1349
904.608215,1401
904.724426,1387
904.840576,1389
904.956726,1397
905.072876,1419
905.189087,1409
905.305176,1397
905.421387,1387
905.537537,1409
905.653687,1365
905.769775,1371
905.885925,1416
906.002014,1398
906.118164,1377
906.234314,1373
906.350403,1418
906.466492,1378
906.582642,1430
906.69873,1431
906.814758,1423
906.930908,1452
907.046936,1377
907.163086,1405
907.279175,1363
907.395264,1421
907.511353,1405
907.62738,1393
907.743408,1432
907.859497,1409
907.975525,1410
908.091553,1418
908.207703,1426
908.32373,1396
908.439758,1412
908.555786,1409
908.671814,1423
908.787842,1419
908.90387,1414
909.019775,1393
909.135864,1436
909.251892,1412
909.367859,1400
909.483826,1449
909.599854,1377
909.715881,1396
909.831848,1395
909.947815,1450
910.063782,1423
910.179749,1403
910.295776,1381
910.411743,1461
910.527649,1409
910.643616,1429
910.759583,1449
910.875488,1437
910.991455,1405
911.107361,1375
911.223267,1400
911.339294,1387
911.4552,1416
911.571106,1405
911.687073,1400
911.802979,1390
911.918823,1392
912.034729,1397
912.150635,1441
912.266602,1395
912.382446,1432
912.498352,1435
912.614197,1404
912.730103,1418
912.846008,1405
792.44574,2383
792.56488,2260
792.68396,2350
792.80304,2266
792.92218,2209
793.041199,2172
793.160339,2218
793.279419,2231
793.398499,2212
793.517578,2136
793.636658,2168
793.755737,2176
793.874817,2157
793.993896,2199
794.112976,2104
794.232056,2094
794.351074,2103
794.470215,2087
794.589233,2126
794.708313,2085
794.827393,2066
794.946411,2076
795.065552,2063
795.18457,2070
795.303589,2056
795.422668,2081
795.541687,2066
795.660767,2043
795.779846,2050
795.898865,1991
796.017883,2084
796.136963,1981
796.255981,2020
796.375061,2007
796.49408,2063
796.613037,2038
796.732117,1996
796.851135,2060
796.970154,2001
797.089233,2033
797.208191,1974
797.327271,1983
797.446228,1955
797.565186,1991
797.684265,1998
797.803223,1930
797.922241,1951
798.04126,1925
798.160278,1970
798.279297,1984
798.398315,1940
798.517273,1981
798.636292,1978
798.75531,1973
798.874268,1988
798.993286,1963
799.112244,1959
799.231323,1987
799.350281,2013
799.469238,2000
799.588257,2020
799.707153,1976
799.826111,1987
799.945129,1957
800.064087,2002
800.183044,1954
800.302063,2019
800.421021,2017
800.539978,2003
800.658936,1965
800.777893,1967
800.896912,1994
801.015747,2017
801.134705,1989
801.253723,2023
801.37262,1931
801.491638,2017
801.610535,2061
801.729492,2020
801.84845,1961
801.967407,1991
802.086243,2037
802.205261,2044
802.324158,2039
802.443115,2001
802.562073,2009
802.680969,2067
802.799927,2003
802.918762,2075
803.037659,2012
803.156677,2103
803.275574,2096
803.39447,2070
803.513428,2036
803.632263,2009
803.751221,2059
803.870117,2059
803.989014,2086
804.107971,2085
804.226746,2060
804.345642,2064
804.4646,2094
804.583496,2135
804.702393,2067
804.821228,2091
804.940125,2108
805.059021,2111
805.177917,2065
805.296814,2124
805.415649,2086
805.534546,2136
805.653442,2089
805.772278,2116
805.891113,2125
806.01001,2178
806.128906,2137
806.247742,2177
806.366577,2157
806.485413,2176
806.604309,2144
806.723145,2159
806.84198,2142
806.960876,2167
807.079712,2174
807.198486,2153
807.317383,2134
807.436218,2133
807.554993,2105
807.673889,2188
807.792725,2105
807.91156,2179
808.030396,2195
808.14917,2182
808.268005,2149
808.386841,2213
808.505676,2189
808.624451,2167
808.743286,2167
808.862122,2184
808.980896,2203
809.099731,2227
809.218506,2225
809.337341,2220
809.456116,2213
809.57489,2270
809.693726,2250
809.8125,2189
809.931274,2218
810.050049,2264
810.168884,2235
810.287659,2183
810.406372,2240
810.525269,2209
810.643982,2238
810.762756,2260
810.881531,2232
811.000305,2248
811.11908,2208
811.237854,2264
811.356567,2202
811.475403,2231
811.594116,2257
811.71283,2220
811.831604,2214
811.950378,2281
812.069153,2185
812.187927,2250
812.30658,2278
812.425415,2284
812.544128,2197
812.662781,2257
812.781616,2217
812.900269,2226
813.019043,2221
813.137756,2216
813.256531,2275
813.375244,2226
813.493896,2259
813.612671,2276
813.731384,2213
813.850037,2237
813.96875,2264
814.087524,2211
814.206238,2215
814.324951,2269
814.443604,2145
814.562256,2178
814.68103,2133
814.799683,2219
814.918335,2183
815.037109,2206
815.155762,2181
815.274475,2154
815.393188,2143
815.511841,2169
815.630554,2195
815.749146,2168
815.867859,2133
815.986572,2121
816.105164,2138
816.223877,2192
816.342529,2118
816.461182,2131
816.579895,2141
816.698486,2150
816.817139,2172
816.935791,2168
817.054504,2202
817.173096,2146
817.291748,2091
817.4104,2150
817.529053,2090
817.647644,2066
817.766235,2043
817.884949,1981
818.00354,1914
818.122192,1913
818.240845,1869
818.359436,1837
818.478088,1828
818.59668,1791
818.715271,1719
818.833923,1722
818.952515,1727
819.071106,1680
819.189758,1712
819.30835,1705
819.426941,1629
819.545532,1633
819.664124,1601
819.782715,1608
819.901306,1607
820.019897,1601
820.138489,1565
820.25708,1591
820.375671,1556
820.494202,1548
820.612732,1540
820.731384,1546
820.849915,1538
820.968506,1494
821.087097,1538
821.205627,1516
821.324158,1547
821.442749,1539
821.561279,1531
821.679871,1528
821.798401,1486
821.916931,1483
822.035461,1468
822.154053,1496
822.272583,1472
822.391174,1478
822.509583,1489
822.628174,1440
822.746704,1497
822.865234,1485
822.983765,1473
823.102295,1470
823.220825,1480
823.339294,1474
823.457825,1512
823.576355,1483
823.694824,1495
823.813354,1509
823.931885,1518
824.050354,1465
824.168884,1504
824.287354,1575
824.405823,1487
824.524353,1536
824.642822,1463
824.761353,1481
824.879822,1512
824.998291,1521
825.116699,1505
825.235291,1497
825.353699,1530
825.472168,1514
825.590637,1519
825.709106,1455
825.827576,1465
825.946045,1470
826.064453,1453
826.182983,1446
826.301392,1428
826.4198,1489
826.53833,1420
826.656738,1387
826.775208,1420
826.893677,1403
827.012024,1409
827.130493,1414
827.248962,1385
827.36731,1342
827.485779,1372
827.604248,1420
827.722595,1409
827.841064,1368
827.959412,1393
828.077942,1383
828.196289,1408
828.314636,1409
828.433105,1365
828.551514,1413
828.669861,1380
828.78833,1391
828.906677,1337
829.025085,1404
829.143433,1350
829.261841,1340
829.38031,1405
829.498657,1359
829.617004,1392
829.735413,1396
829.85376,1370
829.972107,1387
830.090515,1379
830.208862,1374
830.327209,1351
830.445557,1377
830.563904,1383
830.682312,1422
830.800659,1356
830.919006,1362
831.037354,1376
831.155701,1377
831.274048,1384
831.392395,1359
831.51062,1352
831.629028,1366
831.747314,1363
831.865662,1359
831.984009,1346
832.102356,1367
832.220642,1389
832.338928,1399
832.457275,1380
832.575623,1365
832.693909,1371
832.812134,1345
832.930481,1377
833.048828,1363
833.167114,1378
833.2854,1359
833.403687,1375
833.521973,1383
833.640259,1337
833.758545,1372
833.876831,1379
833.995056,1364
834.113281,1354
834.231628,1385
834.349915,1340
834.468201,1369
834.586426,1397
834.704651,1371
834.822998,1344
834.941162,1358
835.059448,1348
835.177673,1386
835.295959,1369
835.414246,1389
835.53241,1399
835.650635,1365
835.768921,1350
835.887146,1329
836.005371,1406
836.123596,1343
836.241821,1387
836.360046,1419
836.478271,1409
836.596497,1453
836.714722,1394
836.832886,1425
836.95105,1473
837.069336,1414
837.1875,1437
837.305725,1511
837.423889,1475
837.542053,1451
837.660339,1442
837.778503,1455
837.896667,1437
838.014832,1437
838.132996,1430
838.25116,1421
838.369385,1444
838.487488,1453
838.605713,1440
838.723877,1451
838.84198,1439
838.960205,1467
839.078308,1440
839.196472,1415
839.314636,1453
839.4328,1390
839.550964,1424
839.669067,1397
839.787231,1422
839.905396,1402
840.023499,1409
840.141602,1437
840.259766,1437
840.377869,1385
840.495972,1440
840.614136,1362
840.732239,1387
840.850342,1363
840.968445,1379
841.086548,1375
841.204651,1414
841.322754,1376
841.440918,1413
841.55896,1351
841.677002,1373
841.795166,1379
841.913208,1373
842.031311,1377
842.149353,1403
842.267456,1325
842.385498,1372
842.503601,1367
842.621643,1380
842.739746,1347
842.857788,1345
842.97583,1340
843.093933,1340
843.211975,1348
843.330017,1308
843.44812,1369
843.566101,1310
843.684204,1315
843.802246,1312
843.920227,1320
844.038269,1308
844.156311,1330
844.274292,1312
844.392395,1351
844.510376,1319
844.628357,1316
844.74646,1292
844.864441,1328
844.982422,1303
845.100403,1320
845.218384,1300
845.336426,1295
845.454468,1312
845.572449,1313
845.69043,1304
845.808411,1258
845.926453,1326
846.044373,1309
846.162354,1279
846.280396,1293
846.398315,1300
846.516296,1315
846.634216,1318
846.752197,1317
846.870178,1294
846.988098,1288
847.106079,1319
847.22406,1317
847.34198,1332
847.4599,1319
847.577881,1292
847.695801,1337
847.813782,1330
847.931641,1284
848.049561,1300
848.167603,1267
848.285461,1320
848.403381,1314
848.521362,1287
848.639221,1275
848.75708,1302
848.875,1279
848.99292,1315
849.110901,1308
849.22876,1300
849.34668,1307
849.464539,1302
849.582458,1334
849.700317,1268
849.818176,1342
849.936096,1298
850.053955,1325
850.171875,1272
850.289673,1308
850.407593,1263
850.525452,1341
850.643311,1288
850.761169,1317
850.878967,1288
850.996887,1300
851.114746,1264
851.232544,1326
851.350403,1285
851.468262,1356
851.58606,1333
851.703979,1265
851.821777,1327
851.939636,1291
852.057434,1300
852.175232,1319
852.293091,1292
852.410889,1335
852.528687,1368
852.646545,1326
852.764343,1333
852.88208,1294
852.999939,1328
853.117676,1327
853.235535,1298
853.353271,1329
853.471069,1317
853.588928,1303
853.706604,1292
853.824402,1333
853.9422,1345
854.059998,1289
854.177734,1314
854.295532,1310
854.413269,1385
854.531006,1295
854.648804,1330
854.766541,1315
854.884277,1339
855.002014,1342
855.119751,1318
855.237549,1378
855.355225,1316
855.473022,1365
855.590698,1346
855.708435,1320
855.826172,1357
855.943848,1345
856.061646,1316
856.179321,1363
856.296997,1333
856.414795,1348
856.53241,1357
856.650085,1349
856.767822,1361
856.885559,1370
857.003174,1362
857.120911,1369
857.238586,1340
857.356201,1324
857.473938,1342
857.591614,1379
857.709351,1306
857.826965,1347
857.944641,1359
858.062317,1327
858.179993,1374
858.297668,1346
858.415283,1325
858.532959,1340
858.650574,1360
858.768188,1360
858.885803,1346
859.003479,1298
859.121094,1322
859.23877,1316
859.356384,1302
859.473999,1302
859.591675,1339
859.709229,1325
859.826843,1319
859.944458,1310
860.062012,1338
860.179626,1305
860.297302,1324
860.414856,1308
860.532471,1329
860.650024,1332
860.767639,1297
860.885193,1288
861.002808,1325
861.120361,1316
861.237976,1337
861.35553,1328
861.473022,1333
861.590698,1305
861.708191,1304
861.825745,1300
861.943298,1340
862.060852,1326
862.178406,1275
862.295959,1342
862.413513,1319
862.531006,1299
862.64856,1307
862.766113,1303
862.883667,1315
863.00116,1284
863.118713,1318
863.236206,1316
863.353699,1345
863.471252,1297
863.588745,1294
863.706177,1316
863.82373,1277
863.941162,1355
864.058716,1321
864.176208,1331
864.29364,1312
864.411194,1341
864.528687,1337
864.646118,1340
864.763611,1336
864.881042,1350
864.998535,1309
865.116028,1345
865.233459,1336
865.350891,1346
865.468384,1353
865.585754,1311
865.703308,1336
865.820679,1338
865.938171,1323
866.055542,1322
866.173035,1353
866.290466,1328
866.407837,1331
866.52533,1307
866.6427,1311
866.760071,1312
866.877563,1311
866.994934,1360
867.112305,1332
867.229736,1310
867.347107,1316
867.464539,1311
867.58197,1366
867.699341,1351
867.81665,1344
867.934082,1315
868.051453,1319
868.168823,1336
868.286194,1309
868.403564,1333
868.520935,1345
868.638306,1328
868.755676,1320
868.872986,1363
868.990295,1359
869.107727,1359
869.225037,1363
869.342346,1315
869.459717,1333
869.577026,1361
869.694336,1320
869.811707,1313
869.929016,1335
870.046326,1334
870.163635,1316
870.280945,1313
870.398254,1318
870.515564,1366
870.632812,1312
870.750183,1328
870.867432,1340
870.984741,1327
871.102051,1354
871.219299,1326
871.336609,1345
871.453918,1306
871.571106,1353
871.688416,1383
871.805664,1308
871.922852,1299
872.040222,1352
872.157471,1341
872.274719,1389
872.391968,1304
872.509155,1362
872.626465,1313
872.743652,1315
872.860962,1323
872.978149,1347
873.095337,1347
873.212646,1364
873.329834,1320
873.44696,1351
873.564209,1333
873.681396,1346
873.798645,1310
873.915894,1318
874.03302,1330
874.150208,1283
874.267456,1330
874.384583,1337
874.501831,1392
874.618958,1366
874.736145,1318
874.853333,1337
874.970459,1313
875.087646,1330
875.204834,1352
875.32196,1349
875.439148,1359
875.556274,1346
875.673401,1360
875.790527,1275
875.907715,1357
876.024841,1301
876.141968,1315
876.259094,1350
876.376282,1331
876.493347,1383
876.610474,1276
876.7276,1337
876.844727,1318
876.961853,1332
877.078918,1365
877.195984,1344
877.313171,1344
877.430237,1351
877.547302,1327
877.664368,1335
877.781433,1308
877.898499,1352
878.015625,1315
878.13269,1378
878.249695,1356
878.366821,1303
878.483887,1320
878.600952,1329
878.717957,1319
878.834961,1340
878.952087,1350
879.069092,1346
879.186157,1346
879.303162,1319
879.420227,1343
879.537231,1329
879.654236,1336
879.77124,1320
879.888306,1314
880.005249,1356
880.122314,1289
880.239319,1329
880.356323,1331
880.473328,1286
880.590271,1299
880.707275,1305
880.824341,1371
880.941284,1323
881.058228,1346
881.175232,1318
881.292236,1329
881.40918,1336
881.526123,1345
881.643066,1313
881.760071,1318
881.877014,1325
881.993958,1331
882.11084,1336
882.227783,1334
882.344727,1365
882.46167,1315
882.578613,1358
882.695618,1360
882.812439,1348
882.929382,1342
883.046326,1376
883.163208,1324
883.280151,1353
883.397034,1348
883.513916,1332
883.630798,1320
883.747742,1408
883.864563,1349
883.981506,1359
884.098389,1364
884.21521,1351
884.332153,1365
884.448975,1336
884.565796,1335
884.682678,1333
884.7995,1336
884.916443,1347
885.033264,1366
885.150085,1314
885.266968,1345
885.383789,1360
885.500671,1372
885.617493,1385
885.734314,1328
885.851196,1355
885.967896,1319
886.084717,1359
886.201599,1379
886.318359,1381
886.435181,1374
886.552002,1339
886.668762,1359
886.785645,1348
886.902344,1378
887.019165,1379
887.135925,1368
887.252747,1359
887.369446,1358
887.486267,1383
887.603027,1393
887.719788,1363
887.836548,1369
887.953247,1351
888.070068,1376
888.186829,1401
888.303528,1360
888.420288,1390
888.536987,1316
888.653687,1383
888.770447,1343
888.887146,1372
889.003967,1359
889.120667,1372
889.237305,1311
889.354065,1359
889.470703,1375
889.587463,1338
889.704163,1362
889.820862,1343
889.937561,1357
890.054199,1386
890.170837,1371
890.287598,1329
890.404236,1369
890.520874,1386
890.637634,1362
890.754211,1353
890.87085,1361
890.987549,1385
891.104187,1323
891.220886,1387
891.337463,1366
891.454102,1385
891.57074,1376
891.687378,1384
891.804077,1395
891.920654,1369
892.037231,1369
892.15387,1393
892.270447,1354
892.387085,1389
892.503723,1353
892.6203,1362
892.736877,1344
892.853516,1385
892.970032,1410
893.08667,1379
893.203186,1399
893.319763,1401
893.43634,1353
893.552917,1393
893.669556,1364
893.786011,1371
893.902588,1345
894.019165,1390
894.135681,1355
894.252197,1415
894.368835,1386
894.485291,1405
894.601868,1370
894.718384,1384
894.8349,1360
894.951355,1411
895.067932,1394
895.184448,1406
895.300964,1368
895.417419,1374
895.533936,1402
895.650452,1366
895.766907,1376
895.883423,1391
895.999878,1378
896.116333,1384
896.232849,1375
896.349304,1438
896.465759,1415
896.582214,1367
896.698669,1400
896.815125,1361
896.931641,1423
897.048035,1391
897.164551,1388
897.280884,1411
897.397339,1399
897.513794,1377
897.630249,1404
897.746582,1400
897.863098,1375
897.979431,1427
898.095886,1370
898.212341,1402
898.328674,1391
898.445129,1417
898.561462,1431
898.677795,1376
898.794312,1373
898.910645,1365
899.026978,1400
899.143433,1414
899.259766,1429
899.37616,1391
899.492493,1442
899.608765,1394
899.725159,1383
899.841553,1446
899.957947,1390
900.07428,1364
900.190552,1408
900.306946,1379
900.423157,1425
900.53949,1415
900.655884,1384
900.772156,1402
900.888489,1393
901.004822,1410
901.121033,1439
901.237366,1411
901.353699,1373
901.46991,1415
901.586304,1427
901.702515,1361
901.818787,1419
901.93512,1414
902.051331,1385
902.167603,1394
902.283875,1446
902.400085,1418
902.516418,1427
902.632629,1416
902.74884,1390
902.865112,1405
902.981384,1430
903.097595,1428
903.213867,1396
903.330017,1454
903.446289,1425
903.5625,1433
903.67865,1402
903.794922,1453
903.911072,1436
904.027344,1405
904.143494,1382
904.259705,1444
904.375916,1410
904.492065,1429
904.608215,1425
904.724426,1435
904.840576,1405
904.956726,1402
905.072876,1465
905.189087,1400
905.305176,1437
905.421387,1415
905.537537,1422
905.653687,1418
905.769775,1405
905.885925,1391
906.002014,1416
906.118164,1416
906.234314,1426
906.350403,1370
906.466492,1436
906.582642,1412
906.69873,1424
906.814758,1447
906.930908,1406
907.046936,1375
907.163086,1405
907.279175,1446
907.395264,1431
907.511353,1402
907.62738,1402
907.743408,1412
907.859497,1413
907.975525,1410
908.091553,1431
908.207703,1415
908.32373,1426
908.439758,1453
908.555786,1383
908.671814,1476
908.787842,1413
908.90387,1440
909.019775,1407
909.135864,1441
909.251892,1393
909.367859,1464
909.483826,1459
909.599854,1481
909.715881,1436
909.831848,1466
909.947815,1395
910.063782,1459
910.179749,1411
910.295776,1384
910.411743,1420
910.527649,1410
910.643616,1455
910.759583,1426
910.875488,1435
910.991455,1452
911.107361,1432
911.223267,1428
911.339294,1444
911.4552,1449
911.571106,1421
911.687073,1386
911.802979,1476
911.918823,1393
912.034729,1457
912.150635,1431
912.266602,1434
912.382446,1432
912.498352,1463
912.614197,1428
912.730103,1416
912.846008,1418
