792.44574,2828
792.56488,2804
792.68396,2808
792.80304,2702
792.92218,2605
793.041199,2548
793.160339,2576
793.279419,2526
793.398499,2496
793.517578,2451
793.636658,2416
793.755737,2426
793.874817,2390
793.993896,2372
794.112976,2381
794.232056,2336
794.351074,2353
794.470215,2305
794.589233,2290
794.708313,2246
794.827393,2268
794.946411,2244
795.065552,2253
795.18457,2188
795.303589,2202
795.422668,2150
795.541687,2223
795.660767,2169
795.779846,2161
795.898865,2156
796.017883,2115
796.136963,2084
796.255981,2082
796.375061,2073
796.49408,2080
796.613037,2073
796.732117,2041
796.851135,2053
796.970154,2044
797.089233,2040
797.208191,2027
797.327271,2009
797.446228,2010
797.565186,2053
797.684265,1998
797.803223,1964
797.922241,2003
798.04126,1955
798.160278,1974
798.279297,1984
798.398315,1994
798.517273,1994
798.636292,2000
798.75531,1967
798.874268,1992
798.993286,1921
799.112244,1933
799.231323,1986
799.350281,1998
799.469238,1963
799.588257,1921
799.707153,1975
799.826111,1934
799.945129,1983
800.064087,1910
800.183044,2001
800.302063,1913
800.421021,1952
800.539978,1956
800.658936,1955
800.777893,1915
800.896912,1980
801.015747,1873
801.134705,1957
801.253723,1934
801.37262,2025
801.491638,1994
801.610535,1914
801.729492,1942
801.84845,1924
801.967407,2025
802.086243,1980
802.205261,1978
802.324158,1948
802.443115,1933
802.562073,1959
802.680969,1907
802.799927,1934
802.918762,1991
803.037659,1906
803.156677,1990
803.275574,1952
803.39447,1907
803.513428,1925
803.632263,1960
803.751221,1922
803.870117,1930
803.989014,1950
804.107971,1949
804.226746,1978
804.345642,1944
804.4646,1942
804.583496,1983
804.702393,1977
804.821228,1993
804.940125,1977
805.059021,1985
805.177917,1959
805.296814,1934
805.415649,2001
805.534546,2005
805.653442,1972
805.772278,1940
805.891113,1942
806.01001,1991
806.128906,2007
806.247742,1999
806.366577,1968
806.485413,1933
806.604309,1986
806.723145,2007
806.84198,1929
806.960876,1957
807.079712,1971
807.198486,2003
807.317383,2008
807.436218,1948
807.554993,1964
807.673889,1986
807.792725,1962
807.91156,1979
808.030396,2011
808.14917,1975
808.268005,1978
808.386841,1994
808.505676,1938
808.624451,2032
808.743286,1978
808.862122,2016
808.980896,2012
809.099731,2005
809.218506,2023
809.337341,1992
809.456116,1974
809.57489,2058
809.693726,2023
809.8125,2033
809.931274,2050
810.050049,2045
810.168884,2068
810.287659,2042
810.406372,2042
810.525269,2003
810.643982,2060
810.762756,1968
810.881531,1976
811.000305,2076
811.11908,1997
811.237854,2014
811.356567,2043
811.475403,2045
811.594116,2005
811.71283,2070
811.831604,2051
811.950378,2064
812.069153,2068
812.187927,2099
812.30658,2039
812.425415,2120
812.544128,2061
812.662781,2042
812.781616,2046
812.900269,2041
813.019043,2009
813.137756,2048
813.256531,2027
813.375244,2026
813.493896,2035
813.612671,2070
813.731384,2018
813.850037,1997
813.96875,2062
814.087524,1969
814.206238,2004
814.324951,2011
814.443604,2016
814.562256,2011
814.68103,1993
814.799683,1998
814.918335,1969
815.037109,2017
815.155762,2026
815.274475,1987
815.393188,1953
815.511841,1949
815.630554,1983
815.749146,1974
815.867859,1955
815.986572,1929
816.105164,1950
816.223877,1917
816.342529,1927
816.461182,1991
816.579895,1960
816.698486,1955
816.817139,2011
816.935791,2013
817.054504,1953
817.173096,1945
817.291748,1959
817.4104,1943
817.529053,1882
817.647644,1920
817.766235,1859
817.884949,1816
818.00354,1855
818.122192,1789
818.240845,1782
818.359436,1752
818.478088,1733
818.59668,1714
818.715271,1697
818.833923,1675
818.952515,1686
819.071106,1598
819.189758,1597
819.30835,1599
819.426941,1606
819.545532,1595
819.664124,1616
819.782715,1563
819.901306,1578
820.019897,1572
820.138489,1589
820.25708,1628
820.375671,1567
820.494202,1581
820.612732,1551
820.731384,1562
820.849915,1517
820.968506,1545
821.087097,1567
821.205627,1548
821.324158,1540
821.442749,1559
821.561279,1547
821.679871,1482
821.798401,1490
821.916931,1534
822.035461,1521
822.154053,1536
822.272583,1534
822.391174,1532
822.509583,1488
822.628174,1508
822.746704,1473
822.865234,1480
822.983765,1475
823.102295,1507
823.220825,1478
823.339294,1495
823.457825,1459
823.576355,1542
823.694824,1459
823.813354,1542
823.931885,1507
824.050354,1460
824.168884,1467
824.287354,1489
824.405823,1508
824.524353,1489
824.642822,1523
824.761353,1521
824.879822,1531
824.998291,1526
825.116699,1504
825.235291,1507
825.353699,1454
825.472168,1489
825.590637,1493
825.709106,1470
825.827576,1460
825.946045,1452
826.064453,1437
826.182983,1436
826.301392,1459
826.4198,1464
826.53833,1435
826.656738,1432
826.775208,1392
826.893677,1459
827.012024,1437
827.130493,1464
827.248962,1434
827.36731,1434
827.485779,1433
827.604248,1459
827.722595,1419
827.841064,1467
827.959412,1379
828.077942,1423
828.196289,1390
828.314636,1451
828.433105,1400
828.551514,1442
828.669861,1430
828.78833,1433
828.906677,1408
829.025085,1422
829.143433,1365
829.261841,1387
829.38031,1411
829.498657,1404
829.617004,1377
829.735413,1397
829.85376,1393
829.972107,1388
830.090515,1463
830.208862,1413
830.327209,1394
830.445557,1409
830.563904,1369
830.682312,1372
830.800659,1407
830.919006,1416
831.037354,1410
831.155701,1385
831.274048,1425
831.392395,1375
831.51062,1387
831.629028,1383
831.747314,1442
831.865662,1376
831.984009,1408
832.102356,1395
832.220642,1400
832.338928,1372
832.457275,1405
832.575623,1369
832.693909,1370
832.812134,1415
832.930481,1404
833.048828,1364
833.167114,1404
833.2854,1442
833.403687,1390
833.521973,1424
833.640259,1352
833.758545,1422
833.876831,1410
833.995056,1399
834.113281,1396
834.231628,1402
834.349915,1427
834.468201,1423
834.586426,1412
834.704651,1399
834.822998,1393
834.941162,1397
835.059448,1365
835.177673,1396
835.295959,1395
835.414246,1454
835.53241,1431
835.650635,1417
835.768921,1403
835.887146,1415
836.005371,1448
836.123596,1443
836.241821,1413
836.360046,1434
836.478271,1450
836.596497,1407
836.714722,1428
836.832886,1472
836.95105,1424
837.069336,1440
837.1875,1433
837.305725,1470
837.423889,1448
837.542053,1413
837.660339,1458
837.778503,1449
837.896667,1443
838.014832,1455
838.132996,1474
838.25116,1422
838.369385,1476
838.487488,1456
838.605713,1484
838.723877,1474
838.84198,1474
838.960205,1456
839.078308,1455
839.196472,1466
839.314636,1425
839.4328,1455
839.550964,1502
839.669067,1458
839.787231,1510
839.905396,1454
840.023499,1473
840.141602,1450
840.259766,1468
840.377869,1453
840.495972,1450
840.614136,1532
840.732239,1455
840.850342,1443
840.968445,1448
841.086548,1474
841.204651,1486
841.322754,1463
841.440918,1500
841.55896,1467
841.677002,1505
841.795166,1458
841.913208,1481
842.031311,1514
842.149353,1452
842.267456,1465
842.385498,1446
842.503601,1464
842.621643,1459
842.739746,1396
842.857788,1438
842.97583,1443
843.093933,1386
843.211975,1429
843.330017,1452
843.44812,1459
843.566101,1433
843.684204,1417
843.802246,1419
843.920227,1455
844.038269,1396
844.156311,1428
844.274292,1423
844.392395,1422
844.510376,1420
844.628357,1392
844.74646,1405
844.864441,1410
844.982422,1434
845.100403,1415
845.218384,1391
845.336426,1371
845.454468,1398
845.572449,1393
845.69043,1411
845.808411,1410
845.926453,1356
846.044373,1438
846.162354,1403
846.280396,1430
846.398315,1441
846.516296,1424
846.634216,1405
846.752197,1378
846.870178,1455
846.988098,1408
847.106079,1426
847.22406,1427
847.34198,1408
847.4599,1471
847.577881,1429
847.695801,1435
847.813782,1355
847.931641,1444
848.049561,1408
848.167603,1412
848.285461,1412
848.403381,1393
848.521362,1380
848.639221,1420
848.75708,1421
848.875,1381
848.99292,1426
849.110901,1411
849.22876,1425
849.34668,1395
849.464539,1445
849.582458,1417
849.700317,1380
849.818176,1457
849.936096,1459
850.053955,1391
850.171875,1422
850.289673,1430
850.407593,1395
850.525452,1442
850.643311,1415
850.761169,1444
850.878967,1482
850.996887,1385
851.114746,1398
851.232544,1432
851.350403,1425
851.468262,1433
851.58606,1462
851.703979,1426
851.821777,1437
851.939636,1437
852.057434,1353
852.175232,1409
852.293091,1393
852.410889,1437
852.528687,1390
852.646545,1487
852.764343,1468
852.88208,1433
852.999939,1439
853.117676,1441
853.235535,1418
853.353271,1471
853.471069,1429
853.588928,1423
853.706604,1407
853.824402,1413
853.9422,1374
854.059998,1398
854.177734,1435
854.295532,1419
854.413269,1446
854.531006,1436
854.648804,1453
854.766541,1422
854.884277,1443
855.002014,1441
855.119751,1471
855.237549,1460
855.355225,1450
855.473022,1492
855.590698,1449
855.708435,1444
855.826172,1435
855.943848,1505
856.061646,1468
856.179321,1438
856.296997,1441
856.414795,1515
856.53241,1484
856.650085,1488
856.767822,1447
856.885559,1468
857.003174,1453
857.120911,1472
857.238586,1438
857.356201,1468
857.473938,1471
857.591614,1466
857.709351,1469
857.826965,1471
857.944641,1469
858.062317,1462
858.179993,1428
858.297668,1450
858.415283,1410
858.532959,1474
858.650574,1452
858.768188,1480
858.885803,1481
859.003479,1481
859.121094,1457
859.23877,1418
859.356384,1442
859.473999,1463
859.591675,1417
859.709229,1388
859.826843,1476
859.944458,1397
860.062012,1477
860.179626,1430
860.297302,1431
860.414856,1442
860.532471,1428
860.650024,1436
860.767639,1414
860.885193,1438
861.002808,1450
861.120361,1449
861.237976,1434
861.35553,1375
861.473022,1414
861.590698,1436
861.708191,1448
861.825745,1433
861.943298,1415
862.060852,1447
862.178406,1401
862.295959,1415
862.413513,1367
862.531006,1391
862.64856,1416
862.766113,1385
862.883667,1388
863.00116,1394
863.118713,1375
863.236206,1429
863.353699,1382
863.471252,1404
863.588745,1409
863.706177,1432
863.82373,1411
863.941162,1414
864.058716,1405
864.176208,1442
864.29364,1407
864.411194,1403
864.528687,1475
864.646118,1456
864.763611,1405
864.881042,1375
864.998535,1386
865.116028,1399
865.233459,1423
865.350891,1398
865.468384,1391
865.585754,1421
865.703308,1400
865.820679,1407
865.938171,1449
866.055542,1423
866.173035,1408
866.290466,1434
866.407837,1391
866.52533,1361
866.6427,1392
866.760071,1400
866.877563,1408
866.994934,1436
867.112305,1452
867.229736,1361
867.347107,1460
867.464539,1406
867.58197,1400
867.699341,1436
867.81665,1419
867.934082,1449
868.051453,1415
868.168823,1425
868.286194,1473
868.403564,1406
868.520935,1402
868.638306,1427
868.755676,1468
868.872986,1422
868.990295,1463
869.107727,1451
869.225037,1479
869.342346,1447
869.459717,1500
869.577026,1427
869.694336,1435
869.811707,1453
869.929016,1443
870.046326,1478
870.163635,1438
870.280945,1448
870.398254,1449
870.515564,1462
870.632812,1450
870.750183,1456
870.867432,1443
870.984741,1460
871.102051,1442
871.219299,1464
871.336609,1460
871.453918,1470
871.571106,1448
871.688416,1498
871.805664,1448
871.922852,1456
872.040222,1440
872.157471,1472
872.274719,1435
872.391968,1515
872.509155,1442
872.626465,1396
872.743652,1463
872.860962,1432
872.978149,1459
873.095337,1426
873.212646,1479
873.329834,1476
873.44696,1486
873.564209,1425
873.681396,1451
873.798645,1467
873.915894,1448
874.03302,1429
874.150208,1439
874.267456,1412
874.384583,1444
874.501831,1412
874.618958,1432
874.736145,1436
874.853333,1462
874.970459,1443
875.087646,1459
875.204834,1467
875.32196,1452
875.439148,1511
875.556274,1443
875.673401,1422
875.790527,1424
875.907715,1443
876.024841,1459
876.141968,1462
876.259094,1438
876.376282,1460
876.493347,1463
876.610474,1444
876.7276,1445
876.844727,1450
876.961853,1446
877.078918,1456
877.195984,1425
877.313171,1429
877.430237,1461
877.547302,1435
877.664368,1451
877.781433,1503
877.898499,1446
878.015625,1422
878.13269,1459
878.249695,1417
878.366821,1438
878.483887,1450
878.600952,1433
878.717957,1394
878.834961,1462
878.952087,1429
879.069092,1450
879.186157,1437
879.303162,1414
879.420227,1397
879.537231,1419
879.654236,1447
879.77124,1401
879.888306,1407
880.005249,1403
880.122314,1413
880.239319,1426
880.356323,1436
880.473328,1414
880.590271,1451
880.707275,1394
880.824341,1435
880.941284,1395
881.058228,1426
881.175232,1420
881.292236,1449
881.40918,1458
881.526123,1443
881.643066,1425
881.760071,1411
881.877014,1406
881.993958,1403
882.11084,1400
882.227783,1399
882.344727,1403
882.46167,1406
882.578613,1426
882.695618,1431
882.812439,1443
882.929382,1425
883.046326,1419
883.163208,1391
883.280151,1440
883.397034,1436
883.513916,1439
883.630798,1458
883.747742,1406
883.864563,1438
883.981506,1415
884.098389,1398
884.21521,1425
884.332153,1437
884.448975,1399
884.565796,1442
884.682678,1419
884.7995,1411
884.916443,1423
885.033264,1459
885.150085,1439
885.266968,1486
885.383789,1478
885.500671,1562
885.617493,1507
885.734314,1546
885.851196,1528
885.967896,1546
886.084717,1508
886.201599,1549
886.318359,1569
886.435181,1512
886.552002,1532
886.668762,1514
886.785645,1561
886.902344,1545
887.019165,1507
887.135925,1485
887.252747,1489
887.369446,1495
887.486267,1475
887.603027,1445
887.719788,1531
887.836548,1475
887.953247,1423
888.070068,1468
888.186829,1457
888.303528,1498
888.420288,1443
888.536987,1449
888.653687,1447
888.770447,1424
888.887146,1415
889.003967,1433
889.120667,1415
889.237305,1472
889.354065,1406
889.470703,1422
889.587463,1407
889.704163,1375
889.820862,1410
889.937561,1416
890.054199,1464
890.170837,1367
890.287598,1434
890.404236,1370
890.520874,1418
890.637634,1398
890.754211,1439
890.87085,1433
890.987549,1424
891.104187,1419
891.220886,1443
891.337463,1426
891.454102,1455
891.57074,1456
891.687378,1427
891.804077,1428
891.920654,1438
892.037231,1485
892.15387,1414
892.270447,1460
892.387085,1448
892.503723,1453
892.6203,1413
892.736877,1463
892.853516,1448
892.970032,1450
893.08667,1450
893.203186,1425
893.319763,1388
893.43634,1445
893.552917,1423
893.669556,1442
893.786011,1435
893.902588,1401
894.019165,1393
894.135681,1458
894.252197,1434
894.368835,1483
894.485291,1434
894.601868,1392
894.718384,1437
894.8349,1420
894.951355,1489
895.067932,1405
895.184448,1421
895.300964,1437
895.417419,1428
895.533936,1409
895.650452,1436
895.766907,1431
895.883423,1432
895.999878,1415
896.116333,1444
896.232849,1458
896.349304,1404
896.465759,1420
896.582214,1405
896.698669,1444
896.815125,1440
896.931641,1444
897.048035,1443
897.164551,1460
897.280884,1469
897.397339,1478
897.513794,1422
897.630249,1449
897.746582,1433
897.863098,1432
897.979431,1447
898.095886,1444
898.212341,1475
898.328674,1400
898.445129,1457
898.561462,1464
898.677795,1433
898.794312,1496
898.910645,1439
899.026978,1423
899.143433,1441
899.259766,1415
899.37616,1452
899.492493,1427
899.608765,1489
899.725159,1447
899.841553,1475
899.957947,1459
900.07428,1465
900.190552,1450
900.306946,1481
900.423157,1468
900.53949,1480
900.655884,1448
900.772156,1441
900.888489,1449
901.004822,1423
901.121033,1489
901.237366,1465
901.353699,1478
901.46991,1460
901.586304,1492
901.702515,1444
901.818787,1462
901.93512,1495
902.051331,1486
902.167603,1479
902.283875,1491
902.400085,1518
902.516418,1523
902.632629,1493
902.74884,1573
902.865112,1504
902.981384,1543
903.097595,1552
903.213867,1522
903.330017,1558
903.446289,1471
903.5625,1464
903.67865,1482
903.794922,1519
903.911072,1524
904.027344,1517
904.143494,1480
904.259705,1527
904.375916,1481
904.492065,1477
904.608215,1506
904.724426,1449
904.840576,1439
904.956726,1461
905.072876,1458
905.189087,1445
905.305176,1479
905.421387,1469
905.537537,1534
905.653687,1468
905.769775,1436
905.885925,1459
906.002014,1424
906.118164,1452
906.234314,1466
906.350403,1455
906.466492,1455
906.582642,1458
906.69873,1448
906.814758,1462
906.930908,1502
907.046936,1438
907.163086,1460
907.279175,1464
907.395264,1442
907.511353,1437
907.62738,1480
907.743408,1469
907.859497,1468
907.975525,1447
908.091553,1456
908.207703,1450
908.32373,1456
908.439758,1411
908.555786,1456
908.671814,1429
908.787842,1459
908.90387,1443
909.019775,1455
909.135864,1445
909.251892,1418
909.367859,1436
909.483826,1431
909.599854,1449
909.715881,1446
909.831848,1467
909.947815,1425
910.063782,1450
910.179749,1465
910.295776,1431
910.411743,1467
910.527649,1473
910.643616,1445
910.759583,1467
910.875488,1453
910.991455,1462
911.107361,1467
911.223267,1482
911.339294,1457
911.4552,1441
911.571106,1498
911.687073,1462
911.802979,1480
911.918823,1474
912.034729,1470
912.150635,1454
912.266602,1456
912.382446,1446
912.498352,1413
912.614197,1448
912.730103,1470
912.846008,1430
792.44574,2787
792.56488,2769
792.68396,2800
792.80304,2721
792.92218,2657
793.041199,2599
793.160339,2557
793.279419,2566
793.398499,2566
793.517578,2496
793.636658,2484
793.755737,2469
793.874817,2427
793.993896,2360
794.112976,2323
794.232056,2335
794.351074,2355
794.470215,2358
794.589233,2311
794.708313,2263
794.827393,2309
794.946411,2270
795.065552,2260
795.18457,2254
795.303589,2190
795.422668,2157
795.541687,2231
795.660767,2203
795.779846,2145
795.898865,2138
796.017883,2117
796.136963,2127
796.255981,2122
796.375061,2068
796.49408,2099
796.613037,2073
796.732117,2045
796.851135,2067
796.970154,2034
797.089233,2059
797.208191,1980
797.327271,2034
797.446228,2008
797.565186,1987
797.684265,1972
797.803223,2065
797.922241,2036
798.04126,1955
798.160278,2016
798.279297,1942
798.398315,2007
798.517273,2005
798.636292,1990
798.75531,1999
798.874268,1934
798.993286,1943
799.112244,1963
799.231323,1950
799.350281,1971
799.469238,1965
799.588257,1957
799.707153,1955
799.826111,1943
799.945129,1997
800.064087,1983
800.183044,1945
800.302063,1907
800.421021,1998
800.539978,1894
800.658936,1979
800.777893,1982
800.896912,1932
801.015747,1969
801.134705,1948
801.253723,1955
801.37262,1985
801.491638,1960
801.610535,1926
801.729492,1973
801.84845,1960
801.967407,1991
802.086243,1968
802.205261,1972
802.324158,1896
802.443115,1960
802.562073,1932
802.680969,1972
802.799927,1996
802.918762,1932
803.037659,1962
803.156677,1958
803.275574,1983
803.39447,2011
803.513428,1921
803.632263,2007
803.751221,1976
803.870117,1982
803.989014,1948
804.107971,1931
804.226746,1985
804.345642,1988
804.4646,1978
804.583496,1964
804.702393,1947
804.821228,1966
804.940125,2007
805.059021,1980
805.177917,1935
805.296814,1968
805.415649,1980
805.534546,1982
805.653442,1981
805.772278,1955
805.891113,2020
806.01001,1992
806.128906,2012
806.247742,1991
806.366577,1949
806.485413,2012
806.604309,2003
806.723145,2029
806.84198,2042
806.960876,1955
807.079712,1960
807.198486,2011
807.317383,1952
807.436218,1989
807.554993,2041
807.673889,1970
807.792725,1977
807.91156,2002
808.030396,1990
808.14917,2012
808.268005,1984
808.386841,2012
808.505676,1990
808.624451,1936
808.743286,2032
808.862122,2010
808.980896,2015
809.099731,2011
809.218506,2063
809.337341,2090
809.456116,2020
809.57489,2027
809.693726,2084
809.8125,2032
809.931274,2038
810.050049,2051
810.168884,2044
810.287659,2026
810.406372,2050
810.525269,2025
810.643982,2052
810.762756,2028
810.881531,2008
811.000305,2054
811.11908,2063
811.237854,2029
811.356567,2096
811.475403,2037
811.594116,2062
811.71283,2044
811.831604,2030
811.950378,2092
812.069153,2068
812.187927,2032
812.30658,2100
812.425415,2050
812.544128,2070
812.662781,2122
812.781616,2039
812.900269,2014
813.019043,2077
813.137756,2039
813.256531,2107
813.375244,2063
813.493896,2022
813.612671,2083
813.731384,2066
813.850037,2016
813.96875,2091
814.087524,2086
814.206238,2024
814.324951,2025
814.443604,2080
814.562256,2023
814.68103,2070
814.799683,2008
814.918335,2052
815.037109,2004
815.155762,1957
815.274475,2020
815.393188,2000
815.511841,1980
815.630554,1993
815.749146,1921
815.867859,1945
815.986572,1998
816.105164,1947
816.223877,1959
816.342529,1960
816.461182,1974
816.579895,1970
816.698486,2043
816.817139,2022
816.935791,2021
817.054504,2048
817.173096,1966
817.291748,1965
817.4104,1932
817.529053,1986
817.647644,1955
817.766235,1908
817.884949,1882
818.00354,1846
818.122192,1817
818.240845,1778
818.359436,1757
818.478088,1754
818.59668,1691
818.715271,1696
818.833923,1700
818.952515,1686
819.071106,1642
819.189758,1637
819.30835,1565
819.426941,1598
819.545532,1639
819.664124,1567
819.782715,1598
819.901306,1607
820.019897,1564
820.138489,1596
820.25708,1650
820.375671,1581
820.494202,1596
820.612732,1584
820.731384,1577
820.849915,1567
820.968506,1524
821.087097,1508
821.205627,1589
821.324158,1519
821.442749,1546
821.561279,1532
821.679871,1550
821.798401,1510
821.916931,1570
822.035461,1505
822.154053,1552
822.272583,1506
822.391174,1532
822.509583,1540
822.628174,1493
822.746704,1484
822.865234,1491
822.983765,1464
823.102295,1530
823.220825,1479
823.339294,1481
823.457825,1491
823.576355,1467
823.694824,1500
823.813354,1456
823.931885,1504
824.050354,1502
824.168884,1542
824.287354,1526
824.405823,1508
824.524353,1540
824.642822,1533
824.761353,1511
824.879822,1518
824.998291,1486
825.116699,1499
825.235291,1562
825.353699,1522
825.472168,1520
825.590637,1491
825.709106,1524
825.827576,1433
825.946045,1480
826.064453,1463
826.182983,1472
826.301392,1464
826.4198,1481
826.53833,1449
826.656738,1468
826.775208,1428
826.893677,1466
827.012024,1422
827.130493,1476
827.248962,1450
827.36731,1444
827.485779,1463
827.604248,1486
827.722595,1447
827.841064,1466
827.959412,1404
828.077942,1450
828.196289,1455
828.314636,1424
828.433105,1411
828.551514,1479
828.669861,1393
828.78833,1454
828.906677,1445
829.025085,1431
829.143433,1411
829.261841,1454
829.38031,1397
829.498657,1422
829.617004,1400
829.735413,1407
829.85376,1421
829.972107,1452
830.090515,1398
830.208862,1431
830.327209,1424
830.445557,1394
830.563904,1447
830.682312,1400
830.800659,1437
830.919006,1435
831.037354,1417
831.155701,1439
831.274048,1416
831.392395,1420
831.51062,1426
831.629028,1429
831.747314,1435
831.865662,1475
831.984009,1429
832.102356,1424
832.220642,1380
832.338928,1413
832.457275,1435
832.575623,1394
832.693909,1403
832.812134,1438
832.930481,1437
833.048828,1479
833.167114,1435
833.2854,1379
833.403687,1431
833.521973,1421
833.640259,1387
833.758545,1403
833.876831,1384
833.995056,1418
834.113281,1409
834.231628,1448
834.349915,1412
834.468201,1420
834.586426,1444
834.704651,1428
834.822998,1410
834.941162,1415
835.059448,1412
835.177673,1418
835.295959,1417
835.414246,1440
835.53241,1398
835.650635,1416
835.768921,1440
835.887146,1399
836.005371,1453
836.123596,1403
836.241821,1413
836.360046,1452
836.478271,1405
836.596497,1442
836.714722,1433
836.832886,1436
836.95105,1451
837.069336,1475
837.1875,1473
837.305725,1509
837.423889,1491
837.542053,1472
837.660339,1513
837.778503,1447
837.896667,1510
838.014832,1452
838.132996,1458
838.25116,1468
838.369385,1466
838.487488,1465
838.605713,1457
838.723877,1466
838.84198,1493
838.960205,1479
839.078308,1458
839.196472,1475
839.314636,1454
839.4328,1432
839.550964,1502
839.669067,1433
839.787231,1438
839.905396,1489
840.023499,1499
840.141602,1496
840.259766,1497
840.377869,1458
840.495972,1500
840.614136,1502
840.732239,1485
840.850342,1458
840.968445,1487
841.086548,1465
841.204651,1448
841.322754,1486
841.440918,1496
841.55896,1511
841.677002,1471
841.795166,1478
841.913208,1478
842.031311,1502
842.149353,1473
842.267456,1479
842.385498,1469
842.503601,1464
842.621643,1424
842.739746,1457
842.857788,1440
842.97583,1500
843.093933,1434
843.211975,1457
843.330017,1432
843.44812,1441
843.566101,1415
843.684204,1431
843.802246,1492
843.920227,1444
844.038269,1432
844.156311,1460
844.274292,1440
844.392395,1406
844.510376,1411
844.628357,1471
844.74646,1382
844.864441,1448
844.982422,1388
845.100403,1413
845.218384,1426
845.336426,1406
845.454468,1485
845.572449,1413
845.69043,1407
845.808411,1436
845.926453,1430
846.044373,1431
846.162354,1447
846.280396,1438
846.398315,1402
846.516296,1404
846.634216,1425
846.752197,1431
846.870178,1449
846.988098,1430
847.106079,1472
847.22406,1447
847.34198,1438
847.4599,1384
847.577881,1467
847.695801,1424
847.813782,1446
847.931641,1415
848.049561,1419
848.167603,1458
848.285461,1441
848.403381,1436
848.521362,1392
848.639221,1442
848.75708,1428
848.875,1374
848.99292,1422
849.110901,1458
849.22876,1377
849.34668,1448
849.464539,1415
849.582458,1460
849.700317,1448
849.818176,1476
849.936096,1384
850.053955,1440
850.171875,1422
850.289673,1438
850.407593,1391
850.525452,1432
850.643311,1481
850.761169,1464
850.878967,1487
850.996887,1459
851.114746,1424
851.232544,1447
851.350403,1442
851.468262,1425
851.58606,1420
851.703979,1414
851.821777,1466
851.939636,1438
852.057434,1454
852.175232,1428
852.293091,1425
852.410889,1458
852.528687,1513
852.646545,1464
852.764343,1499
852.88208,1497
852.999939,1483
853.117676,1400
853.235535,1485
853.353271,1451
853.471069,1448
853.588928,1468
853.706604,1402
853.824402,1459
853.9422,1425
854.059998,1420
854.177734,1447
854.295532,1433
854.413269,1434
854.531006,1468
854.648804,1459
854.766541,1433
854.884277,1499
855.002014,1473
855.119751,1465
855.237549,1442
855.355225,1479
855.473022,1468
855.590698,1435
855.708435,1479
855.826172,1441
855.943848,1490
856.061646,1495
856.179321,1477
856.296997,1482
856.414795,1520
856.53241,1506
856.650085,1467
856.767822,1514
856.885559,1494
857.003174,1476
857.120911,1528
857.238586,1425
857.356201,1522
857.473938,1489
857.591614,1478
857.709351,1504
857.826965,1469
857.944641,1499
858.062317,1501
858.179993,1448
858.297668,1478
858.415283,1514
858.532959,1416
858.650574,1462
858.768188,1475
858.885803,1481
859.003479,1488
859.121094,1434
859.23877,1479
859.356384,1458
859.473999,1467
859.591675,1431
859.709229,1470
859.826843,1481
859.944458,1423
860.062012,1469
860.179626,1421
860.297302,1400
860.414856,1481
860.532471,1398
860.650024,1465
860.767639,1464
860.885193,1448
861.002808,1484
861.120361,1454
861.237976,1438
861.35553,1467
861.473022,1465
861.590698,1411
861.708191,1458
861.825745,1457
861.943298,1458
862.060852,1434
862.178406,1459
862.295959,1396
862.413513,1409
862.531006,1404
862.64856,1426
862.766113,1424
862.883667,1434
863.00116,1412
863.118713,1409
863.236206,1400
863.353699,1410
863.471252,1446
863.588745,1433
863.706177,1458
863.82373,1421
863.941162,1457
864.058716,1483
864.176208,1469
864.29364,1384
864.411194,1441
864.528687,1404
864.646118,1443
864.763611,1420
864.881042,1408
864.998535,1394
865.116028,1460
865.233459,1382
865.350891,1437
865.468384,1441
865.585754,1436
865.703308,1444
865.820679,1423
865.938171,1370
866.055542,1428
866.173035,1438
866.290466,1428
866.407837,1406
866.52533,1450
866.6427,1407
866.760071,1419
866.877563,1411
866.994934,1466
867.112305,1439
867.229736,1475
867.347107,1424
867.464539,1461
867.58197,1431
867.699341,1452
867.81665,1473
867.934082,1422
868.051453,1441
868.168823,1452
868.286194,1463
868.403564,1434
868.520935,1471
868.638306,1438
868.755676,1459
868.872986,1445
868.990295,1468
869.107727,1469
869.225037,1413
869.342346,1510
869.459717,1438
869.577026,1445
869.694336,1491
869.811707,1451
869.929016,1422
870.046326,1461
870.163635,1492
870.280945,1493
870.398254,1481
870.515564,1487
870.632812,1496
870.750183,1440
870.867432,1480
870.984741,1524
871.102051,1458
871.219299,1475
871.336609,1474
871.453918,1499
871.571106,1470
871.688416,1524
871.805664,1490
871.922852,1492
872.040222,1479
872.157471,1488
872.274719,1497
872.391968,1466
872.509155,1466
872.626465,1454
872.743652,1494
872.860962,1450
872.978149,1474
873.095337,1490
873.212646,1487
873.329834,1469
873.44696,1434
873.564209,1473
873.681396,1474
873.798645,1461
873.915894,1489
874.03302,1523
874.150208,1496
874.267456,1460
874.384583,1450
874.501831,1440
874.618958,1454
874.736145,1471
874.853333,1443
874.970459,1492
875.087646,1473
875.204834,1457
875.32196,1416
875.439148,1500
875.556274,1521
875.673401,1513
875.790527,1457
875.907715,1506
876.024841,1434
876.141968,1497
876.259094,1457
876.376282,1452
876.493347,1480
876.610474,1462
876.7276,1437
876.844727,1479
876.961853,1411
877.078918,1516
877.195984,1468
877.313171,1454
877.430237,1478
877.547302,1459
877.664368,1467
877.781433,1418
877.898499,1453
878.015625,1439
878.13269,1466
878.249695,1468
878.366821,1450
878.483887,1443
878.600952,1480
878.717957,1452
878.834961,1437
878.952087,1431
879.069092,1464
879.186157,1460
879.303162,1469
879.420227,1431
879.537231,1465
879.654236,1485
879.77124,1459
879.888306,1452
880.005249,1423
880.122314,1442
880.239319,1431
880.356323,1389
880.473328,1450
880.590271,1409
880.707275,1452
880.824341,1446
880.941284,1446
881.058228,1437
881.175232,1437
881.292236,1457
881.40918,1381
881.526123,1430
881.643066,1426
881.760071,1442
881.877014,1437
881.993958,1416
882.11084,1412
882.227783,1448
882.344727,1417
882.46167,1474
882.578613,1425
882.695618,1472
882.812439,1417
882.929382,1436
883.046326,1440
883.163208,1443
883.280151,1411
883.397034,1435
883.513916,1436
883.630798,1422
883.747742,1460
883.864563,1427
883.981506,1417
884.098389,1441
884.21521,1445
884.332153,1454
884.448975,1442
884.565796,1445
884.682678,1455
884.7995,1453
884.916443,1496
885.033264,1449
885.150085,1508
885.266968,1553
885.383789,1516
885.500671,1587
885.617493,1497
885.734314,1552
885.851196,1558
885.967896,1552
886.084717,1554
886.201599,1515
886.318359,1573
886.435181,1579
886.552002,1528
886.668762,1513
886.785645,1526
886.902344,1543
887.019165,1507
887.135925,1543
887.252747,1547
887.369446,1533
887.486267,1499
887.603027,1559
887.719788,1499
887.836548,1539
887.953247,1528
888.070068,1494
888.186829,1487
888.303528,1449
888.420288,1481
888.536987,1475
888.653687,1445
888.770447,1506
888.887146,1417
889.003967,1465
889.120667,1465
889.237305,1420
889.354065,1457
889.470703,1468
889.587463,1447
889.704163,1451
889.820862,1419
889.937561,1428
890.054199,1458
890.170837,1401
890.287598,1432
890.404236,1427
890.520874,1435
890.637634,1482
890.754211,1473
890.87085,1445
890.987549,1450
891.104187,1435
891.220886,1427
891.337463,1464
891.454102,1437
891.57074,1442
891.687378,1478
891.804077,1485
891.920654,1449
892.037231,1474
892.15387,1424
892.270447,1510
892.387085,1464
892.503723,1446
892.6203,1514
892.736877,1431
892.853516,1452
892.970032,1417
893.08667,1413
893.203186,1484
893.319763,1428
893.43634,1457
893.552917,1439
893.669556,1500
893.786011,1451
893.902588,1440
894.019165,1484
894.135681,1461
894.252197,1487
894.368835,1490
894.485291,1469
894.601868,1458
894.718384,1466
894.8349,1420
894.951355,1430
895.067932,1423
895.184448,1447
895.300964,1458
895.417419,1489
895.533936,1455
895.650452,1424
895.766907,1494
895.883423,1498
895.999878,1450
896.116333,1452
896.232849,1502
896.349304,1431
896.465759,1451
896.582214,1498
896.698669,1457
896.815125,1431
896.931641,1479
897.048035,1450
897.164551,1471
897.280884,1469
897.397339,1494
897.513794,1474
897.630249,1448
897.746582,1473
897.863098,1481
897.979431,1467
898.095886,1457
898.212341,1443
898.328674,1517
898.445129,1492
898.561462,1476
898.677795,1490
898.794312,1478
898.910645,1427
899.026978,1459
899.143433,1474
899.259766,1514
899.37616,1440
899.492493,1499
899.608765,1488
899.725159,1466
899.841553,1482
899.957947,1476
900.07428,1442
900.190552,1497
900.306946,1474
900.423157,1493
900.53949,1483
900.655884,1486
900.772156,1535
900.888489,1491
901.004822,1523
901.121033,1486
901.237366,1478
901.353699,1486
901.46991,1480
901.586304,1502
901.702515,1475
901.818787,1461
901.93512,1499
902.051331,1507
902.167603,1461
902.283875,1538
902.400085,1527
902.516418,1548
902.632629,1550
902.74884,1540
902.865112,1534
902.981384,1555
903.097595,1525
903.213867,1514
903.330017,1568
903.446289,1564
903.5625,1546
903.67865,1558
903.794922,1523
903.911072,1540
904.027344,1540
904.143494,1548
904.259705,1503
904.375916,1504
904.492065,1561
904.608215,1510
904.724426,1500
904.840576,1508
904.956726,1496
905.072876,1530
905.189087,1547
905.305176,1512
905.421387,1493
905.537537,1520
905.653687,1505
905.769775,1495
905.885925,1517
906.002014,1467
906.118164,1465
906.234314,1480
906.350403,1538
906.466492,1480
906.582642,1494
906.69873,1470
906.814758,1485
906.930908,1461
907.046936,1510
907.163086,1483
907.279175,1461
907.395264,1511
907.511353,1494
907.62738,1513
907.743408,1515
907.859497,1477
907.975525,1504
908.091553,1488
908.207703,1498
908.32373,1506
908.439758,1479
908.555786,1485
908.671814,1513
908.787842,1542
908.90387,1488
909.019775,1486
909.135864,1505
909.251892,1465
909.367859,1460
909.483826,1473
909.599854,1479
909.715881,1494
909.831848,1493
909.947815,1492
910.063782,1477
910.179749,1510
910.295776,1507
910.411743,1508
910.527649,1519
910.643616,1508
910.759583,1479
910.875488,1492
910.991455,1501
911.107361,1514
911.223267,1528
911.339294,1511
911.4552,1464
911.571106,1501
911.687073,1529
911.802979,1486
911.918823,1460
912.034729,1540
912.150635,1472
912.266602,1487
912.382446,1516
912.498352,1486
912.614197,1482
912.730103,1507
912.846008,1473
792.44574,2902
792.56488,2816
792.68396,2766
792.80304,2707
792.92218,2595
793.041199,2575
793.160339,2561
793.279419,2582
793.398499,2537
793.517578,2510
793.636658,2533
793.755737,2466
793.874817,2419
793.993896,2431
794.112976,2394
794.232056,2377
794.351074,2316
794.470215,2322
794.589233,2329
794.708313,2279
794.827393,2249
794.946411,2313
795.065552,2296
795.18457,2180
795.303589,2265
795.422668,2222
795.541687,2246
795.660767,2171
795.779846,2189
795.898865,2146
796.017883,2181
796.136963,2104
796.255981,2111
796.375061,2081
796.49408,2101
796.613037,2086
796.732117,2098
796.851135,2112
796.970154,2018
797.089233,1995
797.208191,2054
797.327271,2030
797.446228,2046
797.565186,1992
797.684265,2012
797.803223,2016
797.922241,2057
798.04126,2003
798.160278,2036
798.279297,1973
798.398315,1971
798.517273,2012
798.636292,2007
798.75531,1995
798.874268,2028
798.993286,1967
799.112244,1988
799.231323,1977
799.350281,2013
799.469238,1986
799.588257,1992
799.707153,1973
799.826111,1950
799.945129,2000
800.064087,1927
800.183044,1948
800.302063,1909
800.421021,1942
800.539978,1955
800.658936,1960
800.777893,1921
800.896912,2006
801.015747,1957
801.134705,1945
801.253723,1994
801.37262,1975
801.491638,2031
801.610535,1993
801.729492,1973
801.84845,2000
801.967407,1974
802.086243,1973
802.205261,1957
802.324158,1988
802.443115,2013
802.562073,2013
802.680969,2050
802.799927,1991
802.918762,2004
803.037659,1967
803.156677,1993
803.275574,1989
803.39447,1949
803.513428,1928
803.632263,1925
803.751221,1986
803.870117,1966
803.989014,1960
804.107971,2014
804.226746,1991
804.345642,1955
804.4646,1959
804.583496,2033
804.702393,2018
804.821228,1962
804.940125,1981
805.059021,1968
805.177917,1977
805.296814,2058
805.415649,1961
805.534546,2024
805.653442,1972
805.772278,2001
805.891113,1970
806.01001,2034
806.128906,1941
806.247742,1998
806.366577,1957
806.485413,2011
806.604309,2012
806.723145,1954
806.84198,2009
806.960876,2024
807.079712,2017
807.198486,2043
807.317383,1995
807.436218,1995
807.554993,1957
807.673889,2024
807.792725,2018
807.91156,2020
808.030396,1985
808.14917,1996
808.268005,2015
808.386841,2016
808.505676,2015
808.624451,2021
808.743286,2044
808.862122,2068
808.980896,2036
809.099731,2068
809.218506,1965
809.337341,2091
809.456116,2065
809.57489,2110
809.693726,2044
809.8125,2034
809.931274,2033
810.050049,2063
810.168884,2046
810.287659,2035
810.406372,2080
810.525269,2058
810.643982,2050
810.762756,2067
810.881531,2060
811.000305,2062
811.11908,2072
811.237854,2047
811.356567,2046
811.475403,2071
811.594116,2083
811.71283,2039
811.831604,2038
811.950378,2061
812.069153,2072
812.187927,2074
812.30658,2092
812.425415,2075
812.544128,2100
812.662781,2035
812.781616,2039
812.900269,2092
813.019043,2050
813.137756,2057
813.256531,2021
813.375244,2037
813.493896,2073
813.612671,2086
813.731384,2057
813.850037,2058
813.96875,2036
814.087524,2075
814.206238,2048
814.324951,2055
814.443604,2062
814.562256,2014
814.68103,1990
814.799683,2006
814.918335,1974
815.037109,2030
815.155762,1974
815.274475,2031
815.393188,2008
815.511841,2006
815.630554,1975
815.749146,1982
815.867859,1927
815.986572,2020
816.105164,1925
816.223877,1965
816.342529,1961
816.461182,1988
816.579895,2003
816.698486,1988
816.817139,2009
816.935791,2035
817.054504,2056
817.173096,1999
817.291748,2023
817.4104,1977
817.529053,1957
817.647644,1981
817.766235,1954
817.884949,1883
818.00354,1878
818.122192,1841
818.240845,1768
818.359436,1768
818.478088,1770
818.59668,1709
818.715271,1695
818.833923,1655
818.952515,1667
819.071106,1639
819.189758,1658
819.30835,1624
819.426941,1613
819.545532,1635
819.664124,1664
819.782715,1625
819.901306,1623
820.019897,1570
820.138489,1641
820.25708,1633
820.375671,1592
820.494202,1610
820.612732,1552
820.731384,1574
820.849915,1571
820.968506,1535
821.087097,1581
821.205627,1537
821.324158,1570
821.442749,1528
821.561279,1530
821.679871,1568
821.798401,1555
821.916931,1564
822.035461,1519
822.154053,1526
822.272583,1498
822.391174,1539
822.509583,1534
822.628174,1543
822.746704,1580
822.865234,1527
822.983765,1561
823.102295,1503
823.220825,1533
823.339294,1500
823.457825,1511
823.576355,1450
823.694824,1479
823.813354,1510
823.931885,1467
824.050354,1522
824.168884,1532
824.287354,1530
824.405823,1554
824.524353,1530
824.642822,1536
824.761353,1527
824.879822,1548
824.998291,1502
825.116699,1490
825.235291,1573
825.353699,1524
825.472168,1516
825.590637,1489
825.709106,1547
825.827576,1479
825.946045,1495
826.064453,1447
826.182983,1498
826.301392,1453
826.4198,1466
826.53833,1429
826.656738,1454
826.775208,1409
826.893677,1431
827.012024,1490
827.130493,1471
827.248962,1506
827.36731,1451
827.485779,1473
827.604248,1485
827.722595,1450
827.841064,1458
827.959412,1468
828.077942,1410
828.196289,1450
828.314636,1440
828.433105,1446
828.551514,1430
828.669861,1466
828.78833,1428
828.906677,1458
829.025085,1488
829.143433,1411
829.261841,1428
829.38031,1441
829.498657,1439
829.617004,1438
829.735413,1441
829.85376,1418
829.972107,1437
830.090515,1438
830.208862,1410
830.327209,1415
830.445557,1427
830.563904,1436
830.682312,1379
830.800659,1416
830.919006,1407
831.037354,1393
831.155701,1430
831.274048,1367
831.392395,1434
831.51062,1403
831.629028,1415
831.747314,1436
831.865662,1463
831.984009,1428
832.102356,1425
832.220642,1404
832.338928,1404
832.457275,1431
832.575623,1440
832.693909,1421
832.812134,1441
832.930481,1433
833.048828,1437
833.167114,1403
833.2854,1439
833.403687,1455
833.521973,1439
833.640259,1458
833.758545,1435
833.876831,1408
833.995056,1424
834.113281,1442
834.231628,1455
834.349915,1434
834.468201,1461
834.586426,1408
834.704651,1449
834.822998,1405
834.941162,1442
835.059448,1437
835.177673,1440
835.295959,1458
835.414246,1474
835.53241,1440
835.650635,1413
835.768921,1407
835.887146,1404
836.005371,1420
836.123596,1496
836.241821,1419
836.360046,1434
836.478271,1408
836.596497,1427
836.714722,1405
836.832886,1456
836.95105,1427
837.069336,1465
837.1875,1472
837.305725,1498
837.423889,1486
837.542053,1460
837.660339,1463
837.778503,1470
837.896667,1467
838.014832,1472
838.132996,1457
838.25116,1463
838.369385,1516
838.487488,1510
838.605713,1485
838.723877,1478
838.84198,1480
838.960205,1484
839.078308,1466
839.196472,1472
839.314636,1479
839.4328,1501
839.550964,1497
839.669067,1492
839.787231,1529
839.905396,1483
840.023499,1444
840.141602,1519
840.259766,1490
840.377869,1455
840.495972,1493
840.614136,1483
840.732239,1487
840.850342,1442
840.968445,1527
841.086548,1492
841.204651,1485
841.322754,1503
841.440918,1497
841.55896,1531
841.677002,1505
841.795166,1488
841.913208,1494
842.031311,1517
842.149353,1458
842.267456,1542
842.385498,1449
842.503601,1489
842.621643,1441
842.739746,1477
842.857788,1446
842.97583,1475
843.093933,1464
843.211975,1475
843.330017,1449
843.44812,1480
843.566101,1432
843.684204,1472
843.802246,1438
843.920227,1431
844.038269,1497
844.156311,1471
844.274292,1451
844.392395,1417
844.510376,1414
844.628357,1441
844.74646,1419
844.864441,1419
844.982422,1415
845.100403,1424
845.218384,1429
845.336426,1440
845.454468,1369
845.572449,1462
845.69043,1415
845.808411,1434
845.926453,1421
846.044373,1457
846.162354,1452
846.280396,1422
846.398315,1441
846.516296,1393
846.634216,1451
846.752197,1466
846.870178,1434
846.988098,1430
847.106079,1471
847.22406,1379
847.34198,1440
847.4599,1453
847.577881,1451
847.695801,1467
847.813782,1436
847.931641,1452
848.049561,1427
848.167603,1419
848.285461,1445
848.403381,1437
848.521362,1456
848.639221,1445
848.75708,1446
848.875,1446
848.99292,1425
849.110901,1408
849.22876,1442
849.34668,1414
849.464539,1442
849.582458,1499
849.700317,1413
849.818176,1445
849.936096,1443
850.053955,1461
850.171875,1439
850.289673,1486
850.407593,1399
850.525452,1427
850.643311,1452
850.761169,1441
850.878967,1496
850.996887,1449
851.114746,1426
851.232544,1421
851.350403,1425
851.468262,1434
851.58606,1456
851.703979,1414
851.821777,1447
851.939636,1460
852.057434,1446
852.175232,1471
852.293091,1462
852.410889,1443
852.528687,1467
852.646545,1481
852.764343,1487
852.88208,1520
852.999939,1461
853.117676,1477
853.235535,1447
853.353271,1491
853.471069,1444
853.588928,1449
853.706604,1432
853.824402,1429
853.9422,1407
854.059998,1435
854.177734,1438
854.295532,1473
854.413269,1416
854.531006,1470
854.648804,1429
854.766541,1478
854.884277,1443
855.002014,1484
855.119751,1465
855.237549,1459
855.355225,1482
855.473022,1469
855.590698,1440
855.708435,1464
855.826172,1507
855.943848,1496
856.061646,1465
856.179321,1493
856.296997,1540
856.414795,1507
856.53241,1484
856.650085,1535
856.767822,1494
856.885559,1521
857.003174,1482
857.120911,1567
857.238586,1499
857.356201,1524
857.473938,1503
857.591614,1531
857.709351,1454
857.826965,1501
857.944641,1446
858.062317,1465
858.179993,1462
858.297668,1486
858.415283,1486
858.532959,1478
858.650574,1464
858.768188,1484
858.885803,1516
859.003479,1488
859.121094,1457
859.23877,1540
859.356384,1505
859.473999,1531
859.591675,1495
859.709229,1456
859.826843,1466
859.944458,1436
860.062012,1444
860.179626,1443
860.297302,1463
860.414856,1437
860.532471,1492
860.650024,1449
860.767639,1471
860.885193,1486
861.002808,1431
861.120361,1481
861.237976,1412
861.35553,1442
861.473022,1415
861.590698,1478
861.708191,1455
861.825745,1455
861.943298,1437
862.060852,1434
862.178406,1432
862.295959,1434
862.413513,1425
862.531006,1461
862.64856,1436
862.766113,1404
862.883667,1441
863.00116,1460
863.118713,1445
863.236206,1395
863.353699,1414
863.471252,1441
863.588745,1443
863.706177,1439
863.82373,1433
863.941162,1412
864.058716,1455
864.176208,1464
864.29364,1460
864.411194,1468
864.528687,1466
864.646118,1455
864.763611,1457
864.881042,1412
864.998535,1433
865.116028,1476
865.233459,1415
865.350891,1406
865.468384,1456
865.585754,1477
865.703308,1477
865.820679,1405
865.938171,1462
866.055542,1456
866.173035,1420
866.290466,1441
866.407837,1439
866.52533,1462
866.6427,1463
866.760071,1480
866.877563,1447
866.994934,1453
867.112305,1421
867.229736,1486
867.347107,1447
867.464539,1446
867.58197,1463
867.699341,1466
867.81665,1452
867.934082,1413
868.051453,1432
868.168823,1447
868.286194,1465
868.403564,1452
868.520935,1452
868.638306,1461
868.755676,1483
868.872986,1444
868.990295,1418
869.107727,1507
869.225037,1444
869.342346,1575
869.459717,1466
869.577026,1486
869.694336,1419
869.811707,1469
869.929016,1505
870.046326,1506
870.163635,1483
870.280945,1497
870.398254,1464
870.515564,1488
870.632812,1479
870.750183,1514
870.867432,1503
870.984741,1478
871.102051,1495
871.219299,1508
871.336609,1480
871.453918,1523
871.571106,1512
871.688416,1518
871.805664,1446
871.922852,1486
872.040222,1525
872.157471,1485
872.274719,1484
872.391968,1500
872.509155,1468
872.626465,1551
872.743652,1468
872.860962,1519
872.978149,1497
873.095337,1476
873.212646,1462
873.329834,1456
873.44696,1461
873.564209,1476
873.681396,1439
873.798645,1501
873.915894,1458
874.03302,1463
874.150208,1471
874.267456,1474
874.384583,1502
874.501831,1440
874.618958,1474
874.736145,1466
874.853333,1525
874.970459,1509
875.087646,1467
875.204834,1432
875.32196,1460
875.439148,1476
875.556274,1464
875.673401,1477
875.790527,1494
875.907715,1486
876.024841,1477
876.141968,1513
876.259094,1459
876.376282,1498
876.493347,1480
876.610474,1492
876.7276,1434
876.844727,1524
876.961853,1492
877.078918,1430
877.195984,1516
877.313171,1437
877.430237,1482
877.547302,1524
877.664368,1478
877.781433,1514
877.898499,1458
878.015625,1491
878.13269,1451
878.249695,1471
878.366821,1459
878.483887,1506
878.600952,1420
878.717957,1456
878.834961,1440
878.952087,1462
879.069092,1462
879.186157,1486
879.303162,1468
879.420227,1445
879.537231,1433
879.654236,1445
879.77124,1395
879.888306,1455
880.005249,1431
880.122314,1430
880.239319,1441
880.356323,1486
880.473328,1427
880.590271,1440
880.707275,1450
880.824341,1445
880.941284,1428
881.058228,1472
881.175232,1448
881.292236,1458
881.40918,1456
881.526123,1425
881.643066,1459
881.760071,1461
881.877014,1448
881.993958,1475
882.11084,1483
882.227783,1477
882.344727,1459
882.46167,1467
882.578613,1403
882.695618,1477
882.812439,1448
882.929382,1445
883.046326,1447
883.163208,1416
883.280151,1453
883.397034,1403
883.513916,1435
883.630798,1435
883.747742,1441
883.864563,1493
883.981506,1469
884.098389,1430
884.21521,1470
884.332153,1443
884.448975,1431
884.565796,1487
884.682678,1466
884.7995,1492
884.916443,1441
885.033264,1489
885.150085,1455
885.266968,1532
885.383789,1552
885.500671,1583
885.617493,1519
885.734314,1627
885.851196,1572
885.967896,1553
886.084717,1534
886.201599,1497
886.318359,1532
886.435181,1541
886.552002,1518
886.668762,1530
886.785645,1532
886.902344,1541
887.019165,1572
887.135925,1551
887.252747,1551
887.369446,1557
887.486267,1521
887.603027,1554
887.719788,1578
887.836548,1519
887.953247,1530
888.070068,1510
888.186829,1507
888.303528,1499
888.420288,1513
888.536987,1488
888.653687,1475
888.770447,1457
888.887146,1457
889.003967,1477
889.120667,1501
889.237305,1483
889.354065,1468
889.470703,1496
889.587463,1507
889.704163,1460
889.820862,1459
889.937561,1503
890.054199,1445
890.170837,1453
890.287598,1429
890.404236,1462
890.520874,1449
890.637634,1450
890.754211,1445
890.87085,1444
890.987549,1464
891.104187,1477
891.220886,1470
891.337463,1448
891.454102,1490
891.57074,1512
891.687378,1468
891.804077,1492
891.920654,1451
892.037231,1488
892.15387,1461
892.270447,1446
892.387085,1492
892.503723,1470
892.6203,1497
892.736877,1491
892.853516,1473
892.970032,1462
893.08667,1430
893.203186,1461
893.319763,1454
893.43634,1472
893.552917,1507
893.669556,1480
893.786011,1459
893.902588,1515
894.019165,1501
894.135681,1489
894.252197,1439
894.368835,1494
894.485291,1472
894.601868,1463
894.718384,1447
894.8349,1469
894.951355,1508
895.067932,1465
895.184448,1491
895.300964,1472
895.417419,1457
895.533936,1506
895.650452,1478
895.766907,1514
895.883423,1463
895.999878,1482
896.116333,1491
896.232849,1492
896.349304,1472
896.465759,1470
896.582214,1457
896.698669,1474
896.815125,1512
896.931641,1481
897.048035,1473
897.164551,1495
897.280884,1443
897.397339,1477
897.513794,1416
897.630249,1520
897.746582,1421
897.863098,1461
897.979431,1497
898.095886,1479
898.212341,1497
898.328674,1517
898.445129,1530
898.561462,1480
898.677795,1468
898.794312,1489
898.910645,1463
899.026978,1498
899.143433,1517
899.259766,1457
899.37616,1468
899.492493,1485
899.608765,1466
899.725159,1515
899.841553,1474
899.957947,1507
900.07428,1514
900.190552,1491
900.306946,1441
900.423157,1459
900.53949,1486
900.655884,1484
900.772156,1489
900.888489,1505
901.004822,1482
901.121033,1488
901.237366,1464
901.353699,1493
901.46991,1499
901.586304,1527
901.702515,1516
901.818787,1492
901.93512,1479
902.051331,1535
902.167603,1513
902.283875,1533
902.400085,1516
902.516418,1586
902.632629,1512
902.74884,1546
902.865112,1536
902.981384,1551
903.097595,1575
903.213867,1578
903.330017,1543
903.446289,1572
903.5625,1558
903.67865,1557
903.794922,1509
903.911072,1544
904.027344,1544
904.143494,1554
904.259705,1552
904.375916,1503
904.492065,1518
904.608215,1539
904.724426,1558
904.840576,1518
904.956726,1534
905.072876,1532
905.189087,1467
905.305176,1531
905.421387,1533
905.537537,1513
905.653687,1534
905.769775,1494
905.885925,1491
906.002014,1495
906.118164,1537
906.234314,1457
906.350403,1524
906.466492,1512
906.582642,1494
906.69873,1470
906.814758,1502
906.930908,1513
907.046936,1509
907.163086,1497
907.279175,1506
907.395264,1481
907.511353,1516
907.62738,1491
907.743408,1477
907.859497,1522
907.975525,1501
908.091553,1477
908.207703,1529
908.32373,1453
908.439758,1532
908.555786,1501
908.671814,1525
908.787842,1469
908.90387,1546
909.019775,1501
909.135864,1497
909.251892,1495
909.367859,1536
909.483826,1507
909.599854,1508
909.715881,1476
909.831848,1518
909.947815,1493
910.063782,1524
910.179749,1495
910.295776,1520
910.411743,1495
910.527649,1495
910.643616,1502
910.759583,1497
910.875488,1517
910.991455,1522
911.107361,1495
911.223267,1527
911.339294,1495
911.4552,1567
911.571106,1505
911.687073,1519
911.802979,1528
911.918823,1473
912.034729,1517
912.150635,1503
912.266602,1514
912.382446,1492
912.498352,1483
912.614197,1499
912.730103,1486
912.846008,1492
