792.446,1821
792.565,1847
792.684,1807
792.803,1815
792.922,1763
793.041,1684
793.16,1757
793.279,1719
793.398,1719
793.518,1683
793.637,1662
793.756,1701
793.875,1657
793.994,1655
794.113,1685
794.232,1624
794.351,1649
794.47,1627
794.589,1639
794.708,1638
794.827,1602
794.946,1593
795.066,1575
795.185,1587
795.304,1616
795.423,1565
795.542,1559
795.661,1562
795.78,1582
795.899,1602
796.018,1611
796.137,1542
796.256,1577
796.375,1582
796.494,1573
796.613,1517
796.732,1562
796.851,1578
796.97,1543
797.089,1557
797.208,1499
797.327,1553
797.446,1544
797.565,1529
797.684,1497
797.803,1539
797.922,1560
798.041,1485
798.16,1522
798.279,1494
798.398,1521
798.517,1483
798.636,1502
798.755,1526
798.874,1509
798.993,1532
799.112,1496
799.231,1511
799.35,1514
799.469,1565
799.588,1492
799.707,1495
799.826,1535
799.945,1451
800.064,1560
800.183,1491
800.302,1517
800.421,1504
800.54,1516
800.659,1527
800.778,1461
800.897,1521
801.016,1497
801.135,1478
801.254,1495
801.373,1540
801.492,1487
801.611,1553
801.729,1469
801.848,1480
801.967,1525
802.086,1500
802.205,1485
802.324,1505
802.443,1516
802.562,1447
802.681,1523
802.8,1502
802.919,1480
803.038,1465
803.157,1524
803.276,1495
803.394,1499
803.513,1472
803.632,1501
803.751,1494
803.87,1484
803.989,1501
804.108,1524
804.227,1486
804.346,1526
804.465,1530
804.583,1491
804.702,1503
804.821,1465
804.94,1536
805.059,1475
805.178,1497
805.297,1542
805.416,1512
805.535,1479
805.653,1490
805.772,1473
805.891,1538
806.01,1489
806.129,1504
806.248,1531
806.367,1513
806.485,1493
806.604,1463
806.723,1480
806.842,1536
806.961,1442
807.08,1453
807.198,1504
807.317,1502
807.436,1492
807.555,1483
807.674,1493
807.793,1501
807.912,1507
808.03,1485
808.149,1496
808.268,1473
808.387,1481
808.506,1485
808.624,1474
808.743,1465
808.862,1472
808.981,1499
809.1,1514
809.219,1465
809.337,1495
809.456,1502
809.575,1512
809.694,1485
809.812,1463
809.931,1485
810.05,1505
810.169,1494
810.288,1478
810.406,1541
810.525,1522
810.644,1470
810.763,1514
810.882,1464
811.0,1474
811.119,1484
811.238,1487
811.357,1442
811.475,1515
811.594,1461
811.713,1459
811.832,1519
811.95,1486
812.069,1477
812.188,1479
812.307,1499
812.425,1481
812.544,1463
812.663,1432
812.782,1465
812.9,1490
813.019,1453
813.138,1462
813.257,1523
813.375,1485
813.494,1472
813.613,1509
813.731,1444
813.85,1443
813.969,1416
814.088,1443
814.206,1452
814.325,1417
814.444,1435
814.562,1443
814.681,1457
814.8,1413
814.918,1456
815.037,1457
815.156,1417
815.274,1468
815.393,1449
815.512,1471
815.631,1423
815.749,1451
815.868,1392
815.987,1459
816.105,1426
816.224,1440
816.343,1430
816.461,1482
816.58,1459
816.698,1412
816.817,1466
816.936,1453
817.055,1452
817.173,1445
817.292,1430
817.41,1430
817.529,1387
817.648,1433
817.766,1396
817.885,1446
818.004,1373
818.122,1405
818.241,1432
818.359,1347
818.478,1383
818.597,1383
818.715,1367
818.834,1401
818.953,1341
819.071,1394
819.19,1339
819.308,1414
819.427,1341
819.546,1354
819.664,1347
819.783,1345
819.901,1393
820.02,1305
820.138,1344
820.257,1332
820.376,1340
820.494,1338
820.613,1367
820.731,1366
820.85,1327
820.969,1339
821.087,1336
821.206,1346
821.324,1344
821.443,1362
821.561,1363
821.68,1312
821.798,1354
821.917,1331
822.035,1310
822.154,1320
822.273,1368
822.391,1282
822.51,1339
822.628,1311
822.747,1324
822.865,1345
822.984,1324
823.102,1343
823.221,1306
823.339,1322
823.458,1328
823.576,1308
823.695,1284
823.813,1350
823.932,1316
824.05,1311
824.169,1292
824.287,1274
824.406,1349
824.524,1373
824.643,1379
824.761,1300
824.88,1316
824.998,1322
825.117,1306
825.235,1287
825.354,1246
825.472,1311
825.591,1315
825.709,1333
825.828,1284
825.946,1296
826.064,1333
826.183,1282
826.301,1281
826.42,1283
826.538,1303
826.657,1267
826.775,1271
826.894,1321
827.012,1290
827.13,1339
827.249,1295
827.367,1270
827.486,1260
827.604,1297
827.723,1251
827.841,1255
827.959,1267
828.078,1249
828.196,1333
828.315,1282
828.433,1262
828.552,1274
828.67,1295
828.788,1300
828.907,1273
829.025,1294
829.143,1283
829.262,1272
829.38,1318
829.499,1277
829.617,1279
829.735,1279
829.854,1289
829.972,1237
830.091,1244
830.209,1291
830.327,1256
830.446,1275
830.564,1308
830.682,1303
830.801,1235
830.919,1311
831.037,1321
831.156,1276
831.274,1272
831.392,1262
831.511,1315
831.629,1242
831.747,1271
831.866,1249
831.984,1280
832.102,1227
832.221,1244
832.339,1305
832.457,1262
832.576,1263
832.694,1279
832.812,1306
832.93,1252
833.049,1268
833.167,1263
833.285,1271
833.404,1280
833.522,1297
833.64,1247
833.759,1244
833.877,1278
833.995,1270
834.113,1255
834.232,1270
834.35,1230
834.468,1282
834.586,1257
834.705,1259
834.823,1281
834.941,1256
835.059,1312
835.178,1275
835.296,1279
835.414,1301
835.532,1268
835.651,1275
835.769,1260
835.887,1323
836.005,1239
836.124,1217
836.242,1280
836.36,1256
836.478,1252
836.596,1308
836.715,1236
836.833,1260
836.951,1281
837.069,1272
837.188,1288
837.306,1260
837.424,1306
837.542,1249
837.66,1282
837.779,1261
837.897,1270
838.015,1289
838.133,1256
838.251,1257
838.369,1285
838.487,1196
838.606,1265
838.724,1270
838.842,1253
838.96,1251
839.078,1257
839.196,1308
839.315,1238
839.433,1294
839.551,1274
839.669,1269
839.787,1253
839.905,1239
840.023,1284
840.142,1266
840.26,1281
840.378,1258
840.496,1252
840.614,1272
840.732,1285
840.85,1263
840.968,1252
841.087,1291
841.205,1238
841.323,1294
841.441,1257
841.559,1306
841.677,1266
841.795,1275
841.913,1218
842.031,1289
842.149,1259
842.267,1264
842.385,1219
842.504,1295
842.622,1248
842.74,1260
842.858,1269
842.976,1277
843.094,1255
843.212,1254
843.33,1263
843.448,1296
843.566,1249
843.684,1267
843.802,1287
843.92,1257
844.038,1265
844.156,1281
844.274,1244
844.392,1306
844.51,1256
844.628,1237
844.746,1252
844.864,1267
844.982,1252
845.1,1267
845.218,1269
845.336,1250
845.454,1238
845.572,1273
845.69,1264
845.808,1272
845.926,1263
846.044,1259
846.162,1261
846.28,1295
846.398,1254
846.516,1257
846.634,1239
846.752,1216
846.87,1266
846.988,1243
847.106,1259
847.224,1244
847.342,1240
847.46,1266
847.578,1259
847.696,1275
847.814,1273
847.932,1265
848.05,1297
848.168,1274
848.285,1237
848.403,1278
848.521,1302
848.639,1253
848.757,1248
848.875,1297
848.993,1229
849.111,1263
849.229,1270
849.347,1268
849.465,1287
849.582,1267
849.7,1304
849.818,1271
849.936,1238
850.054,1320
850.172,1319
850.29,1248
850.408,1273
850.525,1291
850.643,1295
850.761,1295
850.879,1255
850.997,1227
851.115,1309
851.233,1262
851.35,1262
851.468,1265
851.586,1247
851.704,1291
851.822,1283
851.94,1251
852.057,1225
852.175,1280
852.293,1266
852.411,1270
852.529,1276
852.647,1304
852.764,1262
852.882,1297
853.0,1245
853.118,1261
853.236,1217
853.353,1267
853.471,1263
853.589,1281
853.707,1309
853.824,1219
853.942,1264
854.06,1259
854.178,1264
854.296,1237
854.413,1261
854.531,1274
854.649,1284
854.767,1242
854.884,1271
855.002,1244
855.12,1259
855.238,1265
855.355,1279
855.473,1206
855.591,1277
855.708,1260
855.826,1247
855.944,1250
856.062,1259
856.179,1241
856.297,1265
856.415,1237
856.532,1282
856.65,1270
856.768,1261
856.886,1249
857.003,1218
857.121,1285
857.239,1284
857.356,1286
857.474,1250
857.592,1294
857.709,1278
857.827,1250
857.945,1263
858.062,1223
858.18,1254
858.298,1230
858.415,1254
858.533,1265
858.651,1265
858.768,1238
858.886,1286
859.003,1285
859.121,1247
859.239,1225
859.356,1272
859.474,1243
859.592,1279
859.709,1242
859.827,1281
859.944,1297
860.062,1256
860.18,1263
860.297,1246
860.415,1223
860.532,1257
860.65,1232
860.768,1253
860.885,1218
861.003,1266
861.12,1274
861.238,1253
861.356,1252
861.473,1273
861.591,1252
861.708,1220
861.826,1263
861.943,1254
862.061,1247
862.178,1257
862.296,1258
862.414,1243
862.531,1263
862.649,1232
862.766,1256
862.884,1254
863.001,1244
863.119,1238
863.236,1267
863.354,1269
863.471,1240
863.589,1245
863.706,1249
863.824,1286
863.941,1248
864.059,1218
864.176,1294
864.294,1265
864.411,1269
864.529,1181
864.646,1259
864.764,1257
864.881,1265
864.999,1237
865.116,1236
865.233,1249
865.351,1273
865.468,1285
865.586,1263
865.703,1246
865.821,1271
865.938,1240
866.056,1236
866.173,1267
866.29,1264
866.408,1263
866.525,1230
866.643,1222
866.76,1283
866.878,1255
866.995,1256
867.112,1283
867.23,1263
867.347,1243
867.465,1253
867.582,1200
867.699,1239
867.817,1290
867.934,1266
868.051,1266
868.169,1250
868.286,1257
868.404,1261
868.521,1319
868.638,1240
868.756,1250
868.873,1265
868.99,1269
869.108,1275
869.225,1269
869.342,1286
869.46,1270
869.577,1252
869.694,1277
869.812,1252
869.929,1237
870.046,1285
870.164,1248
870.281,1278
870.398,1250
870.516,1239
870.633,1282
870.75,1220
870.867,1280
870.985,1238
871.102,1279
871.219,1261
871.337,1263
871.454,1279
871.571,1266
871.688,1280
871.806,1265
871.923,1283
872.04,1302
872.157,1275
872.275,1229
872.392,1304
872.509,1268
872.626,1269
872.744,1247
872.861,1289
872.978,1254
873.095,1266
873.213,1244
873.33,1265
873.447,1222
873.564,1260
873.681,1250
873.799,1279
873.916,1244
874.033,1256
874.15,1262
874.267,1267
874.385,1265
874.502,1295
874.619,1301
874.736,1268
874.853,1272
874.97,1280
875.088,1293
875.205,1253
875.322,1240
875.439,1269
875.556,1232
875.673,1244
875.791,1271
875.908,1275
876.025,1216
876.142,1311
876.259,1249
876.376,1306
876.493,1269
876.61,1270
876.728,1269
876.845,1312
876.962,1279
877.079,1341
877.196,1224
877.313,1275
877.43,1241
877.547,1263
877.664,1249
877.781,1282
877.898,1290
878.016,1268
878.133,1271
878.25,1249
878.367,1272
878.484,1281
878.601,1314
878.718,1279
878.835,1275
878.952,1253
879.069,1293
879.186,1258
879.303,1231
879.42,1289
879.537,1246
879.654,1232
879.771,1257
879.888,1251
880.005,1269
880.122,1308
880.239,1299
880.356,1268
880.473,1255
880.59,1254
880.707,1298
880.824,1291
880.941,1233
881.058,1264
881.175,1276
881.292,1258
881.409,1286
881.526,1240
881.643,1279
881.76,1252
881.877,1284
881.994,1275
882.111,1272
882.228,1242
882.345,1246
882.462,1270
882.579,1271
882.696,1246
882.812,1284
882.929,1272
883.046,1285
883.163,1284
883.28,1308
883.397,1286
883.514,1240
883.631,1272
883.748,1279
883.865,1258
883.982,1287
884.098,1278
884.215,1256
884.332,1272
884.449,1258
884.566,1308
884.683,1243
884.8,1270
884.916,1313
885.033,1295
885.15,1289
885.267,1303
885.384,1290
885.501,1303
885.617,1321
885.734,1336
885.851,1308
885.968,1303
886.085,1317
886.202,1299
886.318,1304
886.435,1313
886.552,1272
886.669,1258
886.786,1295
886.902,1329
887.019,1302
887.136,1290
887.253,1241
887.369,1289
887.486,1266
887.603,1273
887.72,1304
887.837,1301
887.953,1286
888.07,1248
888.187,1292
888.304,1284
888.42,1301
888.537,1262
888.654,1244
888.77,1297
888.887,1262
889.004,1281
889.121,1280
889.237,1275
889.354,1279
889.471,1253
889.587,1257
889.704,1250
889.821,1323
889.938,1269
890.054,1247
890.171,1294
890.288,1299
890.404,1277
890.521,1323
890.638,1335
890.754,1297
890.871,1297
890.988,1281
891.104,1324
891.221,1289
891.337,1296
891.454,1314
891.571,1297
891.687,1294
891.804,1290
891.921,1301
892.037,1262
892.154,1346
892.27,1284
892.387,1290
892.504,1335
892.62,1305
892.737,1331
892.854,1277
892.97,1321
893.087,1246
893.203,1298
893.32,1285
893.436,1271
893.553,1299
893.67,1295
893.786,1310
893.903,1316
894.019,1318
894.136,1286
894.252,1301
894.369,1314
894.485,1296
894.602,1255
894.718,1294
894.835,1306
894.951,1263
895.068,1315
895.184,1306
895.301,1316
895.417,1301
895.534,1298
895.65,1323
895.767,1314
895.883,1299
896.0,1293
896.116,1358
896.233,1283
896.349,1266
896.466,1323
896.582,1319
896.699,1312
896.815,1308
896.932,1297
897.048,1313
897.165,1325
897.281,1313
897.397,1272
897.514,1309
897.63,1309
897.747,1323
897.863,1330
897.979,1291
898.096,1340
898.212,1309
898.329,1313
898.445,1299
898.561,1337
898.678,1300
898.794,1326
898.911,1315
899.027,1338
899.143,1303
899.26,1325
899.376,1302
899.492,1324
899.609,1307
899.725,1320
899.842,1297
899.958,1305
900.074,1314
900.191,1371
900.307,1275
900.423,1354
900.539,1319
900.656,1294
900.772,1331
900.888,1333
901.005,1319
901.121,1302
901.237,1329
901.354,1340
901.47,1353
901.586,1332
901.703,1298
901.819,1331
901.935,1330
902.051,1302
902.168,1329
902.284,1323
902.4,1334
902.516,1360
902.633,1306
902.749,1364
902.865,1326
902.981,1358
903.098,1341
903.214,1319
903.33,1349
903.446,1363
903.562,1317
903.679,1335
903.795,1343
903.911,1298
904.027,1344
904.143,1325
904.26,1320
904.376,1312
904.492,1313
904.608,1368
904.724,1300
904.841,1350
904.957,1312
905.073,1354
905.189,1322
905.305,1324
905.421,1325
905.538,1385
905.654,1336
905.77,1302
905.886,1362
906.002,1333
906.118,1309
906.234,1335
906.35,1339
906.466,1374
906.583,1341
906.699,1332
906.815,1374
906.931,1351
907.047,1356
907.163,1353
907.279,1353
907.395,1345
907.511,1393
907.627,1316
907.743,1328
907.859,1351
907.976,1352
908.092,1354
908.208,1318
908.324,1322
908.44,1307
908.556,1349
908.672,1387
908.788,1321
908.904,1329
909.02,1322
909.136,1335
909.252,1338
909.368,1324
909.484,1371
909.6,1366
909.716,1338
909.832,1355
909.948,1371
910.064,1322
910.18,1348
910.296,1328
910.412,1369
910.528,1340
910.644,1339
910.76,1345
910.875,1363
910.991,1327
911.107,1332
911.223,1324
911.339,1357
911.455,1325
911.571,1368
911.687,1361
911.803,1341
911.919,1323
912.035,1348
912.151,1375
912.267,1331
912.382,1336
912.498,1345
912.614,1360
912.73,1357
912.846,1331
792.446,1887
792.565,1786
792.684,1919
792.803,1817
792.922,1792
793.041,1769
793.16,1740
793.279,1734
793.398,1731
793.518,1691
793.637,1700
793.756,1728
793.875,1710
793.994,1672
794.113,1657
794.232,1712
794.351,1626
794.47,1665
794.589,1653
794.708,1642
794.827,1687
794.946,1646
795.066,1603
795.185,1598
795.304,1622
795.423,1622
795.542,1629
795.661,1586
795.78,1549
795.899,1585
796.018,1616
796.137,1630
796.256,1571
796.375,1584
796.494,1572
796.613,1610
796.732,1557
796.851,1592
796.97,1581
797.089,1557
797.208,1544
797.327,1618
797.446,1560
797.565,1569
797.684,1549
797.803,1608
797.922,1590
798.041,1530
798.16,1569
798.279,1537
798.398,1526
798.517,1547
798.636,1538
798.755,1542
798.874,1505
798.993,1566
799.112,1513
799.231,1550
799.35,1537
799.469,1539
799.588,1558
799.707,1532
799.826,1582
799.945,1541
800.064,1557
800.183,1533
800.302,1542
800.421,1575
800.54,1525
800.659,1549
800.778,1526
800.897,1545
801.016,1505
801.135,1509
801.254,1550
801.373,1528
801.492,1536
801.611,1526
801.729,1559
801.848,1555
801.967,1477
802.086,1530
802.205,1551
802.324,1538
802.443,1541
802.562,1515
802.681,1551
802.8,1558
802.919,1500
803.038,1502
803.157,1509
803.276,1518
803.394,1512
803.513,1532
803.632,1571
803.751,1528
803.87,1506
803.989,1478
804.108,1523
804.227,1547
804.346,1456
804.465,1558
804.583,1529
804.702,1488
804.821,1489
804.94,1496
805.059,1505
805.178,1520
805.297,1564
805.416,1508
805.535,1501
805.653,1547
805.772,1500
805.891,1525
806.01,1508
806.129,1528
806.248,1520
806.367,1509
806.485,1499
806.604,1505
806.723,1525
806.842,1531
806.961,1513
807.08,1481
807.198,1536
807.317,1520
807.436,1518
807.555,1490
807.674,1553
807.793,1516
807.912,1505
808.03,1539
808.149,1490
808.268,1522
808.387,1540
808.506,1508
808.624,1515
808.743,1538
808.862,1513
808.981,1554
809.1,1507
809.219,1546
809.337,1531
809.456,1524
809.575,1522
809.694,1516
809.812,1502
809.931,1494
810.05,1495
810.169,1498
810.288,1518
810.406,1523
810.525,1520
810.644,1536
810.763,1526
810.882,1520
811.0,1555
811.119,1516
811.238,1512
811.357,1507
811.475,1517
811.594,1528
811.713,1454
811.832,1517
811.95,1549
812.069,1505
812.188,1485
812.307,1503
812.425,1495
812.544,1536
812.663,1525
812.782,1495
812.9,1454
813.019,1503
813.138,1530
813.257,1506
813.375,1528
813.494,1516
813.613,1537
813.731,1464
813.85,1494
813.969,1504
814.088,1425
814.206,1492
814.325,1460
814.444,1466
814.562,1491
814.681,1454
814.8,1483
814.918,1436
815.037,1464
815.156,1489
815.274,1448
815.393,1477
815.512,1464
815.631,1466
815.749,1479
815.868,1442
815.987,1448
816.105,1470
816.224,1443
816.343,1467
816.461,1485
816.58,1471
816.698,1466
816.817,1421
816.936,1469
817.055,1478
817.173,1481
817.292,1407
817.41,1529
817.529,1426
817.648,1450
817.766,1410
817.885,1425
818.004,1465
818.122,1423
818.241,1429
818.359,1405
818.478,1449
818.597,1402
818.715,1418
818.834,1425
818.953,1387
819.071,1405
819.19,1365
819.308,1409
819.427,1393
819.546,1391
819.664,1402
819.783,1413
819.901,1396
820.02,1392
820.138,1395
820.257,1404
820.376,1369
820.494,1379
820.613,1388
820.731,1389
820.85,1339
820.969,1358
821.087,1349
821.206,1368
821.324,1354
821.443,1359
821.561,1375
821.68,1327
821.798,1367
821.917,1356
822.035,1363
822.154,1402
822.273,1354
822.391,1356
822.51,1351
822.628,1339
822.747,1351
822.865,1336
822.984,1315
823.102,1310
823.221,1343
823.339,1324
823.458,1337
823.576,1353
823.695,1315
823.813,1348
823.932,1312
824.05,1329
824.169,1367
824.287,1300
824.406,1326
824.524,1377
824.643,1337
824.761,1320
824.88,1373
824.998,1353
825.117,1336
825.235,1349
825.354,1349
825.472,1314
825.591,1334
825.709,1317
825.828,1335
825.946,1298
826.064,1331
826.183,1324
826.301,1295
826.42,1294
826.538,1336
826.657,1300
826.775,1350
826.894,1330
827.012,1326
827.13,1323
827.249,1289
827.367,1311
827.486,1326
827.604,1330
827.723,1332
827.841,1284
827.959,1327
828.078,1296
828.196,1304
828.315,1277
828.433,1358
828.552,1321
828.67,1297
828.788,1288
828.907,1314
829.025,1255
829.143,1287
829.262,1268
829.38,1300
829.499,1292
829.617,1317
829.735,1296
829.854,1292
829.972,1321
830.091,1285
830.209,1305
830.327,1308
830.446,1320
830.564,1299
830.682,1312
830.801,1287
830.919,1305
831.037,1294
831.156,1313
831.274,1236
831.392,1278
831.511,1309
831.629,1300
831.747,1289
831.866,1278
831.984,1311
832.102,1290
832.221,1291
832.339,1319
832.457,1275
832.576,1303
832.694,1267
832.812,1292
832.93,1264
833.049,1290
833.167,1304
833.285,1245
833.404,1310
833.522,1259
833.64,1303
833.759,1309
833.877,1309
833.995,1264
834.113,1340
834.232,1282
834.35,1279
834.468,1278
834.586,1318
834.705,1284
834.823,1293
834.941,1305
835.059,1285
835.178,1293
835.296,1280
835.414,1315
835.532,1307
835.651,1311
835.769,1263
835.887,1315
836.005,1315
836.124,1259
836.242,1322
836.36,1252
836.478,1310
836.596,1317
836.715,1257
836.833,1294
836.951,1260
837.069,1322
837.188,1325
837.306,1292
837.424,1281
837.542,1283
837.66,1323
837.779,1291
837.897,1292
838.015,1315
838.133,1268
838.251,1303
838.369,1262
838.487,1286
838.606,1290
838.724,1312
838.842,1278
838.96,1274
839.078,1261
839.196,1285
839.315,1294
839.433,1319
839.551,1279
839.669,1305
839.787,1264
839.905,1274
840.023,1302
840.142,1306
840.26,1297
840.378,1289
840.496,1315
840.614,1309
840.732,1261
840.85,1305
840.968,1320
841.087,1264
841.205,1299
841.323,1314
841.441,1285
841.559,1278
841.677,1263
841.795,1306
841.913,1332
842.031,1305
842.149,1329
842.267,1309
842.385,1274
842.504,1312
842.622,1268
842.74,1308
842.858,1278
842.976,1256
843.094,1235
843.212,1295
843.33,1312
843.448,1270
843.566,1275
843.684,1293
843.802,1261
843.92,1245
844.038,1302
844.156,1287
844.274,1291
844.392,1261
844.51,1311
844.628,1271
844.746,1290
844.864,1301
844.982,1308
845.1,1241
845.218,1277
845.336,1301
845.454,1275
845.572,1291
845.69,1300
845.808,1250
845.926,1282
846.044,1275
846.162,1279
846.28,1249
846.398,1300
846.516,1281
846.634,1268
846.752,1278
846.87,1295
846.988,1266
847.106,1227
847.224,1239
847.342,1276
847.46,1289
847.578,1271
847.696,1277
847.814,1274
847.932,1281
848.05,1313
848.168,1265
848.285,1289
848.403,1281
848.521,1279
848.639,1282
848.757,1310
848.875,1296
848.993,1296
849.111,1324
849.229,1292
849.347,1294
849.465,1301
849.582,1311
849.7,1282
849.818,1315
849.936,1321
850.054,1322
850.172,1318
850.29,1266
850.408,1350
850.525,1271
850.643,1333
850.761,1291
850.879,1304
850.997,1292
851.115,1286
851.233,1299
851.35,1292
851.468,1291
851.586,1278
851.704,1287
851.822,1284
851.94,1321
852.057,1279
852.175,1321
852.293,1283
852.411,1314
852.529,1271
852.647,1294
852.764,1279
852.882,1297
853.0,1267
853.118,1262
853.236,1289
853.353,1282
853.471,1266
853.589,1269
853.707,1256
853.824,1302
853.942,1302
854.06,1264
854.178,1282
854.296,1293
854.413,1281
854.531,1297
854.649,1240
854.767,1285
854.884,1288
855.002,1251
855.12,1268
855.238,1284
855.355,1284
855.473,1236
855.591,1304
855.708,1268
855.826,1256
855.944,1287
856.062,1279
856.179,1258
856.297,1245
856.415,1278
856.532,1319
856.65,1291
856.768,1297
856.886,1302
857.003,1303
857.121,1302
857.239,1253
857.356,1273
857.474,1277
857.592,1290
857.709,1261
857.827,1246
857.945,1303
858.062,1279
858.18,1283
858.298,1296
858.415,1253
858.533,1280
858.651,1310
858.768,1310
858.886,1286
859.003,1276
859.121,1235
859.239,1261
859.356,1313
859.474,1262
859.592,1311
859.709,1237
859.827,1285
859.944,1241
860.062,1323
860.18,1296
860.297,1256
860.415,1286
860.532,1299
860.65,1242
860.768,1318
860.885,1271
861.003,1259
861.12,1263
861.238,1250
861.356,1294
861.473,1296
861.591,1301
861.708,1300
861.826,1287
861.943,1300
862.061,1296
862.178,1271
862.296,1265
862.414,1282
862.531,1270
862.649,1292
862.766,1241
862.884,1275
863.001,1297
863.119,1267
863.236,1294
863.354,1269
863.471,1226
863.589,1256
863.706,1294
863.824,1256
863.941,1268
864.059,1316
864.176,1275
864.294,1285
864.411,1267
864.529,1287
864.646,1294
864.764,1268
864.881,1266
864.999,1287
865.116,1282
865.233,1272
865.351,1264
865.468,1254
865.586,1270
865.703,1301
865.821,1250
865.938,1259
866.056,1243
866.173,1304
866.29,1267
866.408,1302
866.525,1269
866.643,1263
866.76,1305
866.878,1268
866.995,1276
867.112,1257
867.23,1268
867.347,1274
867.465,1267
867.582,1254
867.699,1296
867.817,1288
867.934,1245
868.051,1291
868.169,1314
868.286,1295
868.404,1261
868.521,1281
868.638,1290
868.756,1283
868.873,1276
868.99,1320
869.108,1303
869.225,1318
869.342,1267
869.46,1286
869.577,1261
869.694,1323
869.812,1255
869.929,1294
870.046,1247
870.164,1261
870.281,1261
870.398,1292
870.516,1286
870.633,1305
870.75,1236
870.867,1280
870.985,1268
871.102,1292
871.219,1310
871.337,1289
871.454,1280
871.571,1290
871.688,1287
871.806,1268
871.923,1274
872.04,1325
872.157,1291
872.275,1274
872.392,1280
872.509,1278
872.626,1278
872.744,1296
872.861,1258
872.978,1276
873.095,1301
873.213,1289
873.33,1281
873.447,1305
873.564,1313
873.681,1279
873.799,1293
873.916,1334
874.033,1283
874.15,1282
874.267,1278
874.385,1305
874.502,1295
874.619,1250
874.736,1290
874.853,1303
874.97,1276
875.088,1306
875.205,1265
875.322,1275
875.439,1303
875.556,1293
875.673,1293
875.791,1273
875.908,1288
876.025,1284
876.142,1277
876.259,1332
876.376,1264
876.493,1310
876.61,1317
876.728,1293
876.845,1310
876.962,1295
877.079,1295
877.196,1325
877.313,1262
877.43,1295
877.547,1275
877.664,1268
877.781,1303
877.898,1303
878.016,1293
878.133,1295
878.25,1280
878.367,1311
878.484,1280
878.601,1302
878.718,1269
878.835,1295
878.952,1348
879.069,1280
879.186,1286
879.303,1332
879.42,1308
879.537,1304
879.654,1308
879.771,1290
879.888,1260
880.005,1296
880.122,1273
880.239,1309
880.356,1287
880.473,1293
880.59,1318
880.707,1311
880.824,1324
880.941,1270
881.058,1269
881.175,1294
881.292,1297
881.409,1297
881.526,1326
881.643,1283
881.76,1281
881.877,1308
881.994,1300
882.111,1281
882.228,1319
882.345,1333
882.462,1302
882.579,1290
882.696,1308
882.812,1295
882.929,1330
883.046,1342
883.163,1306
883.28,1292
883.397,1318
883.514,1287
883.631,1297
883.748,1277
883.865,1309
883.982,1316
884.098,1283
884.215,1276
884.332,1316
884.449,1340
884.566,1309
884.683,1332
884.8,1308
884.916,1310
885.033,1317
885.15,1327
885.267,1324
885.384,1326
885.501,1359
885.617,1328
885.734,1331
885.851,1345
885.968,1320
886.085,1342
886.202,1283
886.318,1333
886.435,1287
886.552,1326
886.669,1334
886.786,1338
886.902,1342
887.019,1353
887.136,1325
887.253,1300
887.369,1320
887.486,1332
887.603,1295
887.72,1340
887.837,1306
887.953,1322
888.07,1326
888.187,1291
888.304,1296
888.42,1279
888.537,1278
888.654,1351
888.77,1307
888.887,1315
889.004,1324
889.121,1296
889.237,1316
889.354,1292
889.471,1316
889.587,1321
889.704,1325
889.821,1297
889.938,1332
890.054,1295
890.171,1326
890.288,1317
890.404,1341
890.521,1297
890.638,1303
890.754,1324
890.871,1325
890.988,1317
891.104,1333
891.221,1348
891.337,1368
891.454,1332
891.571,1320
891.687,1324
891.804,1314
891.921,1339
892.037,1351
892.154,1355
892.27,1313
892.387,1351
892.504,1300
892.62,1371
892.737,1305
892.854,1336
892.97,1352
893.087,1329
893.203,1361
893.32,1326
893.436,1307
893.553,1345
893.67,1328
893.786,1323
893.903,1345
894.019,1345
894.136,1292
894.252,1345
894.369,1332
894.485,1325
894.602,1341
894.718,1333
894.835,1305
894.951,1345
895.068,1274
895.184,1351
895.301,1336
895.417,1318
895.534,1345
895.65,1335
895.767,1346
895.883,1309
896.0,1381
896.116,1311
896.233,1344
896.349,1365
896.466,1332
896.582,1330
896.699,1358
896.815,1295
896.932,1330
897.048,1295
897.165,1364
897.281,1322
897.397,1368
897.514,1351
897.63,1337
897.747,1340
897.863,1342
897.979,1368
898.096,1331
898.212,1358
898.329,1336
898.445,1369
898.561,1321
898.678,1337
898.794,1329
898.911,1325
899.027,1345
899.143,1359
899.26,1362
899.376,1411
899.492,1333
899.609,1362
899.725,1326
899.842,1364
899.958,1334
900.074,1350
900.191,1367
900.307,1327
900.423,1371
900.539,1382
900.656,1375
900.772,1371
900.888,1368
901.005,1365
901.121,1383
901.237,1378
901.354,1364
901.47,1326
901.586,1396
901.703,1344
901.819,1345
901.935,1420
902.051,1365
902.168,1362
902.284,1336
902.4,1397
902.516,1350
902.633,1384
902.749,1361
902.865,1361
902.981,1371
903.098,1385
903.214,1331
903.33,1366
903.446,1378
903.562,1360
903.679,1411
903.795,1331
903.911,1367
904.027,1397
904.143,1399
904.26,1369
904.376,1381
904.492,1356
904.608,1386
904.724,1387
904.841,1329
904.957,1319
905.073,1348
905.189,1373
905.305,1360
905.421,1373
905.538,1364
905.654,1396
905.77,1370
905.886,1382
906.002,1374
906.118,1379
906.234,1344
906.35,1408
906.466,1375
906.583,1363
906.699,1354
906.815,1364
906.931,1377
907.047,1346
907.163,1351
907.279,1407
907.395,1336
907.511,1350
907.627,1340
907.743,1363
907.859,1386
907.976,1405
908.092,1377
908.208,1388
908.324,1402
908.44,1356
908.556,1393
908.672,1366
908.788,1392
908.904,1345
909.02,1397
909.136,1343
909.252,1375
909.368,1428
909.484,1342
909.6,1385
909.716,1331
909.832,1380
909.948,1406
910.064,1356
910.18,1370
910.296,1395
910.412,1385
910.528,1362
910.644,1423
910.76,1341
910.875,1355
910.991,1380
911.107,1395
911.223,1401
911.339,1391
911.455,1389
911.571,1387
911.687,1388
911.803,1401
911.919,1373
912.035,1356
912.151,1387
912.267,1350
912.382,1411
912.498,1376
912.614,1394
912.73,1400
912.846,1357
792.446,1885
792.565,1853
792.684,1923
792.803,1853
792.922,1823
793.041,1782
793.16,1763
793.279,1754
793.398,1731
793.518,1691
793.637,1665
793.756,1708
793.875,1720
793.994,1710
794.113,1639
794.232,1692
794.351,1676
794.47,1639
794.589,1677
794.708,1647
794.827,1673
794.946,1677
795.066,1689
795.185,1634
795.304,1660
795.423,1604
795.542,1649
795.661,1647
795.78,1609
795.899,1623
796.018,1602
796.137,1602
796.256,1590
796.375,1635
796.494,1604
796.613,1631
796.732,1580
796.851,1639
796.97,1574
797.089,1539
797.208,1586
797.327,1607
797.446,1567
797.565,1556
797.684,1579
797.803,1578
797.922,1562
798.041,1549
798.16,1561
798.279,1564
798.398,1601
798.517,1589
798.636,1529
798.755,1557
798.874,1569
798.993,1556
799.112,1562
799.231,1531
799.35,1545
799.469,1552
799.588,1592
799.707,1566
799.826,1580
799.945,1562
800.064,1570
800.183,1559
800.302,1568
800.421,1565
800.54,1531
800.659,1483
800.778,1581
800.897,1559
801.016,1554
801.135,1524
801.254,1539
801.373,1529
801.492,1574
801.611,1548
801.729,1535
801.848,1472
801.967,1571
802.086,1554
802.205,1537
802.324,1517
802.443,1531
802.562,1531
802.681,1521
802.8,1575
802.919,1563
803.038,1555
803.157,1509
803.276,1530
803.394,1543
803.513,1530
803.632,1544
803.751,1522
803.87,1561
803.989,1530
804.108,1564
804.227,1567
804.346,1527
804.465,1539
804.583,1578
804.702,1540
804.821,1531
804.94,1527
805.059,1526
805.178,1524
805.297,1569
805.416,1532
805.535,1514
805.653,1526
805.772,1514
805.891,1519
806.01,1530
806.129,1526
806.248,1530
806.367,1510
806.485,1520
806.604,1551
806.723,1560
806.842,1548
806.961,1517
807.08,1508
807.198,1593
807.317,1527
807.436,1498
807.555,1535
807.674,1551
807.793,1534
807.912,1526
808.03,1568
808.149,1498
808.268,1508
808.387,1554
808.506,1540
808.624,1503
808.743,1548
808.862,1529
808.981,1513
809.1,1517
809.219,1523
809.337,1527
809.456,1498
809.575,1574
809.694,1515
809.812,1542
809.931,1542
810.05,1531
810.169,1532
810.288,1507
810.406,1580
810.525,1529
810.644,1501
810.763,1496
810.882,1553
811.0,1496
811.119,1522
811.238,1497
811.357,1501
811.475,1478
811.594,1481
811.713,1497
811.832,1483
811.95,1532
812.069,1522
812.188,1521
812.307,1491
812.425,1480
812.544,1481
812.663,1510
812.782,1498
812.9,1484
813.019,1506
813.138,1521
813.257,1499
813.375,1534
813.494,1483
813.613,1570
813.731,1496
813.85,1496
813.969,1514
814.088,1507
814.206,1504
814.325,1471
814.444,1476
814.562,1484
814.681,1467
814.8,1516
814.918,1490
815.037,1495
815.156,1482
815.274,1477
815.393,1460
815.512,1491
815.631,1450
815.749,1470
815.868,1457
815.987,1476
816.105,1469
816.224,1467
816.343,1442
816.461,1470
816.58,1506
816.698,1486
816.817,1490
816.936,1494
817.055,1425
817.173,1478
817.292,1483
817.41,1481
817.529,1437
817.648,1470
817.766,1442
817.885,1478
818.004,1429
818.122,1461
818.241,1439
818.359,1443
818.478,1407
818.597,1426
818.715,1418
818.834,1409
818.953,1420
819.071,1465
819.19,1402
819.308,1378
819.427,1379
819.546,1435
819.664,1406
819.783,1396
819.901,1354
820.02,1341
820.138,1386
820.257,1423
820.376,1376
820.494,1389
820.613,1402
820.731,1365
820.85,1403
820.969,1366
821.087,1350
821.206,1381
821.324,1367
821.443,1363
821.561,1375
821.68,1336
821.798,1360
821.917,1383
822.035,1399
822.154,1342
822.273,1398
822.391,1362
822.51,1333
822.628,1311
822.747,1381
822.865,1311
822.984,1337
823.102,1397
823.221,1360
823.339,1317
823.458,1341
823.576,1354
823.695,1371
823.813,1381
823.932,1380
824.05,1358
824.169,1353
824.287,1368
824.406,1331
824.524,1353
824.643,1325
824.761,1351
824.88,1373
824.998,1293
825.117,1308
825.235,1356
825.354,1355
825.472,1356
825.591,1365
825.709,1356
825.828,1334
825.946,1345
826.064,1337
826.183,1350
826.301,1332
826.42,1343
826.538,1334
826.657,1328
826.775,1333
826.894,1325
827.012,1341
827.13,1345
827.249,1302
827.367,1332
827.486,1315
827.604,1342
827.723,1302
827.841,1309
827.959,1349
828.078,1335
828.196,1299
828.315,1313
828.433,1307
828.552,1344
828.67,1275
828.788,1333
828.907,1307
829.025,1300
829.143,1298
829.262,1302
829.38,1354
829.499,1323
829.617,1314
829.735,1288
829.854,1339
829.972,1344
830.091,1262
830.209,1268
830.327,1307
830.446,1318
830.564,1278
830.682,1276
830.801,1283
830.919,1283
831.037,1312
831.156,1330
831.274,1307
831.392,1282
831.511,1363
831.629,1265
831.747,1308
831.866,1305
831.984,1295
832.102,1274
832.221,1295
832.339,1280
832.457,1283
832.576,1291
832.694,1318
832.812,1294
832.93,1290
833.049,1294
833.167,1338
833.285,1265
833.404,1328
833.522,1311
833.64,1347
833.759,1320
833.877,1276
833.995,1306
834.113,1300
834.232,1292
834.35,1260
834.468,1307
834.586,1277
834.705,1348
834.823,1301
834.941,1301
835.059,1279
835.178,1322
835.296,1287
835.414,1271
835.532,1328
835.651,1295
835.769,1299
835.887,1278
836.005,1300
836.124,1313
836.242,1312
836.36,1245
836.478,1274
836.596,1262
836.715,1297
836.833,1319
836.951,1264
837.069,1298
837.188,1306
837.306,1273
837.424,1261
837.542,1295
837.66,1334
837.779,1289
837.897,1278
838.015,1310
838.133,1302
838.251,1318
838.369,1282
838.487,1280
838.606,1265
838.724,1339
838.842,1260
838.96,1265
839.078,1297
839.196,1275
839.315,1280
839.433,1338
839.551,1286
839.669,1293
839.787,1272
839.905,1322
840.023,1288
840.142,1335
840.26,1309
840.378,1272
840.496,1296
840.614,1283
840.732,1294
840.85,1287
840.968,1324
841.087,1309
841.205,1305
841.323,1280
841.441,1303
841.559,1274
841.677,1297
841.795,1270
841.913,1297
842.031,1302
842.149,1318
842.267,1321
842.385,1312
842.504,1316
842.622,1271
842.74,1309
842.858,1323
842.976,1299
843.094,1312
843.212,1298
843.33,1286
843.448,1300
843.566,1262
843.684,1294
843.802,1252
843.92,1273
844.038,1323
844.156,1306
844.274,1281
844.392,1334
844.51,1309
844.628,1279
844.746,1285
844.864,1300
844.982,1330
845.1,1277
845.218,1322
845.336,1304
845.454,1301
845.572,1297
845.69,1274
845.808,1264
845.926,1331
846.044,1295
846.162,1266
846.28,1283
846.398,1302
846.516,1267
846.634,1297
846.752,1335
846.87,1288
846.988,1271
847.106,1298
847.224,1305
847.342,1262
847.46,1276
847.578,1260
847.696,1322
847.814,1306
847.932,1257
848.05,1289
848.168,1262
848.285,1278
848.403,1296
848.521,1293
848.639,1275
848.757,1287
848.875,1273
848.993,1275
849.111,1277
849.229,1313
849.347,1314
849.465,1281
849.582,1299
849.7,1296
849.818,1295
849.936,1301
850.054,1258
850.172,1313
850.29,1334
850.408,1295
850.525,1323
850.643,1281
850.761,1321
850.879,1279
850.997,1311
851.115,1284
851.233,1315
851.35,1309
851.468,1320
851.586,1291
851.704,1275
851.822,1332
851.94,1293
852.057,1312
852.175,1283
852.293,1284
852.411,1305
852.529,1306
852.647,1322
852.764,1284
852.882,1326
853.0,1300
853.118,1300
853.236,1268
853.353,1263
853.471,1232
853.589,1292
853.707,1293
853.824,1263
853.942,1304
854.06,1272
854.178,1260
854.296,1300
854.413,1283
854.531,1287
854.649,1311
854.767,1241
854.884,1243
855.002,1309
855.12,1233
855.238,1292
855.355,1296
855.473,1247
855.591,1319
855.708,1285
855.826,1296
855.944,1323
856.062,1304
856.179,1295
856.297,1274
856.415,1269
856.532,1257
856.65,1240
856.768,1240
856.886,1278
857.003,1304
857.121,1288
857.239,1320
857.356,1274
857.474,1303
857.592,1309
857.709,1286
857.827,1293
857.945,1281
858.062,1309
858.18,1308
858.298,1299
858.415,1313
858.533,1296
858.651,1299
858.768,1260
858.886,1281
859.003,1295
859.121,1269
859.239,1335
859.356,1305
859.474,1293
859.592,1289
859.709,1302
859.827,1263
859.944,1275
860.062,1232
860.18,1285
860.297,1273
860.415,1300
860.532,1298
860.65,1303
860.768,1303
860.885,1279
861.003,1254
861.12,1267
861.238,1256
861.356,1318
861.473,1279
861.591,1317
861.708,1280
861.826,1306
861.943,1306
862.061,1297
862.178,1292
862.296,1292
862.414,1235
862.531,1294
862.649,1280
862.766,1328
862.884,1321
863.001,1307
863.119,1274
863.236,1318
863.354,1266
863.471,1282
863.589,1280
863.706,1286
863.824,1288
863.941,1306
864.059,1320
864.176,1284
864.294,1309
864.411,1278
864.529,1231
864.646,1292
864.764,1273
864.881,1283
864.999,1272
865.116,1305
865.233,1298
865.351,1285
865.468,1286
865.586,1274
865.703,1276
865.821,1274
865.938,1269
866.056,1310
866.173,1303
866.29,1263
866.408,1278
866.525,1262
866.643,1307
866.76,1274
866.878,1292
866.995,1336
867.112,1269
867.23,1259
867.347,1293
867.465,1291
867.582,1309
867.699,1306
867.817,1292
867.934,1287
868.051,1320
868.169,1297
868.286,1269
868.404,1299
868.521,1316
868.638,1332
868.756,1290
868.873,1272
868.99,1313
869.108,1312
869.225,1284
869.342,1312
869.46,1286
869.577,1280
869.694,1302
869.812,1299
869.929,1304
870.046,1275
870.164,1281
870.281,1278
870.398,1312
870.516,1251
870.633,1282
870.75,1343
870.867,1322
870.985,1306
871.102,1294
871.219,1285
871.337,1325
871.454,1308
871.571,1301
871.688,1304
871.806,1291
871.923,1272
872.04,1308
872.157,1302
872.275,1314
872.392,1286
872.509,1301
872.626,1297
872.744,1327
872.861,1266
872.978,1280
873.095,1268
873.213,1316
873.33,1303
873.447,1293
873.564,1299
873.681,1343
873.799,1277
873.916,1286
874.033,1302
874.15,1289
874.267,1326
874.385,1291
874.502,1274
874.619,1314
874.736,1292
874.853,1283
874.97,1335
875.088,1316
875.205,1280
875.322,1315
875.439,1281
875.556,1249
875.673,1312
875.791,1298
875.908,1304
876.025,1286
876.142,1312
876.259,1337
876.376,1266
876.493,1269
876.61,1260
876.728,1291
876.845,1302
876.962,1324
877.079,1305
877.196,1297
877.313,1288
877.43,1284
877.547,1288
877.664,1329
877.781,1290
877.898,1327
878.016,1277
878.133,1303
878.25,1308
878.367,1304
878.484,1309
878.601,1313
878.718,1283
878.835,1330
878.952,1346
879.069,1325
879.186,1303
879.303,1303
879.42,1318
879.537,1304
879.654,1318
879.771,1307
879.888,1297
880.005,1324
880.122,1293
880.239,1348
880.356,1291
880.473,1293
880.59,1305
880.707,1302
880.824,1328
880.941,1284
881.058,1296
881.175,1314
881.292,1303
881.409,1300
881.526,1270
881.643,1316
881.76,1303
881.877,1321
881.994,1282
882.111,1308
882.228,1277
882.345,1321
882.462,1316
882.579,1313
882.696,1318
882.812,1272
882.929,1289
883.046,1329
883.163,1273
883.28,1314
883.397,1280
883.514,1284
883.631,1308
883.748,1299
883.865,1279
883.982,1323
884.098,1292
884.215,1311
884.332,1318
884.449,1285
884.566,1336
884.683,1320
884.8,1324
884.916,1323
885.033,1362
885.15,1290
885.267,1326
885.384,1334
885.501,1349
885.617,1322
885.734,1354
885.851,1340
885.968,1312
886.085,1343
886.202,1323
886.318,1359
886.435,1325
886.552,1297
886.669,1310
886.786,1363
886.902,1328
887.019,1349
887.136,1354
887.253,1298
887.369,1354
887.486,1353
887.603,1345
887.72,1335
887.837,1365
887.953,1320
888.07,1300
888.187,1279
888.304,1358
888.42,1347
888.537,1319
888.654,1345
888.77,1328
888.887,1337
889.004,1324
889.121,1317
889.237,1309
889.354,1288
889.471,1316
889.587,1305
889.704,1329
889.821,1312
889.938,1330
890.054,1362
890.171,1325
890.288,1343
890.404,1321
890.521,1304
890.638,1326
890.754,1340
890.871,1344
890.988,1345
891.104,1344
891.221,1323
891.337,1338
891.454,1286
891.571,1359
891.687,1345
891.804,1387
891.921,1352
892.037,1336
892.154,1349
892.27,1311
892.387,1369
892.504,1363
892.62,1347
892.737,1318
892.854,1330
892.97,1327
893.087,1336
893.203,1348
893.32,1327
893.436,1333
893.553,1339
893.67,1364
893.786,1337
893.903,1337
894.019,1345
894.136,1356
894.252,1355
894.369,1342
894.485,1380
894.602,1353
894.718,1344
894.835,1353
894.951,1329
895.068,1342
895.184,1366
895.301,1330
895.417,1335
895.534,1351
895.65,1350
895.767,1357
895.883,1340
896.0,1342
896.116,1341
896.233,1342
896.349,1356
896.466,1311
896.582,1373
896.699,1370
896.815,1350
896.932,1398
897.048,1322
897.165,1375
897.281,1342
897.397,1368
897.514,1339
897.63,1334
897.747,1374
897.863,1387
897.979,1384
898.096,1318
898.212,1373
898.329,1347
898.445,1395
898.561,1279
898.678,1355
898.794,1353
898.911,1338
899.027,1324
899.143,1321
899.26,1395
899.376,1339
899.492,1334
899.609,1330
899.725,1369
899.842,1343
899.958,1377
900.074,1389
900.191,1378
900.307,1356
900.423,1346
900.539,1385
900.656,1361
900.772,1337
900.888,1392
901.005,1385
901.121,1348
901.237,1330
901.354,1373
901.47,1369
901.586,1381
901.703,1355
901.819,1337
901.935,1386
902.051,1367
902.168,1371
902.284,1408
902.4,1354
902.516,1345
902.633,1372
902.749,1389
902.865,1379
902.981,1391
903.098,1396
903.214,1402
903.33,1357
903.446,1344
903.562,1370
903.679,1374
903.795,1374
903.911,1360
904.027,1371
904.143,1381
904.26,1407
904.376,1379
904.492,1380
904.608,1402
904.724,1385
904.841,1343
904.957,1382
905.073,1385
905.189,1336
905.305,1352
905.421,1386
905.538,1386
905.654,1314
905.77,1403
905.886,1386
906.002,1414
906.118,1367
906.234,1393
906.35,1390
906.466,1407
906.583,1338
906.699,1391
906.815,1387
906.931,1372
907.047,1406
907.163,1375
907.279,1385
907.395,1406
907.511,1387
907.627,1380
907.743,1350
907.859,1419
907.976,1424
908.092,1423
908.208,1354
908.324,1351
908.44,1411
908.556,1389
908.672,1406
908.788,1412
908.904,1336
909.02,1393
909.136,1388
909.252,1373
909.368,1392
909.484,1415
909.6,1366
909.716,1410
909.832,1356
909.948,1407
910.064,1417
910.18,1362
910.296,1378
910.412,1395
910.528,1397
910.644,1416
910.76,1393
910.875,1351
910.991,1395
911.107,1382
911.223,1436
911.339,1413
911.455,1361
911.571,1362
911.687,1402
911.803,1397
911.919,1403
912.035,1394
912.151,1416
912.267,1379
912.382,1427
912.498,1392
912.614,1360
912.73,1423
912.846,1397
