792.446,1599
792.565,1591
792.684,1610
792.803,1556
792.922,1563
793.041,1539
793.16,1483
793.279,1553
793.398,1529
793.518,1530
793.637,1466
793.756,1538
793.875,1531
793.994,1487
794.113,1501
794.232,1497
794.351,1515
794.47,1516
794.589,1493
794.708,1438
794.827,1509
794.946,1509
795.066,1488
795.185,1487
795.304,1465
795.423,1467
795.542,1496
795.661,1489
795.78,1479
795.899,1469
796.018,1457
796.137,1508
796.256,1450
796.375,1465
796.494,1506
796.613,1471
796.732,1482
796.851,1462
796.97,1461
797.089,1418
797.208,1455
797.327,1425
797.446,1464
797.565,1462
797.684,1471
797.803,1488
797.922,1497
798.041,1425
798.16,1475
798.279,1433
798.398,1453
798.517,1461
798.636,1480
798.755,1439
798.874,1432
798.993,1387
799.112,1402
799.231,1457
799.35,1411
799.469,1424
799.588,1454
799.707,1440
799.826,1445
799.945,1419
800.064,1455
800.183,1409
800.302,1439
800.421,1460
800.54,1440
800.659,1435
800.778,1408
800.897,1438
801.016,1444
801.135,1389
801.254,1461
801.373,1413
801.492,1474
801.611,1424
801.729,1422
801.848,1410
801.967,1453
802.086,1439
802.205,1439
802.324,1405
802.443,1478
802.562,1462
802.681,1462
802.8,1424
802.919,1440
803.038,1420
803.157,1428
803.276,1408
803.394,1427
803.513,1391
803.632,1456
803.751,1388
803.87,1462
803.989,1444
804.108,1440
804.227,1452
804.346,1427
804.465,1447
804.583,1435
804.702,1439
804.821,1398
804.94,1390
805.059,1429
805.178,1433
805.297,1358
805.416,1445
805.535,1442
805.653,1411
805.772,1394
805.891,1470
806.01,1421
806.129,1412
806.248,1358
806.367,1439
806.485,1371
806.604,1412
806.723,1423
806.842,1440
806.961,1404
807.08,1420
807.198,1408
807.317,1453
807.436,1417
807.555,1410
807.674,1460
807.793,1392
807.912,1453
808.03,1414
808.149,1437
808.268,1435
808.387,1423
808.506,1404
808.624,1388
808.743,1374
808.862,1378
808.981,1434
809.1,1407
809.219,1390
809.337,1400
809.456,1397
809.575,1419
809.694,1422
809.812,1426
809.931,1375
810.05,1430
810.169,1404
810.288,1406
810.406,1420
810.525,1459
810.644,1379
810.763,1434
810.882,1454
811.0,1424
811.119,1356
811.238,1392
811.357,1371
811.475,1414
811.594,1384
811.713,1424
811.832,1406
811.95,1402
812.069,1414
812.188,1378
812.307,1424
812.425,1417
812.544,1389
812.663,1422
812.782,1397
812.9,1399
813.019,1401
813.138,1405
813.257,1393
813.375,1396
813.494,1399
813.613,1425
813.731,1382
813.85,1395
813.969,1396
814.088,1363
814.206,1396
814.325,1363
814.444,1368
814.562,1421
814.681,1413
814.8,1365
814.918,1371
815.037,1400
815.156,1384
815.274,1379
815.393,1387
815.512,1409
815.631,1426
815.749,1355
815.868,1373
815.987,1365
816.105,1421
816.224,1383
816.343,1360
816.461,1416
816.58,1362
816.698,1394
816.817,1360
816.936,1382
817.055,1368
817.173,1369
817.292,1362
817.41,1405
817.529,1395
817.648,1348
817.766,1401
817.885,1330
818.004,1380
818.122,1354
818.241,1349
818.359,1337
818.478,1358
818.597,1362
818.715,1362
818.834,1330
818.953,1348
819.071,1310
819.19,1314
819.308,1324
819.427,1342
819.546,1348
819.664,1364
819.783,1341
819.901,1370
820.02,1284
820.138,1348
820.257,1339
820.376,1350
820.494,1303
820.613,1355
820.731,1323
820.85,1363
820.969,1311
821.087,1317
821.206,1316
821.324,1328
821.443,1308
821.561,1346
821.68,1346
821.798,1304
821.917,1332
822.035,1336
822.154,1308
822.273,1286
822.391,1336
822.51,1334
822.628,1326
822.747,1287
822.865,1267
822.984,1318
823.102,1297
823.221,1265
823.339,1324
823.458,1299
823.576,1296
823.695,1316
823.813,1312
823.932,1296
824.05,1270
824.169,1322
824.287,1306
824.406,1319
824.524,1301
824.643,1298
824.761,1308
824.88,1300
824.998,1301
825.117,1289
825.235,1302
825.354,1316
825.472,1326
825.591,1309
825.709,1332
825.828,1302
825.946,1249
826.064,1313
826.183,1286
826.301,1290
826.42,1314
826.538,1264
826.657,1308
826.775,1295
826.894,1273
827.012,1335
827.13,1293
827.249,1290
827.367,1276
827.486,1290
827.604,1259
827.723,1319
827.841,1301
827.959,1260
828.078,1264
828.196,1318
828.315,1268
828.433,1284
828.552,1263
828.67,1308
828.788,1282
828.907,1264
829.025,1271
829.143,1315
829.262,1260
829.38,1240
829.499,1293
829.617,1306
829.735,1260
829.854,1258
829.972,1257
830.091,1246
830.209,1282
830.327,1274
830.446,1282
830.564,1252
830.682,1324
830.801,1265
830.919,1280
831.037,1278
831.156,1301
831.274,1268
831.392,1275
831.511,1249
831.629,1280
831.747,1256
831.866,1254
831.984,1285
832.102,1282
832.221,1264
832.339,1290
832.457,1271
832.576,1263
832.694,1263
832.812,1310
832.93,1296
833.049,1262
833.167,1277
833.285,1248
833.404,1288
833.522,1279
833.64,1281
833.759,1256
833.877,1268
833.995,1242
834.113,1284
834.232,1273
834.35,1267
834.468,1270
834.586,1282
834.705,1286
834.823,1288
834.941,1317
835.059,1302
835.178,1278
835.296,1268
835.414,1255
835.532,1277
835.651,1285
835.769,1253
835.887,1243
836.005,1293
836.124,1282
836.242,1257
836.36,1274
836.478,1259
836.596,1294
836.715,1278
836.833,1265
836.951,1263
837.069,1255
837.188,1281
837.306,1269
837.424,1263
837.542,1261
837.66,1260
837.779,1289
837.897,1234
838.015,1254
838.133,1269
838.251,1263
838.369,1274
838.487,1266
838.606,1230
838.724,1262
838.842,1273
838.96,1274
839.078,1267
839.196,1269
839.315,1243
839.433,1241
839.551,1280
839.669,1250
839.787,1222
839.905,1250
840.023,1236
840.142,1286
840.26,1206
840.378,1266
840.496,1285
840.614,1227
840.732,1268
840.85,1275
840.968,1266
841.087,1248
841.205,1275
841.323,1259
841.441,1266
841.559,1240
841.677,1264
841.795,1264
841.913,1269
842.031,1282
842.149,1283
842.267,1245
842.385,1267
842.504,1250
842.622,1258
842.74,1275
842.858,1253
842.976,1269
843.094,1277
843.212,1243
843.33,1267
843.448,1280
843.566,1265
843.684,1244
843.802,1235
843.92,1260
844.038,1251
844.156,1284
844.274,1260
844.392,1257
844.51,1273
844.628,1251
844.746,1211
844.864,1273
844.982,1236
845.1,1256
845.218,1249
845.336,1256
845.454,1270
845.572,1272
845.69,1271
845.808,1244
845.926,1244
846.044,1238
846.162,1244
846.28,1234
846.398,1237
846.516,1266
846.634,1243
846.752,1271
846.87,1273
846.988,1237
847.106,1238
847.224,1223
847.342,1258
847.46,1262
847.578,1238
847.696,1214
847.814,1255
847.932,1277
848.05,1252
848.168,1257
848.285,1290
848.403,1274
848.521,1222
848.639,1255
848.757,1228
848.875,1245
848.993,1238
849.111,1244
849.229,1226
849.347,1196
849.465,1282
849.582,1253
849.7,1237
849.818,1236
849.936,1238
850.054,1239
850.172,1236
850.29,1268
850.408,1255
850.525,1254
850.643,1294
850.761,1247
850.879,1201
850.997,1247
851.115,1231
851.233,1248
851.35,1233
851.468,1275
851.586,1246
851.704,1274
851.822,1263
851.94,1270
852.057,1237
852.175,1250
852.293,1244
852.411,1295
852.529,1243
852.647,1256
852.764,1249
852.882,1230
853.0,1255
853.118,1284
853.236,1226
853.353,1225
853.471,1262
853.589,1252
853.707,1259
853.824,1280
853.942,1220
854.06,1269
854.178,1184
854.296,1253
854.413,1248
854.531,1236
854.649,1236
854.767,1231
854.884,1258
855.002,1267
855.12,1247
855.238,1279
855.355,1281
855.473,1274
855.591,1272
855.708,1266
855.826,1216
855.944,1282
856.062,1279
856.179,1236
856.297,1227
856.415,1249
856.532,1231
856.65,1230
856.768,1255
856.886,1240
857.003,1235
857.121,1275
857.239,1229
857.356,1227
857.474,1249
857.592,1216
857.709,1283
857.827,1244
857.945,1247
858.062,1256
858.18,1201
858.298,1259
858.415,1243
858.533,1267
858.651,1238
858.768,1262
858.886,1216
859.003,1278
859.121,1221
859.239,1273
859.356,1278
859.474,1252
859.592,1269
859.709,1270
859.827,1252
859.944,1266
860.062,1230
860.18,1220
860.297,1258
860.415,1242
860.532,1239
860.65,1251
860.768,1255
860.885,1241
861.003,1224
861.12,1283
861.238,1265
861.356,1222
861.473,1246
861.591,1201
861.708,1268
861.826,1288
861.943,1237
862.061,1237
862.178,1246
862.296,1263
862.414,1233
862.531,1273
862.649,1220
862.766,1275
862.884,1236
863.001,1255
863.119,1246
863.236,1252
863.354,1218
863.471,1272
863.589,1278
863.706,1252
863.824,1269
863.941,1239
864.059,1260
864.176,1261
864.294,1239
864.411,1265
864.529,1262
864.646,1240
864.764,1261
864.881,1222
864.999,1270
865.116,1241
865.233,1239
865.351,1265
865.468,1275
865.586,1299
865.703,1269
865.821,1237
865.938,1232
866.056,1249
866.173,1271
866.29,1271
866.408,1248
866.525,1252
866.643,1264
866.76,1217
866.878,1288
866.995,1260
867.112,1252
867.23,1237
867.347,1251
867.465,1231
867.582,1219
867.699,1253
867.817,1292
867.934,1234
868.051,1264
868.169,1259
868.286,1221
868.404,1261
868.521,1229
868.638,1236
868.756,1279
868.873,1311
868.99,1195
869.108,1270
869.225,1280
869.342,1222
869.46,1268
869.577,1276
869.694,1209
869.812,1269
869.929,1262
870.046,1264
870.164,1260
870.281,1264
870.398,1287
870.516,1255
870.633,1274
870.75,1292
870.867,1232
870.985,1256
871.102,1236
871.219,1292
871.337,1261
871.454,1275
871.571,1231
871.688,1224
871.806,1247
871.923,1240
872.04,1243
872.157,1253
872.275,1272
872.392,1249
872.509,1237
872.626,1215
872.744,1279
872.861,1254
872.978,1220
873.095,1288
873.213,1219
873.33,1238
873.447,1241
873.564,1240
873.681,1273
873.799,1270
873.916,1278
874.033,1234
874.15,1270
874.267,1228
874.385,1272
874.502,1235
874.619,1253
874.736,1274
874.853,1243
874.97,1257
875.088,1269
875.205,1258
875.322,1247
875.439,1262
875.556,1262
875.673,1300
875.791,1243
875.908,1268
876.025,1242
876.142,1263
876.259,1255
876.376,1287
876.493,1255
876.61,1307
876.728,1241
876.845,1298
876.962,1262
877.079,1289
877.196,1251
877.313,1249
877.43,1238
877.547,1291
877.664,1293
877.781,1269
877.898,1262
878.016,1286
878.133,1246
878.25,1311
878.367,1246
878.484,1269
878.601,1253
878.718,1287
878.835,1269
878.952,1293
879.069,1253
879.186,1297
879.303,1297
879.42,1251
879.537,1260
879.654,1247
879.771,1293
879.888,1300
880.005,1273
880.122,1294
880.239,1304
880.356,1241
880.473,1257
880.59,1272
880.707,1283
880.824,1293
880.941,1268
881.058,1301
881.175,1263
881.292,1251
881.409,1271
881.526,1279
881.643,1312
881.76,1262
881.877,1252
881.994,1276
882.111,1274
882.228,1261
882.345,1257
882.462,1282
882.579,1282
882.696,1255
882.812,1316
882.929,1235
883.046,1277
883.163,1291
883.28,1282
883.397,1317
883.514,1290
883.631,1292
883.748,1284
883.865,1308
883.982,1270
884.098,1283
884.215,1289
884.332,1263
884.449,1304
884.566,1271
884.683,1271
884.8,1283
884.916,1272
885.033,1274
885.15,1270
885.267,1291
885.384,1251
885.501,1277
885.617,1274
885.734,1306
885.851,1273
885.968,1303
886.085,1264
886.202,1273
886.318,1239
886.435,1277
886.552,1260
886.669,1266
886.786,1289
886.902,1260
887.019,1294
887.136,1290
887.253,1275
887.369,1290
887.486,1266
887.603,1270
887.72,1251
887.837,1291
887.953,1269
888.07,1323
888.187,1281
888.304,1295
888.42,1311
888.537,1277
888.654,1292
888.77,1333
888.887,1284
889.004,1314
889.121,1289
889.237,1232
889.354,1267
889.471,1250
889.587,1293
889.704,1311
889.821,1270
889.938,1297
890.054,1274
890.171,1303
890.288,1294
890.404,1319
890.521,1292
890.638,1302
890.754,1288
890.871,1298
890.988,1310
891.104,1308
891.221,1271
891.337,1304
891.454,1284
891.571,1329
891.687,1313
891.804,1333
891.921,1309
892.037,1295
892.154,1323
892.27,1306
892.387,1305
892.504,1347
892.62,1268
892.737,1293
892.854,1287
892.97,1285
893.087,1329
893.203,1270
893.32,1312
893.436,1303
893.553,1286
893.67,1277
893.786,1279
893.903,1316
894.019,1342
894.136,1317
894.252,1359
894.369,1292
894.485,1310
894.602,1324
894.718,1335
894.835,1323
894.951,1277
895.068,1319
895.184,1294
895.301,1307
895.417,1308
895.534,1305
895.65,1354
895.767,1344
895.883,1311
896.0,1330
896.116,1321
896.233,1316
896.349,1310
896.466,1275
896.582,1305
896.699,1318
896.815,1288
896.932,1343
897.048,1280
897.165,1304
897.281,1302
897.397,1323
897.514,1266
897.63,1311
897.747,1289
897.863,1340
897.979,1307
898.096,1326
898.212,1317
898.329,1302
898.445,1287
898.561,1334
898.678,1366
898.794,1334
898.911,1306
899.027,1309
899.143,1327
899.26,1306
899.376,1302
899.492,1339
899.609,1326
899.725,1313
899.842,1283
899.958,1312
900.074,1306
900.191,1297
900.307,1330
900.423,1312
900.539,1311
900.656,1287
900.772,1286
900.888,1332
901.005,1342
901.121,1360
901.237,1331
901.354,1357
901.47,1342
901.586,1334
901.703,1354
901.819,1353
901.935,1369
902.051,1310
902.168,1351
902.284,1316
902.4,1354
902.516,1296
902.633,1325
902.749,1323
902.865,1366
902.981,1293
903.098,1339
903.214,1336
903.33,1328
903.446,1314
903.562,1322
903.679,1324
903.795,1340
903.911,1326
904.027,1331
904.143,1361
904.26,1359
904.376,1300
904.492,1319
904.608,1367
904.724,1355
904.841,1322
904.957,1320
905.073,1375
905.189,1351
905.305,1322
905.421,1336
905.538,1334
905.654,1340
905.77,1302
905.886,1317
906.002,1349
906.118,1283
906.234,1377
906.35,1304
906.466,1296
906.583,1364
906.699,1353
906.815,1350
906.931,1320
907.047,1330
907.163,1318
907.279,1330
907.395,1346
907.511,1335
907.627,1352
907.743,1356
907.859,1351
907.976,1339
908.092,1371
908.208,1325
908.324,1366
908.44,1348
908.556,1349
908.672,1344
908.788,1302
908.904,1333
909.02,1343
909.136,1316
909.252,1362
909.368,1321
909.484,1329
909.6,1351
909.716,1389
909.832,1347
909.948,1334
910.064,1349
910.18,1335
910.296,1359
910.412,1384
910.528,1355
910.644,1378
910.76,1342
910.875,1354
910.991,1340
911.107,1375
911.223,1374
911.339,1321
911.455,1394
911.571,1332
911.687,1345
911.803,1355
911.919,1306
912.035,1352
912.151,1375
912.267,1402
912.382,1340
912.498,1363
912.614,1368
912.73,1342
912.846,1324
792.446,1593
792.565,1605
792.684,1612
792.803,1578
792.922,1578
793.041,1545
793.16,1550
793.279,1583
793.398,1508
793.518,1587
793.637,1551
793.756,1555
793.875,1545
793.994,1554
794.113,1577
794.232,1553
794.351,1546
794.47,1542
794.589,1548
794.708,1498
794.827,1507
794.946,1541
795.066,1534
795.185,1548
795.304,1509
795.423,1513
795.542,1481
795.661,1488
795.78,1530
795.899,1526
796.018,1527
796.137,1535
796.256,1506
796.375,1458
796.494,1489
796.613,1543
796.732,1480
796.851,1467
796.97,1462
797.089,1465
797.208,1467
797.327,1489
797.446,1499
797.565,1527
797.684,1495
797.803,1515
797.922,1500
798.041,1488
798.16,1474
798.279,1495
798.398,1505
798.517,1472
798.636,1497
798.755,1450
798.874,1500
798.993,1452
799.112,1488
799.231,1436
799.35,1465
799.469,1450
799.588,1482
799.707,1458
799.826,1431
799.945,1440
800.064,1457
800.183,1506
800.302,1450
800.421,1502
800.54,1454
800.659,1480
800.778,1415
800.897,1451
801.016,1443
801.135,1493
801.254,1479
801.373,1480
801.492,1456
801.611,1525
801.729,1488
801.848,1471
801.967,1499
802.086,1488
802.205,1449
802.324,1460
802.443,1444
802.562,1459
802.681,1465
802.8,1472
802.919,1446
803.038,1454
803.157,1443
803.276,1497
803.394,1446
803.513,1459
803.632,1430
803.751,1492
803.87,1411
803.989,1471
804.108,1454
804.227,1475
804.346,1478
804.465,1439
804.583,1445
804.702,1492
804.821,1519
804.94,1458
805.059,1407
805.178,1458
805.297,1454
805.416,1453
805.535,1449
805.653,1440
805.772,1455
805.891,1474
806.01,1438
806.129,1495
806.248,1500
806.367,1427
806.485,1413
806.604,1479
806.723,1464
806.842,1444
806.961,1457
807.08,1485
807.198,1454
807.317,1454
807.436,1443
807.555,1430
807.674,1427
807.793,1468
807.912,1420
808.03,1437
808.149,1459
808.268,1444
808.387,1449
808.506,1474
808.624,1410
808.743,1458
808.862,1437
808.981,1442
809.1,1415
809.219,1437
809.337,1417
809.456,1425
809.575,1459
809.694,1474
809.812,1434
809.931,1457
810.05,1452
810.169,1459
810.288,1456
810.406,1467
810.525,1482
810.644,1464
810.763,1449
810.882,1451
811.0,1441
811.119,1460
811.238,1419
811.357,1403
811.475,1431
811.594,1406
811.713,1471
811.832,1442
811.95,1434
812.069,1439
812.188,1478
812.307,1392
812.425,1447
812.544,1420
812.663,1441
812.782,1388
812.9,1417
813.019,1420
813.138,1421
813.257,1435
813.375,1453
813.494,1396
813.613,1400
813.731,1445
813.85,1430
813.969,1432
814.088,1394
814.206,1418
814.325,1421
814.444,1422
814.562,1439
814.681,1446
814.8,1394
814.918,1446
815.037,1431
815.156,1424
815.274,1403
815.393,1416
815.512,1442
815.631,1428
815.749,1404
815.868,1407
815.987,1393
816.105,1415
816.224,1403
816.343,1411
816.461,1442
816.58,1416
816.698,1427
816.817,1372
816.936,1378
817.055,1426
817.173,1434
817.292,1403
817.41,1422
817.529,1396
817.648,1410
817.766,1403
817.885,1428
818.004,1396
818.122,1388
818.241,1424
818.359,1404
818.478,1397
818.597,1382
818.715,1402
818.834,1406
818.953,1388
819.071,1341
819.19,1348
819.308,1395
819.427,1356
819.546,1362
819.664,1348
819.783,1361
819.901,1390
820.02,1347
820.138,1387
820.257,1362
820.376,1347
820.494,1352
820.613,1321
820.731,1338
820.85,1345
820.969,1377
821.087,1326
821.206,1387
821.324,1334
821.443,1355
821.561,1376
821.68,1340
821.798,1376
821.917,1341
822.035,1328
822.154,1317
822.273,1355
822.391,1380
822.51,1351
822.628,1342
822.747,1295
822.865,1348
822.984,1365
823.102,1373
823.221,1370
823.339,1348
823.458,1339
823.576,1319
823.695,1361
823.813,1329
823.932,1363
824.05,1339
824.169,1380
824.287,1345
824.406,1310
824.524,1325
824.643,1344
824.761,1337
824.88,1293
824.998,1305
825.117,1333
825.235,1313
825.354,1346
825.472,1341
825.591,1306
825.709,1326
825.828,1322
825.946,1327
826.064,1370
826.183,1320
826.301,1349
826.42,1309
826.538,1337
826.657,1327
826.775,1310
826.894,1332
827.012,1303
827.13,1335
827.249,1349
827.367,1329
827.486,1341
827.604,1328
827.723,1340
827.841,1274
827.959,1343
828.078,1271
828.196,1280
828.315,1270
828.433,1340
828.552,1307
828.67,1293
828.788,1295
828.907,1297
829.025,1327
829.143,1326
829.262,1282
829.38,1303
829.499,1310
829.617,1335
829.735,1364
829.854,1305
829.972,1306
830.091,1284
830.209,1305
830.327,1291
830.446,1311
830.564,1300
830.682,1245
830.801,1281
830.919,1330
831.037,1308
831.156,1296
831.274,1314
831.392,1259
831.511,1324
831.629,1310
831.747,1293
831.866,1293
831.984,1321
832.102,1315
832.221,1274
832.339,1334
832.457,1304
832.576,1323
832.694,1282
832.812,1303
832.93,1334
833.049,1320
833.167,1331
833.285,1288
833.404,1319
833.522,1306
833.64,1301
833.759,1274
833.877,1271
833.995,1329
834.113,1327
834.232,1289
834.35,1342
834.468,1275
834.586,1296
834.705,1286
834.823,1274
834.941,1278
835.059,1323
835.178,1277
835.296,1315
835.414,1312
835.532,1299
835.651,1267
835.769,1305
835.887,1279
836.005,1312
836.124,1331
836.242,1308
836.36,1315
836.478,1315
836.596,1309
836.715,1248
836.833,1314
836.951,1262
837.069,1281
837.188,1256
837.306,1290
837.424,1271
837.542,1306
837.66,1265
837.779,1314
837.897,1301
838.015,1278
838.133,1270
838.251,1293
838.369,1290
838.487,1311
838.606,1309
838.724,1331
838.842,1279
838.96,1269
839.078,1281
839.196,1286
839.315,1312
839.433,1298
839.551,1278
839.669,1249
839.787,1311
839.905,1243
840.023,1299
840.142,1312
840.26,1242
840.378,1292
840.496,1276
840.614,1331
840.732,1283
840.85,1291
840.968,1330
841.087,1273
841.205,1261
841.323,1320
841.441,1261
841.559,1297
841.677,1293
841.795,1275
841.913,1266
842.031,1261
842.149,1274
842.267,1265
842.385,1234
842.504,1256
842.622,1286
842.74,1271
842.858,1297
842.976,1279
843.094,1283
843.212,1250
843.33,1263
843.448,1304
843.566,1249
843.684,1279
843.802,1283
843.92,1286
844.038,1279
844.156,1263
844.274,1276
844.392,1261
844.51,1305
844.628,1256
844.746,1248
844.864,1300
844.982,1291
845.1,1301
845.218,1245
845.336,1287
845.454,1257
845.572,1236
845.69,1292
845.808,1272
845.926,1274
846.044,1260
846.162,1263
846.28,1277
846.398,1286
846.516,1300
846.634,1262
846.752,1309
846.87,1278
846.988,1269
847.106,1282
847.224,1286
847.342,1274
847.46,1265
847.578,1273
847.696,1221
847.814,1244
847.932,1289
848.05,1298
848.168,1258
848.285,1268
848.403,1301
848.521,1259
848.639,1308
848.757,1292
848.875,1299
848.993,1231
849.111,1328
849.229,1275
849.347,1245
849.465,1300
849.582,1249
849.7,1289
849.818,1277
849.936,1258
850.054,1305
850.172,1253
850.29,1295
850.408,1242
850.525,1292
850.643,1269
850.761,1260
850.879,1253
850.997,1291
851.115,1257
851.233,1285
851.35,1286
851.468,1293
851.586,1275
851.704,1230
851.822,1279
851.94,1298
852.057,1314
852.175,1274
852.293,1249
852.411,1254
852.529,1269
852.647,1276
852.764,1296
852.882,1305
853.0,1295
853.118,1286
853.236,1319
853.353,1301
853.471,1306
853.589,1299
853.707,1257
853.824,1263
853.942,1272
854.06,1247
854.178,1309
854.296,1263
854.413,1313
854.531,1291
854.649,1287
854.767,1289
854.884,1280
855.002,1234
855.12,1277
855.238,1245
855.355,1302
855.473,1270
855.591,1313
855.708,1272
855.826,1290
855.944,1267
856.062,1319
856.179,1269
856.297,1275
856.415,1281
856.532,1274
856.65,1252
856.768,1300
856.886,1293
857.003,1258
857.121,1292
857.239,1273
857.356,1261
857.474,1294
857.592,1270
857.709,1251
857.827,1277
857.945,1272
858.062,1258
858.18,1280
858.298,1232
858.415,1274
858.533,1284
858.651,1306
858.768,1292
858.886,1237
859.003,1278
859.121,1279
859.239,1288
859.356,1260
859.474,1262
859.592,1264
859.709,1285
859.827,1315
859.944,1284
860.062,1299
860.18,1282
860.297,1302
860.415,1309
860.532,1288
860.65,1307
860.768,1299
860.885,1271
861.003,1286
861.12,1282
861.238,1316
861.356,1238
861.473,1266
861.591,1293
861.708,1270
861.826,1314
861.943,1254
862.061,1313
862.178,1290
862.296,1300
862.414,1307
862.531,1284
862.649,1274
862.766,1284
862.884,1257
863.001,1286
863.119,1230
863.236,1303
863.354,1264
863.471,1288
863.589,1270
863.706,1289
863.824,1287
863.941,1273
864.059,1287
864.176,1300
864.294,1285
864.411,1261
864.529,1258
864.646,1259
864.764,1303
864.881,1245
864.999,1253
865.116,1298
865.233,1267
865.351,1340
865.468,1325
865.586,1301
865.703,1274
865.821,1230
865.938,1315
866.056,1294
866.173,1266
866.29,1273
866.408,1264
866.525,1287
866.643,1265
866.76,1252
866.878,1298
866.995,1316
867.112,1298
867.23,1302
867.347,1290
867.465,1238
867.582,1293
867.699,1252
867.817,1277
867.934,1292
868.051,1298
868.169,1284
868.286,1265
868.404,1245
868.521,1287
868.638,1270
868.756,1280
868.873,1237
868.99,1283
869.108,1311
869.225,1323
869.342,1272
869.46,1261
869.577,1312
869.694,1307
869.812,1298
869.929,1268
870.046,1270
870.164,1257
870.281,1263
870.398,1277
870.516,1286
870.633,1230
870.75,1284
870.867,1298
870.985,1270
871.102,1318
871.219,1274
871.337,1286
871.454,1299
871.571,1273
871.688,1266
871.806,1288
871.923,1307
872.04,1305
872.157,1289
872.275,1277
872.392,1336
872.509,1265
872.626,1294
872.744,1295
872.861,1289
872.978,1324
873.095,1272
873.213,1300
873.33,1303
873.447,1291
873.564,1345
873.681,1291
873.799,1292
873.916,1289
874.033,1302
874.15,1320
874.267,1284
874.385,1272
874.502,1264
874.619,1292
874.736,1235
874.853,1305
874.97,1301
875.088,1296
875.205,1270
875.322,1232
875.439,1288
875.556,1267
875.673,1291
875.791,1331
875.908,1324
876.025,1323
876.142,1256
876.259,1306
876.376,1284
876.493,1305
876.61,1276
876.728,1285
876.845,1285
876.962,1304
877.079,1305
877.196,1268
877.313,1308
877.43,1242
877.547,1311
877.664,1297
877.781,1316
877.898,1322
878.016,1309
878.133,1291
878.25,1315
878.367,1290
878.484,1306
878.601,1319
878.718,1272
878.835,1297
878.952,1284
879.069,1294
879.186,1326
879.303,1252
879.42,1329
879.537,1302
879.654,1232
879.771,1304
879.888,1265
880.005,1323
880.122,1270
880.239,1270
880.356,1286
880.473,1301
880.59,1306
880.707,1330
880.824,1309
880.941,1318
881.058,1278
881.175,1332
881.292,1288
881.409,1314
881.526,1296
881.643,1286
881.76,1262
881.877,1297
881.994,1288
882.111,1315
882.228,1267
882.345,1347
882.462,1294
882.579,1299
882.696,1324
882.812,1319
882.929,1296
883.046,1266
883.163,1333
883.28,1297
883.397,1286
883.514,1301
883.631,1310
883.748,1287
883.865,1309
883.982,1320
884.098,1316
884.215,1339
884.332,1287
884.449,1311
884.566,1354
884.683,1315
884.8,1345
884.916,1309
885.033,1334
885.15,1358
885.267,1327
885.384,1310
885.501,1292
885.617,1329
885.734,1369
885.851,1293
885.968,1295
886.085,1313
886.202,1355
886.318,1302
886.435,1309
886.552,1326
886.669,1281
886.786,1317
886.902,1351
887.019,1288
887.136,1337
887.253,1362
887.369,1309
887.486,1331
887.603,1298
887.72,1324
887.837,1302
887.953,1366
888.07,1266
888.187,1333
888.304,1333
888.42,1328
888.537,1290
888.654,1336
888.77,1327
888.887,1279
889.004,1291
889.121,1310
889.237,1292
889.354,1376
889.471,1328
889.587,1314
889.704,1334
889.821,1343
889.938,1339
890.054,1341
890.171,1348
890.288,1328
890.404,1316
890.521,1351
890.638,1328
890.754,1334
890.871,1326
890.988,1314
891.104,1316
891.221,1357
891.337,1317
891.454,1336
891.571,1365
891.687,1322
891.804,1309
891.921,1346
892.037,1382
892.154,1332
892.27,1301
892.387,1371
892.504,1369
892.62,1318
892.737,1316
892.854,1372
892.97,1340
893.087,1316
893.203,1359
893.32,1321
893.436,1331
893.553,1376
893.67,1361
893.786,1336
893.903,1346
894.019,1401
894.136,1324
894.252,1373
894.369,1356
894.485,1334
894.602,1377
894.718,1370
894.835,1363
894.951,1354
895.068,1343
895.184,1341
895.301,1315
895.417,1309
895.534,1341
895.65,1341
895.767,1315
895.883,1352
896.0,1331
896.116,1356
896.233,1319
896.349,1358
896.466,1357
896.582,1349
896.699,1367
896.815,1298
896.932,1377
897.048,1320
897.165,1360
897.281,1328
897.397,1353
897.514,1362
897.63,1341
897.747,1358
897.863,1352
897.979,1315
898.096,1366
898.212,1353
898.329,1373
898.445,1304
898.561,1351
898.678,1370
898.794,1357
898.911,1344
899.027,1329
899.143,1366
899.26,1348
899.376,1335
899.492,1351
899.609,1365
899.725,1378
899.842,1341
899.958,1366
900.074,1333
900.191,1353
900.307,1356
900.423,1377
900.539,1386
900.656,1329
900.772,1353
900.888,1381
901.005,1354
901.121,1365
901.237,1316
901.354,1396
901.47,1354
901.586,1363
901.703,1336
901.819,1363
901.935,1378
902.051,1378
902.168,1379
902.284,1368
902.4,1352
902.516,1382
902.633,1366
902.749,1373
902.865,1378
902.981,1343
903.098,1335
903.214,1348
903.33,1392
903.446,1366
903.562,1413
903.679,1354
903.795,1378
903.911,1400
904.027,1355
904.143,1396
904.26,1351
904.376,1378
904.492,1372
904.608,1357
904.724,1316
904.841,1332
904.957,1329
905.073,1363
905.189,1361
905.305,1356
905.421,1386
905.538,1375
905.654,1376
905.77,1386
905.886,1427
906.002,1329
906.118,1387
906.234,1333
906.35,1401
906.466,1390
906.583,1402
906.699,1334
906.815,1377
906.931,1361
907.047,1390
907.163,1381
907.279,1379
907.395,1377
907.511,1371
907.627,1369
907.743,1388
907.859,1378
907.976,1379
908.092,1380
908.208,1341
908.324,1378
908.44,1361
908.556,1387
908.672,1371
908.788,1405
908.904,1377
909.02,1385
909.136,1386
909.252,1377
909.368,1381
909.484,1424
909.6,1342
909.716,1413
909.832,1385
909.948,1324
910.064,1388
910.18,1417
910.296,1410
910.412,1405
910.528,1363
910.644,1370
910.76,1389
910.875,1373
910.991,1428
911.107,1400
911.223,1451
911.339,1399
911.455,1366
911.571,1411
911.687,1402
911.803,1401
911.919,1397
912.035,1347
912.151,1408
912.267,1384
912.382,1389
912.498,1358
912.614,1392
912.73,1357
912.846,1361
792.446,1622
792.565,1604
792.684,1627
792.803,1629
792.922,1613
793.041,1586
793.16,1569
793.279,1624
793.398,1591
793.518,1571
793.637,1562
793.756,1539
793.875,1547
793.994,1561
794.113,1576
794.232,1577
794.351,1542
794.47,1552
794.589,1575
794.708,1555
794.827,1502
794.946,1535
795.066,1525
795.185,1527
795.304,1546
795.423,1544
795.542,1483
795.661,1552
795.78,1500
795.899,1508
796.018,1527
796.137,1535
796.256,1503
796.375,1506
796.494,1518
796.613,1540
796.732,1495
796.851,1488
796.97,1521
797.089,1433
797.208,1540
797.327,1526
797.446,1490
797.565,1525
797.684,1484
797.803,1503
797.922,1516
798.041,1514
798.16,1470
798.279,1479
798.398,1470
798.517,1496
798.636,1464
798.755,1531
798.874,1465
798.993,1527
799.112,1531
799.231,1499
799.35,1448
799.469,1498
799.588,1522
799.707,1467
799.826,1516
799.945,1468
800.064,1494
800.183,1507
800.302,1443
800.421,1496
800.54,1482
800.659,1447
800.778,1528
800.897,1490
801.016,1506
801.135,1441
801.254,1508
801.373,1455
801.492,1492
801.611,1461
801.729,1476
801.848,1442
801.967,1466
802.086,1470
802.205,1512
802.324,1439
802.443,1488
802.562,1490
802.681,1497
802.8,1474
802.919,1446
803.038,1460
803.157,1499
803.276,1439
803.394,1440
803.513,1498
803.632,1450
803.751,1470
803.87,1496
803.989,1452
804.108,1481
804.227,1456
804.346,1489
804.465,1464
804.583,1456
804.702,1454
804.821,1471
804.94,1441
805.059,1473
805.178,1477
805.297,1486
805.416,1490
805.535,1492
805.653,1477
805.772,1447
805.891,1451
806.01,1438
806.129,1492
806.248,1466
806.367,1483
806.485,1458
806.604,1435
806.723,1478
806.842,1464
806.961,1430
807.08,1481
807.198,1427
807.317,1463
807.436,1446
807.555,1482
807.674,1430
807.793,1483
807.912,1498
808.03,1450
808.149,1475
808.268,1444
808.387,1464
808.506,1439
808.624,1478
808.743,1453
808.862,1435
808.981,1456
809.1,1449
809.219,1429
809.337,1413
809.456,1452
809.575,1446
809.694,1455
809.812,1409
809.931,1431
810.05,1458
810.169,1430
810.288,1463
810.406,1459
810.525,1449
810.644,1440
810.763,1426
810.882,1449
811.0,1491
811.119,1454
811.238,1434
811.357,1439
811.475,1478
811.594,1427
811.713,1443
811.832,1447
811.95,1456
812.069,1465
812.188,1450
812.307,1437
812.425,1397
812.544,1443
812.663,1429
812.782,1407
812.9,1400
813.019,1445
813.138,1447
813.257,1426
813.375,1460
813.494,1432
813.613,1469
813.731,1433
813.85,1405
813.969,1429
814.088,1416
814.206,1432
814.325,1389
814.444,1412
814.562,1436
814.681,1433
814.8,1425
814.918,1447
815.037,1456
815.156,1450
815.274,1426
815.393,1429
815.512,1436
815.631,1486
815.749,1413
815.868,1405
815.987,1399
816.105,1403
816.224,1408
816.343,1450
816.461,1436
816.58,1397
816.698,1433
816.817,1461
816.936,1400
817.055,1399
817.173,1401
817.292,1427
817.41,1410
817.529,1378
817.648,1402
817.766,1416
817.885,1408
818.004,1404
818.122,1371
818.241,1393
818.359,1431
818.478,1355
818.597,1350
818.715,1404
818.834,1337
818.953,1374
819.071,1361
819.19,1401
819.308,1368
819.427,1378
819.546,1369
819.664,1359
819.783,1397
819.901,1384
820.02,1329
820.138,1371
820.257,1405
820.376,1411
820.494,1410
820.613,1371
820.731,1356
820.85,1382
820.969,1424
821.087,1331
821.206,1393
821.324,1386
821.443,1365
821.561,1341
821.68,1330
821.798,1365
821.917,1325
822.035,1369
822.154,1379
822.273,1357
822.391,1344
822.51,1352
822.628,1364
822.747,1346
822.865,1319
822.984,1358
823.102,1359
823.221,1357
823.339,1356
823.458,1340
823.576,1349
823.695,1327
823.813,1371
823.932,1357
824.05,1309
824.169,1378
824.287,1344
824.406,1363
824.524,1298
824.643,1358
824.761,1350
824.88,1365
824.998,1320
825.117,1312
825.235,1348
825.354,1351
825.472,1360
825.591,1307
825.709,1348
825.828,1337
825.946,1313
826.064,1325
826.183,1331
826.301,1331
826.42,1343
826.538,1339
826.657,1374
826.775,1384
826.894,1341
827.012,1319
827.13,1330
827.249,1326
827.367,1332
827.486,1354
827.604,1311
827.723,1326
827.841,1288
827.959,1349
828.078,1339
828.196,1319
828.315,1282
828.433,1329
828.552,1353
828.67,1311
828.788,1340
828.907,1308
829.025,1276
829.143,1321
829.262,1298
829.38,1291
829.499,1310
829.617,1288
829.735,1323
829.854,1307
829.972,1299
830.091,1323
830.209,1326
830.327,1323
830.446,1318
830.564,1327
830.682,1325
830.801,1304
830.919,1328
831.037,1332
831.156,1306
831.274,1331
831.392,1299
831.511,1326
831.629,1313
831.747,1334
831.866,1305
831.984,1288
832.102,1346
832.221,1290
832.339,1305
832.457,1318
832.576,1299
832.694,1310
832.812,1262
832.93,1295
833.049,1260
833.167,1303
833.285,1288
833.404,1338
833.522,1324
833.64,1303
833.759,1294
833.877,1297
833.995,1328
834.113,1287
834.232,1329
834.35,1269
834.468,1316
834.586,1362
834.705,1301
834.823,1296
834.941,1333
835.059,1278
835.178,1302
835.296,1344
835.414,1340
835.532,1297
835.651,1327
835.769,1272
835.887,1297
836.005,1309
836.124,1232
836.242,1317
836.36,1297
836.478,1284
836.596,1335
836.715,1289
836.833,1306
836.951,1325
837.069,1314
837.188,1300
837.306,1294
837.424,1292
837.542,1280
837.66,1322
837.779,1293
837.897,1294
838.015,1310
838.133,1277
838.251,1339
838.369,1299
838.487,1331
838.606,1332
838.724,1293
838.842,1305
838.96,1319
839.078,1311
839.196,1288
839.315,1312
839.433,1282
839.551,1284
839.669,1271
839.787,1270
839.905,1295
840.023,1282
840.142,1296
840.26,1310
840.378,1316
840.496,1298
840.614,1314
840.732,1307
840.85,1306
840.968,1277
841.087,1301
841.205,1261
841.323,1290
841.441,1293
841.559,1307
841.677,1297
841.795,1241
841.913,1277
842.031,1283
842.149,1304
842.267,1280
842.385,1310
842.504,1278
842.622,1293
842.74,1271
842.858,1238
842.976,1304
843.094,1295
843.212,1240
843.33,1285
843.448,1293
843.566,1276
843.684,1240
843.802,1297
843.92,1266
844.038,1294
844.156,1282
844.274,1303
844.392,1298
844.51,1312
844.628,1283
844.746,1295
844.864,1314
844.982,1302
845.1,1286
845.218,1336
845.336,1280
845.454,1291
845.572,1277
845.69,1278
845.808,1277
845.926,1286
846.044,1264
846.162,1304
846.28,1304
846.398,1278
846.516,1294
846.634,1281
846.752,1246
846.87,1284
846.988,1270
847.106,1276
847.224,1312
847.342,1320
847.46,1286
847.578,1249
847.696,1289
847.814,1260
847.932,1274
848.05,1280
848.168,1283
848.285,1302
848.403,1271
848.521,1302
848.639,1275
848.757,1304
848.875,1245
848.993,1287
849.111,1253
849.229,1241
849.347,1270
849.465,1284
849.582,1289
849.7,1275
849.818,1269
849.936,1317
850.054,1254
850.172,1253
850.29,1294
850.408,1260
850.525,1268
850.643,1256
850.761,1290
850.879,1298
850.997,1308
851.115,1294
851.233,1261
851.35,1308
851.468,1329
851.586,1298
851.704,1286
851.822,1310
851.94,1287
852.057,1302
852.175,1286
852.293,1287
852.411,1311
852.529,1306
852.647,1302
852.764,1277
852.882,1277
853.0,1310
853.118,1268
853.236,1310
853.353,1293
853.471,1288
853.589,1270
853.707,1265
853.824,1299
853.942,1326
854.06,1255
854.178,1298
854.296,1271
854.413,1295
854.531,1269
854.649,1240
854.767,1295
854.884,1289
855.002,1285
855.12,1278
855.238,1269
855.355,1298
855.473,1275
855.591,1281
855.708,1250
855.826,1309
855.944,1286
856.062,1287
856.179,1285
856.297,1273
856.415,1303
856.532,1289
856.65,1289
856.768,1315
856.886,1279
857.003,1309
857.121,1314
857.239,1290
857.356,1283
857.474,1278
857.592,1287
857.709,1271
857.827,1315
857.945,1257
858.062,1278
858.18,1317
858.298,1251
858.415,1306
858.533,1292
858.651,1312
858.768,1321
858.886,1283
859.003,1322
859.121,1249
859.239,1304
859.356,1279
859.474,1282
859.592,1293
859.709,1291
859.827,1249
859.944,1280
860.062,1249
860.18,1266
860.297,1284
860.415,1291
860.532,1289
860.65,1278
860.768,1296
860.885,1299
861.003,1285
861.12,1311
861.238,1270
861.356,1319
861.473,1311
861.591,1318
861.708,1296
861.826,1275
861.943,1294
862.061,1292
862.178,1279
862.296,1317
862.414,1332
862.531,1255
862.649,1325
862.766,1252
862.884,1302
863.001,1288
863.119,1290
863.236,1279
863.354,1317
863.471,1283
863.589,1272
863.706,1307
863.824,1267
863.941,1293
864.059,1274
864.176,1289
864.294,1324
864.411,1277
864.529,1266
864.646,1303
864.764,1301
864.881,1304
864.999,1287
865.116,1281
865.233,1276
865.351,1311
865.468,1250
865.586,1263
865.703,1320
865.821,1337
865.938,1312
866.056,1263
866.173,1328
866.29,1282
866.408,1284
866.525,1267
866.643,1292
866.76,1305
866.878,1275
866.995,1312
867.112,1310
867.23,1235
867.347,1235
867.465,1283
867.582,1296
867.699,1279
867.817,1316
867.934,1295
868.051,1292
868.169,1312
868.286,1295
868.404,1300
868.521,1265
868.638,1295
868.756,1294
868.873,1301
868.99,1297
869.108,1244
869.225,1264
869.342,1291
869.46,1290
869.577,1320
869.694,1271
869.812,1265
869.929,1291
870.046,1273
870.164,1298
870.281,1296
870.398,1289
870.516,1322
870.633,1310
870.75,1310
870.867,1288
870.985,1288
871.102,1286
871.219,1314
871.337,1278
871.454,1284
871.571,1291
871.688,1272
871.806,1291
871.923,1330
872.04,1274
872.157,1287
872.275,1316
872.392,1276
872.509,1295
872.626,1292
872.744,1300
872.861,1273
872.978,1289
873.095,1281
873.213,1294
873.33,1270
873.447,1278
873.564,1312
873.681,1291
873.799,1266
873.916,1320
874.033,1302
874.15,1292
874.267,1252
874.385,1302
874.502,1290
874.619,1251
874.736,1280
874.853,1318
874.97,1334
875.088,1243
875.205,1337
875.322,1326
875.439,1280
875.556,1321
875.673,1318
875.791,1311
875.908,1294
876.025,1281
876.142,1326
876.259,1289
876.376,1314
876.493,1303
876.61,1305
876.728,1270
876.845,1324
876.962,1313
877.079,1321
877.196,1330
877.313,1289
877.43,1301
877.547,1316
877.664,1285
877.781,1295
877.898,1299
878.016,1298
878.133,1293
878.25,1315
878.367,1291
878.484,1311
878.601,1286
878.718,1312
878.835,1289
878.952,1283
879.069,1314
879.186,1352
879.303,1264
879.42,1328
879.537,1313
879.654,1302
879.771,1290
879.888,1294
880.005,1299
880.122,1271
880.239,1289
880.356,1305
880.473,1292
880.59,1307
880.707,1307
880.824,1320
880.941,1337
881.058,1290
881.175,1293
881.292,1300
881.409,1289
881.526,1280
881.643,1346
881.76,1319
881.877,1323
881.994,1295
882.111,1311
882.228,1302
882.345,1326
882.462,1305
882.579,1311
882.696,1307
882.812,1276
882.929,1326
883.046,1311
883.163,1295
883.28,1302
883.397,1334
883.514,1306
883.631,1297
883.748,1321
883.865,1299
883.982,1313
884.098,1280
884.215,1311
884.332,1319
884.449,1338
884.566,1332
884.683,1282
884.8,1340
884.916,1316
885.033,1353
885.15,1342
885.267,1334
885.384,1312
885.501,1357
885.617,1311
885.734,1308
885.851,1322
885.968,1337
886.085,1333
886.202,1331
886.318,1316
886.435,1335
886.552,1324
886.669,1332
886.786,1351
886.902,1343
887.019,1342
887.136,1352
887.253,1320
887.369,1364
887.486,1318
887.603,1322
887.72,1306
887.837,1306
887.953,1353
888.07,1317
888.187,1357
888.304,1306
888.42,1325
888.537,1346
888.654,1338
888.77,1293
888.887,1331
889.004,1345
889.121,1323
889.237,1338
889.354,1320
889.471,1371
889.587,1327
889.704,1369
889.821,1313
889.938,1329
890.054,1344
890.171,1319
890.288,1333
890.404,1322
890.521,1368
890.638,1296
890.754,1367
890.871,1366
890.988,1306
891.104,1326
891.221,1389
891.337,1326
891.454,1345
891.571,1341
891.687,1350
891.804,1384
891.921,1319
892.037,1342
892.154,1400
892.27,1359
892.387,1334
892.504,1370
892.62,1315
892.737,1336
892.854,1348
892.97,1321
893.087,1372
893.203,1344
893.32,1330
893.436,1338
893.553,1309
893.67,1357
893.786,1370
893.903,1325
894.019,1368
894.136,1311
894.252,1350
894.369,1354
894.485,1329
894.602,1360
894.718,1380
894.835,1380
894.951,1375
895.068,1347
895.184,1395
895.301,1383
895.417,1350
895.534,1348
895.65,1345
895.767,1357
895.883,1377
896.0,1380
896.116,1365
896.233,1370
896.349,1345
896.466,1359
896.582,1375
896.699,1352
896.815,1356
896.932,1357
897.048,1357
897.165,1372
897.281,1381
897.397,1369
897.514,1395
897.63,1374
897.747,1375
897.863,1357
897.979,1363
898.096,1317
898.212,1331
898.329,1368
898.445,1370
898.561,1388
898.678,1366
898.794,1373
898.911,1320
899.027,1381
899.143,1401
899.26,1373
899.376,1324
899.492,1352
899.609,1380
899.725,1396
899.842,1356
899.958,1365
900.074,1404
900.191,1388
900.307,1360
900.423,1385
900.539,1341
900.656,1400
900.772,1412
900.888,1375
901.005,1328
901.121,1367
901.237,1349
901.354,1371
901.47,1330
901.586,1382
901.703,1410
901.819,1341
901.935,1412
902.051,1360
902.168,1365
902.284,1406
902.4,1343
902.516,1387
902.633,1392
902.749,1360
902.865,1401
902.981,1357
903.098,1398
903.214,1357
903.33,1412
903.446,1399
903.562,1391
903.679,1431
903.795,1369
903.911,1381
904.027,1382
904.143,1393
904.26,1362
904.376,1374
904.492,1373
904.608,1385
904.724,1371
904.841,1371
904.957,1397
905.073,1379
905.189,1362
905.305,1416
905.421,1373
905.538,1410
905.654,1386
905.77,1376
905.886,1344
906.002,1435
906.118,1378
906.234,1360
906.35,1422
906.466,1380
906.583,1395
906.699,1429
906.815,1369
906.931,1434
907.047,1376
907.163,1413
907.279,1385
907.395,1388
907.511,1376
907.627,1396
907.743,1372
907.859,1415
907.976,1412
908.092,1387
908.208,1385
908.324,1382
908.44,1360
908.556,1379
908.672,1365
908.788,1348
908.904,1381
909.02,1383
909.136,1403
909.252,1375
909.368,1390
909.484,1419
909.6,1401
909.716,1435
909.832,1427
909.948,1407
910.064,1421
910.18,1395
910.296,1430
910.412,1405
910.528,1404
910.644,1380
910.76,1397
910.875,1399
910.991,1454
911.107,1434
911.223,1408
911.339,1383
911.455,1401
911.571,1415
911.687,1348
911.803,1412
911.919,1381
912.035,1421
912.151,1410
912.267,1464
912.382,1431
912.498,1367
912.614,1402
912.73,1405
912.846,1412
