792.44574,2131
792.56488,2139
792.68396,2165
792.80304,2156
792.92218,2044
793.041199,2107
793.160339,2076
793.279419,2047
793.398499,2060
793.517578,2024
793.636658,1992
793.755737,2037
793.874817,2037
793.993896,2019
794.112976,1997
794.232056,1946
794.351074,1972
794.470215,1982
794.589233,1955
794.708313,1983
794.827393,1936
794.946411,1937
795.065552,1895
795.18457,1958
795.303589,1980
795.422668,1912
795.541687,1968
795.660767,1898
795.779846,1894
795.898865,1915
796.017883,1936
796.136963,1911
796.255981,1890
796.375061,1901
796.49408,1905
796.613037,1880
796.732117,1883
796.851135,1919
796.970154,1873
797.089233,1910
797.208191,1837
797.327271,1858
797.446228,1875
797.565186,1885
797.684265,1817
797.803223,1847
797.922241,1890
798.04126,1865
798.160278,1893
798.279297,1893
798.398315,1893
798.517273,1834
798.636292,1886
798.75531,1863
798.874268,1837
798.993286,1853
799.112244,1861
799.231323,1870
799.350281,1876
799.469238,1868
799.588257,1908
799.707153,1844
799.826111,1891
799.945129,1850
800.064087,1874
800.183044,1873
800.302063,1884
800.421021,1891
800.539978,1857
800.658936,1856
800.777893,1892
800.896912,1858
801.015747,1885
801.134705,1894
801.253723,1892
801.37262,1885
801.491638,1870
801.610535,1882
801.729492,1877
801.84845,1859
801.967407,1881
802.086243,1886
802.205261,1874
802.324158,1885
802.443115,1896
802.562073,1907
802.680969,1935
802.799927,1889
802.918762,1874
803.037659,1914
803.156677,1919
803.275574,1876
803.39447,1900
803.513428,1861
803.632263,1950
803.751221,1954
803.870117,1877
803.989014,1885
804.107971,1895
804.226746,1972
804.345642,1934
804.4646,1916
804.583496,1930
804.702393,1947
804.821228,1936
804.940125,1949
805.059021,1953
805.177917,1932
805.296814,1945
805.415649,1967
805.534546,1992
805.653442,1948
805.772278,1935
805.891113,1974
806.01001,1963
806.128906,1970
806.247742,1977
806.366577,1983
806.485413,2010
806.604309,1975
806.723145,2009
806.84198,1961
806.960876,2016
807.079712,2004
807.198486,2004
807.317383,1982
807.436218,2014
807.554993,2000
807.673889,2009
807.792725,1981
807.91156,2007
808.030396,2009
808.14917,2025
808.268005,1997
808.386841,2016
808.505676,2019
808.624451,1981
808.743286,2022
808.862122,2048
808.980896,2012
809.099731,2025
809.218506,2041
809.337341,2025
809.456116,2070
809.57489,2033
809.693726,2031
809.8125,2062
809.931274,2007
810.050049,2042
810.168884,2089
810.287659,2063
810.406372,2036
810.525269,2040
810.643982,2046
810.762756,2035
810.881531,2089
811.000305,2060
811.11908,2058
811.237854,2001
811.356567,2088
811.475403,2034
811.594116,2019
811.71283,2061
811.831604,1981
811.950378,2127
812.069153,2087
812.187927,2014
812.30658,2070
812.425415,2061
812.544128,2073
812.662781,2061
812.781616,2039
812.900269,2092
813.019043,2060
813.137756,2025
813.256531,2026
813.375244,2081
813.493896,2051
813.612671,2047
813.731384,2026
813.850037,2082
813.96875,2019
814.087524,2024
814.206238,2021
814.324951,2064
814.443604,2014
814.562256,2032
814.68103,1995
814.799683,2054
814.918335,2022
815.037109,2017
815.155762,2022
815.274475,1979
815.393188,1955
815.511841,2002
815.630554,1957
815.749146,1972
815.867859,1938
815.986572,1960
816.105164,1981
816.223877,1968
816.342529,1952
816.461182,1978
816.579895,2058
816.698486,1996
816.817139,2022
816.935791,2010
817.054504,1971
817.173096,2007
817.291748,2005
817.4104,1968
817.529053,1905
817.647644,1861
817.766235,1875
817.884949,1813
818.00354,1736
818.122192,1759
818.240845,1753
818.359436,1696
818.478088,1691
818.59668,1644
818.715271,1696
818.833923,1630
818.952515,1606
819.071106,1597
819.189758,1583
819.30835,1555
819.426941,1572
819.545532,1538
819.664124,1515
819.782715,1550
819.901306,1529
820.019897,1558
820.138489,1486
820.25708,1480
820.375671,1462
820.494202,1500
820.612732,1468
820.731384,1468
820.849915,1469
820.968506,1475
821.087097,1468
821.205627,1467
821.324158,1493
821.442749,1468
821.561279,1456
821.679871,1421
821.798401,1400
821.916931,1466
822.035461,1412
822.154053,1508
822.272583,1414
822.391174,1397
822.509583,1429
822.628174,1433
822.746704,1400
822.865234,1422
822.983765,1422
823.102295,1447
823.220825,1436
823.339294,1435
823.457825,1419
823.576355,1379
823.694824,1422
823.813354,1430
823.931885,1495
824.050354,1479
824.168884,1429
824.287354,1448
824.405823,1440
824.524353,1406
824.642822,1468
824.761353,1508
824.879822,1493
824.998291,1437
825.116699,1413
825.235291,1408
825.353699,1428
825.472168,1405
825.590637,1412
825.709106,1435
825.827576,1356
825.946045,1412
826.064453,1391
826.182983,1397
826.301392,1360
826.4198,1340
826.53833,1389
826.656738,1365
826.775208,1382
826.893677,1326
827.012024,1358
827.130493,1361
827.248962,1355
827.36731,1314
827.485779,1335
827.604248,1374
827.722595,1357
827.841064,1334
827.959412,1353
828.077942,1309
828.196289,1373
828.314636,1327
828.433105,1338
828.551514,1328
828.669861,1344
828.78833,1352
828.906677,1325
829.025085,1336
829.143433,1317
829.261841,1326
829.38031,1332
829.498657,1337
829.617004,1364
829.735413,1293
829.85376,1328
829.972107,1314
830.090515,1355
830.208862,1330
830.327209,1333
830.445557,1330
830.563904,1331
830.682312,1309
830.800659,1310
830.919006,1326
831.037354,1318
831.155701,1318
831.274048,1331
831.392395,1301
831.51062,1354
831.629028,1318
831.747314,1318
831.865662,1326
831.984009,1327
832.102356,1357
832.220642,1336
832.338928,1328
832.457275,1331
832.575623,1362
832.693909,1291
832.812134,1342
832.930481,1326
833.048828,1330
833.167114,1325
833.2854,1324
833.403687,1309
833.521973,1355
833.640259,1293
833.758545,1344
833.876831,1327
833.995056,1329
834.113281,1310
834.231628,1336
834.349915,1308
834.468201,1349
834.586426,1332
834.704651,1341
834.822998,1320
834.941162,1322
835.059448,1318
835.177673,1343
835.295959,1309
835.414246,1335
835.53241,1334
835.650635,1322
835.768921,1320
835.887146,1379
836.005371,1350
836.123596,1370
836.241821,1345
836.360046,1362
836.478271,1392
836.596497,1386
836.714722,1374
836.832886,1372
836.95105,1362
837.069336,1376
837.1875,1390
837.305725,1379
837.423889,1363
837.542053,1396
837.660339,1376
837.778503,1375
837.896667,1414
838.014832,1378
838.132996,1388
838.25116,1384
838.369385,1373
838.487488,1389
838.605713,1342
838.723877,1431
838.84198,1364
838.960205,1346
839.078308,1392
839.196472,1391
839.314636,1363
839.4328,1371
839.550964,1330
839.669067,1370
839.787231,1389
839.905396,1362
840.023499,1348
840.141602,1355
840.259766,1366
840.377869,1352
840.495972,1353
840.614136,1363
840.732239,1350
840.850342,1329
840.968445,1355
841.086548,1350
841.204651,1350
841.322754,1311
841.440918,1327
841.55896,1358
841.677002,1362
841.795166,1367
841.913208,1352
842.031311,1299
842.149353,1308
842.267456,1286
842.385498,1330
842.503601,1305
842.621643,1294
842.739746,1286
842.857788,1347
842.97583,1278
843.093933,1267
843.211975,1322
843.330017,1274
843.44812,1317
843.566101,1264
843.684204,1262
843.802246,1298
843.920227,1279
844.038269,1292
844.156311,1321
844.274292,1297
844.392395,1323
844.510376,1276
844.628357,1318
844.74646,1270
844.864441,1332
844.982422,1282
845.100403,1320
845.218384,1308
845.336426,1272
845.454468,1329
845.572449,1286
845.69043,1278
845.808411,1268
845.926453,1279
846.044373,1261
846.162354,1264
846.280396,1293
846.398315,1279
846.516296,1298
846.634216,1270
846.752197,1318
846.870178,1277
846.988098,1226
847.106079,1290
847.22406,1267
847.34198,1293
847.4599,1329
847.577881,1235
847.695801,1274
847.813782,1285
847.931641,1267
848.049561,1291
848.167603,1276
848.285461,1288
848.403381,1312
848.521362,1274
848.639221,1276
848.75708,1266
848.875,1289
848.99292,1287
849.110901,1295
849.22876,1267
849.34668,1276
849.464539,1243
849.582458,1256
849.700317,1279
849.818176,1319
849.936096,1299
850.053955,1303
850.171875,1242
850.289673,1269
850.407593,1316
850.525452,1298
850.643311,1283
850.761169,1285
850.878967,1299
850.996887,1289
851.114746,1310
851.232544,1289
851.350403,1243
851.468262,1295
851.58606,1301
851.703979,1301
851.821777,1299
851.939636,1273
852.057434,1265
852.175232,1286
852.293091,1238
852.410889,1291
852.528687,1288
852.646545,1343
852.764343,1316
852.88208,1314
852.999939,1283
853.117676,1292
853.235535,1303
853.353271,1283
853.471069,1280
853.588928,1292
853.706604,1277
853.824402,1297
853.9422,1323
854.059998,1336
854.177734,1325
854.295532,1298
854.413269,1315
854.531006,1334
854.648804,1288
854.766541,1340
854.884277,1299
855.002014,1284
855.119751,1296
855.237549,1330
855.355225,1338
855.473022,1297
855.590698,1292
855.708435,1332
855.826172,1330
855.943848,1347
856.061646,1345
856.179321,1370
856.296997,1314
856.414795,1313
856.53241,1333
856.650085,1319
856.767822,1335
856.885559,1319
857.003174,1338
857.120911,1324
857.238586,1320
857.356201,1335
857.473938,1329
857.591614,1279
857.709351,1294
857.826965,1293
857.944641,1320
858.062317,1310
858.179993,1332
858.297668,1289
858.415283,1295
858.532959,1336
858.650574,1315
858.768188,1313
858.885803,1297
859.003479,1325
859.121094,1360
859.23877,1319
859.356384,1312
859.473999,1340
859.591675,1267
859.709229,1291
859.826843,1316
859.944458,1304
860.062012,1332
860.179626,1320
860.297302,1270
860.414856,1296
860.532471,1303
860.650024,1320
860.767639,1320
860.885193,1277
861.002808,1292
861.120361,1287
861.237976,1285
861.35553,1273
861.473022,1297
861.590698,1303
861.708191,1281
861.825745,1292
861.943298,1277
862.060852,1291
862.178406,1285
862.295959,1278
862.413513,1305
862.531006,1284
862.64856,1295
862.766113,1310
862.883667,1304
863.00116,1281
863.118713,1293
863.236206,1283
863.353699,1282
863.471252,1301
863.588745,1289
863.706177,1318
863.82373,1287
863.941162,1309
864.058716,1362
864.176208,1307
864.29364,1283
864.411194,1282
864.528687,1306
864.646118,1312
864.763611,1334
864.881042,1316
864.998535,1311
865.116028,1315
865.233459,1314
865.350891,1326
865.468384,1302
865.585754,1300
865.703308,1294
865.820679,1304
865.938171,1300
866.055542,1292
866.173035,1288
866.290466,1284
866.407837,1298
866.52533,1300
866.6427,1333
866.760071,1286
866.877563,1285
866.994934,1308
867.112305,1304
867.229736,1303
867.347107,1318
867.464539,1281
867.58197,1309
867.699341,1297
867.81665,1325
867.934082,1307
868.051453,1334
868.168823,1312
868.286194,1319
868.403564,1318
868.520935,1274
868.638306,1311
868.755676,1317
868.872986,1361
868.990295,1302
869.107727,1331
869.225037,1314
869.342346,1342
869.459717,1332
869.577026,1320
869.694336,1302
869.811707,1308
869.929016,1317
870.046326,1282
870.163635,1300
870.280945,1315
870.398254,1298
870.515564,1311
870.632812,1318
870.750183,1295
870.867432,1308
870.984741,1328
871.102051,1313
871.219299,1306
871.336609,1283
871.453918,1319
871.571106,1334
871.688416,1331
871.805664,1349
871.922852,1319
872.040222,1334
872.157471,1295
872.274719,1308
872.391968,1300
872.509155,1291
872.626465,1305
872.743652,1288
872.860962,1298
872.978149,1331
873.095337,1314
873.212646,1311
873.329834,1322
873.44696,1307
873.564209,1301
873.681396,1289
873.798645,1307
873.915894,1301
874.03302,1301
874.150208,1344
874.267456,1306
874.384583,1309
874.501831,1295
874.618958,1319
874.736145,1305
874.853333,1288
874.970459,1294
875.087646,1300
875.204834,1294
875.32196,1325
875.439148,1306
875.556274,1296
875.673401,1286
875.790527,1280
875.907715,1328
876.024841,1319
876.141968,1330
876.259094,1297
876.376282,1319
876.493347,1308
876.610474,1310
876.7276,1313
876.844727,1337
876.961853,1319
877.078918,1314
877.195984,1327
877.313171,1309
877.430237,1307
877.547302,1314
877.664368,1308
877.781433,1312
877.898499,1320
878.015625,1294
878.13269,1273
878.249695,1374
878.366821,1274
878.483887,1279
878.600952,1294
878.717957,1305
878.834961,1275
878.952087,1323
879.069092,1352
879.186157,1309
879.303162,1308
879.420227,1347
879.537231,1318
879.654236,1325
879.77124,1311
879.888306,1315
880.005249,1334
880.122314,1292
880.239319,1309
880.356323,1310
880.473328,1302
880.590271,1331
880.707275,1311
880.824341,1307
880.941284,1298
881.058228,1334
881.175232,1316
881.292236,1348
881.40918,1302
881.526123,1366
881.643066,1304
881.760071,1307
881.877014,1276
881.993958,1324
882.11084,1299
882.227783,1360
882.344727,1326
882.46167,1329
882.578613,1302
882.695618,1298
882.812439,1318
882.929382,1306
883.046326,1320
883.163208,1314
883.280151,1315
883.397034,1348
883.513916,1320
883.630798,1304
883.747742,1328
883.864563,1337
883.981506,1336
884.098389,1328
884.21521,1318
884.332153,1294
884.448975,1329
884.565796,1329
884.682678,1327
884.7995,1345
884.916443,1313
885.033264,1328
885.150085,1361
885.266968,1344
885.383789,1334
885.500671,1358
885.617493,1328
885.734314,1359
885.851196,1349
885.967896,1352
886.084717,1290
886.201599,1307
886.318359,1345
886.435181,1387
886.552002,1352
886.668762,1355
886.785645,1377
886.902344,1345
887.019165,1344
887.135925,1356
887.252747,1354
887.369446,1355
887.486267,1346
887.603027,1322
887.719788,1338
887.836548,1398
887.953247,1373
888.070068,1320
888.186829,1385
888.303528,1345
888.420288,1353
888.536987,1384
888.653687,1298
888.770447,1345
888.887146,1355
889.003967,1377
889.120667,1344
889.237305,1350
889.354065,1323
889.470703,1329
889.587463,1315
889.704163,1350
889.820862,1328
889.937561,1313
890.054199,1333
890.170837,1314
890.287598,1343
890.404236,1331
890.520874,1320
890.637634,1347
890.754211,1359
890.87085,1352
890.987549,1337
891.104187,1345
891.220886,1341
891.337463,1359
891.454102,1347
891.57074,1342
891.687378,1329
891.804077,1359
891.920654,1358
892.037231,1362
892.15387,1386
892.270447,1308
892.387085,1358
892.503723,1337
892.6203,1350
892.736877,1384
892.853516,1305
892.970032,1352
893.08667,1366
893.203186,1366
893.319763,1304
893.43634,1349
893.552917,1364
893.669556,1328
893.786011,1368
893.902588,1312
894.019165,1395
894.135681,1311
894.252197,1392
894.368835,1312
894.485291,1350
894.601868,1325
894.718384,1356
894.8349,1309
894.951355,1349
895.067932,1352
895.184448,1357
895.300964,1379
895.417419,1385
895.533936,1370
895.650452,1355
895.766907,1345
895.883423,1379
895.999878,1346
896.116333,1349
896.232849,1368
896.349304,1337
896.465759,1332
896.582214,1400
896.698669,1377
896.815125,1389
896.931641,1359
897.048035,1385
897.164551,1360
897.280884,1348
897.397339,1304
897.513794,1380
897.630249,1380
897.746582,1368
897.863098,1370
897.979431,1412
898.095886,1366
898.212341,1386
898.328674,1397
898.445129,1396
898.561462,1361
898.677795,1346
898.794312,1351
898.910645,1400
899.026978,1332
899.143433,1372
899.259766,1375
899.37616,1383
899.492493,1362
899.608765,1384
899.725159,1359
899.841553,1375
899.957947,1364
900.07428,1415
900.190552,1365
900.306946,1387
900.423157,1339
900.53949,1359
900.655884,1340
900.772156,1379
900.888489,1383
901.004822,1410
901.121033,1420
901.237366,1348
901.353699,1379
901.46991,1373
901.586304,1425
901.702515,1342
901.818787,1386
901.93512,1401
902.051331,1398
902.167603,1349
902.283875,1425
902.400085,1387
902.516418,1353
902.632629,1383
902.74884,1412
902.865112,1393
902.981384,1406
903.097595,1455
903.213867,1361
903.330017,1427
903.446289,1410
903.5625,1385
903.67865,1377
903.794922,1417
903.911072,1409
904.027344,1411
904.143494,1379
904.259705,1405
904.375916,1410
904.492065,1424
904.608215,1389
904.724426,1379
904.840576,1357
904.956726,1423
905.072876,1365
905.189087,1385
905.305176,1375
905.421387,1375
905.537537,1364
905.653687,1369
905.769775,1394
905.885925,1383
906.002014,1395
906.118164,1353
906.234314,1377
906.350403,1453
906.466492,1403
906.582642,1398
906.69873,1361
906.814758,1414
906.930908,1381
907.046936,1376
907.163086,1406
907.279175,1406
907.395264,1421
907.511353,1396
907.62738,1385
907.743408,1390
907.859497,1396
907.975525,1411
908.091553,1428
908.207703,1410
908.32373,1415
908.439758,1408
908.555786,1361
908.671814,1400
908.787842,1383
908.90387,1403
909.019775,1401
909.135864,1408
909.251892,1380
909.367859,1414
909.483826,1426
909.599854,1391
909.715881,1426
909.831848,1388
909.947815,1396
910.063782,1399
910.179749,1395
910.295776,1375
910.411743,1396
910.527649,1389
910.643616,1421
910.759583,1378
910.875488,1415
910.991455,1416
911.107361,1395
911.223267,1400
911.339294,1410
911.4552,1404
911.571106,1429
911.687073,1401
911.802979,1433
911.918823,1386
912.034729,1407
912.150635,1404
912.266602,1398
912.382446,1392
912.498352,1406
912.614197,1363
912.730103,1405
912.846008,1386
792.44574,2272
792.56488,2122
792.68396,2203
792.80304,2196
792.92218,2081
793.041199,2062
793.160339,2142
793.279419,2054
793.398499,2095
793.517578,2052
793.636658,2047
793.755737,2013
793.874817,2066
793.993896,2046
794.112976,2011
794.232056,1993
794.351074,2013
794.470215,1972
794.589233,2012
794.708313,1980
794.827393,1992
794.946411,1965
795.065552,1987
795.18457,1955
795.303589,1992
795.422668,1966
795.541687,1944
795.660767,1961
795.779846,1955
795.898865,1894
796.017883,1976
796.136963,1947
796.255981,1935
796.375061,1903
796.49408,1985
796.613037,1945
796.732117,1925
796.851135,1875
796.970154,1949
797.089233,1848
797.208191,1916
797.327271,1927
797.446228,1903
797.565186,1957
797.684265,1891
797.803223,1916
797.922241,1882
798.04126,1935
798.160278,1919
798.279297,1912
798.398315,1895
798.517273,1874
798.636292,1946
798.75531,1911
798.874268,1850
798.993286,1897
799.112244,1943
799.231323,1874
799.350281,1929
799.469238,1887
799.588257,1943
799.707153,1885
799.826111,1839
799.945129,1890
800.064087,1931
800.183044,1895
800.302063,1899
800.421021,1866
800.539978,1900
800.658936,1950
800.777893,1923
800.896912,1917
801.015747,1884
801.134705,1933
801.253723,1878
801.37262,1891
801.491638,1894
801.610535,1920
801.729492,1921
801.84845,1919
801.967407,1896
802.086243,1976
802.205261,1925
802.324158,1891
802.443115,1901
802.562073,1983
802.680969,1912
802.799927,1953
802.918762,1902
803.037659,1916
803.156677,1979
803.275574,1914
803.39447,1969
803.513428,1950
803.632263,1914
803.751221,1988
803.870117,1945
803.989014,1963
804.107971,1947
804.226746,1918
804.345642,1979
804.4646,2001
804.583496,1980
804.702393,1985
804.821228,1967
804.940125,1988
805.059021,1996
805.177917,1969
805.296814,2014
805.415649,1981
805.534546,2015
805.653442,1978
805.772278,2029
805.891113,2064
806.01001,2002
806.128906,1993
806.247742,2076
806.366577,2023
806.485413,2035
806.604309,2020
806.723145,2024
806.84198,2017
806.960876,1993
807.079712,2044
807.198486,1993
807.317383,2013
807.436218,2025
807.554993,2015
807.673889,2013
807.792725,2066
807.91156,2017
808.030396,2005
808.14917,2055
808.268005,2073
808.386841,2069
808.505676,2057
808.624451,2041
808.743286,2002
808.862122,2043
808.980896,2096
809.099731,2075
809.218506,2040
809.337341,2055
809.456116,2085
809.57489,2076
809.693726,2067
809.8125,2051
809.931274,2111
810.050049,2092
810.168884,2076
810.287659,2100
810.406372,2057
810.525269,2057
810.643982,2075
810.762756,2082
810.881531,2071
811.000305,2074
811.11908,2061
811.237854,2155
811.356567,2082
811.475403,2098
811.594116,2036
811.71283,2087
811.831604,2095
811.950378,2149
812.069153,2116
812.187927,2115
812.30658,2118
812.425415,2138
812.544128,2117
812.662781,2102
812.781616,2053
812.900269,2048
813.019043,2133
813.137756,2085
813.256531,2037
813.375244,2009
813.493896,2084
813.612671,2050
813.731384,2054
813.850037,2087
813.96875,2087
814.087524,2097
814.206238,2084
814.324951,2034
814.443604,2087
814.562256,2074
814.68103,2025
814.799683,2062
814.918335,2066
815.037109,2038
815.155762,2073
815.274475,2046
815.393188,2021
815.511841,2037
815.630554,2022
815.749146,2009
815.867859,1995
815.986572,1996
816.105164,1964
816.223877,1977
816.342529,1988
816.461182,2036
816.579895,2061
816.698486,2028
816.817139,2052
816.935791,2017
817.054504,1997
817.173096,2000
817.291748,1998
817.4104,1955
817.529053,1891
817.647644,1955
817.766235,1858
817.884949,1846
818.00354,1790
818.122192,1781
818.240845,1734
818.359436,1690
818.478088,1718
818.59668,1700
818.715271,1642
818.833923,1645
818.952515,1611
819.071106,1629
819.189758,1586
819.30835,1574
819.426941,1578
819.545532,1579
819.664124,1548
819.782715,1566
819.901306,1560
820.019897,1555
820.138489,1565
820.25708,1533
820.375671,1524
820.494202,1543
820.612732,1528
820.731384,1479
820.849915,1499
820.968506,1461
821.087097,1521
821.205627,1485
821.324158,1464
821.442749,1473
821.561279,1446
821.679871,1486
821.798401,1424
821.916931,1459
822.035461,1458
822.154053,1464
822.272583,1458
822.391174,1503
822.509583,1435
822.628174,1457
822.746704,1429
822.865234,1459
822.983765,1427
823.102295,1474
823.220825,1453
823.339294,1421
823.457825,1429
823.576355,1448
823.694824,1457
823.813354,1444
823.931885,1472
824.050354,1481
824.168884,1483
824.287354,1452
824.405823,1505
824.524353,1460
824.642822,1464
824.761353,1472
824.879822,1530
824.998291,1480
825.116699,1481
825.235291,1485
825.353699,1465
825.472168,1447
825.590637,1374
825.709106,1426
825.827576,1414
825.946045,1396
826.064453,1473
826.182983,1436
826.301392,1389
826.4198,1413
826.53833,1400
826.656738,1402
826.775208,1357
826.893677,1367
827.012024,1364
827.130493,1396
827.248962,1391
827.36731,1345
827.485779,1384
827.604248,1390
827.722595,1367
827.841064,1375
827.959412,1386
828.077942,1359
828.196289,1354
828.314636,1365
828.433105,1382
828.551514,1376
828.669861,1375
828.78833,1337
828.906677,1396
829.025085,1362
829.143433,1351
829.261841,1367
829.38031,1339
829.498657,1340
829.617004,1381
829.735413,1340
829.85376,1374
829.972107,1387
830.090515,1376
830.208862,1320
830.327209,1362
830.445557,1368
830.563904,1322
830.682312,1326
830.800659,1317
830.919006,1388
831.037354,1401
831.155701,1362
831.274048,1325
831.392395,1344
831.51062,1366
831.629028,1343
831.747314,1372
831.865662,1358
831.984009,1341
832.102356,1334
832.220642,1319
832.338928,1392
832.457275,1385
832.575623,1330
832.693909,1348
832.812134,1369
832.930481,1352
833.048828,1327
833.167114,1340
833.2854,1319
833.403687,1388
833.521973,1343
833.640259,1359
833.758545,1370
833.876831,1350
833.995056,1338
834.113281,1310
834.231628,1382
834.349915,1351
834.468201,1391
834.586426,1345
834.704651,1407
834.822998,1325
834.941162,1337
835.059448,1330
835.177673,1360
835.295959,1331
835.414246,1326
835.53241,1352
835.650635,1311
835.768921,1347
835.887146,1358
836.005371,1370
836.123596,1396
836.241821,1408
836.360046,1435
836.478271,1359
836.596497,1371
836.714722,1377
836.832886,1394
836.95105,1406
837.069336,1377
837.1875,1375
837.305725,1411
837.423889,1429
837.542053,1397
837.660339,1392
837.778503,1402
837.896667,1451
838.014832,1382
838.132996,1402
838.25116,1400
838.369385,1378
838.487488,1420
838.605713,1406
838.723877,1398
838.84198,1382
838.960205,1380
839.078308,1417
839.196472,1403
839.314636,1420
839.4328,1402
839.550964,1381
839.669067,1418
839.787231,1406
839.905396,1367
840.023499,1401
840.141602,1382
840.259766,1396
840.377869,1377
840.495972,1352
840.614136,1390
840.732239,1393
840.850342,1363
840.968445,1358
841.086548,1373
841.204651,1355
841.322754,1349
841.440918,1359
841.55896,1382
841.677002,1347
841.795166,1362
841.913208,1376
842.031311,1344
842.149353,1402
842.267456,1302
842.385498,1327
842.503601,1343
842.621643,1304
842.739746,1333
842.857788,1336
842.97583,1346
843.093933,1301
843.211975,1310
843.330017,1340
843.44812,1305
843.566101,1341
843.684204,1281
843.802246,1307
843.920227,1293
844.038269,1299
844.156311,1293
844.274292,1292
844.392395,1344
844.510376,1336
844.628357,1309
844.74646,1302
844.864441,1274
844.982422,1296
845.100403,1285
845.218384,1326
845.336426,1293
845.454468,1313
845.572449,1311
845.69043,1307
845.808411,1287
845.926453,1337
846.044373,1320
846.162354,1308
846.280396,1287
846.398315,1358
846.516296,1294
846.634216,1321
846.752197,1312
846.870178,1290
846.988098,1315
847.106079,1310
847.22406,1322
847.34198,1318
847.4599,1328
847.577881,1272
847.695801,1346
847.813782,1286
847.931641,1336
848.049561,1315
848.167603,1312
848.285461,1267
848.403381,1340
848.521362,1285
848.639221,1314
848.75708,1284
848.875,1305
848.99292,1302
849.110901,1307
849.22876,1290
849.34668,1310
849.464539,1258
849.582458,1296
849.700317,1315
849.818176,1311
849.936096,1277
850.053955,1313
850.171875,1323
850.289673,1261
850.407593,1321
850.525452,1302
850.643311,1315
850.761169,1332
850.878967,1304
850.996887,1315
851.114746,1335
851.232544,1309
851.350403,1299
851.468262,1331
851.58606,1295
851.703979,1292
851.821777,1358
851.939636,1308
852.057434,1311
852.175232,1329
852.293091,1324
852.410889,1352
852.528687,1317
852.646545,1337
852.764343,1318
852.88208,1307
852.999939,1298
853.117676,1315
853.235535,1318
853.353271,1304
853.471069,1312
853.588928,1308
853.706604,1348
853.824402,1332
853.9422,1334
854.059998,1301
854.177734,1293
854.295532,1371
854.413269,1314
854.531006,1322
854.648804,1346
854.766541,1354
854.884277,1313
855.002014,1346
855.119751,1342
855.237549,1352
855.355225,1346
855.473022,1364
855.590698,1313
855.708435,1338
855.826172,1315
855.943848,1348
856.061646,1356
856.179321,1348
856.296997,1314
856.414795,1361
856.53241,1362
856.650085,1338
856.767822,1365
856.885559,1342
857.003174,1349
857.120911,1300
857.238586,1349
857.356201,1370
857.473938,1375
857.591614,1347
857.709351,1329
857.826965,1353
857.944641,1364
858.062317,1326
858.179993,1346
858.297668,1333
858.415283,1362
858.532959,1332
858.650574,1336
858.768188,1363
858.885803,1317
859.003479,1329
859.121094,1310
859.23877,1307
859.356384,1334
859.473999,1328
859.591675,1350
859.709229,1334
859.826843,1341
859.944458,1286
860.062012,1320
860.179626,1316
860.297302,1334
860.414856,1360
860.532471,1338
860.650024,1297
860.767639,1331
860.885193,1318
861.002808,1332
861.120361,1319
861.237976,1296
861.35553,1315
861.473022,1329
861.590698,1325
861.708191,1337
861.825745,1276
861.943298,1317
862.060852,1317
862.178406,1315
862.295959,1333
862.413513,1322
862.531006,1309
862.64856,1305
862.766113,1301
862.883667,1364
863.00116,1305
863.118713,1296
863.236206,1317
863.353699,1310
863.471252,1324
863.588745,1321
863.706177,1336
863.82373,1303
863.941162,1325
864.058716,1336
864.176208,1320
864.29364,1346
864.411194,1314
864.528687,1285
864.646118,1339
864.763611,1282
864.881042,1319
864.998535,1322
865.116028,1314
865.233459,1333
865.350891,1323
865.468384,1359
865.585754,1316
865.703308,1348
865.820679,1339
865.938171,1343
866.055542,1369
866.173035,1331
866.290466,1321
866.407837,1352
866.52533,1331
866.6427,1285
866.760071,1371
866.877563,1306
866.994934,1342
867.112305,1335
867.229736,1316
867.347107,1293
867.464539,1346
867.58197,1299
867.699341,1364
867.81665,1332
867.934082,1330
868.051453,1327
868.168823,1329
868.286194,1321
868.403564,1347
868.520935,1347
868.638306,1345
868.755676,1324
868.872986,1383
868.990295,1335
869.107727,1383
869.225037,1336
869.342346,1326
869.459717,1358
869.577026,1297
869.694336,1322
869.811707,1337
869.929016,1359
870.046326,1326
870.163635,1305
870.280945,1340
870.398254,1335
870.515564,1328
870.632812,1325
870.750183,1363
870.867432,1325
870.984741,1312
871.102051,1322
871.219299,1343
871.336609,1333
871.453918,1361
871.571106,1346
871.688416,1366
871.805664,1296
871.922852,1313
872.040222,1372
872.157471,1338
872.274719,1347
872.391968,1325
872.509155,1330
872.626465,1349
872.743652,1359
872.860962,1353
872.978149,1332
873.095337,1338
873.212646,1287
873.329834,1333
873.44696,1309
873.564209,1334
873.681396,1313
873.798645,1348
873.915894,1326
874.03302,1316
874.150208,1331
874.267456,1363
874.384583,1359
874.501831,1343
874.618958,1316
874.736145,1345
874.853333,1304
874.970459,1321
875.087646,1355
875.204834,1380
875.32196,1335
875.439148,1333
875.556274,1307
875.673401,1353
875.790527,1294
875.907715,1338
876.024841,1319
876.141968,1346
876.259094,1381
876.376282,1368
876.493347,1341
876.610474,1375
876.7276,1347
876.844727,1343
876.961853,1350
877.078918,1392
877.195984,1314
877.313171,1352
877.430237,1354
877.547302,1355
877.664368,1367
877.781433,1367
877.898499,1367
878.015625,1352
878.13269,1343
878.249695,1309
878.366821,1370
878.483887,1327
878.600952,1301
878.717957,1395
878.834961,1347
878.952087,1372
879.069092,1329
879.186157,1394
879.303162,1329
879.420227,1357
879.537231,1350
879.654236,1340
879.77124,1321
879.888306,1315
880.005249,1364
880.122314,1345
880.239319,1361
880.356323,1338
880.473328,1396
880.590271,1325
880.707275,1362
880.824341,1301
880.941284,1355
881.058228,1359
881.175232,1326
881.292236,1329
881.40918,1305
881.526123,1389
881.643066,1346
881.760071,1350
881.877014,1359
881.993958,1395
882.11084,1349
882.227783,1381
882.344727,1301
882.46167,1352
882.578613,1330
882.695618,1352
882.812439,1314
882.929382,1350
883.046326,1339
883.163208,1308
883.280151,1337
883.397034,1384
883.513916,1359
883.630798,1368
883.747742,1349
883.864563,1356
883.981506,1348
884.098389,1372
884.21521,1401
884.332153,1363
884.448975,1346
884.565796,1366
884.682678,1351
884.7995,1352
884.916443,1374
885.033264,1375
885.150085,1330
885.266968,1416
885.383789,1358
885.500671,1359
885.617493,1374
885.734314,1401
885.851196,1350
885.967896,1412
886.084717,1346
886.201599,1416
886.318359,1381
886.435181,1385
886.552002,1410
886.668762,1376
886.785645,1367
886.902344,1354
887.019165,1395
887.135925,1353
887.252747,1387
887.369446,1419
887.486267,1373
887.603027,1366
887.719788,1324
887.836548,1371
887.953247,1389
888.070068,1336
888.186829,1356
888.303528,1418
888.420288,1381
888.536987,1363
888.653687,1360
888.770447,1356
888.887146,1375
889.003967,1352
889.120667,1384
889.237305,1389
889.354065,1377
889.470703,1343
889.587463,1341
889.704163,1381
889.820862,1339
889.937561,1377
890.054199,1345
890.170837,1370
890.287598,1381
890.404236,1349
890.520874,1363
890.637634,1408
890.754211,1393
890.87085,1384
890.987549,1362
891.104187,1368
891.220886,1383
891.337463,1358
891.454102,1425
891.57074,1385
891.687378,1384
891.804077,1411
891.920654,1369
892.037231,1328
892.15387,1343
892.270447,1384
892.387085,1399
892.503723,1408
892.6203,1362
892.736877,1379
892.853516,1377
892.970032,1397
893.08667,1365
893.203186,1399
893.319763,1354
893.43634,1374
893.552917,1369
893.669556,1433
893.786011,1370
893.902588,1365
894.019165,1403
894.135681,1373
894.252197,1417
894.368835,1391
894.485291,1443
894.601868,1350
894.718384,1387
894.8349,1347
894.951355,1398
895.067932,1392
895.184448,1384
895.300964,1346
895.417419,1381
895.533936,1358
895.650452,1427
895.766907,1385
895.883423,1375
895.999878,1417
896.116333,1416
896.232849,1428
896.349304,1418
896.465759,1370
896.582214,1392
896.698669,1398
896.815125,1392
896.931641,1386
897.048035,1356
897.164551,1398
897.280884,1378
897.397339,1428
897.513794,1399
897.630249,1421
897.746582,1430
897.863098,1398
897.979431,1402
898.095886,1374
898.212341,1403
898.328674,1411
898.445129,1419
898.561462,1396
898.677795,1409
898.794312,1397
898.910645,1405
899.026978,1382
899.143433,1382
899.259766,1437
899.37616,1402
899.492493,1402
899.608765,1403
899.725159,1416
899.841553,1425
899.957947,1413
900.07428,1417
900.190552,1425
900.306946,1386
900.423157,1420
900.53949,1396
900.655884,1431
900.772156,1422
900.888489,1401
901.004822,1430
901.121033,1431
901.237366,1396
901.353699,1429
901.46991,1398
901.586304,1462
901.702515,1416
901.818787,1417
901.93512,1430
902.051331,1411
902.167603,1453
902.283875,1460
902.400085,1407
902.516418,1413
902.632629,1417
902.74884,1473
902.865112,1386
902.981384,1468
903.097595,1399
903.213867,1424
903.330017,1469
903.446289,1441
903.5625,1435
903.67865,1418
903.794922,1459
903.911072,1393
904.027344,1411
904.143494,1424
904.259705,1467
904.375916,1423
904.492065,1419
904.608215,1424
904.724426,1411
904.840576,1439
904.956726,1403
905.072876,1440
905.189087,1374
905.305176,1440
905.421387,1443
905.537537,1417
905.653687,1417
905.769775,1416
905.885925,1420
906.002014,1423
906.118164,1440
906.234314,1451
906.350403,1416
906.466492,1451
906.582642,1402
906.69873,1412
906.814758,1445
906.930908,1436
907.046936,1436
907.163086,1438
907.279175,1421
907.395264,1457
907.511353,1401
907.62738,1450
907.743408,1442
907.859497,1454
907.975525,1455
908.091553,1431
908.207703,1440
908.32373,1426
908.439758,1432
908.555786,1419
908.671814,1446
908.787842,1457
908.90387,1456
909.019775,1465
909.135864,1449
909.251892,1455
909.367859,1412
909.483826,1428
909.599854,1431
909.715881,1450
909.831848,1448
909.947815,1432
910.063782,1430
910.179749,1437
910.295776,1477
910.411743,1423
910.527649,1423
910.643616,1432
910.759583,1448
910.875488,1461
910.991455,1437
911.107361,1415
911.223267,1445
911.339294,1422
911.4552,1418
911.571106,1473
911.687073,1446
911.802979,1448
911.918823,1424
912.034729,1461
912.150635,1426
912.266602,1428
912.382446,1417
912.498352,1440
912.614197,1419
912.730103,1441
912.846008,1452
792.44574,2266
792.56488,2140
792.68396,2193
792.80304,2194
792.92218,2162
793.041199,2148
793.160339,2081
793.279419,2063
793.398499,2066
793.517578,2088
793.636658,2009
793.755737,2113
793.874817,2048
793.993896,2052
794.112976,2007
794.232056,2037
794.351074,2026
794.470215,2028
794.589233,2015
794.708313,2044
794.827393,2001
794.946411,1982
795.065552,2000
795.18457,1981
795.303589,1963
795.422668,2004
795.541687,1961
795.660767,1988
795.779846,1955
795.898865,1955
796.017883,1937
796.136963,1904
796.255981,1940
796.375061,1958
796.49408,1916
796.613037,1935
796.732117,1967
796.851135,1956
796.970154,1908
797.089233,1944
797.208191,1914
797.327271,2005
797.446228,1909
797.565186,1933
797.684265,1965
797.803223,1922
797.922241,1897
798.04126,1934
798.160278,1926
798.279297,1944
798.398315,1893
798.517273,1831
798.636292,1886
798.75531,1929
798.874268,1929
798.993286,1869
799.112244,1913
799.231323,1898
799.350281,1918
799.469238,1958
799.588257,1895
799.707153,1953
799.826111,1900
799.945129,1881
800.064087,1935
800.183044,1896
800.302063,1937
800.421021,1955
800.539978,1962
800.658936,1882
800.777893,1931
800.896912,1941
801.015747,1908
801.134705,1902
801.253723,1895
801.37262,1969
801.491638,1911
801.610535,1944
801.729492,1894
801.84845,1923
801.967407,1900
802.086243,1942
802.205261,1929
802.324158,1930
802.443115,1955
802.562073,1970
802.680969,2007
802.799927,1938
802.918762,1949
803.037659,1905
803.156677,1960
803.275574,1941
803.39447,2006
803.513428,1947
803.632263,1944
803.751221,1988
803.870117,1932
803.989014,2006
804.107971,1943
804.226746,1984
804.345642,1975
804.4646,1989
804.583496,1999
804.702393,2031
804.821228,1986
804.940125,1983
805.059021,1962
805.177917,2020
805.296814,2018
805.415649,2023
805.534546,2031
805.653442,1979
805.772278,2042
805.891113,2004
806.01001,1977
806.128906,2030
806.247742,2036
806.366577,2021
806.485413,2005
806.604309,2015
806.723145,2109
806.84198,2041
806.960876,2030
807.079712,2026
807.198486,2007
807.317383,2017
807.436218,2047
807.554993,1991
807.673889,2054
807.792725,2075
807.91156,2053
808.030396,2044
808.14917,2061
808.268005,2043
808.386841,2089
808.505676,2098
808.624451,2094
808.743286,2067
808.862122,2070
808.980896,2087
809.099731,2077
809.218506,2073
809.337341,2035
809.456116,2065
809.57489,2064
809.693726,2116
809.8125,2125
809.931274,2054
810.050049,2041
810.168884,2130
810.287659,2081
810.406372,2096
810.525269,2155
810.643982,2103
810.762756,2131
810.881531,2096
811.000305,2083
811.11908,2102
811.237854,2099
811.356567,2123
811.475403,2099
811.594116,2108
811.71283,2065
811.831604,2118
811.950378,2102
812.069153,2104
812.187927,2098
812.30658,2117
812.425415,2065
812.544128,2161
812.662781,2101
812.781616,2106
812.900269,2088
813.019043,2157
813.137756,2061
813.256531,2096
813.375244,2103
813.493896,2067
813.612671,2070
813.731384,2109
813.850037,2093
813.96875,2100
814.087524,2026
814.206238,2043
814.324951,2058
814.443604,2068
814.562256,2064
814.68103,2083
814.799683,2060
814.918335,2043
815.037109,2026
815.155762,2046
815.274475,2015
815.393188,2007
815.511841,2032
815.630554,2000
815.749146,1994
815.867859,2006
815.986572,1974
816.105164,2038
816.223877,1946
816.342529,2023
816.461182,2036
816.579895,2019
816.698486,2024
816.817139,2029
816.935791,2038
817.054504,2031
817.173096,2045
817.291748,1995
817.4104,1974
817.529053,1957
817.647644,1948
817.766235,1930
817.884949,1879
818.00354,1795
818.122192,1777
818.240845,1747
818.359436,1734
818.478088,1700
818.59668,1680
818.715271,1678
818.833923,1650
818.952515,1643
819.071106,1593
819.189758,1614
819.30835,1617
819.426941,1591
819.545532,1619
819.664124,1517
819.782715,1556
819.901306,1570
820.019897,1503
820.138489,1532
820.25708,1563
820.375671,1515
820.494202,1537
820.612732,1559
820.731384,1500
820.849915,1482
820.968506,1494
821.087097,1504
821.205627,1504
821.324158,1508
821.442749,1467
821.561279,1552
821.679871,1468
821.798401,1444
821.916931,1468
822.035461,1456
822.154053,1478
822.272583,1478
822.391174,1442
822.509583,1441
822.628174,1488
822.746704,1436
822.865234,1416
822.983765,1450
823.102295,1479
823.220825,1479
823.339294,1405
823.457825,1461
823.576355,1448
823.694824,1433
823.813354,1458
823.931885,1471
824.050354,1509
824.168884,1449
824.287354,1536
824.405823,1480
824.524353,1453
824.642822,1520
824.761353,1458
824.879822,1476
824.998291,1506
825.116699,1452
825.235291,1488
825.353699,1477
825.472168,1460
825.590637,1431
825.709106,1470
825.827576,1431
825.946045,1393
826.064453,1461
826.182983,1413
826.301392,1425
826.4198,1404
826.53833,1386
826.656738,1399
826.775208,1450
826.893677,1398
827.012024,1422
827.130493,1376
827.248962,1405
827.36731,1386
827.485779,1393
827.604248,1378
827.722595,1423
827.841064,1384
827.959412,1411
828.077942,1392
828.196289,1382
828.314636,1386
828.433105,1383
828.551514,1376
828.669861,1426
828.78833,1358
828.906677,1353
829.025085,1369
829.143433,1358
829.261841,1364
829.38031,1390
829.498657,1311
829.617004,1354
829.735413,1398
829.85376,1346
829.972107,1349
830.090515,1335
830.208862,1389
830.327209,1320
830.445557,1379
830.563904,1337
830.682312,1363
830.800659,1351
830.919006,1387
831.037354,1367
831.155701,1383
831.274048,1385
831.392395,1360
831.51062,1399
831.629028,1354
831.747314,1355
831.865662,1362
831.984009,1378
832.102356,1388
832.220642,1365
832.338928,1396
832.457275,1329
832.575623,1361
832.693909,1356
832.812134,1375
832.930481,1320
833.048828,1342
833.167114,1346
833.2854,1319
833.403687,1379
833.521973,1378
833.640259,1358
833.758545,1366
833.876831,1375
833.995056,1392
834.113281,1391
834.231628,1387
834.349915,1295
834.468201,1334
834.586426,1347
834.704651,1354
834.822998,1360
834.941162,1418
835.059448,1348
835.177673,1395
835.295959,1369
835.414246,1372
835.53241,1325
835.650635,1370
835.768921,1374
835.887146,1390
836.005371,1383
836.123596,1328
836.241821,1433
836.360046,1356
836.478271,1389
836.596497,1417
836.714722,1392
836.832886,1465
836.95105,1422
837.069336,1457
837.1875,1392
837.305725,1404
837.423889,1439
837.542053,1417
837.660339,1478
837.778503,1387
837.896667,1433
838.014832,1409
838.132996,1451
838.25116,1400
838.369385,1420
838.487488,1436
838.605713,1405
838.723877,1409
838.84198,1390
838.960205,1421
839.078308,1429
839.196472,1409
839.314636,1438
839.4328,1397
839.550964,1424
839.669067,1399
839.787231,1388
839.905396,1422
840.023499,1395
840.141602,1408
840.259766,1374
840.377869,1371
840.495972,1407
840.614136,1356
840.732239,1430
840.850342,1378
840.968445,1363
841.086548,1330
841.204651,1375
841.322754,1370
841.440918,1387
841.55896,1360
841.677002,1351
841.795166,1357
841.913208,1328
842.031311,1355
842.149353,1334
842.267456,1343
842.385498,1338
842.503601,1310
842.621643,1323
842.739746,1359
842.857788,1344
842.97583,1315
843.093933,1365
843.211975,1359
843.330017,1301
843.44812,1347
843.566101,1328
843.684204,1286
843.802246,1310
843.920227,1310
844.038269,1285
844.156311,1362
844.274292,1295
844.392395,1370
844.510376,1343
844.628357,1305
844.74646,1294
844.864441,1318
844.982422,1323
845.100403,1332
845.218384,1287
845.336426,1300
845.454468,1323
845.572449,1309
845.69043,1293
845.808411,1334
845.926453,1326
846.044373,1326
846.162354,1315
846.280396,1303
846.398315,1313
846.516296,1324
846.634216,1313
846.752197,1356
846.870178,1326
846.988098,1314
847.106079,1302
847.22406,1323
847.34198,1319
847.4599,1327
847.577881,1310
847.695801,1320
847.813782,1298
847.931641,1291
848.049561,1302
848.167603,1285
848.285461,1298
848.403381,1330
848.521362,1273
848.639221,1335
848.75708,1337
848.875,1307
848.99292,1275
849.110901,1323
849.22876,1319
849.34668,1358
849.464539,1316
849.582458,1322
849.700317,1304
849.818176,1324
849.936096,1302
850.053955,1326
850.171875,1340
850.289673,1311
850.407593,1321
850.525452,1302
850.643311,1311
850.761169,1337
850.878967,1314
850.996887,1339
851.114746,1293
851.232544,1320
851.350403,1328
851.468262,1296
851.58606,1351
851.703979,1325
851.821777,1321
851.939636,1330
852.057434,1283
852.175232,1379
852.293091,1288
852.410889,1333
852.528687,1340
852.646545,1311
852.764343,1303
852.88208,1354
852.999939,1316
853.117676,1373
853.235535,1353
853.353271,1323
853.471069,1340
853.588928,1304
853.706604,1297
853.824402,1330
853.9422,1327
854.059998,1331
854.177734,1305
854.295532,1308
854.413269,1329
854.531006,1367
854.648804,1342
854.766541,1345
854.884277,1330
855.002014,1348
855.119751,1323
855.237549,1367
855.355225,1383
855.473022,1346
855.590698,1326
855.708435,1323
855.826172,1348
855.943848,1384
856.061646,1371
856.179321,1345
856.296997,1373
856.414795,1366
856.53241,1344
856.650085,1400
856.767822,1369
856.885559,1352
857.003174,1339
857.120911,1366
857.238586,1322
857.356201,1341
857.473938,1366
857.591614,1323
857.709351,1314
857.826965,1343
857.944641,1350
858.062317,1357
858.179993,1373
858.297668,1348
858.415283,1346
858.532959,1347
858.650574,1381
858.768188,1321
858.885803,1337
859.003479,1353
859.121094,1332
859.23877,1322
859.356384,1334
859.473999,1330
859.591675,1332
859.709229,1338
859.826843,1357
859.944458,1335
860.062012,1321
860.179626,1319
860.297302,1347
860.414856,1364
860.532471,1352
860.650024,1309
860.767639,1322
860.885193,1327
861.002808,1352
861.120361,1320
861.237976,1311
861.35553,1355
861.473022,1325
861.590698,1325
861.708191,1327
861.825745,1314
861.943298,1338
862.060852,1309
862.178406,1329
862.295959,1345
862.413513,1328
862.531006,1368
862.64856,1319
862.766113,1348
862.883667,1326
863.00116,1325
863.118713,1307
863.236206,1319
863.353699,1339
863.471252,1366
863.588745,1317
863.706177,1350
863.82373,1317
863.941162,1319
864.058716,1319
864.176208,1342
864.29364,1341
864.411194,1324
864.528687,1307
864.646118,1387
864.763611,1327
864.881042,1302
864.998535,1341
865.116028,1379
865.233459,1349
865.350891,1359
865.468384,1340
865.585754,1367
865.703308,1313
865.820679,1319
865.938171,1369
866.055542,1315
866.173035,1337
866.290466,1330
866.407837,1347
866.52533,1344
866.6427,1345
866.760071,1329
866.877563,1316
866.994934,1332
867.112305,1388
867.229736,1349
867.347107,1346
867.464539,1364
867.58197,1328
867.699341,1338
867.81665,1334
867.934082,1359
868.051453,1342
868.168823,1308
868.286194,1371
868.403564,1347
868.520935,1360
868.638306,1365
868.755676,1355
868.872986,1350
868.990295,1320
869.107727,1307
869.225037,1337
869.342346,1325
869.459717,1324
869.577026,1375
869.694336,1321
869.811707,1364
869.929016,1320
870.046326,1329
870.163635,1346
870.280945,1363
870.398254,1341
870.515564,1349
870.632812,1336
870.750183,1341
870.867432,1347
870.984741,1349
871.102051,1368
871.219299,1348
871.336609,1357
871.453918,1333
871.571106,1331
871.688416,1351
871.805664,1325
871.922852,1363
872.040222,1343
872.157471,1321
872.274719,1368
872.391968,1317
872.509155,1332
872.626465,1339
872.743652,1348
872.860962,1347
872.978149,1352
873.095337,1364
873.212646,1342
873.329834,1354
873.44696,1329
873.564209,1341
873.681396,1341
873.798645,1337
873.915894,1356
874.03302,1350
874.150208,1330
874.267456,1356
874.384583,1356
874.501831,1260
874.618958,1298
874.736145,1335
874.853333,1340
874.970459,1369
875.087646,1336
875.204834,1338
875.32196,1373
875.439148,1329
875.556274,1326
875.673401,1400
875.790527,1305
875.907715,1372
876.024841,1336
876.141968,1345
876.259094,1367
876.376282,1388
876.493347,1355
876.610474,1331
876.7276,1388
876.844727,1371
876.961853,1387
877.078918,1290
877.195984,1383
877.313171,1393
877.430237,1328
877.547302,1339
877.664368,1363
877.781433,1352
877.898499,1387
878.015625,1310
878.13269,1323
878.249695,1352
878.366821,1347
878.483887,1340
878.600952,1385
878.717957,1342
878.834961,1382
878.952087,1368
879.069092,1357
879.186157,1339
879.303162,1362
879.420227,1320
879.537231,1347
879.654236,1342
879.77124,1359
879.888306,1311
880.005249,1327
880.122314,1326
880.239319,1331
880.356323,1359
880.473328,1371
880.590271,1380
880.707275,1341
880.824341,1364
880.941284,1361
881.058228,1388
881.175232,1334
881.292236,1367
881.40918,1353
881.526123,1359
881.643066,1335
881.760071,1351
881.877014,1401
881.993958,1339
882.11084,1387
882.227783,1328
882.344727,1350
882.46167,1348
882.578613,1346
882.695618,1373
882.812439,1327
882.929382,1369
883.046326,1364
883.163208,1367
883.280151,1380
883.397034,1359
883.513916,1388
883.630798,1374
883.747742,1361
883.864563,1341
883.981506,1378
884.098389,1300
884.21521,1337
884.332153,1367
884.448975,1310
884.565796,1359
884.682678,1356
884.7995,1360
884.916443,1379
885.033264,1361
885.150085,1398
885.266968,1370
885.383789,1400
885.500671,1367
885.617493,1367
885.734314,1354
885.851196,1409
885.967896,1388
886.084717,1366
886.201599,1407
886.318359,1359
886.435181,1432
886.552002,1405
886.668762,1361
886.785645,1419
886.902344,1422
887.019165,1371
887.135925,1384
887.252747,1408
887.369446,1349
887.486267,1416
887.603027,1359
887.719788,1395
887.836548,1412
887.953247,1385
888.070068,1373
888.186829,1390
888.303528,1379
888.420288,1403
888.536987,1326
888.653687,1380
888.770447,1393
888.887146,1367
889.003967,1383
889.120667,1363
889.237305,1347
889.354065,1386
889.470703,1369
889.587463,1372
889.704163,1352
889.820862,1363
889.937561,1341
890.054199,1396
890.170837,1389
890.287598,1382
890.404236,1337
890.520874,1420
890.637634,1398
890.754211,1389
890.87085,1386
890.987549,1370
891.104187,1372
891.220886,1368
891.337463,1419
891.454102,1444
891.57074,1375
891.687378,1379
891.804077,1391
891.920654,1402
892.037231,1412
892.15387,1412
892.270447,1407
892.387085,1385
892.503723,1402
892.6203,1395
892.736877,1398
892.853516,1376
892.970032,1424
893.08667,1387
893.203186,1347
893.319763,1361
893.43634,1411
893.552917,1382
893.669556,1366
893.786011,1396
893.902588,1445
894.019165,1416
894.135681,1414
894.252197,1356
894.368835,1406
894.485291,1433
894.601868,1403
894.718384,1437
894.8349,1398
894.951355,1437
895.067932,1401
895.184448,1356
895.300964,1416
895.417419,1418
895.533936,1408
895.650452,1417
895.766907,1410
895.883423,1383
895.999878,1365
896.116333,1431
896.232849,1421
896.349304,1426
896.465759,1401
896.582214,1399
896.698669,1413
896.815125,1385
896.931641,1403
897.048035,1387
897.164551,1386
897.280884,1396
897.397339,1431
897.513794,1376
897.630249,1467
897.746582,1437
897.863098,1428
897.979431,1377
898.095886,1401
898.212341,1406
898.328674,1426
898.445129,1433
898.561462,1402
898.677795,1421
898.794312,1443
898.910645,1388
899.026978,1409
899.143433,1420
899.259766,1424
899.37616,1431
899.492493,1388
899.608765,1410
899.725159,1442
899.841553,1426
899.957947,1407
900.07428,1452
900.190552,1390
900.306946,1409
900.423157,1420
900.53949,1433
900.655884,1409
900.772156,1436
900.888489,1355
901.004822,1419
901.121033,1402
901.237366,1451
901.353699,1400
901.46991,1408
901.586304,1412
901.702515,1411
901.818787,1447
901.93512,1444
902.051331,1431
902.167603,1425
902.283875,1462
902.400085,1440
902.516418,1409
902.632629,1447
902.74884,1434
902.865112,1413
902.981384,1455
903.097595,1433
903.213867,1446
903.330017,1437
903.446289,1466
903.5625,1487
903.67865,1435
903.794922,1444
903.911072,1451
904.027344,1409
904.143494,1469
904.259705,1444
904.375916,1436
904.492065,1445
904.608215,1458
904.724426,1424
904.840576,1414
904.956726,1440
905.072876,1394
905.189087,1469
905.305176,1427
905.421387,1422
905.537537,1409
905.653687,1433
905.769775,1453
905.885925,1446
906.002014,1434
906.118164,1423
906.234314,1441
906.350403,1443
906.466492,1473
906.582642,1445
906.69873,1452
906.814758,1446
906.930908,1440
907.046936,1454
907.163086,1431
907.279175,1476
907.395264,1425
907.511353,1442
907.62738,1438
907.743408,1434
907.859497,1449
907.975525,1430
908.091553,1452
908.207703,1467
908.32373,1457
908.439758,1446
908.555786,1448
908.671814,1435
908.787842,1466
908.90387,1438
909.019775,1434
909.135864,1437
909.251892,1455
909.367859,1504
909.483826,1451
909.599854,1441
909.715881,1457
909.831848,1393
909.947815,1488
910.063782,1485
910.179749,1468
910.295776,1456
910.411743,1416
910.527649,1453
910.643616,1441
910.759583,1460
910.875488,1485
910.991455,1451
911.107361,1411
911.223267,1460
911.339294,1466
911.4552,1503
911.571106,1434
911.687073,1433
911.802979,1461
911.918823,1431
912.034729,1471
912.150635,1467
912.266602,1421
912.382446,1457
912.498352,1458
912.614197,1447
912.730103,1443
912.846008,1431
