792.446,3699
792.565,3547
792.684,3530
792.803,3443
792.922,3263
793.041,3192
793.16,3170
793.279,3075
793.398,3029
793.518,2944
793.637,2902
793.756,2881
793.875,2841
793.994,2820
794.113,2759
794.232,2673
794.351,2691
794.47,2698
794.589,2609
794.708,2558
794.827,2534
794.946,2549
795.066,2439
795.185,2454
795.304,2475
795.423,2480
795.542,2433
795.661,2373
795.78,2367
795.899,2348
796.018,2315
796.137,2338
796.256,2200
796.375,2234
796.494,2248
796.613,2178
796.732,2185
796.851,2190
796.97,2128
797.089,2186
797.208,2107
797.327,2084
797.446,2131
797.565,2137
797.684,2101
797.803,2119
797.922,2066
798.041,2064
798.16,2109
798.279,2075
798.398,2044
798.517,2099
798.636,2066
798.755,2003
798.874,2039
798.993,2036
799.112,2010
799.231,2002
799.35,2015
799.469,1947
799.588,2003
799.707,1993
799.826,1991
799.945,2013
800.064,1909
800.183,1939
800.302,1999
800.421,1960
800.54,1925
800.659,1936
800.778,1954
800.897,1975
801.016,1950
801.135,1920
801.254,1934
801.373,1952
801.492,1917
801.611,1917
801.729,1889
801.848,1857
801.967,1941
802.086,1889
802.205,1891
802.324,1858
802.443,1893
802.562,1824
802.681,1837
802.8,1866
802.919,1902
803.038,1854
803.157,1867
803.276,1839
803.394,1872
803.513,1891
803.632,1833
803.751,1835
803.87,1832
803.989,1810
804.108,1820
804.227,1814
804.346,1881
804.465,1851
804.583,1826
804.702,1855
804.821,1783
804.94,1819
805.059,1766
805.178,1782
805.297,1828
805.416,1805
805.535,1787
805.653,1825
805.772,1816
805.891,1806
806.01,1772
806.129,1790
806.248,1818
806.367,1796
806.485,1755
806.604,1833
806.723,1760
806.842,1754
806.961,1744
807.08,1782
807.198,1788
807.317,1782
807.436,1799
807.555,1758
807.674,1793
807.793,1790
807.912,1790
808.03,1752
808.149,1781
808.268,1717
808.387,1775
808.506,1716
808.624,1740
808.743,1744
808.862,1770
808.981,1756
809.1,1745
809.219,1714
809.337,1770
809.456,1749
809.575,1787
809.694,1756
809.812,1769
809.931,1736
810.05,1768
810.169,1733
810.288,1759
810.406,1694
810.525,1780
810.644,1683
810.763,1691
810.882,1741
811.0,1734
811.119,1745
811.238,1717
811.357,1730
811.475,1763
811.594,1785
811.713,1745
811.832,1702
811.95,1770
812.069,1837
812.188,1767
812.307,1832
812.425,1774
812.544,1768
812.663,1774
812.782,1780
812.9,1764
813.019,1772
813.138,1770
813.257,1801
813.375,1753
813.494,1734
813.613,1718
813.731,1686
813.85,1720
813.969,1758
814.088,1701
814.206,1710
814.325,1681
814.444,1722
814.562,1672
814.681,1729
814.8,1749
814.918,1709
815.037,1721
815.156,1773
815.274,1719
815.393,1696
815.512,1659
815.631,1690
815.749,1706
815.868,1752
815.987,1703
816.105,1722
816.224,1726
816.343,1671
816.461,1728
816.58,1721
816.698,1720
816.817,1744
816.936,1728
817.055,1685
817.173,1747
817.292,1662
817.41,1747
817.529,1692
817.648,1678
817.766,1724
817.885,1676
818.004,1666
818.122,1649
818.241,1641
818.359,1660
818.478,1619
818.597,1676
818.715,1636
818.834,1625
818.953,1605
819.071,1646
819.19,1601
819.308,1616
819.427,1565
819.546,1571
819.664,1581
819.783,1552
819.901,1586
820.02,1588
820.138,1560
820.257,1589
820.376,1582
820.494,1658
820.613,1584
820.731,1607
820.85,1591
820.969,1635
821.087,1598
821.206,1525
821.324,1543
821.443,1544
821.561,1581
821.68,1560
821.798,1565
821.917,1544
822.035,1576
822.154,1568
822.273,1502
822.391,1551
822.51,1591
822.628,1573
822.747,1563
822.865,1525
822.984,1473
823.102,1505
823.221,1505
823.339,1550
823.458,1525
823.576,1554
823.695,1499
823.813,1555
823.932,1522
824.05,1554
824.169,1508
824.287,1509
824.406,1600
824.524,1510
824.643,1522
824.761,1584
824.88,1541
824.998,1547
825.117,1572
825.235,1523
825.354,1532
825.472,1477
825.591,1560
825.709,1544
825.828,1534
825.946,1534
826.064,1517
826.183,1508
826.301,1487
826.42,1504
826.538,1474
826.657,1512
826.775,1449
826.894,1477
827.012,1486
827.13,1509
827.249,1489
827.367,1490
827.486,1521
827.604,1508
827.723,1498
827.841,1437
827.959,1481
828.078,1513
828.196,1477
828.315,1508
828.433,1473
828.552,1504
828.67,1517
828.788,1497
828.907,1477
829.025,1474
829.143,1466
829.262,1484
829.38,1512
829.499,1494
829.617,1498
829.735,1477
829.854,1481
829.972,1477
830.091,1498
830.209,1479
830.327,1462
830.446,1520
830.564,1493
830.682,1504
830.801,1525
830.919,1517
831.037,1498
831.156,1531
831.274,1508
831.392,1572
831.511,1470
831.629,1520
831.747,1478
831.866,1493
831.984,1495
832.102,1468
832.221,1507
832.339,1496
832.457,1535
832.576,1528
832.694,1501
832.812,1546
832.93,1474
833.049,1504
833.167,1501
833.285,1520
833.404,1500
833.522,1479
833.64,1472
833.759,1519
833.877,1481
833.995,1517
834.113,1496
834.232,1487
834.35,1524
834.468,1493
834.586,1512
834.705,1466
834.823,1474
834.941,1520
835.059,1499
835.178,1480
835.296,1457
835.414,1490
835.532,1493
835.651,1516
835.769,1458
835.887,1517
836.005,1450
836.124,1477
836.242,1451
836.36,1499
836.478,1458
836.596,1495
836.715,1461
836.833,1484
836.951,1484
837.069,1514
837.188,1479
837.306,1534
837.424,1446
837.542,1509
837.66,1486
837.779,1487
837.897,1484
838.015,1482
838.133,1474
838.251,1492
838.369,1463
838.487,1481
838.606,1489
838.724,1496
838.842,1527
838.96,1499
839.078,1503
839.196,1524
839.315,1526
839.433,1543
839.551,1578
839.669,1523
839.787,1538
839.905,1560
840.023,1577
840.142,1583
840.26,1625
840.378,1575
840.496,1590
840.614,1620
840.732,1600
840.85,1608
840.968,1590
841.087,1591
841.205,1612
841.323,1554
841.441,1573
841.559,1616
841.677,1608
841.795,1643
841.913,1631
842.031,1656
842.149,1636
842.267,1571
842.385,1600
842.504,1648
842.622,1583
842.74,1596
842.858,1573
842.976,1562
843.094,1615
843.212,1588
843.33,1583
843.448,1603
843.566,1592
843.684,1596
843.802,1581
843.92,1602
844.038,1566
844.156,1581
844.274,1566
844.392,1576
844.51,1582
844.628,1583
844.746,1537
844.864,1554
844.982,1540
845.1,1557
845.218,1569
845.336,1531
845.454,1536
845.572,1541
845.69,1547
845.808,1541
845.926,1505
846.044,1527
846.162,1545
846.28,1549
846.398,1513
846.516,1571
846.634,1561
846.752,1561
846.87,1589
846.988,1555
847.106,1568
847.224,1555
847.342,1558
847.46,1552
847.578,1540
847.696,1557
847.814,1561
847.932,1547
848.05,1591
848.168,1538
848.285,1564
848.403,1554
848.521,1587
848.639,1525
848.757,1577
848.875,1619
848.993,1556
849.111,1580
849.229,1606
849.347,1576
849.465,1604
849.582,1620
849.7,1620
849.818,1595
849.936,1580
850.054,1573
850.172,1612
850.29,1623
850.408,1588
850.525,1564
850.643,1567
850.761,1579
850.879,1563
850.997,1564
851.115,1560
851.233,1599
851.35,1514
851.468,1551
851.586,1546
851.704,1546
851.822,1508
851.94,1562
852.057,1534
852.175,1558
852.293,1588
852.411,1618
852.529,1622
852.647,1698
852.764,1719
852.882,1733
853.0,1651
853.118,1651
853.236,1646
853.353,1615
853.471,1553
853.589,1602
853.707,1576
853.824,1583
853.942,1582
854.06,1535
854.178,1550
854.296,1571
854.413,1566
854.531,1538
854.649,1640
854.767,1590
854.884,1569
855.002,1579
855.12,1564
855.238,1581
855.355,1621
855.473,1563
855.591,1564
855.708,1564
855.826,1597
855.944,1600
856.062,1565
856.179,1590
856.297,1567
856.415,1593
856.532,1650
856.65,1639
856.768,1646
856.886,1658
857.003,1604
857.121,1673
857.239,1703
857.356,1648
857.474,1632
857.592,1632
857.709,1652
857.827,1614
857.945,1608
858.062,1615
858.18,1608
858.298,1661
858.415,1653
858.533,1591
858.651,1655
858.768,1620
858.886,1680
859.003,1662
859.121,1601
859.239,1608
859.356,1624
859.474,1629
859.592,1574
859.709,1588
859.827,1592
859.944,1563
860.062,1553
860.18,1562
860.297,1573
860.415,1574
860.532,1539
860.65,1579
860.768,1583
860.885,1573
861.003,1540
861.12,1598
861.238,1542
861.356,1554
861.473,1607
861.591,1598
861.708,1594
861.826,1609
861.943,1571
862.061,1554
862.178,1569
862.296,1521
862.414,1550
862.531,1492
862.649,1508
862.766,1556
862.884,1520
863.001,1520
863.119,1559
863.236,1596
863.354,1582
863.471,1622
863.589,1666
863.706,1673
863.824,1688
863.941,1752
864.059,1759
864.176,1679
864.294,1679
864.411,1595
864.529,1550
864.646,1584
864.764,1577
864.881,1535
864.999,1552
865.116,1569
865.233,1552
865.351,1523
865.468,1517
865.586,1542
865.703,1528
865.821,1502
865.938,1533
866.056,1555
866.173,1524
866.29,1538
866.408,1514
866.525,1482
866.643,1541
866.76,1517
866.878,1550
866.995,1528
867.112,1517
867.23,1476
867.347,1558
867.465,1530
867.582,1537
867.699,1540
867.817,1542
867.934,1523
868.051,1561
868.169,1542
868.286,1543
868.404,1518
868.521,1501
868.638,1515
868.756,1550
868.873,1493
868.99,1537
869.108,1500
869.225,1539
869.342,1546
869.46,1555
869.577,1525
869.694,1500
869.812,1573
869.929,1510
870.046,1578
870.164,1581
870.281,1580
870.398,1555
870.516,1616
870.633,1545
870.75,1596
870.867,1654
870.985,1623
871.102,1638
871.219,1620
871.337,1613
871.454,1681
871.571,1640
871.688,1631
871.806,1636
871.923,1632
872.04,1683
872.157,1656
872.275,1632
872.392,1637
872.509,1627
872.626,1665
872.744,1650
872.861,1647
872.978,1626
873.095,1665
873.213,1643
873.33,1576
873.447,1590
873.564,1542
873.681,1636
873.799,1616
873.916,1596
874.033,1600
874.15,1614
874.267,1631
874.385,1655
874.502,1667
874.619,1594
874.736,1650
874.853,1641
874.97,1659
875.088,1611
875.205,1684
875.322,1671
875.439,1630
875.556,1602
875.673,1617
875.791,1584
875.908,1644
876.025,1609
876.142,1580
876.259,1572
876.376,1584
876.493,1550
876.61,1590
876.728,1557
876.845,1578
876.962,1572
877.079,1574
877.196,1607
877.313,1544
877.43,1514
877.547,1554
877.664,1559
877.781,1621
877.898,1525
878.016,1549
878.133,1581
878.25,1559
878.367,1559
878.484,1526
878.601,1515
878.718,1495
878.835,1522
878.952,1533
879.069,1511
879.186,1514
879.303,1488
879.42,1527
879.537,1470
879.654,1481
879.771,1479
879.888,1490
880.005,1463
880.122,1415
880.239,1470
880.356,1498
880.473,1446
880.59,1491
880.707,1466
880.824,1519
880.941,1421
881.058,1483
881.175,1447
881.292,1434
881.409,1458
881.526,1458
881.643,1427
881.76,1469
881.877,1463
881.994,1472
882.111,1462
882.228,1443
882.345,1491
882.462,1419
882.579,1446
882.696,1455
882.812,1438
882.929,1416
883.046,1470
883.163,1465
883.28,1477
883.397,1469
883.514,1434
883.631,1490
883.748,1458
883.865,1452
883.982,1491
884.098,1509
884.215,1513
884.332,1559
884.449,1524
884.566,1570
884.683,1590
884.8,1618
884.916,1633
885.033,1660
885.15,1767
885.267,1835
885.384,1822
885.501,1848
885.617,1869
885.734,1864
885.851,1814
885.968,1834
886.085,1844
886.202,1814
886.318,1764
886.435,1766
886.552,1784
886.669,1760
886.786,1774
886.902,1742
887.019,1707
887.136,1671
887.253,1719
887.369,1671
887.486,1679
887.603,1668
887.72,1619
887.837,1616
887.953,1575
888.07,1604
888.187,1530
888.304,1531
888.42,1526
888.537,1522
888.654,1521
888.77,1509
888.887,1477
889.004,1485
889.121,1438
889.237,1450
889.354,1414
889.471,1464
889.587,1414
889.704,1465
889.821,1439
889.938,1455
890.054,1437
890.171,1458
890.288,1453
890.404,1425
890.521,1427
890.638,1510
890.754,1449
890.871,1508
890.988,1508
891.104,1535
891.221,1578
891.337,1591
891.454,1608
891.571,1650
891.687,1604
891.804,1617
891.921,1659
892.037,1635
892.154,1590
892.27,1633
892.387,1623
892.504,1637
892.62,1595
892.737,1515
892.854,1504
892.97,1491
893.087,1463
893.203,1501
893.32,1461
893.436,1462
893.553,1482
893.67,1496
893.786,1449
893.903,1449
894.019,1453
894.136,1427
894.252,1437
894.369,1455
894.485,1480
894.602,1441
894.718,1410
894.835,1458
894.951,1383
895.068,1501
895.184,1402
895.301,1431
895.417,1428
895.534,1464
895.65,1447
895.767,1427
895.883,1446
896.0,1438
896.116,1416
896.233,1464
896.349,1416
896.466,1436
896.582,1419
896.699,1436
896.815,1465
896.932,1477
897.048,1424
897.165,1458
897.281,1462
897.397,1429
897.514,1446
897.63,1434
897.747,1408
897.863,1406
897.979,1441
898.096,1493
898.212,1457
898.329,1463
898.445,1423
898.561,1434
898.678,1472
898.794,1436
898.911,1411
899.027,1444
899.143,1443
899.26,1431
899.376,1442
899.492,1470
899.609,1426
899.725,1418
899.842,1410
899.958,1437
900.074,1442
900.191,1412
900.307,1463
900.423,1439
900.539,1440
900.656,1432
900.772,1445
900.888,1443
901.005,1474
901.121,1433
901.237,1472
901.354,1480
901.47,1491
901.586,1448
901.703,1536
901.819,1500
901.935,1497
902.051,1499
902.168,1552
902.284,1534
902.4,1582
902.516,1575
902.633,1608
902.749,1621
902.865,1614
902.981,1636
903.098,1605
903.214,1615
903.33,1621
903.446,1587
903.562,1615
903.679,1583
903.795,1556
903.911,1566
904.027,1542
904.143,1573
904.26,1569
904.376,1542
904.492,1461
904.608,1505
904.724,1492
904.841,1498
904.957,1507
905.073,1493
905.189,1451
905.305,1460
905.421,1461
905.538,1475
905.654,1471
905.77,1447
905.886,1456
906.002,1426
906.118,1458
906.234,1401
906.35,1421
906.466,1447
906.583,1451
906.699,1450
906.815,1418
906.931,1446
907.047,1437
907.163,1418
907.279,1422
907.395,1432
907.511,1433
907.627,1382
907.743,1398
907.859,1399
907.976,1403
908.092,1393
908.208,1390
908.324,1389
908.44,1381
908.556,1432
908.672,1491
908.788,1439
908.904,1414
909.02,1461
909.136,1423
909.252,1450
909.368,1453
909.484,1398
909.6,1419
909.716,1422
909.832,1441
909.948,1438
910.064,1449
910.18,1407
910.296,1415
910.412,1400
910.528,1440
910.644,1436
910.76,1430
910.875,1452
910.991,1428
911.107,1429
911.223,1443
911.339,1448
911.455,1417
911.571,1413
911.687,1459
911.803,1427
911.919,1374
912.035,1420
912.151,1406
912.267,1402
912.382,1380
912.498,1432
912.614,1402
912.73,1400
912.846,1429
792.446,3704
792.565,3592
792.684,3484
792.803,3397
792.922,3346
793.041,3144
793.16,3129
793.279,3119
793.398,3018
793.518,3057
793.637,2971
793.756,2919
793.875,2852
793.994,2741
794.113,2822
794.232,2704
794.351,2667
794.47,2707
794.589,2645
794.708,2618
794.827,2517
794.946,2587
795.066,2513
795.185,2506
795.304,2433
795.423,2504
795.542,2424
795.661,2443
795.78,2332
795.899,2305
796.018,2298
796.137,2327
796.256,2277
796.375,2265
796.494,2246
796.613,2239
796.732,2176
796.851,2225
796.97,2153
797.089,2156
797.208,2147
797.327,2085
797.446,2127
797.565,2134
797.684,2083
797.803,2070
797.922,2107
798.041,2043
798.16,2040
798.279,2047
798.398,2017
798.517,2039
798.636,2000
798.755,2059
798.874,2028
798.993,2074
799.112,1957
799.231,2013
799.35,1977
799.469,2031
799.588,2022
799.707,2021
799.826,2039
799.945,1956
800.064,1957
800.183,1952
800.302,1967
800.421,1980
800.54,1949
800.659,1951
800.778,1932
800.897,1983
801.016,1960
801.135,1934
801.254,1934
801.373,1989
801.492,1895
801.611,1904
801.729,1950
801.848,1882
801.967,1927
802.086,1860
802.205,1900
802.324,1908
802.443,1882
802.562,1915
802.681,1869
802.8,1844
802.919,1903
803.038,1820
803.157,1847
803.276,1900
803.394,1848
803.513,1849
803.632,1822
803.751,1892
803.87,1844
803.989,1836
804.108,1802
804.227,1859
804.346,1830
804.465,1841
804.583,1825
804.702,1817
804.821,1832
804.94,1783
805.059,1774
805.178,1835
805.297,1800
805.416,1828
805.535,1809
805.653,1809
805.772,1815
805.891,1849
806.01,1845
806.129,1802
806.248,1822
806.367,1774
806.485,1823
806.604,1765
806.723,1795
806.842,1780
806.961,1804
807.08,1799
807.198,1810
807.317,1759
807.436,1761
807.555,1759
807.674,1802
807.793,1788
807.912,1741
808.03,1790
808.149,1754
808.268,1757
808.387,1736
808.506,1774
808.624,1784
808.743,1746
808.862,1741
808.981,1753
809.1,1712
809.219,1754
809.337,1754
809.456,1763
809.575,1730
809.694,1791
809.812,1784
809.931,1808
810.05,1771
810.169,1801
810.288,1781
810.406,1742
810.525,1725
810.644,1725
810.763,1741
810.882,1753
811.0,1742
811.119,1779
811.238,1735
811.357,1756
811.475,1776
811.594,1771
811.713,1769
811.832,1823
811.95,1746
812.069,1757
812.188,1820
812.307,1748
812.425,1803
812.544,1808
812.663,1787
812.782,1785
812.9,1768
813.019,1749
813.138,1788
813.257,1751
813.375,1742
813.494,1760
813.613,1703
813.731,1734
813.85,1747
813.969,1751
814.088,1734
814.206,1693
814.325,1710
814.444,1765
814.562,1747
814.681,1698
814.8,1700
814.918,1718
815.037,1706
815.156,1707
815.274,1737
815.393,1677
815.512,1728
815.631,1741
815.749,1707
815.868,1690
815.987,1684
816.105,1703
816.224,1648
816.343,1695
816.461,1719
816.58,1797
816.698,1710
816.817,1733
816.936,1772
817.055,1740
817.173,1773
817.292,1732
817.41,1749
817.529,1655
817.648,1714
817.766,1729
817.885,1716
818.004,1695
818.122,1678
818.241,1651
818.359,1686
818.478,1650
818.597,1650
818.715,1659
818.834,1662
818.953,1598
819.071,1585
819.19,1639
819.308,1591
819.427,1611
819.546,1595
819.664,1608
819.783,1588
819.901,1601
820.02,1588
820.138,1570
820.257,1633
820.376,1593
820.494,1651
820.613,1621
820.731,1575
820.85,1624
820.969,1578
821.087,1604
821.206,1566
821.324,1541
821.443,1593
821.561,1539
821.68,1586
821.798,1530
821.917,1592
822.035,1563
822.154,1585
822.273,1560
822.391,1533
822.51,1568
822.628,1551
822.747,1546
822.865,1551
822.984,1553
823.102,1505
823.221,1551
823.339,1504
823.458,1505
823.576,1517
823.695,1517
823.813,1538
823.932,1494
824.05,1546
824.169,1564
824.287,1538
824.406,1545
824.524,1511
824.643,1590
824.761,1550
824.88,1553
824.998,1536
825.117,1515
825.235,1536
825.354,1560
825.472,1474
825.591,1500
825.709,1505
825.828,1507
825.946,1516
826.064,1509
826.183,1502
826.301,1545
826.42,1494
826.538,1537
826.657,1507
826.775,1520
826.894,1514
827.012,1518
827.13,1543
827.249,1516
827.367,1518
827.486,1549
827.604,1515
827.723,1513
827.841,1446
827.959,1505
828.078,1505
828.196,1476
828.315,1454
828.433,1493
828.552,1517
828.67,1446
828.788,1486
828.907,1507
829.025,1513
829.143,1474
829.262,1495
829.38,1449
829.499,1516
829.617,1498
829.735,1483
829.854,1483
829.972,1437
830.091,1473
830.209,1495
830.327,1455
830.446,1457
830.564,1452
830.682,1469
830.801,1500
830.919,1529
831.037,1502
831.156,1534
831.274,1561
831.392,1512
831.511,1522
831.629,1497
831.747,1530
831.866,1465
831.984,1508
832.102,1494
832.221,1537
832.339,1514
832.457,1524
832.576,1499
832.694,1477
832.812,1570
832.93,1499
833.049,1542
833.167,1491
833.285,1503
833.404,1531
833.522,1488
833.64,1480
833.759,1498
833.877,1531
833.995,1482
834.113,1516
834.232,1510
834.35,1489
834.468,1537
834.586,1496
834.705,1493
834.823,1530
834.941,1467
835.059,1491
835.178,1495
835.296,1505
835.414,1522
835.532,1439
835.651,1493
835.769,1443
835.887,1492
836.005,1436
836.124,1475
836.242,1456
836.36,1517
836.478,1477
836.596,1440
836.715,1503
836.833,1486
836.951,1498
837.069,1481
837.188,1481
837.306,1499
837.424,1490
837.542,1483
837.66,1458
837.779,1487
837.897,1507
838.015,1488
838.133,1476
838.251,1450
838.369,1520
838.487,1481
838.606,1552
838.724,1507
838.842,1522
838.96,1474
839.078,1543
839.196,1519
839.315,1503
839.433,1542
839.551,1546
839.669,1488
839.787,1569
839.905,1562
840.023,1608
840.142,1575
840.26,1558
840.378,1598
840.496,1610
840.614,1548
840.732,1576
840.85,1570
840.968,1591
841.087,1589
841.205,1586
841.323,1637
841.441,1634
841.559,1652
841.677,1583
841.795,1674
841.913,1638
842.031,1652
842.149,1659
842.267,1611
842.385,1656
842.504,1586
842.622,1545
842.74,1585
842.858,1638
842.976,1615
843.094,1622
843.212,1609
843.33,1642
843.448,1590
843.566,1599
843.684,1552
843.802,1598
843.92,1570
844.038,1576
844.156,1590
844.274,1603
844.392,1568
844.51,1509
844.628,1544
844.746,1581
844.864,1550
844.982,1517
845.1,1581
845.218,1517
845.336,1560
845.454,1552
845.572,1526
845.69,1533
845.808,1579
845.926,1504
846.044,1542
846.162,1584
846.28,1535
846.398,1561
846.516,1574
846.634,1591
846.752,1569
846.87,1608
846.988,1557
847.106,1549
847.224,1618
847.342,1590
847.46,1521
847.578,1559
847.696,1547
847.814,1591
847.932,1580
848.05,1576
848.168,1551
848.285,1588
848.403,1571
848.521,1596
848.639,1613
848.757,1585
848.875,1558
848.993,1592
849.111,1588
849.229,1607
849.347,1607
849.465,1625
849.582,1651
849.7,1643
849.818,1569
849.936,1569
850.054,1581
850.172,1588
850.29,1551
850.408,1565
850.525,1590
850.643,1625
850.761,1560
850.879,1568
850.997,1579
851.115,1591
851.233,1613
851.35,1581
851.468,1552
851.586,1613
851.704,1519
851.822,1580
851.94,1540
852.057,1575
852.175,1565
852.293,1603
852.411,1627
852.529,1704
852.647,1696
852.764,1716
852.882,1697
853.0,1688
853.118,1619
853.236,1607
853.353,1598
853.471,1617
853.589,1582
853.707,1588
853.824,1594
853.942,1583
854.06,1586
854.178,1556
854.296,1584
854.413,1582
854.531,1630
854.649,1580
854.767,1584
854.884,1598
855.002,1574
855.12,1595
855.238,1605
855.355,1606
855.473,1581
855.591,1563
855.708,1571
855.826,1578
855.944,1606
856.062,1599
856.179,1625
856.297,1597
856.415,1614
856.532,1615
856.65,1672
856.768,1673
856.886,1639
857.003,1667
857.121,1663
857.239,1603
857.356,1666
857.474,1676
857.592,1652
857.709,1603
857.827,1633
857.945,1626
858.062,1641
858.18,1607
858.298,1644
858.415,1659
858.533,1651
858.651,1650
858.768,1634
858.886,1634
859.003,1649
859.121,1624
859.239,1623
859.356,1615
859.474,1591
859.592,1580
859.709,1582
859.827,1591
859.944,1565
860.062,1595
860.18,1588
860.297,1627
860.415,1576
860.532,1546
860.65,1552
860.768,1598
860.885,1575
861.003,1567
861.12,1546
861.238,1581
861.356,1591
861.473,1596
861.591,1593
861.708,1609
861.826,1608
861.943,1619
862.061,1565
862.178,1556
862.296,1552
862.414,1537
862.531,1562
862.649,1577
862.766,1594
862.884,1538
863.001,1581
863.119,1573
863.236,1553
863.354,1573
863.471,1599
863.589,1642
863.706,1737
863.824,1735
863.941,1726
864.059,1751
864.176,1719
864.294,1699
864.411,1643
864.529,1608
864.646,1654
864.764,1557
864.881,1540
864.999,1540
865.116,1527
865.233,1522
865.351,1544
865.468,1572
865.586,1544
865.703,1502
865.821,1567
865.938,1513
866.056,1578
866.173,1542
866.29,1547
866.408,1533
866.525,1561
866.643,1569
866.76,1548
866.878,1563
866.995,1592
867.112,1582
867.23,1540
867.347,1565
867.465,1501
867.582,1514
867.699,1554
867.817,1555
867.934,1514
868.051,1508
868.169,1494
868.286,1531
868.404,1559
868.521,1563
868.638,1566
868.756,1514
868.873,1525
868.99,1542
869.108,1498
869.225,1529
869.342,1572
869.46,1552
869.577,1502
869.694,1605
869.812,1611
869.929,1590
870.046,1562
870.164,1573
870.281,1591
870.398,1612
870.516,1578
870.633,1584
870.75,1623
870.867,1601
870.985,1603
871.102,1603
871.219,1693
871.337,1647
871.454,1675
871.571,1706
871.688,1710
871.806,1672
871.923,1686
872.04,1686
872.157,1713
872.275,1645
872.392,1668
872.509,1666
872.626,1635
872.744,1640
872.861,1656
872.978,1654
873.095,1612
873.213,1653
873.33,1589
873.447,1617
873.564,1632
873.681,1611
873.799,1628
873.916,1633
874.033,1614
874.15,1622
874.267,1599
874.385,1671
874.502,1662
874.619,1648
874.736,1662
874.853,1673
874.97,1650
875.088,1670
875.205,1664
875.322,1669
875.439,1616
875.556,1606
875.673,1622
875.791,1681
875.908,1601
876.025,1628
876.142,1611
876.259,1556
876.376,1631
876.493,1602
876.61,1613
876.728,1580
876.845,1599
876.962,1560
877.079,1617
877.196,1593
877.313,1583
877.43,1580
877.547,1561
877.664,1582
877.781,1601
877.898,1547
878.016,1528
878.133,1576
878.25,1591
878.367,1528
878.484,1535
878.601,1497
878.718,1562
878.835,1526
878.952,1560
879.069,1485
879.186,1510
879.303,1534
879.42,1547
879.537,1495
879.654,1518
879.771,1502
879.888,1469
880.005,1469
880.122,1469
880.239,1502
880.356,1456
880.473,1493
880.59,1510
880.707,1455
880.824,1495
880.941,1477
881.058,1479
881.175,1481
881.292,1439
881.409,1482
881.526,1452
881.643,1470
881.76,1463
881.877,1480
881.994,1467
882.111,1474
882.228,1472
882.345,1440
882.462,1494
882.579,1489
882.696,1470
882.812,1482
882.929,1463
883.046,1501
883.163,1473
883.28,1440
883.397,1475
883.514,1485
883.631,1500
883.748,1480
883.865,1467
883.982,1531
884.098,1485
884.215,1520
884.332,1519
884.449,1547
884.566,1572
884.683,1583
884.8,1623
884.916,1656
885.033,1669
885.15,1741
885.267,1783
885.384,1812
885.501,1858
885.617,1854
885.734,1878
885.851,1880
885.968,1829
886.085,1822
886.202,1834
886.318,1843
886.435,1834
886.552,1832
886.669,1818
886.786,1741
886.902,1721
887.019,1706
887.136,1735
887.253,1724
887.369,1722
887.486,1702
887.603,1720
887.72,1687
887.837,1634
887.953,1608
888.07,1607
888.187,1663
888.304,1592
888.42,1572
888.537,1514
888.654,1543
888.77,1528
888.887,1511
889.004,1461
889.121,1493
889.237,1493
889.354,1493
889.471,1464
889.587,1484
889.704,1469
889.821,1478
889.938,1450
890.054,1472
890.171,1463
890.288,1462
890.404,1473
890.521,1492
890.638,1535
890.754,1496
890.871,1498
890.988,1554
891.104,1606
891.221,1625
891.337,1575
891.454,1587
891.571,1628
891.687,1597
891.804,1643
891.921,1661
892.037,1642
892.154,1623
892.27,1627
892.387,1580
892.504,1638
892.62,1598
892.737,1566
892.854,1557
892.97,1553
893.087,1509
893.203,1484
893.32,1501
893.436,1496
893.553,1445
893.67,1466
893.786,1444
893.903,1452
894.019,1505
894.136,1436
894.252,1462
894.369,1490
894.485,1479
894.602,1475
894.718,1436
894.835,1432
894.951,1513
895.068,1468
895.184,1405
895.301,1452
895.417,1477
895.534,1452
895.65,1412
895.767,1500
895.883,1493
896.0,1471
896.116,1448
896.233,1450
896.349,1489
896.466,1471
896.582,1436
896.699,1489
896.815,1441
896.932,1474
897.048,1459
897.165,1470
897.281,1447
897.397,1422
897.514,1486
897.63,1470
897.747,1419
897.863,1485
897.979,1471
898.096,1490
898.212,1465
898.329,1487
898.445,1476
898.561,1470
898.678,1500
898.794,1504
898.911,1431
899.027,1464
899.143,1481
899.26,1509
899.376,1481
899.492,1484
899.609,1456
899.725,1470
899.842,1473
899.958,1494
900.074,1466
900.191,1473
900.307,1452
900.423,1499
900.539,1487
900.656,1487
900.772,1476
900.888,1475
901.005,1477
901.121,1496
901.237,1482
901.354,1460
901.47,1512
901.586,1472
901.703,1482
901.819,1551
901.935,1518
902.051,1574
902.168,1578
902.284,1600
902.4,1620
902.516,1616
902.633,1651
902.749,1665
902.865,1683
902.981,1660
903.098,1607
903.214,1638
903.33,1610
903.446,1634
903.562,1613
903.679,1571
903.795,1621
903.911,1595
904.027,1614
904.143,1569
904.26,1569
904.376,1556
904.492,1528
904.608,1485
904.724,1486
904.841,1483
904.957,1540
905.073,1547
905.189,1491
905.305,1478
905.421,1505
905.538,1483
905.654,1477
905.77,1474
905.886,1442
906.002,1464
906.118,1441
906.234,1498
906.35,1438
906.466,1473
906.583,1438
906.699,1434
906.815,1473
906.931,1454
907.047,1476
907.163,1477
907.279,1427
907.395,1439
907.511,1434
907.627,1427
907.743,1463
907.859,1453
907.976,1467
908.092,1445
908.208,1437
908.324,1441
908.44,1451
908.556,1453
908.672,1501
908.788,1471
908.904,1468
909.02,1433
909.136,1450
909.252,1479
909.368,1465
909.484,1471
909.6,1494
909.716,1436
909.832,1437
909.948,1471
910.064,1470
910.18,1453
910.296,1473
910.412,1426
910.528,1468
910.644,1437
910.76,1448
910.875,1439
910.991,1480
911.107,1404
911.223,1428
911.339,1472
911.455,1438
911.571,1458
911.687,1475
911.803,1450
911.919,1469
912.035,1466
912.151,1426
912.267,1447
912.382,1440
912.498,1433
912.614,1460
912.73,1476
912.846,1458
792.446,3613
792.565,3510
792.684,3545
792.803,3429
792.922,3254
793.041,3196
793.16,3236
793.279,3146
793.398,3109
793.518,3036
793.637,2923
793.756,2893
793.875,2852
793.994,2846
794.113,2800
794.232,2672
794.351,2734
794.47,2668
794.589,2641
794.708,2709
794.827,2603
794.946,2588
795.066,2542
795.185,2509
795.304,2495
795.423,2517
795.542,2503
795.661,2362
795.78,2422
795.899,2371
796.018,2323
796.137,2355
796.256,2288
796.375,2254
796.494,2298
796.613,2266
796.732,2199
796.851,2253
796.97,2221
797.089,2205
797.208,2173
797.327,2149
797.446,2156
797.565,2139
797.684,2133
797.803,2121
797.922,2074
798.041,2103
798.16,2091
798.279,2132
798.398,2053
798.517,2092
798.636,2059
798.755,2026
798.874,2041
798.993,2076
799.112,1982
799.231,1999
799.35,2019
799.469,2043
799.588,2026
799.707,2081
799.826,2018
799.945,2035
800.064,1998
800.183,2040
800.302,1975
800.421,2017
800.54,1960
800.659,1979
800.778,1993
800.897,1950
801.016,1952
801.135,1932
801.254,1949
801.373,1888
801.492,1912
801.611,1988
801.729,1954
801.848,1907
801.967,1889
802.086,1941
802.205,1936
802.324,1898
802.443,1885
802.562,1875
802.681,1856
802.8,1878
802.919,1871
803.038,1902
803.157,1871
803.276,1874
803.394,1907
803.513,1841
803.632,1902
803.751,1849
803.87,1843
803.989,1851
804.108,1875
804.227,1876
804.346,1815
804.465,1845
804.583,1833
804.702,1845
804.821,1824
804.94,1813
805.059,1833
805.178,1822
805.297,1845
805.416,1828
805.535,1798
805.653,1782
805.772,1858
805.891,1803
806.01,1777
806.129,1846
806.248,1771
806.367,1797
806.485,1788
806.604,1862
806.723,1810
806.842,1811
806.961,1794
807.08,1788
807.198,1778
807.317,1765
807.436,1783
807.555,1781
807.674,1795
807.793,1784
807.912,1796
808.03,1790
808.149,1801
808.268,1800
808.387,1735
808.506,1767
808.624,1782
808.743,1767
808.862,1730
808.981,1783
809.1,1737
809.219,1767
809.337,1758
809.456,1756
809.575,1805
809.694,1810
809.812,1752
809.931,1767
810.05,1785
810.169,1733
810.288,1739
810.406,1784
810.525,1770
810.644,1787
810.763,1787
810.882,1762
811.0,1747
811.119,1749
811.238,1765
811.357,1741
811.475,1742
811.594,1804
811.713,1776
811.832,1781
811.95,1811
812.069,1847
812.188,1788
812.307,1812
812.425,1857
812.544,1801
812.663,1818
812.782,1826
812.9,1752
813.019,1778
813.138,1783
813.257,1776
813.375,1789
813.494,1782
813.613,1762
813.731,1740
813.85,1723
813.969,1727
814.088,1664
814.206,1741
814.325,1715
814.444,1737
814.562,1757
814.681,1742
814.8,1759
814.918,1736
815.037,1707
815.156,1730
815.274,1747
815.393,1692
815.512,1709
815.631,1706
815.749,1710
815.868,1717
815.987,1737
816.105,1715
816.224,1737
816.343,1728
816.461,1714
816.58,1755
816.698,1747
816.817,1724
816.936,1735
817.055,1731
817.173,1756
817.292,1760
817.41,1701
817.529,1696
817.648,1737
817.766,1682
817.885,1718
818.004,1629
818.122,1708
818.241,1636
818.359,1609
818.478,1683
818.597,1651
818.715,1672
818.834,1650
818.953,1654
819.071,1585
819.19,1634
819.308,1608
819.427,1652
819.546,1591
819.664,1589
819.783,1601
819.901,1600
820.02,1609
820.138,1601
820.257,1630
820.376,1620
820.494,1596
820.613,1576
820.731,1580
820.85,1611
820.969,1622
821.087,1576
821.206,1613
821.324,1589
821.443,1619
821.561,1536
821.68,1567
821.798,1560
821.917,1574
822.035,1597
822.154,1590
822.273,1612
822.391,1569
822.51,1559
822.628,1564
822.747,1540
822.865,1578
822.984,1578
823.102,1537
823.221,1521
823.339,1583
823.458,1491
823.576,1546
823.695,1521
823.813,1531
823.932,1551
824.05,1515
824.169,1531
824.287,1550
824.406,1577
824.524,1578
824.643,1540
824.761,1563
824.88,1558
824.998,1574
825.117,1568
825.235,1466
825.354,1554
825.472,1509
825.591,1517
825.709,1553
825.828,1480
825.946,1533
826.064,1549
826.183,1537
826.301,1515
826.42,1483
826.538,1483
826.657,1566
826.775,1502
826.894,1471
827.012,1527
827.13,1553
827.249,1537
827.367,1498
827.486,1505
827.604,1500
827.723,1498
827.841,1510
827.959,1470
828.078,1494
828.196,1507
828.315,1542
828.433,1515
828.552,1491
828.67,1490
828.788,1492
828.907,1523
829.025,1515
829.143,1494
829.262,1468
829.38,1520
829.499,1505
829.617,1479
829.735,1536
829.854,1480
829.972,1496
830.091,1477
830.209,1532
830.327,1493
830.446,1476
830.564,1521
830.682,1535
830.801,1506
830.919,1553
831.037,1508
831.156,1529
831.274,1532
831.392,1550
831.511,1553
831.629,1538
831.747,1503
831.866,1533
831.984,1502
832.102,1497
832.221,1510
832.339,1526
832.457,1531
832.576,1556
832.694,1528
832.812,1496
832.93,1506
833.049,1472
833.167,1513
833.285,1467
833.404,1529
833.522,1539
833.64,1519
833.759,1546
833.877,1514
833.995,1541
834.113,1562
834.232,1494
834.35,1506
834.468,1511
834.586,1503
834.705,1466
834.823,1513
834.941,1511
835.059,1477
835.178,1513
835.296,1483
835.414,1530
835.532,1472
835.651,1490
835.769,1526
835.887,1522
836.005,1498
836.124,1477
836.242,1486
836.36,1448
836.478,1501
836.596,1483
836.715,1441
836.833,1467
836.951,1465
837.069,1448
837.188,1520
837.306,1461
837.424,1500
837.542,1453
837.66,1478
837.779,1509
837.897,1515
838.015,1490
838.133,1490
838.251,1524
838.369,1506
838.487,1548
838.606,1527
838.724,1528
838.842,1512
838.96,1510
839.078,1497
839.196,1495
839.315,1528
839.433,1572
839.551,1561
839.669,1561
839.787,1571
839.905,1526
840.023,1567
840.142,1602
840.26,1582
840.378,1595
840.496,1625
840.614,1571
840.732,1617
840.85,1593
840.968,1602
841.087,1574
841.205,1663
841.323,1613
841.441,1610
841.559,1687
841.677,1622
841.795,1658
841.913,1596
842.031,1635
842.149,1639
842.267,1628
842.385,1598
842.504,1638
842.622,1574
842.74,1575
842.858,1619
842.976,1580
843.094,1627
843.212,1654
843.33,1582
843.448,1598
843.566,1617
843.684,1617
843.802,1589
843.92,1617
844.038,1637
844.156,1581
844.274,1576
844.392,1560
844.51,1591
844.628,1552
844.746,1548
844.864,1541
844.982,1545
845.1,1551
845.218,1559
845.336,1542
845.454,1533
845.572,1536
845.69,1566
845.808,1550
845.926,1544
846.044,1551
846.162,1562
846.28,1566
846.398,1532
846.516,1597
846.634,1543
846.752,1588
846.87,1606
846.988,1582
847.106,1582
847.224,1598
847.342,1577
847.46,1558
847.578,1563
847.696,1589
847.814,1564
847.932,1552
848.05,1584
848.168,1556
848.285,1563
848.403,1553
848.521,1582
848.639,1523
848.757,1559
848.875,1600
848.993,1601
849.111,1606
849.229,1597
849.347,1582
849.465,1605
849.582,1608
849.7,1618
849.818,1589
849.936,1619
850.054,1598
850.172,1576
850.29,1592
850.408,1638
850.525,1580
850.643,1587
850.761,1563
850.879,1563
850.997,1576
851.115,1558
851.233,1599
851.35,1547
851.468,1569
851.586,1570
851.704,1576
851.822,1582
851.94,1513
852.057,1573
852.175,1563
852.293,1609
852.411,1616
852.529,1707
852.647,1715
852.764,1744
852.882,1723
853.0,1668
853.118,1598
853.236,1612
853.353,1628
853.471,1607
853.589,1569
853.707,1578
853.824,1574
853.942,1592
854.06,1584
854.178,1582
854.296,1559
854.413,1591
854.531,1624
854.649,1646
854.767,1614
854.884,1591
855.002,1634
855.12,1626
855.238,1558
855.355,1632
855.473,1597
855.591,1612
855.708,1577
855.826,1608
855.944,1612
856.062,1597
856.179,1624
856.297,1579
856.415,1616
856.532,1660
856.65,1613
856.768,1665
856.886,1655
857.003,1673
857.121,1692
857.239,1672
857.356,1624
857.474,1670
857.592,1654
857.709,1675
857.827,1618
857.945,1631
858.062,1609
858.18,1616
858.298,1668
858.415,1668
858.533,1674
858.651,1600
858.768,1632
858.886,1680
859.003,1636
859.121,1638
859.239,1608
859.356,1624
859.474,1630
859.592,1593
859.709,1595
859.827,1615
859.944,1571
860.062,1553
860.18,1609
860.297,1603
860.415,1544
860.532,1570
860.65,1558
860.768,1557
860.885,1553
861.003,1573
861.12,1557
861.238,1602
861.356,1586
861.473,1594
861.591,1605
861.708,1618
861.826,1594
861.943,1578
862.061,1586
862.178,1556
862.296,1608
862.414,1615
862.531,1501
862.649,1561
862.766,1523
862.884,1534
863.001,1578
863.119,1554
863.236,1571
863.354,1570
863.471,1640
863.589,1633
863.706,1676
863.824,1763
863.941,1710
864.059,1777
864.176,1716
864.294,1674
864.411,1691
864.529,1556
864.646,1594
864.764,1525
864.881,1582
864.999,1552
865.116,1533
865.233,1540
865.351,1566
865.468,1566
865.586,1565
865.703,1549
865.821,1536
865.938,1553
866.056,1549
866.173,1554
866.29,1532
866.408,1536
866.525,1537
866.643,1511
866.76,1589
866.878,1560
866.995,1534
867.112,1552
867.23,1531
867.347,1552
867.465,1529
867.582,1559
867.699,1566
867.817,1525
867.934,1526
868.051,1556
868.169,1562
868.286,1550
868.404,1560
868.521,1585
868.638,1512
868.756,1520
868.873,1528
868.99,1539
869.108,1557
869.225,1586
869.342,1598
869.46,1580
869.577,1546
869.694,1619
869.812,1588
869.929,1549
870.046,1590
870.164,1609
870.281,1605
870.398,1572
870.516,1593
870.633,1617
870.75,1606
870.867,1626
870.985,1644
871.102,1614
871.219,1638
871.337,1636
871.454,1685
871.571,1677
871.688,1707
871.806,1647
871.923,1678
872.04,1712
872.157,1670
872.275,1654
872.392,1665
872.509,1708
872.626,1681
872.744,1630
872.861,1664
872.978,1669
873.095,1645
873.213,1625
873.33,1610
873.447,1588
873.564,1624
873.681,1604
873.799,1619
873.916,1635
874.033,1613
874.15,1618
874.267,1619
874.385,1639
874.502,1659
874.619,1684
874.736,1714
874.853,1685
874.97,1634
875.088,1638
875.205,1713
875.322,1684
875.439,1680
875.556,1672
875.673,1650
875.791,1636
875.908,1605
876.025,1634
876.142,1604
876.259,1631
876.376,1608
876.493,1611
876.61,1574
876.728,1570
876.845,1611
876.962,1591
877.079,1603
877.196,1596
877.313,1639
877.43,1600
877.547,1599
877.664,1566
877.781,1549
877.898,1595
878.016,1600
878.133,1568
878.25,1552
878.367,1546
878.484,1539
878.601,1510
878.718,1602
878.835,1551
878.952,1550
879.069,1553
879.186,1542
879.303,1518
879.42,1550
879.537,1489
879.654,1535
879.771,1481
879.888,1479
880.005,1496
880.122,1495
880.239,1476
880.356,1481
880.473,1500
880.59,1469
880.707,1476
880.824,1495
880.941,1515
881.058,1492
881.175,1532
881.292,1490
881.409,1460
881.526,1494
881.643,1488
881.76,1489
881.877,1472
881.994,1469
882.111,1473
882.228,1524
882.345,1485
882.462,1477
882.579,1496
882.696,1487
882.812,1503
882.929,1512
883.046,1523
883.163,1482
883.28,1442
883.397,1496
883.514,1493
883.631,1504
883.748,1529
883.865,1502
883.982,1520
884.098,1522
884.215,1538
884.332,1541
884.449,1583
884.566,1578
884.683,1560
884.8,1620
884.916,1648
885.033,1729
885.15,1790
885.267,1823
885.384,1860
885.501,1872
885.617,1910
885.734,1894
885.851,1866
885.968,1885
886.085,1860
886.202,1852
886.318,1829
886.435,1810
886.552,1854
886.669,1782
886.786,1784
886.902,1746
887.019,1782
887.136,1743
887.253,1754
887.369,1717
887.486,1758
887.603,1673
887.72,1667
887.837,1665
887.953,1653
888.07,1611
888.187,1612
888.304,1550
888.42,1546
888.537,1565
888.654,1525
888.77,1545
888.887,1518
889.004,1484
889.121,1483
889.237,1486
889.354,1471
889.471,1461
889.587,1509
889.704,1502
889.821,1459
889.938,1475
890.054,1531
890.171,1460
890.288,1479
890.404,1457
890.521,1511
890.638,1512
890.754,1494
890.871,1540
890.988,1524
891.104,1546
891.221,1582
891.337,1583
891.454,1625
891.571,1673
891.687,1621
891.804,1641
891.921,1630
892.037,1621
892.154,1641
892.27,1637
892.387,1633
892.504,1650
892.62,1552
892.737,1567
892.854,1559
892.97,1567
893.087,1565
893.203,1546
893.32,1539
893.436,1532
893.553,1474
893.67,1468
893.786,1494
893.903,1457
894.019,1517
894.136,1395
894.252,1484
894.369,1495
894.485,1461
894.602,1492
894.718,1497
894.835,1491
894.951,1449
895.068,1501
895.184,1393
895.301,1457
895.417,1435
895.534,1459
895.65,1454
895.767,1457
895.883,1423
896.0,1467
896.116,1475
896.233,1465
896.349,1409
896.466,1458
896.582,1432
896.699,1489
896.815,1437
896.932,1497
897.048,1460
897.165,1495
897.281,1465
897.397,1492
897.514,1465
897.63,1443
897.747,1435
897.863,1479
897.979,1477
898.096,1470
898.212,1502
898.329,1414
898.445,1435
898.561,1463
898.678,1410
898.794,1463
898.911,1472
899.027,1490
899.143,1503
899.26,1485
899.376,1478
899.492,1445
899.609,1463
899.725,1457
899.842,1480
899.958,1484
900.074,1493
900.191,1470
900.307,1521
900.423,1431
900.539,1502
900.656,1452
900.772,1472
900.888,1471
901.005,1505
901.121,1492
901.237,1487
901.354,1486
901.47,1481
901.586,1472
901.703,1467
901.819,1530
901.935,1547
902.051,1576
902.168,1562
902.284,1550
902.4,1590
902.516,1609
902.633,1635
902.749,1658
902.865,1642
902.981,1626
903.098,1671
903.214,1651
903.33,1668
903.446,1637
903.562,1688
903.679,1613
903.795,1613
903.911,1574
904.027,1639
904.143,1575
904.26,1584
904.376,1569
904.492,1559
904.608,1527
904.724,1547
904.841,1489
904.957,1482
905.073,1482
905.189,1501
905.305,1465
905.421,1486
905.538,1448
905.654,1463
905.77,1542
905.886,1490
906.002,1473
906.118,1461
906.234,1489
906.35,1510
906.466,1476
906.583,1463
906.699,1497
906.815,1486
906.931,1497
907.047,1406
907.163,1469
907.279,1418
907.395,1492
907.511,1475
907.627,1436
907.743,1472
907.859,1423
907.976,1443
908.092,1488
908.208,1472
908.324,1477
908.44,1473
908.556,1449
908.672,1460
908.788,1469
908.904,1465
909.02,1487
909.136,1458
909.252,1427
909.368,1461
909.484,1436
909.6,1490
909.716,1461
909.832,1489
909.948,1468
910.064,1496
910.18,1467
910.296,1466
910.412,1462
910.528,1483
910.644,1472
910.76,1474
910.875,1503
910.991,1455
911.107,1452
911.223,1469
911.339,1445
911.455,1466
911.571,1445
911.687,1491
911.803,1438
911.919,1426
912.035,1478
912.151,1454
912.267,1508
912.382,1461
912.498,1428
912.614,1465
912.73,1503
912.846,1476
