792.446,525
792.565,545
792.684,601
792.803,568
792.922,513
793.041,511
793.16,498
793.279,526
793.398,510
793.518,506
793.637,520
793.756,531
793.875,551
793.994,537
794.113,522
794.232,502
794.351,518
794.47,500
794.589,511
794.708,473
794.827,496
794.946,501
795.066,517
795.185,485
795.304,483
795.423,523
795.542,515
795.661,515
795.78,512
795.899,508
796.018,521
796.137,510
796.256,513
796.375,514
796.494,498
796.613,495
796.732,510
796.851,497
796.97,500
797.089,503
797.208,508
797.327,492
797.446,508
797.565,482
797.684,501
797.803,489
797.922,491
798.041,497
798.16,503
798.279,482
798.398,502
798.517,479
798.636,469
798.755,506
798.874,480
798.993,482
799.112,480
799.231,512
799.35,482
799.469,500
799.588,485
799.707,468
799.826,488
799.945,496
800.064,489
800.183,505
800.302,486
800.421,473
800.54,487
800.659,476
800.778,501
800.897,485
801.016,492
801.135,472
801.254,485
801.373,466
801.492,475
801.611,508
801.729,501
801.848,465
801.967,481
802.086,490
802.205,498
802.324,498
802.443,463
802.562,466
802.681,491
802.8,476
802.919,509
803.038,465
803.157,474
803.276,491
803.394,499
803.513,475
803.632,500
803.751,479
803.87,493
803.989,474
804.108,461
804.227,465
804.346,506
804.465,505
804.583,483
804.702,475
804.821,490
804.94,487
805.059,487
805.178,494
805.297,496
805.416,481
805.535,489
805.653,490
805.772,477
805.891,483
806.01,483
806.129,493
806.248,485
806.367,495
806.485,481
806.604,492
806.723,482
806.842,475
806.961,470
807.08,480
807.198,474
807.317,493
807.436,466
807.555,479
807.674,463
807.793,465
807.912,478
808.03,474
808.149,489
808.268,474
808.387,486
808.506,501
808.624,477
808.743,476
808.862,467
808.981,464
809.1,473
809.219,476
809.337,458
809.456,488
809.575,484
809.694,460
809.812,487
809.931,474
810.05,485
810.169,491
810.288,482
810.406,458
810.525,477
810.644,469
810.763,469
810.882,490
811.0,475
811.119,484
811.238,499
811.357,488
811.475,458
811.594,480
811.713,476
811.832,475
811.95,469
812.069,484
812.188,467
812.307,473
812.425,475
812.544,481
812.663,465
812.782,474
812.9,487
813.019,468
813.138,489
813.257,473
813.375,490
813.494,485
813.613,484
813.731,469
813.85,480
813.969,482
814.088,483
814.206,458
814.325,469
814.444,469
814.562,470
814.681,493
814.8,484
814.918,463
815.037,480
815.156,447
815.274,483
815.393,466
815.512,487
815.631,472
815.749,483
815.868,461
815.987,479
816.105,487
816.224,471
816.343,473
816.461,497
816.58,497
816.698,482
816.817,476
816.936,481
817.055,476
817.173,468
817.292,490
817.41,468
817.529,456
817.648,489
817.766,463
817.885,468
818.004,479
818.122,490
818.241,471
818.359,464
818.478,450
818.597,450
818.715,467
818.834,472
818.953,464
819.071,473
819.19,473
819.308,453
819.427,471
819.546,482
819.664,462
819.783,472
819.901,458
820.02,458
820.138,471
820.257,480
820.376,440
820.494,462
820.613,463
820.731,456
820.85,463
820.969,446
821.087,451
821.206,465
821.324,467
821.443,442
821.561,464
821.68,479
821.798,472
821.917,454
822.035,464
822.154,464
822.273,459
822.391,451
822.51,448
822.628,479
822.747,446
822.865,453
822.984,470
823.102,483
823.221,465
823.339,470
823.458,446
823.576,456
823.695,479
823.813,447
823.932,456
824.05,458
824.169,461
824.287,466
824.406,483
824.524,456
824.643,472
824.761,469
824.88,449
824.998,439
825.117,446
825.235,460
825.354,461
825.472,456
825.591,470
825.709,466
825.828,446
825.946,483
826.064,462
826.183,465
826.301,458
826.42,448
826.538,446
826.657,469
826.775,440
826.894,450
827.012,467
827.13,459
827.249,472
827.367,455
827.486,482
827.604,462
827.723,471
827.841,440
827.959,466
828.078,480
828.196,451
828.315,450
828.433,446
828.552,457
828.67,456
828.788,441
828.907,419
829.025,463
829.143,460
829.262,449
829.38,463
829.499,461
829.617,454
829.735,445
829.854,474
829.972,453
830.091,449
830.209,451
830.327,450
830.446,454
830.564,440
830.682,459
830.801,442
830.919,451
831.037,457
831.156,455
831.274,452
831.392,453
831.511,446
831.629,455
831.747,438
831.866,440
831.984,447
832.102,447
832.221,443
832.339,454
832.457,442
832.576,478
832.694,452
832.812,453
832.93,436
833.049,447
833.167,456
833.285,438
833.404,445
833.522,466
833.64,443
833.759,454
833.877,439
833.995,451
834.113,457
834.232,436
834.35,443
834.468,466
834.586,445
834.705,445
834.823,439
834.941,444
835.059,434
835.178,436
835.296,444
835.414,454
835.532,437
835.651,457
835.769,453
835.887,471
836.005,455
836.124,444
836.242,453
836.36,446
836.478,466
836.596,446
836.715,443
836.833,452
836.951,426
837.069,464
837.188,456
837.306,445
837.424,424
837.542,464
837.66,452
837.779,469
837.897,443
838.015,445
838.133,448
838.251,429
838.369,449
838.487,469
838.606,435
838.724,431
838.842,466
838.96,470
839.078,447
839.196,441
839.315,442
839.433,442
839.551,453
839.669,451
839.787,439
839.905,435
840.023,456
840.142,439
840.26,462
840.378,464
840.496,437
840.614,452
840.732,439
840.85,462
840.968,445
841.087,433
841.205,438
841.323,468
841.441,423
841.559,444
841.677,447
841.795,437
841.913,436
842.031,429
842.149,465
842.267,453
842.385,450
842.504,456
842.622,423
842.74,460
842.858,437
842.976,447
843.094,447
843.212,440
843.33,455
843.448,439
843.566,440
843.684,467
843.802,429
843.92,472
844.038,430
844.156,442
844.274,464
844.392,450
844.51,458
844.628,447
844.746,429
844.864,460
844.982,431
845.1,456
845.218,432
845.336,470
845.454,439
845.572,429
845.69,435
845.808,433
845.926,440
846.044,449
846.162,436
846.28,467
846.398,430
846.516,435
846.634,435
846.752,455
846.87,447
846.988,469
847.106,441
847.224,438
847.342,450
847.46,434
847.578,453
847.696,463
847.814,448
847.932,432
848.05,433
848.168,455
848.285,450
848.403,441
848.521,440
848.639,444
848.757,441
848.875,443
848.993,442
849.111,463
849.229,448
849.347,445
849.465,458
849.582,446
849.7,452
849.818,438
849.936,435
850.054,452
850.172,439
850.29,448
850.408,429
850.525,449
850.643,440
850.761,442
850.879,446
850.997,426
851.115,445
851.233,452
851.35,451
851.468,467
851.586,437
851.704,455
851.822,438
851.94,449
852.057,435
852.175,451
852.293,445
852.411,462
852.529,444
852.647,445
852.764,445
852.882,453
853.0,434
853.118,451
853.236,443
853.353,447
853.471,455
853.589,429
853.707,444
853.824,444
853.942,455
854.06,455
854.178,418
854.296,446
854.413,439
854.531,454
854.649,440
854.767,448
854.884,433
855.002,457
855.12,424
855.238,443
855.355,444
855.473,457
855.591,432
855.708,452
855.826,436
855.944,451
856.062,442
856.179,453
856.297,435
856.415,466
856.532,441
856.65,450
856.768,441
856.886,465
857.003,445
857.121,437
857.239,454
857.356,452
857.474,442
857.592,450
857.709,442
857.827,445
857.945,453
858.062,438
858.18,437
858.298,445
858.415,440
858.533,440
858.651,431
858.768,439
858.886,444
859.003,439
859.121,448
859.239,455
859.356,441
859.474,445
859.592,449
859.709,458
859.827,431
859.944,434
860.062,443
860.18,434
860.297,441
860.415,453
860.532,475
860.65,454
860.768,447
860.885,450
861.003,457
861.12,459
861.238,447
861.356,451
861.473,445
861.591,453
861.708,446
861.826,428
861.943,431
862.061,446
862.178,445
862.296,449
862.414,432
862.531,437
862.649,431
862.766,438
862.884,440
863.001,437
863.119,449
863.236,459
863.354,453
863.471,431
863.589,447
863.706,444
863.824,457
863.941,452
864.059,431
864.176,475
864.294,451
864.411,442
864.529,441
864.646,463
864.764,454
864.881,453
864.999,433
865.116,439
865.233,435
865.351,434
865.468,440
865.586,458
865.703,455
865.821,455
865.938,454
866.056,438
866.173,460
866.29,450
866.408,434
866.525,434
866.643,446
866.76,434
866.878,446
866.995,445
867.112,437
867.23,444
867.347,451
867.465,433
867.582,445
867.699,445
867.817,440
867.934,440
868.051,462
868.169,453
868.286,448
868.404,455
868.521,445
868.638,434
868.756,461
868.873,428
868.99,446
869.108,468
869.225,452
869.342,460
869.46,442
869.577,460
869.694,430
869.812,449
869.929,461
870.046,448
870.164,450
870.281,444
870.398,435
870.516,456
870.633,439
870.75,446
870.867,445
870.985,454
871.102,447
871.219,438
871.337,434
871.454,438
871.571,439
871.688,439
871.806,423
871.923,443
872.04,425
872.157,453
872.275,447
872.392,464
872.509,437
872.626,447
872.744,434
872.861,439
872.978,440
873.095,462
873.213,458
873.33,436
873.447,432
873.564,470
873.681,451
873.799,468
873.916,446
874.033,432
874.15,442
874.267,468
874.385,447
874.502,444
874.619,440
874.736,447
874.853,442
874.97,456
875.088,432
875.205,454
875.322,440
875.439,480
875.556,423
875.673,477
875.791,439
875.908,452
876.025,436
876.142,451
876.259,463
876.376,436
876.493,440
876.61,449
876.728,440
876.845,458
876.962,434
877.079,467
877.196,439
877.313,469
877.43,457
877.547,473
877.664,453
877.781,455
877.898,442
878.016,455
878.133,446
878.25,447
878.367,458
878.484,445
878.601,431
878.718,443
878.835,445
878.952,449
879.069,450
879.186,439
879.303,453
879.42,451
879.537,433
879.654,454
879.771,436
879.888,467
880.005,427
880.122,440
880.239,440
880.356,434
880.473,429
880.59,436
880.707,465
880.824,447
880.941,430
881.058,444
881.175,449
881.292,457
881.409,439
881.526,458
881.643,442
881.76,447
881.877,461
881.994,449
882.111,446
882.228,433
882.345,447
882.462,460
882.579,436
882.696,455
882.812,440
882.929,440
883.046,450
883.163,459
883.28,423
883.397,438
883.514,437
883.631,460
883.748,458
883.865,452
883.982,450
884.098,457
884.215,456
884.332,462
884.449,462
884.566,457
884.683,462
884.8,452
884.916,436
885.033,443
885.15,451
885.267,454
885.384,456
885.501,474
885.617,432
885.734,464
885.851,445
885.968,468
886.085,446
886.202,461
886.318,438
886.435,460
886.552,459
886.669,454
886.786,443
886.902,447
887.019,429
887.136,457
887.253,450
887.369,456
887.486,469
887.603,447
887.72,458
887.837,454
887.953,445
888.07,446
888.187,436
888.304,446
888.42,441
888.537,441
888.654,442
888.77,449
888.887,433
889.004,471
889.121,447
889.237,443
889.354,440
889.471,460
889.587,441
889.704,427
889.821,463
889.938,456
890.054,455
890.171,466
890.288,462
890.404,455
890.521,451
890.638,465
890.754,427
890.871,465
890.988,452
891.104,449
891.221,454
891.337,456
891.454,447
891.571,440
891.687,448
891.804,470
891.921,433
892.037,446
892.154,442
892.27,462
892.387,453
892.504,450
892.62,439
892.737,442
892.854,435
892.97,461
893.087,448
893.203,455
893.32,460
893.436,463
893.553,447
893.67,451
893.786,444
893.903,458
894.019,425
894.136,452
894.252,453
894.369,460
894.485,477
894.602,475
894.718,447
894.835,462
894.951,435
895.068,460
895.184,436
895.301,438
895.417,444
895.534,461
895.65,460
895.767,453
895.883,469
896.0,453
896.116,460
896.233,457
896.349,436
896.466,470
896.582,459
896.699,462
896.815,456
896.932,464
897.048,461
897.165,480
897.281,448
897.397,456
897.514,444
897.63,466
897.747,450
897.863,467
897.979,450
898.096,457
898.212,435
898.329,457
898.445,437
898.561,474
898.678,447
898.794,444
898.911,455
899.027,461
899.143,466
899.26,456
899.376,445
899.492,454
899.609,444
899.725,456
899.842,460
899.958,454
900.074,459
900.191,456
900.307,459
900.423,470
900.539,454
900.656,477
900.772,452
900.888,455
901.005,462
901.121,458
901.237,432
901.354,450
901.47,446
901.586,452
901.703,454
901.819,459
901.935,463
902.051,445
902.168,438
902.284,479
902.4,433
902.516,454
902.633,449
902.749,451
902.865,456
902.981,449
903.098,448
903.214,470
903.33,457
903.446,470
903.562,457
903.679,475
903.795,459
903.911,468
904.027,462
904.143,445
904.26,441
904.376,450
904.492,468
904.608,478
904.724,442
904.841,462
904.957,472
905.073,466
905.189,465
905.305,465
905.421,455
905.538,461
905.654,433
905.77,475
905.886,459
906.002,454
906.118,460
906.234,467
906.35,452
906.466,443
906.583,454
906.699,456
906.815,459
906.931,442
907.047,439
907.163,474
907.279,438
907.395,444
907.511,468
907.627,461
907.743,455
907.859,449
907.976,459
908.092,465
908.208,465
908.324,445
908.44,448
908.556,459
908.672,460
908.788,459
908.904,442
909.02,443
909.136,465
909.252,467
909.368,444
909.484,454
909.6,448
909.716,438
909.832,445
909.948,461
910.064,447
910.18,471
910.296,452
910.412,476
910.528,449
910.644,463
910.76,462
910.875,471
910.991,459
911.107,443
911.223,451
911.339,455
911.455,446
911.571,464
911.687,456
911.803,463
911.919,444
912.035,464
912.151,455
912.267,444
912.382,438
912.498,469
912.614,451
912.73,480
912.846,466
792.446,524
792.565,547
792.684,594
792.803,580
792.922,540
793.041,506
793.16,502
793.279,521
793.398,531
793.518,508
793.637,501
793.756,526
793.875,523
793.994,536
794.113,518
794.232,507
794.351,497
794.47,531
794.589,522
794.708,511
794.827,487
794.946,515
795.066,488
795.185,514
795.304,503
795.423,510
795.542,510
795.661,521
795.78,499
795.899,499
796.018,486
796.137,485
796.256,526
796.375,512
796.494,501
796.613,497
796.732,495
796.851,508
796.97,486
797.089,508
797.208,506
797.327,491
797.446,481
797.565,509
797.684,504
797.803,507
797.922,498
798.041,473
798.16,477
798.279,507
798.398,484
798.517,492
798.636,506
798.755,470
798.874,483
798.993,503
799.112,484
799.231,496
799.35,477
799.469,498
799.588,495
799.707,489
799.826,486
799.945,480
800.064,484
800.183,488
800.302,510
800.421,484
800.54,495
800.659,482
800.778,497
800.897,494
801.016,481
801.135,465
801.254,507
801.373,471
801.492,475
801.611,472
801.729,484
801.848,489
801.967,510
802.086,486
802.205,497
802.324,496
802.443,480
802.562,474
802.681,497
802.8,478
802.919,506
803.038,468
803.157,494
803.276,501
803.394,498
803.513,490
803.632,491
803.751,479
803.87,487
803.989,478
804.108,482
804.227,483
804.346,473
804.465,494
804.583,495
804.702,478
804.821,472
804.94,501
805.059,484
805.178,485
805.297,475
805.416,481
805.535,483
805.653,491
805.772,508
805.891,489
806.01,488
806.129,489
806.248,464
806.367,478
806.485,494
806.604,458
806.723,479
806.842,480
806.961,475
807.08,493
807.198,478
807.317,502
807.436,496
807.555,472
807.674,484
807.793,483
807.912,472
808.03,461
808.149,457
808.268,483
808.387,457
808.506,476
808.624,475
808.743,471
808.862,497
808.981,488
809.1,493
809.219,495
809.337,494
809.456,494
809.575,489
809.694,481
809.812,504
809.931,499
810.05,502
810.169,492
810.288,470
810.406,485
810.525,463
810.644,489
810.763,476
810.882,492
811.0,504
811.119,493
811.238,478
811.357,464
811.475,507
811.594,487
811.713,487
811.832,488
811.95,487
812.069,482
812.188,498
812.307,471
812.425,498
812.544,485
812.663,481
812.782,480
812.9,472
813.019,481
813.138,458
813.257,473
813.375,479
813.494,474
813.613,491
813.731,474
813.85,494
813.969,472
814.088,475
814.206,478
814.325,476
814.444,487
814.562,480
814.681,483
814.8,475
814.918,488
815.037,488
815.156,474
815.274,462
815.393,473
815.512,463
815.631,486
815.749,459
815.868,477
815.987,466
816.105,485
816.224,473
816.343,472
816.461,490
816.58,460
816.698,455
816.817,475
816.936,459
817.055,476
817.173,476
817.292,467
817.41,471
817.529,479
817.648,465
817.766,476
817.885,460
818.004,485
818.122,471
818.241,461
818.359,468
818.478,477
818.597,468
818.715,471
818.834,451
818.953,471
819.071,464
819.19,464
819.308,460
819.427,477
819.546,462
819.664,472
819.783,451
819.901,464
820.02,466
820.138,465
820.257,482
820.376,466
820.494,442
820.613,469
820.731,456
820.85,488
820.969,457
821.087,458
821.206,464
821.324,465
821.443,466
821.561,447
821.68,468
821.798,468
821.917,479
822.035,471
822.154,482
822.273,451
822.391,463
822.51,464
822.628,464
822.747,451
822.865,463
822.984,450
823.102,442
823.221,476
823.339,456
823.458,465
823.576,459
823.695,460
823.813,455
823.932,459
824.05,445
824.169,450
824.287,471
824.406,448
824.524,456
824.643,473
824.761,440
824.88,477
824.998,461
825.117,461
825.235,452
825.354,473
825.472,474
825.591,464
825.709,458
825.828,463
825.946,459
826.064,465
826.183,481
826.301,454
826.42,459
826.538,471
826.657,454
826.775,457
826.894,457
827.012,451
827.13,450
827.249,463
827.367,449
827.486,457
827.604,474
827.723,463
827.841,452
827.959,452
828.078,474
828.196,469
828.315,471
828.433,466
828.552,449
828.67,476
828.788,433
828.907,450
829.025,474
829.143,451
829.262,452
829.38,460
829.499,435
829.617,451
829.735,444
829.854,454
829.972,430
830.091,463
830.209,459
830.327,437
830.446,471
830.564,451
830.682,454
830.801,442
830.919,447
831.037,454
831.156,465
831.274,466
831.392,447
831.511,450
831.629,453
831.747,474
831.866,434
831.984,450
832.102,465
832.221,471
832.339,452
832.457,442
832.576,453
832.694,458
832.812,438
832.93,470
833.049,459
833.167,442
833.285,479
833.404,449
833.522,460
833.64,451
833.759,465
833.877,461
833.995,474
834.113,486
834.232,455
834.35,465
834.468,459
834.586,465
834.705,466
834.823,441
834.941,454
835.059,462
835.178,455
835.296,453
835.414,458
835.532,471
835.651,433
835.769,454
835.887,456
836.005,454
836.124,433
836.242,459
836.36,445
836.478,448
836.596,424
836.715,454
836.833,443
836.951,467
837.069,456
837.188,450
837.306,451
837.424,458
837.542,451
837.66,443
837.779,441
837.897,460
838.015,457
838.133,454
838.251,447
838.369,437
838.487,451
838.606,460
838.724,458
838.842,447
838.96,465
839.078,451
839.196,437
839.315,437
839.433,461
839.551,434
839.669,469
839.787,447
839.905,447
840.023,440
840.142,434
840.26,457
840.378,447
840.496,450
840.614,459
840.732,440
840.85,452
840.968,439
841.087,466
841.205,451
841.323,441
841.441,462
841.559,447
841.677,444
841.795,438
841.913,437
842.031,460
842.149,445
842.267,467
842.385,459
842.504,445
842.622,458
842.74,425
842.858,458
842.976,447
843.094,449
843.212,451
843.33,436
843.448,440
843.566,461
843.684,460
843.802,438
843.92,456
844.038,441
844.156,443
844.274,460
844.392,449
844.51,449
844.628,437
844.746,428
844.864,464
844.982,446
845.1,433
845.218,461
845.336,451
845.454,454
845.572,442
845.69,455
845.808,439
845.926,455
846.044,448
846.162,452
846.28,462
846.398,459
846.516,447
846.634,463
846.752,439
846.87,431
846.988,444
847.106,459
847.224,437
847.342,452
847.46,430
847.578,459
847.696,451
847.814,449
847.932,434
848.05,445
848.168,437
848.285,442
848.403,444
848.521,426
848.639,444
848.757,451
848.875,446
848.993,449
849.111,468
849.229,443
849.347,441
849.465,442
849.582,448
849.7,431
849.818,446
849.936,440
850.054,446
850.172,453
850.29,431
850.408,463
850.525,441
850.643,444
850.761,444
850.879,446
850.997,449
851.115,441
851.233,447
851.35,477
851.468,446
851.586,461
851.704,443
851.822,442
851.94,436
852.057,449
852.175,450
852.293,465
852.411,446
852.529,460
852.647,444
852.764,449
852.882,451
853.0,440
853.118,450
853.236,449
853.353,445
853.471,459
853.589,445
853.707,458
853.824,460
853.942,438
854.06,441
854.178,447
854.296,446
854.413,448
854.531,458
854.649,455
854.767,440
854.884,447
855.002,437
855.12,439
855.238,450
855.355,469
855.473,456
855.591,439
855.708,443
855.826,464
855.944,441
856.062,428
856.179,436
856.297,449
856.415,456
856.532,452
856.65,447
856.768,432
856.886,448
857.003,470
857.121,444
857.239,444
857.356,453
857.474,454
857.592,438
857.709,451
857.827,438
857.945,452
858.062,448
858.18,458
858.298,454
858.415,458
858.533,453
858.651,462
858.768,440
858.886,440
859.003,459
859.121,455
859.239,436
859.356,442
859.474,457
859.592,440
859.709,454
859.827,444
859.944,458
860.062,458
860.18,458
860.297,455
860.415,433
860.532,458
860.65,427
860.768,444
860.885,439
861.003,452
861.12,448
861.238,432
861.356,443
861.473,449
861.591,437
861.708,453
861.826,445
861.943,452
862.061,436
862.178,451
862.296,455
862.414,446
862.531,432
862.649,450
862.766,448
862.884,433
863.001,436
863.119,443
863.236,436
863.354,433
863.471,465
863.589,448
863.706,440
863.824,431
863.941,428
864.059,453
864.176,445
864.294,436
864.411,430
864.529,467
864.646,453
864.764,441
864.881,449
864.999,439
865.116,455
865.233,448
865.351,445
865.468,454
865.586,457
865.703,441
865.821,464
865.938,449
866.056,450
866.173,428
866.29,447
866.408,458
866.525,448
866.643,426
866.76,450
866.878,464
866.995,467
867.112,461
867.23,440
867.347,445
867.465,445
867.582,440
867.699,455
867.817,444
867.934,455
868.051,435
868.169,461
868.286,440
868.404,453
868.521,451
868.638,460
868.756,474
868.873,433
868.99,460
869.108,442
869.225,448
869.342,458
869.46,445
869.577,444
869.694,441
869.812,440
869.929,443
870.046,467
870.164,447
870.281,446
870.398,453
870.516,453
870.633,441
870.75,445
870.867,436
870.985,441
871.102,456
871.219,459
871.337,446
871.454,435
871.571,454
871.688,437
871.806,460
871.923,437
872.04,461
872.157,468
872.275,443
872.392,457
872.509,461
872.626,456
872.744,458
872.861,457
872.978,434
873.095,437
873.213,464
873.33,451
873.447,452
873.564,448
873.681,466
873.799,437
873.916,453
874.033,443
874.15,452
874.267,435
874.385,443
874.502,444
874.619,462
874.736,443
874.853,441
874.97,453
875.088,458
875.205,473
875.322,446
875.439,447
875.556,442
875.673,465
875.791,466
875.908,461
876.025,441
876.142,461
876.259,463
876.376,461
876.493,439
876.61,448
876.728,455
876.845,445
876.962,435
877.079,452
877.196,440
877.313,441
877.43,459
877.547,464
877.664,448
877.781,447
877.898,445
878.016,452
878.133,449
878.25,461
878.367,447
878.484,469
878.601,458
878.718,446
878.835,454
878.952,435
879.069,445
879.186,441
879.303,452
879.42,462
879.537,457
879.654,453
879.771,463
879.888,455
880.005,449
880.122,449
880.239,446
880.356,436
880.473,464
880.59,452
880.707,456
880.824,441
880.941,459
881.058,453
881.175,454
881.292,436
881.409,467
881.526,452
881.643,470
881.76,439
881.877,458
881.994,449
882.111,466
882.228,469
882.345,455
882.462,446
882.579,453
882.696,448
882.812,452
882.929,458
883.046,452
883.163,453
883.28,455
883.397,446
883.514,450
883.631,463
883.748,467
883.865,433
883.982,463
884.098,446
884.215,441
884.332,459
884.449,454
884.566,461
884.683,452
884.8,438
884.916,455
885.033,424
885.15,463
885.267,439
885.384,440
885.501,459
885.617,464
885.734,460
885.851,448
885.968,448
886.085,442
886.202,443
886.318,440
886.435,460
886.552,444
886.669,439
886.786,476
886.902,444
887.019,464
887.136,439
887.253,475
887.369,448
887.486,477
887.603,468
887.72,448
887.837,459
887.953,459
888.07,436
888.187,446
888.304,460
888.42,452
888.537,460
888.654,454
888.77,446
888.887,442
889.004,439
889.121,438
889.237,452
889.354,465
889.471,440
889.587,451
889.704,461
889.821,461
889.938,444
890.054,447
890.171,444
890.288,475
890.404,449
890.521,468
890.638,444
890.754,448
890.871,437
890.988,467
891.104,476
891.221,452
891.337,443
891.454,470
891.571,452
891.687,456
891.804,445
891.921,467
892.037,448
892.154,447
892.27,459
892.387,436
892.504,441
892.62,465
892.737,447
892.854,447
892.97,459
893.087,458
893.203,458
893.32,465
893.436,432
893.553,468
893.67,453
893.786,457
893.903,461
894.019,450
894.136,451
894.252,450
894.369,435
894.485,457
894.602,454
894.718,454
894.835,455
894.951,456
895.068,467
895.184,449
895.301,447
895.417,460
895.534,455
895.65,459
895.767,450
895.883,453
896.0,451
896.116,469
896.233,436
896.349,457
896.466,463
896.582,476
896.699,445
896.815,458
896.932,460
897.048,447
897.165,446
897.281,451
897.397,443
897.514,460
897.63,446
897.747,458
897.863,449
897.979,455
898.096,439
898.212,460
898.329,442
898.445,450
898.561,448
898.678,469
898.794,466
898.911,469
899.027,440
899.143,453
899.26,462
899.376,456
899.492,454
899.609,459
899.725,454
899.842,464
899.958,459
900.074,465
900.191,451
900.307,469
900.423,451
900.539,454
900.656,449
900.772,474
900.888,462
901.005,462
901.121,449
901.237,458
901.354,454
901.47,463
901.586,452
901.703,450
901.819,462
901.935,467
902.051,475
902.168,451
902.284,468
902.4,458
902.516,454
902.633,458
902.749,441
902.865,459
902.981,460
903.098,452
903.214,462
903.33,456
903.446,462
903.562,448
903.679,453
903.795,444
903.911,454
904.027,464
904.143,439
904.26,457
904.376,461
904.492,478
904.608,474
904.724,462
904.841,458
904.957,436
905.073,443
905.189,446
905.305,475
905.421,452
905.538,454
905.654,461
905.77,457
905.886,440
906.002,464
906.118,447
906.234,436
906.35,452
906.466,444
906.583,456
906.699,459
906.815,449
906.931,458
907.047,448
907.163,457
907.279,465
907.395,454
907.511,470
907.627,451
907.743,443
907.859,465
907.976,468
908.092,475
908.208,464
908.324,450
908.44,472
908.556,452
908.672,448
908.788,477
908.904,462
909.02,455
909.136,472
909.252,472
909.368,460
909.484,470
909.6,471
909.716,460
909.832,478
909.948,452
910.064,462
910.18,457
910.296,477
910.412,447
910.528,465
910.644,452
910.76,449
910.875,473
910.991,480
911.107,460
911.223,465
911.339,448
911.455,471
911.571,474
911.687,471
911.803,468
911.919,443
912.035,447
912.151,481
912.267,445
912.382,451
912.498,459
912.614,450
912.73,454
912.846,464
792.446,509
792.565,568
792.684,599
792.803,571
792.922,548
793.041,502
793.16,522
793.279,526
793.398,512
793.518,509
793.637,497
793.756,509
793.875,539
793.994,518
794.113,518
794.232,494
794.351,500
794.47,506
794.589,515
794.708,534
794.827,500
794.946,526
795.066,537
795.185,524
795.304,528
795.423,502
795.542,494
795.661,518
795.78,506
795.899,498
796.018,488
796.137,517
796.256,510
796.375,486
796.494,514
796.613,501
796.732,523
796.851,488
796.97,490
797.089,494
797.208,516
797.327,512
797.446,502
797.565,498
797.684,517
797.803,501
797.922,491
798.041,495
798.16,484
798.279,504
798.398,502
798.517,489
798.636,501
798.755,493
798.874,506
798.993,487
799.112,477
799.231,498
799.35,497
799.469,513
799.588,501
799.707,495
799.826,459
799.945,513
800.064,500
800.183,465
800.302,486
800.421,483
800.54,495
800.659,484
800.778,479
800.897,511
801.016,487
801.135,479
801.254,513
801.373,488
801.492,475
801.611,479
801.729,475
801.848,502
801.967,496
802.086,479
802.205,513
802.324,486
802.443,481
802.562,495
802.681,492
802.8,473
802.919,500
803.038,485
803.157,494
803.276,477
803.394,488
803.513,501
803.632,495
803.751,478
803.87,480
803.989,488
804.108,480
804.227,477
804.346,490
804.465,485
804.583,475
804.702,462
804.821,475
804.94,472
805.059,489
805.178,512
805.297,490
805.416,503
805.535,490
805.653,472
805.772,483
805.891,472
806.01,492
806.129,481
806.248,471
806.367,469
806.485,491
806.604,477
806.723,468
806.842,495
806.961,486
807.08,479
807.198,493
807.317,465
807.436,489
807.555,470
807.674,490
807.793,460
807.912,476
808.03,503
808.149,479
808.268,467
808.387,475
808.506,471
808.624,475
808.743,468
808.862,488
808.981,477
809.1,470
809.219,495
809.337,468
809.456,491
809.575,477
809.694,472
809.812,491
809.931,471
810.05,494
810.169,481
810.288,492
810.406,480
810.525,475
810.644,476
810.763,481
810.882,483
811.0,483
811.119,486
811.238,501
811.357,495
811.475,464
811.594,462
811.713,475
811.832,482
811.95,500
812.069,497
812.188,499
812.307,476
812.425,480
812.544,475
812.663,498
812.782,480
812.9,493
813.019,474
813.138,498
813.257,485
813.375,482
813.494,469
813.613,508
813.731,488
813.85,464
813.969,487
814.088,475
814.206,473
814.325,478
814.444,478
814.562,494
814.681,476
814.8,484
814.918,495
815.037,482
815.156,475
815.274,492
815.393,464
815.512,518
815.631,479
815.749,473
815.868,489
815.987,481
816.105,475
816.224,464
816.343,471
816.461,471
816.58,491
816.698,473
816.817,482
816.936,507
817.055,494
817.173,467
817.292,464
817.41,482
817.529,489
817.648,472
817.766,475
817.885,471
818.004,462
818.122,469
818.241,481
818.359,469
818.478,454
818.597,440
818.715,459
818.834,473
818.953,461
819.071,491
819.19,471
819.308,462
819.427,461
819.546,456
819.664,461
819.783,463
819.901,472
820.02,476
820.138,461
820.257,459
820.376,462
820.494,455
820.613,461
820.731,474
820.85,473
820.969,468
821.087,481
821.206,483
821.324,472
821.443,457
821.561,468
821.68,463
821.798,475
821.917,444
822.035,459
822.154,463
822.273,462
822.391,454
822.51,472
822.628,455
822.747,462
822.865,463
822.984,467
823.102,468
823.221,470
823.339,468
823.458,461
823.576,464
823.695,470
823.813,469
823.932,451
824.05,456
824.169,467
824.287,450
824.406,472
824.524,457
824.643,431
824.761,456
824.88,448
824.998,470
825.117,472
825.235,467
825.354,470
825.472,472
825.591,450
825.709,446
825.828,469
825.946,456
826.064,452
826.183,464
826.301,462
826.42,466
826.538,478
826.657,458
826.775,450
826.894,475
827.012,441
827.13,456
827.249,452
827.367,455
827.486,462
827.604,450
827.723,469
827.841,467
827.959,471
828.078,463
828.196,440
828.315,476
828.433,451
828.552,455
828.67,457
828.788,478
828.907,448
829.025,458
829.143,453
829.262,462
829.38,458
829.499,443
829.617,451
829.735,463
829.854,440
829.972,456
830.091,441
830.209,454
830.327,458
830.446,468
830.564,444
830.682,465
830.801,453
830.919,457
831.037,457
831.156,472
831.274,453
831.392,464
831.511,459
831.629,457
831.747,437
831.866,450
831.984,456
832.102,433
832.221,453
832.339,450
832.457,446
832.576,475
832.694,461
832.812,447
832.93,456
833.049,447
833.167,453
833.285,475
833.404,438
833.522,468
833.64,458
833.759,448
833.877,445
833.995,473
834.113,449
834.232,471
834.35,443
834.468,476
834.586,436
834.705,471
834.823,449
834.941,444
835.059,461
835.178,448
835.296,442
835.414,453
835.532,433
835.651,435
835.769,445
835.887,444
836.005,456
836.124,450
836.242,456
836.36,487
836.478,457
836.596,457
836.715,474
836.833,466
836.951,443
837.069,453
837.188,439
837.306,469
837.424,449
837.542,457
837.66,462
837.779,455
837.897,446
838.015,454
838.133,453
838.251,449
838.369,445
838.487,447
838.606,451
838.724,459
838.842,471
838.96,459
839.078,450
839.196,435
839.315,448
839.433,451
839.551,453
839.669,462
839.787,438
839.905,467
840.023,432
840.142,460
840.26,451
840.378,463
840.496,474
840.614,449
840.732,433
840.85,453
840.968,436
841.087,439
841.205,458
841.323,454
841.441,468
841.559,444
841.677,462
841.795,458
841.913,445
842.031,442
842.149,436
842.267,434
842.385,458
842.504,443
842.622,438
842.74,450
842.858,442
842.976,438
843.094,457
843.212,453
843.33,464
843.448,445
843.566,427
843.684,449
843.802,456
843.92,463
844.038,457
844.156,427
844.274,437
844.392,446
844.51,457
844.628,449
844.746,448
844.864,458
844.982,440
845.1,460
845.218,427
845.336,432
845.454,436
845.572,462
845.69,445
845.808,443
845.926,441
846.044,443
846.162,455
846.28,444
846.398,440
846.516,456
846.634,435
846.752,450
846.87,448
846.988,459
847.106,430
847.224,449
847.342,451
847.46,452
847.578,455
847.696,432
847.814,453
847.932,450
848.05,456
848.168,454
848.285,425
848.403,463
848.521,433
848.639,462
848.757,463
848.875,447
848.993,469
849.111,459
849.229,436
849.347,451
849.465,432
849.582,448
849.7,450
849.818,460
849.936,445
850.054,452
850.172,447
850.29,446
850.408,440
850.525,434
850.643,444
850.761,443
850.879,435
850.997,468
851.115,436
851.233,463
851.35,447
851.468,453
851.586,447
851.704,472
851.822,434
851.94,458
852.057,442
852.175,455
852.293,429
852.411,444
852.529,454
852.647,456
852.764,436
852.882,463
853.0,454
853.118,458
853.236,436
853.353,439
853.471,452
853.589,454
853.707,450
853.824,459
853.942,460
854.06,465
854.178,452
854.296,453
854.413,450
854.531,447
854.649,443
854.767,441
854.884,442
855.002,454
855.12,454
855.238,457
855.355,451
855.473,448
855.591,447
855.708,446
855.826,445
855.944,442
856.062,458
856.179,456
856.297,451
856.415,447
856.532,459
856.65,435
856.768,443
856.886,443
857.003,440
857.121,445
857.239,436
857.356,460
857.474,453
857.592,449
857.709,448
857.827,448
857.945,448
858.062,439
858.18,454
858.298,458
858.415,468
858.533,448
858.651,475
858.768,448
858.886,451
859.003,454
859.121,452
859.239,456
859.356,451
859.474,452
859.592,460
859.709,442
859.827,443
859.944,444
860.062,430
860.18,450
860.297,436
860.415,445
860.532,451
860.65,441
860.768,453
860.885,467
861.003,446
861.12,463
861.238,453
861.356,458
861.473,458
861.591,450
861.708,450
861.826,460
861.943,458
862.061,444
862.178,455
862.296,440
862.414,447
862.531,454
862.649,439
862.766,458
862.884,462
863.001,457
863.119,444
863.236,453
863.354,469
863.471,463
863.589,439
863.706,432
863.824,434
863.941,462
864.059,441
864.176,448
864.294,451
864.411,439
864.529,458
864.646,459
864.764,458
864.881,444
864.999,456
865.116,453
865.233,448
865.351,452
865.468,454
865.586,442
865.703,460
865.821,444
865.938,451
866.056,448
866.173,445
866.29,447
866.408,442
866.525,451
866.643,466
866.76,461
866.878,441
866.995,452
867.112,462
867.23,455
867.347,456
867.465,471
867.582,428
867.699,459
867.817,454
867.934,454
868.051,452
868.169,425
868.286,439
868.404,444
868.521,462
868.638,447
868.756,456
868.873,431
868.99,454
869.108,463
869.225,464
869.342,437
869.46,448
869.577,447
869.694,444
869.812,443
869.929,449
870.046,452
870.164,454
870.281,460
870.398,445
870.516,460
870.633,450
870.75,457
870.867,439
870.985,447
871.102,444
871.219,455
871.337,454
871.454,444
871.571,465
871.688,461
871.806,459
871.923,457
872.04,438
872.157,473
872.275,453
872.392,442
872.509,469
872.626,460
872.744,448
872.861,457
872.978,455
873.095,453
873.213,440
873.33,445
873.447,459
873.564,454
873.681,444
873.799,457
873.916,434
874.033,450
874.15,451
874.267,452
874.385,457
874.502,457
874.619,464
874.736,469
874.853,455
874.97,462
875.088,465
875.205,462
875.322,444
875.439,460
875.556,440
875.673,470
875.791,450
875.908,465
876.025,455
876.142,452
876.259,441
876.376,456
876.493,445
876.61,450
876.728,438
876.845,453
876.962,449
877.079,433
877.196,469
877.313,468
877.43,456
877.547,446
877.664,419
877.781,450
877.898,454
878.016,468
878.133,447
878.25,451
878.367,456
878.484,442
878.601,452
878.718,452
878.835,444
878.952,472
879.069,464
879.186,443
879.303,437
879.42,458
879.537,431
879.654,461
879.771,459
879.888,448
880.005,470
880.122,472
880.239,439
880.356,470
880.473,448
880.59,457
880.707,442
880.824,459
880.941,443
881.058,450
881.175,466
881.292,456
881.409,444
881.526,456
881.643,443
881.76,462
881.877,447
881.994,450
882.111,439
882.228,456
882.345,446
882.462,462
882.579,430
882.696,446
882.812,431
882.929,438
883.046,470
883.163,463
883.28,464
883.397,442
883.514,459
883.631,456
883.748,451
883.865,460
883.982,432
884.098,456
884.215,444
884.332,470
884.449,443
884.566,468
884.683,440
884.8,451
884.916,449
885.033,471
885.15,456
885.267,448
885.384,452
885.501,475
885.617,448
885.734,466
885.851,443
885.968,479
886.085,453
886.202,455
886.318,458
886.435,462
886.552,474
886.669,453
886.786,470
886.902,446
887.019,450
887.136,449
887.253,446
887.369,451
887.486,433
887.603,452
887.72,449
887.837,467
887.953,451
888.07,463
888.187,464
888.304,458
888.42,452
888.537,438
888.654,464
888.77,453
888.887,442
889.004,468
889.121,449
889.237,462
889.354,442
889.471,438
889.587,461
889.704,445
889.821,450
889.938,465
890.054,452
890.171,454
890.288,453
890.404,452
890.521,451
890.638,463
890.754,438
890.871,450
890.988,457
891.104,469
891.221,442
891.337,457
891.454,456
891.571,461
891.687,453
891.804,457
891.921,461
892.037,433
892.154,479
892.27,441
892.387,453
892.504,451
892.62,459
892.737,458
892.854,433
892.97,452
893.087,463
893.203,447
893.32,458
893.436,466
893.553,442
893.67,461
893.786,451
893.903,443
894.019,441
894.136,452
894.252,441
894.369,473
894.485,444
894.602,446
894.718,453
894.835,450
894.951,460
895.068,441
895.184,452
895.301,456
895.417,470
895.534,474
895.65,438
895.767,460
895.883,470
896.0,451
896.116,442
896.233,473
896.349,445
896.466,450
896.582,453
896.699,470
896.815,440
896.932,456
897.048,458
897.165,453
897.281,459
897.397,434
897.514,455
897.63,464
897.747,454
897.863,467
897.979,441
898.096,463
898.212,456
898.329,458
898.445,461
898.561,448
898.678,446
898.794,461
898.911,443
899.027,457
899.143,455
899.26,467
899.376,458
899.492,472
899.609,465
899.725,459
899.842,467
899.958,464
900.074,444
900.191,446
900.307,483
900.423,465
900.539,459
900.656,457
900.772,470
900.888,460
901.005,467
901.121,452
901.237,444
901.354,462
901.47,462
901.586,465
901.703,464
901.819,449
901.935,455
902.051,456
902.168,456
902.284,468
902.4,470
902.516,475
902.633,459
902.749,443
902.865,446
902.981,462
903.098,457
903.214,465
903.33,461
903.446,461
903.562,443
903.679,473
903.795,449
903.911,445
904.027,464
904.143,461
904.26,462
904.376,470
904.492,459
904.608,451
904.724,472
904.841,479
904.957,450
905.073,479
905.189,455
905.305,451
905.421,459
905.538,467
905.654,464
905.77,459
905.886,455
906.002,459
906.118,454
906.234,471
906.35,453
906.466,444
906.583,448
906.699,454
906.815,457
906.931,464
907.047,464
907.163,482
907.279,452
907.395,449
907.511,462
907.627,464
907.743,471
907.859,466
907.976,470
908.092,462
908.208,449
908.324,474
908.44,460
908.556,456
908.672,442
908.788,464
908.904,468
909.02,480
909.136,450
909.252,471
909.368,467
909.484,491
909.6,473
909.716,454
909.832,458
909.948,469
910.064,459
910.18,455
910.296,456
910.412,455
910.528,447
910.644,464
910.76,475
910.875,452
910.991,449
911.107,476
911.223,461
911.339,473
911.455,468
911.571,486
911.687,440
911.803,473
911.919,451
912.035,461
912.151,458
912.267,463
912.382,450
912.498,448
912.614,456
912.73,445
912.846,460
