792.446,301
792.565,339
792.684,402
792.803,371
792.922,309
793.041,315
793.16,302
793.279,323
793.398,322
793.518,294
793.637,314
793.756,328
793.875,337
793.994,335
794.113,307
794.232,311
794.351,336
794.47,309
794.589,331
794.708,314
794.827,326
794.946,315
795.066,333
795.185,333
795.304,331
795.423,325
795.542,324
795.661,312
795.78,335
795.899,315
796.018,325
796.137,327
796.256,321
796.375,316
796.494,331
796.613,321
796.732,327
796.851,299
796.97,327
797.089,321
797.208,304
797.327,315
797.446,322
797.565,323
797.684,335
797.803,331
797.922,323
798.041,315
798.16,322
798.279,310
798.398,320
798.517,315
798.636,321
798.755,317
798.874,319
798.993,312
799.112,324
799.231,315
799.35,332
799.469,311
799.588,310
799.707,334
799.826,321
799.945,327
800.064,329
800.183,308
800.302,311
800.421,300
800.54,332
800.659,319
800.778,322
800.897,294
801.016,320
801.135,327
801.254,325
801.373,311
801.492,310
801.611,314
801.729,335
801.848,313
801.967,311
802.086,331
802.205,321
802.324,325
802.443,316
802.562,318
802.681,319
802.8,318
802.919,317
803.038,307
803.157,331
803.276,313
803.394,326
803.513,320
803.632,327
803.751,312
803.87,330
803.989,316
804.108,333
804.227,325
804.346,319
804.465,330
804.583,325
804.702,319
804.821,326
804.94,300
805.059,330
805.178,318
805.297,331
805.416,315
805.535,322
805.653,317
805.772,305
805.891,325
806.01,308
806.129,310
806.248,322
806.367,309
806.485,328
806.604,315
806.723,319
806.842,320
806.961,333
807.08,323
807.198,313
807.317,311
807.436,303
807.555,316
807.674,329
807.793,313
807.912,323
808.03,320
808.149,323
808.268,309
808.387,317
808.506,327
808.624,316
808.743,324
808.862,303
808.981,306
809.1,317
809.219,313
809.337,326
809.456,309
809.575,324
809.694,323
809.812,324
809.931,316
810.05,314
810.169,322
810.288,296
810.406,311
810.525,318
810.644,311
810.763,310
810.882,325
811.0,338
811.119,318
811.238,307
811.357,309
811.475,314
811.594,312
811.713,331
811.832,313
811.95,317
812.069,317
812.188,326
812.307,318
812.425,327
812.544,326
812.663,324
812.782,321
812.9,317
813.019,312
813.138,336
813.257,320
813.375,327
813.494,316
813.613,310
813.731,318
813.85,327
813.969,317
814.088,330
814.206,306
814.325,314
814.444,318
814.562,302
814.681,322
814.8,316
814.918,313
815.037,315
815.156,323
815.274,312
815.393,326
815.512,306
815.631,310
815.749,317
815.868,308
815.987,334
816.105,325
816.224,309
816.343,330
816.461,316
816.58,327
816.698,312
816.817,318
816.936,318
817.055,326
817.173,315
817.292,315
817.41,316
817.529,320
817.648,323
817.766,325
817.885,316
818.004,321
818.122,309
818.241,320
818.359,318
818.478,327
818.597,318
818.715,315
818.834,322
818.953,315
819.071,336
819.19,305
819.308,331
819.427,301
819.546,323
819.664,311
819.783,320
819.901,336
820.02,317
820.138,317
820.257,317
820.376,314
820.494,317
820.613,318
820.731,319
820.85,315
820.969,318
821.087,315
821.206,307
821.324,316
821.443,318
821.561,323
821.68,319
821.798,307
821.917,329
822.035,314
822.154,325
822.273,309
822.391,315
822.51,309
822.628,322
822.747,314
822.865,320
822.984,310
823.102,306
823.221,313
823.339,316
823.458,304
823.576,319
823.695,310
823.813,317
823.932,313
824.05,305
824.169,325
824.287,328
824.406,321
824.524,319
824.643,304
824.761,313
824.88,310
824.998,333
825.117,293
825.235,315
825.354,302
825.472,328
825.591,307
825.709,307
825.828,317
825.946,324
826.064,313
826.183,315
826.301,313
826.42,309
826.538,311
826.657,306
826.775,314
826.894,321
827.012,320
827.13,318
827.249,335
827.367,307
827.486,310
827.604,310
827.723,312
827.841,315
827.959,313
828.078,313
828.196,312
828.315,308
828.433,312
828.552,310
828.67,317
828.788,317
828.907,304
829.025,312
829.143,329
829.262,333
829.38,314
829.499,329
829.617,313
829.735,313
829.854,299
829.972,308
830.091,312
830.209,318
830.327,306
830.446,310
830.564,312
830.682,309
830.801,322
830.919,324
831.037,311
831.156,331
831.274,331
831.392,327
831.511,317
831.629,309
831.747,303
831.866,310
831.984,314
832.102,326
832.221,319
832.339,323
832.457,297
832.576,327
832.694,309
832.812,309
832.93,318
833.049,306
833.167,326
833.285,312
833.404,307
833.522,321
833.64,320
833.759,318
833.877,320
833.995,302
834.113,319
834.232,318
834.35,305
834.468,316
834.586,307
834.705,316
834.823,313
834.941,314
835.059,309
835.178,320
835.296,310
835.414,314
835.532,317
835.651,318
835.769,300
835.887,320
836.005,307
836.124,320
836.242,315
836.36,310
836.478,317
836.596,324
836.715,303
836.833,313
836.951,314
837.069,300
837.188,310
837.306,322
837.424,314
837.542,319
837.66,314
837.779,315
837.897,322
838.015,315
838.133,311
838.251,314
838.369,317
838.487,313
838.606,315
838.724,322
838.842,307
838.96,319
839.078,320
839.196,320
839.315,315
839.433,300
839.551,320
839.669,314
839.787,326
839.905,312
840.023,311
840.142,309
840.26,325
840.378,321
840.496,317
840.614,324
840.732,307
840.85,313
840.968,311
841.087,310
841.205,315
841.323,324
841.441,309
841.559,310
841.677,305
841.795,314
841.913,304
842.031,321
842.149,309
842.267,324
842.385,310
842.504,307
842.622,307
842.74,314
842.858,324
842.976,319
843.094,317
843.212,315
843.33,312
843.448,308
843.566,315
843.684,318
843.802,313
843.92,313
844.038,305
844.156,312
844.274,321
844.392,329
844.51,300
844.628,312
844.746,313
844.864,305
844.982,320
845.1,324
845.218,301
845.336,316
845.454,313
845.572,310
845.69,315
845.808,323
845.926,312
846.044,317
846.162,310
846.28,321
846.398,315
846.516,303
846.634,305
846.752,310
846.87,327
846.988,313
847.106,309
847.224,327
847.342,311
847.46,313
847.578,313
847.696,312
847.814,303
847.932,318
848.05,318
848.168,309
848.285,304
848.403,317
848.521,300
848.639,312
848.757,305
848.875,324
848.993,324
849.111,314
849.229,315
849.347,327
849.465,303
849.582,323
849.7,310
849.818,318
849.936,318
850.054,318
850.172,324
850.29,312
850.408,306
850.525,324
850.643,311
850.761,322
850.879,312
850.997,319
851.115,314
851.233,322
851.35,319
851.468,325
851.586,325
851.704,310
851.822,318
851.94,320
852.057,314
852.175,325
852.293,309
852.411,315
852.529,314
852.647,322
852.764,318
852.882,314
853.0,326
853.118,319
853.236,305
853.353,310
853.471,307
853.589,308
853.707,323
853.824,320
853.942,315
854.06,312
854.178,321
854.296,312
854.413,320
854.531,317
854.649,316
854.767,312
854.884,318
855.002,330
855.12,312
855.238,313
855.355,305
855.473,321
855.591,325
855.708,311
855.826,301
855.944,318
856.062,312
856.179,306
856.297,316
856.415,312
856.532,318
856.65,305
856.768,308
856.886,300
857.003,311
857.121,313
857.239,313
857.356,321
857.474,305
857.592,316
857.709,315
857.827,321
857.945,305
858.062,313
858.18,319
858.298,325
858.415,312
858.533,325
858.651,306
858.768,299
858.886,311
859.003,316
859.121,315
859.239,318
859.356,303
859.474,315
859.592,303
859.709,315
859.827,302
859.944,321
860.062,314
860.18,315
860.297,311
860.415,309
860.532,319
860.65,311
860.768,307
860.885,329
861.003,311
861.12,311
861.238,311
861.356,306
861.473,318
861.591,323
861.708,305
861.826,311
861.943,304
862.061,313
862.178,313
862.296,302
862.414,323
862.531,321
862.649,311
862.766,326
862.884,301
863.001,318
863.119,309
863.236,324
863.354,309
863.471,326
863.589,312
863.706,320
863.824,311
863.941,305
864.059,303
864.176,323
864.294,303
864.411,315
864.529,299
864.646,320
864.764,316
864.881,319
864.999,312
865.116,324
865.233,305
865.351,322
865.468,301
865.586,315
865.703,309
865.821,320
865.938,321
866.056,310
866.173,304
866.29,307
866.408,329
866.525,319
866.643,311
866.76,320
866.878,301
866.995,313
867.112,326
867.23,310
867.347,307
867.465,311
867.582,316
867.699,322
867.817,305
867.934,327
868.051,312
868.169,311
868.286,319
868.404,321
868.521,318
868.638,327
868.756,306
868.873,312
868.99,321
869.108,325
869.225,313
869.342,307
869.46,305
869.577,328
869.694,316
869.812,318
869.929,307
870.046,314
870.164,306
870.281,311
870.398,307
870.516,316
870.633,319
870.75,322
870.867,311
870.985,332
871.102,312
871.219,319
871.337,303
871.454,320
871.571,312
871.688,312
871.806,331
871.923,304
872.04,311
872.157,323
872.275,311
872.392,330
872.509,311
872.626,305
872.744,291
872.861,318
872.978,311
873.095,304
873.213,321
873.33,322
873.447,309
873.564,328
873.681,320
873.799,317
873.916,318
874.033,320
874.15,312
874.267,317
874.385,318
874.502,312
874.619,304
874.736,313
874.853,305
874.97,321
875.088,309
875.205,321
875.322,316
875.439,320
875.556,319
875.673,327
875.791,305
875.908,314
876.025,313
876.142,314
876.259,325
876.376,319
876.493,315
876.61,321
876.728,312
876.845,310
876.962,317
877.079,319
877.196,298
877.313,313
877.43,317
877.547,320
877.664,316
877.781,316
877.898,322
878.016,319
878.133,303
878.25,330
878.367,322
878.484,326
878.601,317
878.718,316
878.835,315
878.952,318
879.069,302
879.186,307
879.303,314
879.42,327
879.537,308
879.654,325
879.771,315
879.888,316
880.005,331
880.122,316
880.239,298
880.356,319
880.473,316
880.59,312
880.707,307
880.824,325
880.941,300
881.058,319
881.175,313
881.292,312
881.409,323
881.526,315
881.643,300
881.76,317
881.877,306
881.994,343
882.111,302
882.228,312
882.345,307
882.462,307
882.579,332
882.696,333
882.812,315
882.929,306
883.046,315
883.163,320
883.28,312
883.397,322
883.514,308
883.631,318
883.748,312
883.865,313
883.982,310
884.098,317
884.215,313
884.332,315
884.449,317
884.566,312
884.683,304
884.8,322
884.916,315
885.033,313
885.15,310
885.267,314
885.384,312
885.501,312
885.617,316
885.734,320
885.851,333
885.968,314
886.085,308
886.202,309
886.318,293
886.435,324
886.552,313
886.669,328
886.786,307
886.902,319
887.019,313
887.136,313
887.253,324
887.369,328
887.486,305
887.603,318
887.72,318
887.837,318
887.953,311
888.07,330
888.187,297
888.304,332
888.42,315
888.537,299
888.654,320
888.77,317
888.887,311
889.004,324
889.121,327
889.237,320
889.354,311
889.471,322
889.587,298
889.704,321
889.821,311
889.938,303
890.054,317
890.171,309
890.288,317
890.404,315
890.521,312
890.638,324
890.754,326
890.871,308
890.988,316
891.104,325
891.221,296
891.337,309
891.454,308
891.571,320
891.687,317
891.804,321
891.921,315
892.037,313
892.154,304
892.27,315
892.387,314
892.504,320
892.62,315
892.737,305
892.854,308
892.97,321
893.087,314
893.203,320
893.32,309
893.436,322
893.553,302
893.67,313
893.786,304
893.903,310
894.019,306
894.136,315
894.252,310
894.369,315
894.485,304
894.602,319
894.718,310
894.835,306
894.951,320
895.068,319
895.184,307
895.301,313
895.417,305
895.534,316
895.65,296
895.767,316
895.883,310
896.0,327
896.116,322
896.233,311
896.349,317
896.466,321
896.582,327
896.699,310
896.815,305
896.932,315
897.048,308
897.165,320
897.281,316
897.397,315
897.514,323
897.63,308
897.747,315
897.863,313
897.979,313
898.096,316
898.212,314
898.329,314
898.445,306
898.561,320
898.678,316
898.794,316
898.911,320
899.027,311
899.143,310
899.26,315
899.376,311
899.492,322
899.609,324
899.725,318
899.842,316
899.958,322
900.074,301
900.191,323
900.307,313
900.423,323
900.539,311
900.656,317
900.772,307
900.888,316
901.005,320
901.121,313
901.237,315
901.354,322
901.47,308
901.586,311
901.703,306
901.819,308
901.935,313
902.051,298
902.168,312
902.284,305
902.4,308
902.516,322
902.633,319
902.749,319
902.865,313
902.981,318
903.098,307
903.214,325
903.33,309
903.446,306
903.562,317
903.679,317
903.795,291
903.911,320
904.027,308
904.143,316
904.26,304
904.376,314
904.492,312
904.608,317
904.724,306
904.841,311
904.957,309
905.073,313
905.189,314
905.305,328
905.421,323
905.538,321
905.654,316
905.77,320
905.886,328
906.002,328
906.118,312
906.234,312
906.35,309
906.466,320
906.583,315
906.699,327
906.815,302
906.931,335
907.047,301
907.163,329
907.279,313
907.395,332
907.511,312
907.627,311
907.743,311
907.859,310
907.976,322
908.092,312
908.208,315
908.324,327
908.44,307
908.556,314
908.672,307
908.788,319
908.904,324
909.02,321
909.136,300
909.252,325
909.368,327
909.484,324
909.6,317
909.716,317
909.832,300
909.948,326
910.064,305
910.18,298
910.296,319
910.412,315
910.528,314
910.644,327
910.76,309
910.875,318
910.991,303
911.107,325
911.223,310
911.339,323
911.455,311
911.571,312
911.687,308
911.803,307
911.919,291
912.035,314
912.151,300
912.267,325
912.382,311
912.498,320
912.614,308
912.73,315
912.846,316
792.446,290
792.565,331
792.684,397
792.803,364
792.922,327
793.041,315
793.16,313
793.279,335
793.398,320
793.518,311
793.637,307
793.756,337
793.875,338
793.994,330
794.113,326
794.232,319
794.351,308
794.47,313
794.589,325
794.708,334
794.827,314
794.946,319
795.066,325
795.185,327
795.304,316
795.423,327
795.542,315
795.661,320
795.78,323
795.899,320
796.018,322
796.137,322
796.256,328
796.375,319
796.494,328
796.613,316
796.732,327
796.851,313
796.97,326
797.089,317
797.208,322
797.327,324
797.446,313
797.565,317
797.684,323
797.803,324
797.922,319
798.041,331
798.16,327
798.279,315
798.398,326
798.517,334
798.636,319
798.755,327
798.874,321
798.993,309
799.112,316
799.231,339
799.35,319
799.469,315
799.588,305
799.707,325
799.826,305
799.945,326
800.064,319
800.183,316
800.302,330
800.421,320
800.54,329
800.659,330
800.778,321
800.897,322
801.016,315
801.135,314
801.254,316
801.373,316
801.492,318
801.611,331
801.729,315
801.848,327
801.967,331
802.086,313
802.205,319
802.324,307
802.443,318
802.562,314
802.681,336
802.8,324
802.919,321
803.038,328
803.157,335
803.276,313
803.394,307
803.513,319
803.632,328
803.751,328
803.87,322
803.989,325
804.108,317
804.227,321
804.346,310
804.465,325
804.583,323
804.702,321
804.821,305
804.94,316
805.059,315
805.178,326
805.297,312
805.416,315
805.535,302
805.653,333
805.772,312
805.891,312
806.01,337
806.129,315
806.248,322
806.367,334
806.485,324
806.604,311
806.723,330
806.842,324
806.961,330
807.08,319
807.198,320
807.317,317
807.436,327
807.555,314
807.674,312
807.793,320
807.912,320
808.03,320
808.149,310
808.268,330
808.387,320
808.506,321
808.624,309
808.743,323
808.862,319
808.981,330
809.1,317
809.219,312
809.337,325
809.456,325
809.575,311
809.694,322
809.812,325
809.931,321
810.05,325
810.169,317
810.288,333
810.406,325
810.525,318
810.644,323
810.763,308
810.882,332
811.0,328
811.119,318
811.238,319
811.357,322
811.475,304
811.594,326
811.713,314
811.832,307
811.95,317
812.069,315
812.188,324
812.307,322
812.425,314
812.544,320
812.663,317
812.782,314
812.9,320
813.019,323
813.138,303
813.257,313
813.375,329
813.494,328
813.613,322
813.731,319
813.85,309
813.969,320
814.088,318
814.206,326
814.325,310
814.444,326
814.562,329
814.681,324
814.8,310
814.918,322
815.037,323
815.156,313
815.274,311
815.393,318
815.512,321
815.631,324
815.749,314
815.868,327
815.987,320
816.105,322
816.224,327
816.343,306
816.461,302
816.58,327
816.698,315
816.817,323
816.936,338
817.055,313
817.173,312
817.292,320
817.41,318
817.529,316
817.648,320
817.766,303
817.885,333
818.004,307
818.122,331
818.241,319
818.359,312
818.478,330
818.597,314
818.715,327
818.834,321
818.953,321
819.071,322
819.19,305
819.308,322
819.427,313
819.546,323
819.664,319
819.783,307
819.901,310
820.02,310
820.138,311
820.257,320
820.376,310
820.494,328
820.613,326
820.731,316
820.85,324
820.969,310
821.087,327
821.206,318
821.324,310
821.443,324
821.561,311
821.68,325
821.798,329
821.917,327
822.035,314
822.154,324
822.273,323
822.391,325
822.51,321
822.628,318
822.747,310
822.865,314
822.984,319
823.102,328
823.221,318
823.339,303
823.458,327
823.576,311
823.695,307
823.813,329
823.932,319
824.05,324
824.169,312
824.287,314
824.406,314
824.524,323
824.643,324
824.761,315
824.88,314
824.998,309
825.117,326
825.235,336
825.354,308
825.472,318
825.591,315
825.709,321
825.828,323
825.946,333
826.064,320
826.183,314
826.301,318
826.42,327
826.538,321
826.657,319
826.775,317
826.894,310
827.012,326
827.13,307
827.249,313
827.367,324
827.486,321
827.604,317
827.723,317
827.841,319
827.959,307
828.078,322
828.196,317
828.315,336
828.433,309
828.552,322
828.67,319
828.788,323
828.907,322
829.025,311
829.143,324
829.262,301
829.38,323
829.499,305
829.617,316
829.735,315
829.854,333
829.972,330
830.091,327
830.209,317
830.327,321
830.446,300
830.564,321
830.682,313
830.801,321
830.919,314
831.037,322
831.156,323
831.274,325
831.392,324
831.511,319
831.629,316
831.747,320
831.866,310
831.984,308
832.102,316
832.221,316
832.339,329
832.457,317
832.576,316
832.694,322
832.812,323
832.93,312
833.049,317
833.167,313
833.285,312
833.404,312
833.522,324
833.64,322
833.759,314
833.877,308
833.995,320
834.113,320
834.232,311
834.35,317
834.468,321
834.586,310
834.705,304
834.823,324
834.941,315
835.059,328
835.178,312
835.296,320
835.414,314
835.532,309
835.651,318
835.769,306
835.887,323
836.005,315
836.124,310
836.242,313
836.36,319
836.478,315
836.596,322
836.715,315
836.833,311
836.951,316
837.069,315
837.188,322
837.306,328
837.424,313
837.542,314
837.66,327
837.779,310
837.897,319
838.015,305
838.133,313
838.251,310
838.369,319
838.487,309
838.606,315
838.724,303
838.842,325
838.96,311
839.078,322
839.196,310
839.315,317
839.433,307
839.551,327
839.669,319
839.787,316
839.905,296
840.023,326
840.142,309
840.26,312
840.378,321
840.496,323
840.614,319
840.732,336
840.85,325
840.968,312
841.087,308
841.205,322
841.323,327
841.441,309
841.559,322
841.677,307
841.795,315
841.913,324
842.031,301
842.149,331
842.267,317
842.385,303
842.504,314
842.622,314
842.74,316
842.858,323
842.976,310
843.094,316
843.212,319
843.33,321
843.448,321
843.566,307
843.684,316
843.802,319
843.92,308
844.038,311
844.156,319
844.274,309
844.392,330
844.51,319
844.628,312
844.746,312
844.864,324
844.982,329
845.1,320
845.218,318
845.336,319
845.454,311
845.572,315
845.69,310
845.808,304
845.926,315
846.044,326
846.162,316
846.28,318
846.398,309
846.516,314
846.634,313
846.752,319
846.87,317
846.988,317
847.106,315
847.224,312
847.342,315
847.46,314
847.578,306
847.696,310
847.814,328
847.932,312
848.05,321
848.168,330
848.285,316
848.403,321
848.521,304
848.639,306
848.757,319
848.875,319
848.993,306
849.111,316
849.229,322
849.347,319
849.465,305
849.582,319
849.7,305
849.818,324
849.936,313
850.054,335
850.172,315
850.29,308
850.408,310
850.525,313
850.643,316
850.761,298
850.879,307
850.997,300
851.115,317
851.233,327
851.35,308
851.468,322
851.586,314
851.704,310
851.822,312
851.94,317
852.057,311
852.175,297
852.293,306
852.411,298
852.529,300
852.647,318
852.764,321
852.882,311
853.0,334
853.118,327
853.236,309
853.353,303
853.471,316
853.589,313
853.707,321
853.824,304
853.942,321
854.06,308
854.178,321
854.296,312
854.413,313
854.531,319
854.649,316
854.767,312
854.884,328
855.002,320
855.12,322
855.238,309
855.355,320
855.473,307
855.591,319
855.708,319
855.826,305
855.944,325
856.062,316
856.179,314
856.297,323
856.415,308
856.532,318
856.65,327
856.768,305
856.886,320
857.003,308
857.121,316
857.239,302
857.356,326
857.474,317
857.592,302
857.709,326
857.827,313
857.945,320
858.062,318
858.18,313
858.298,322
858.415,297
858.533,318
858.651,313
858.768,311
858.886,318
859.003,310
859.121,318
859.239,304
859.356,319
859.474,305
859.592,314
859.709,318
859.827,309
859.944,326
860.062,330
860.18,311
860.297,304
860.415,320
860.532,314
860.65,323
860.768,308
860.885,310
861.003,314
861.12,316
861.238,323
861.356,313
861.473,313
861.591,309
861.708,324
861.826,323
861.943,328
862.061,315
862.178,306
862.296,324
862.414,310
862.531,311
862.649,316
862.766,318
862.884,311
863.001,319
863.119,315
863.236,325
863.354,308
863.471,315
863.589,327
863.706,319
863.824,315
863.941,309
864.059,328
864.176,317
864.294,324
864.411,309
864.529,319
864.646,317
864.764,326
864.881,315
864.999,305
865.116,313
865.233,311
865.351,326
865.468,318
865.586,304
865.703,308
865.821,315
865.938,315
866.056,308
866.173,313
866.29,312
866.408,306
866.525,334
866.643,306
866.76,318
866.878,337
866.995,308
867.112,337
867.23,322
867.347,307
867.465,313
867.582,321
867.699,313
867.817,324
867.934,328
868.051,316
868.169,334
868.286,319
868.404,309
868.521,299
868.638,316
868.756,316
868.873,313
868.99,324
869.108,331
869.225,321
869.342,328
869.46,324
869.577,323
869.694,337
869.812,310
869.929,297
870.046,315
870.164,314
870.281,325
870.398,324
870.516,323
870.633,326
870.75,313
870.867,321
870.985,324
871.102,316
871.219,314
871.337,311
871.454,314
871.571,312
871.688,306
871.806,321
871.923,316
872.04,313
872.157,315
872.275,320
872.392,330
872.509,314
872.626,318
872.744,315
872.861,326
872.978,306
873.095,309
873.213,331
873.33,321
873.447,319
873.564,314
873.681,311
873.799,318
873.916,321
874.033,321
874.15,311
874.267,309
874.385,323
874.502,312
874.619,310
874.736,318
874.853,319
874.97,314
875.088,325
875.205,310
875.322,317
875.439,310
875.556,310
875.673,315
875.791,319
875.908,317
876.025,313
876.142,311
876.259,328
876.376,315
876.493,314
876.61,307
876.728,323
876.845,318
876.962,322
877.079,321
877.196,331
877.313,316
877.43,317
877.547,308
877.664,316
877.781,307
877.898,316
878.016,311
878.133,314
878.25,311
878.367,322
878.484,311
878.601,324
878.718,315
878.835,315
878.952,319
879.069,307
879.186,305
879.303,320
879.42,310
879.537,323
879.654,320
879.771,308
879.888,316
880.005,326
880.122,321
880.239,295
880.356,325
880.473,320
880.59,313
880.707,316
880.824,308
880.941,311
881.058,315
881.175,323
881.292,307
881.409,309
881.526,321
881.643,320
881.76,320
881.877,317
881.994,310
882.111,319
882.228,306
882.345,312
882.462,303
882.579,319
882.696,321
882.812,323
882.929,316
883.046,319
883.163,307
883.28,310
883.397,314
883.514,321
883.631,324
883.748,333
883.865,310
883.982,330
884.098,319
884.215,316
884.332,318
884.449,310
884.566,310
884.683,307
884.8,328
884.916,297
885.033,327
885.15,319
885.267,310
885.384,320
885.501,313
885.617,315
885.734,319
885.851,315
885.968,315
886.085,312
886.202,318
886.318,306
886.435,319
886.552,323
886.669,323
886.786,313
886.902,311
887.019,310
887.136,313
887.253,319
887.369,308
887.486,310
887.603,317
887.72,321
887.837,307
887.953,320
888.07,313
888.187,316
888.304,313
888.42,321
888.537,317
888.654,326
888.77,310
888.887,314
889.004,314
889.121,315
889.237,321
889.354,308
889.471,312
889.587,303
889.704,314
889.821,313
889.938,312
890.054,331
890.171,295
890.288,311
890.404,311
890.521,314
890.638,311
890.754,315
890.871,313
890.988,299
891.104,336
891.221,321
891.337,295
891.454,325
891.571,314
891.687,310
891.804,318
891.921,312
892.037,319
892.154,313
892.27,316
892.387,330
892.504,314
892.62,324
892.737,314
892.854,319
892.97,318
893.087,328
893.203,328
893.32,315
893.436,307
893.553,311
893.67,326
893.786,312
893.903,315
894.019,319
894.136,315
894.252,335
894.369,316
894.485,314
894.602,319
894.718,330
894.835,317
894.951,313
895.068,314
895.184,305
895.301,319
895.417,308
895.534,322
895.65,319
895.767,317
895.883,314
896.0,298
896.116,322
896.233,327
896.349,328
896.466,301
896.582,317
896.699,319
896.815,318
896.932,313
897.048,314
897.165,308
897.281,319
897.397,310
897.514,314
897.63,313
897.747,314
897.863,308
897.979,299
898.096,302
898.212,313
898.329,312
898.445,326
898.561,314
898.678,306
898.794,308
898.911,295
899.027,321
899.143,327
899.26,320
899.376,308
899.492,306
899.609,310
899.725,325
899.842,320
899.958,315
900.074,320
900.191,318
900.307,316
900.423,312
900.539,319
900.656,316
900.772,322
900.888,313
901.005,320
901.121,304
901.237,323
901.354,312
901.47,301
901.586,313
901.703,326
901.819,320
901.935,326
902.051,316
902.168,331
902.284,311
902.4,314
902.516,307
902.633,326
902.749,306
902.865,325
902.981,306
903.098,329
903.214,300
903.33,324
903.446,321
903.562,315
903.679,324
903.795,316
903.911,309
904.027,306
904.143,313
904.26,332
904.376,315
904.492,328
904.608,326
904.724,308
904.841,301
904.957,321
905.073,315
905.189,327
905.305,308
905.421,325
905.538,315
905.654,318
905.77,322
905.886,311
906.002,318
906.118,307
906.234,303
906.35,326
906.466,311
906.583,318
906.699,320
906.815,315
906.931,327
907.047,313
907.163,324
907.279,322
907.395,318
907.511,328
907.627,310
907.743,325
907.859,318
907.976,318
908.092,320
908.208,325
908.324,306
908.44,316
908.556,310
908.672,330
908.788,309
908.904,322
909.02,316
909.136,315
909.252,322
909.368,319
909.484,320
909.6,310
909.716,311
909.832,322
909.948,311
910.064,311
910.18,314
910.296,312
910.412,327
910.528,325
910.644,310
910.76,319
910.875,324
910.991,316
911.107,317
911.223,320
911.339,310
911.455,319
911.571,310
911.687,310
911.803,314
911.919,316
912.035,330
912.151,314
912.267,303
912.382,315
912.498,304
912.614,320
912.73,308
912.846,310
792.446,310
792.565,355
792.684,392
792.803,363
792.922,317
793.041,304
793.16,323
793.279,339
793.398,335
793.518,298
793.637,320
793.756,334
793.875,336
793.994,341
794.113,316
794.232,316
794.351,320
794.47,326
794.589,320
794.708,310
794.827,333
794.946,339
795.066,330
795.185,328
795.304,323
795.423,339
795.542,327
795.661,326
795.78,319
795.899,323
796.018,313
796.137,329
796.256,329
796.375,316
796.494,314
796.613,327
796.732,318
796.851,318
796.97,323
797.089,326
797.208,334
797.327,328
797.446,319
797.565,316
797.684,333
797.803,322
797.922,324
798.041,336
798.16,321
798.279,323
798.398,318
798.517,328
798.636,319
798.755,326
798.874,325
798.993,319
799.112,321
799.231,322
799.35,329
799.469,322
799.588,316
799.707,324
799.826,319
799.945,323
800.064,328
800.183,338
800.302,322
800.421,320
800.54,326
800.659,319
800.778,317
800.897,323
801.016,319
801.135,314
801.254,323
801.373,319
801.492,316
801.611,332
801.729,317
801.848,322
801.967,326
802.086,323
802.205,326
802.324,311
802.443,324
802.562,332
802.681,325
802.8,326
802.919,325
803.038,319
803.157,308
803.276,323
803.394,322
803.513,325
803.632,316
803.751,323
803.87,331
803.989,320
804.108,326
804.227,333
804.346,319
804.465,330
804.583,320
804.702,326
804.821,307
804.94,323
805.059,315
805.178,329
805.297,321
805.416,319
805.535,315
805.653,319
805.772,312
805.891,317
806.01,324
806.129,325
806.248,315
806.367,312
806.485,332
806.604,310
806.723,324
806.842,319
806.961,315
807.08,318
807.198,317
807.317,318
807.436,304
807.555,324
807.674,318
807.793,318
807.912,325
808.03,310
808.149,312
808.268,326
808.387,315
808.506,310
808.624,327
808.743,328
808.862,306
808.981,330
809.1,320
809.219,321
809.337,315
809.456,317
809.575,314
809.694,318
809.812,327
809.931,324
810.05,315
810.169,314
810.288,317
810.406,311
810.525,323
810.644,309
810.763,323
810.882,320
811.0,322
811.119,331
811.238,319
811.357,320
811.475,339
811.594,317
811.713,300
811.832,311
811.95,321
812.069,316
812.188,329
812.307,314
812.425,324
812.544,317
812.663,313
812.782,316
812.9,318
813.019,319
813.138,339
813.257,336
813.375,312
813.494,326
813.613,327
813.731,329
813.85,317
813.969,325
814.088,314
814.206,312
814.325,322
814.444,327
814.562,331
814.681,312
814.8,324
814.918,308
815.037,328
815.156,315
815.274,309
815.393,310
815.512,305
815.631,318
815.749,327
815.868,311
815.987,309
816.105,314
816.224,321
816.343,319
816.461,321
816.58,311
816.698,320
816.817,316
816.936,322
817.055,309
817.173,318
817.292,320
817.41,323
817.529,320
817.648,334
817.766,316
817.885,316
818.004,308
818.122,316
818.241,325
818.359,308
818.478,328
818.597,316
818.715,330
818.834,321
818.953,318
819.071,317
819.19,322
819.308,311
819.427,326
819.546,322
819.664,319
819.783,325
819.901,317
820.02,314
820.138,314
820.257,312
820.376,325
820.494,320
820.613,314
820.731,315
820.85,302
820.969,328
821.087,318
821.206,320
821.324,309
821.443,325
821.561,311
821.68,308
821.798,331
821.917,313
822.035,302
822.154,314
822.273,310
822.391,320
822.51,326
822.628,300
822.747,322
822.865,321
822.984,317
823.102,311
823.221,316
823.339,311
823.458,314
823.576,331
823.695,334
823.813,313
823.932,318
824.05,304
824.169,323
824.287,307
824.406,305
824.524,319
824.643,321
824.761,320
824.88,316
824.998,322
825.117,312
825.235,324
825.354,328
825.472,320
825.591,317
825.709,331
825.828,314
825.946,308
826.064,321
826.183,309
826.301,312
826.42,313
826.538,319
826.657,324
826.775,322
826.894,323
827.012,321
827.13,335
827.249,316
827.367,319
827.486,326
827.604,303
827.723,308
827.841,332
827.959,319
828.078,337
828.196,303
828.315,333
828.433,317
828.552,325
828.67,329
828.788,324
828.907,313
829.025,315
829.143,323
829.262,317
829.38,324
829.499,338
829.617,316
829.735,314
829.854,312
829.972,321
830.091,323
830.209,310
830.327,298
830.446,330
830.564,322
830.682,322
830.801,320
830.919,313
831.037,321
831.156,314
831.274,315
831.392,318
831.511,319
831.629,306
831.747,318
831.866,317
831.984,327
832.102,320
832.221,319
832.339,315
832.457,314
832.576,324
832.694,306
832.812,318
832.93,308
833.049,338
833.167,329
833.285,306
833.404,329
833.522,320
833.64,320
833.759,323
833.877,317
833.995,316
834.113,315
834.232,317
834.35,318
834.468,307
834.586,318
834.705,315
834.823,330
834.941,327
835.059,312
835.178,327
835.296,316
835.414,313
835.532,307
835.651,329
835.769,322
835.887,308
836.005,313
836.124,318
836.242,304
836.36,317
836.478,312
836.596,307
836.715,322
836.833,312
836.951,320
837.069,309
837.188,314
837.306,317
837.424,311
837.542,318
837.66,319
837.779,315
837.897,319
838.015,314
838.133,316
838.251,318
838.369,313
838.487,324
838.606,322
838.724,324
838.842,322
838.96,321
839.078,315
839.196,317
839.315,321
839.433,310
839.551,319
839.669,317
839.787,321
839.905,311
840.023,326
840.142,320
840.26,322
840.378,320
840.496,306
840.614,307
840.732,316
840.85,321
840.968,307
841.087,327
841.205,304
841.323,310
841.441,320
841.559,325
841.677,324
841.795,310
841.913,300
842.031,319
842.149,326
842.267,319
842.385,312
842.504,311
842.622,307
842.74,315
842.858,331
842.976,320
843.094,328
843.212,321
843.33,324
843.448,320
843.566,300
843.684,318
843.802,311
843.92,315
844.038,324
844.156,329
844.274,311
844.392,325
844.51,319
844.628,316
844.746,321
844.864,318
844.982,321
845.1,304
845.218,317
845.336,305
845.454,337
845.572,316
845.69,320
845.808,316
845.926,321
846.044,320
846.162,316
846.28,312
846.398,316
846.516,317
846.634,321
846.752,313
846.87,311
846.988,314
847.106,312
847.224,316
847.342,317
847.46,323
847.578,307
847.696,312
847.814,310
847.932,313
848.05,311
848.168,319
848.285,311
848.403,312
848.521,314
848.639,331
848.757,318
848.875,319
848.993,318
849.111,325
849.229,315
849.347,324
849.465,313
849.582,314
849.7,317
849.818,308
849.936,331
850.054,310
850.172,330
850.29,329
850.408,302
850.525,330
850.643,316
850.761,312
850.879,324
850.997,314
851.115,317
851.233,314
851.35,319
851.468,324
851.586,316
851.704,317
851.822,314
851.94,318
852.057,307
852.175,311
852.293,315
852.411,312
852.529,311
852.647,327
852.764,315
852.882,318
853.0,310
853.118,321
853.236,323
853.353,315
853.471,320
853.589,312
853.707,306
853.824,315
853.942,311
854.06,323
854.178,310
854.296,313
854.413,311
854.531,314
854.649,322
854.767,311
854.884,315
855.002,318
855.12,318
855.238,315
855.355,308
855.473,306
855.591,312
855.708,313
855.826,321
855.944,316
856.062,316
856.179,314
856.297,308
856.415,317
856.532,314
856.65,318
856.768,307
856.886,304
857.003,304
857.121,323
857.239,312
857.356,320
857.474,303
857.592,309
857.709,305
857.827,312
857.945,312
858.062,319
858.18,330
858.298,318
858.415,326
858.533,314
858.651,317
858.768,307
858.886,308
859.003,323
859.121,315
859.239,317
859.356,304
859.474,300
859.592,315
859.709,311
859.827,312
859.944,315
860.062,318
860.18,315
860.297,328
860.415,316
860.532,311
860.65,313
860.768,318
860.885,317
861.003,318
861.12,323
861.238,322
861.356,316
861.473,314
861.591,311
861.708,329
861.826,317
861.943,316
862.061,323
862.178,324
862.296,316
862.414,315
862.531,310
862.649,312
862.766,311
862.884,327
863.001,310
863.119,319
863.236,314
863.354,318
863.471,316
863.589,316
863.706,311
863.824,312
863.941,322
864.059,304
864.176,328
864.294,309
864.411,311
864.529,316
864.646,311
864.764,315
864.881,318
864.999,323
865.116,316
865.233,320
865.351,325
865.468,311
865.586,320
865.703,323
865.821,303
865.938,316
866.056,323
866.173,330
866.29,312
866.408,302
866.525,313
866.643,319
866.76,308
866.878,311
866.995,296
867.112,319
867.23,328
867.347,316
867.465,319
867.582,326
867.699,311
867.817,314
867.934,317
868.051,317
868.169,328
868.286,313
868.404,318
868.521,310
868.638,312
868.756,325
868.873,314
868.99,319
869.108,325
869.225,316
869.342,303
869.46,312
869.577,320
869.694,325
869.812,312
869.929,316
870.046,318
870.164,318
870.281,306
870.398,319
870.516,316
870.633,305
870.75,330
870.867,316
870.985,311
871.102,311
871.219,316
871.337,299
871.454,321
871.571,316
871.688,321
871.806,329
871.923,323
872.04,308
872.157,309
872.275,312
872.392,323
872.509,320
872.626,306
872.744,305
872.861,317
872.978,313
873.095,319
873.213,317
873.33,319
873.447,314
873.564,308
873.681,320
873.799,309
873.916,312
874.033,307
874.15,303
874.267,326
874.385,299
874.502,310
874.619,312
874.736,320
874.853,321
874.97,315
875.088,304
875.205,307
875.322,313
875.439,313
875.556,313
875.673,312
875.791,322
875.908,309
876.025,334
876.142,318
876.259,326
876.376,313
876.493,318
876.61,313
876.728,315
876.845,318
876.962,319
877.079,315
877.196,311
877.313,303
877.43,322
877.547,324
877.664,310
877.781,326
877.898,311
878.016,307
878.133,328
878.25,307
878.367,323
878.484,305
878.601,314
878.718,319
878.835,328
878.952,305
879.069,309
879.186,300
879.303,313
879.42,308
879.537,316
879.654,323
879.771,312
879.888,322
880.005,323
880.122,320
880.239,335
880.356,321
880.473,307
880.59,307
880.707,319
880.824,322
880.941,304
881.058,310
881.175,323
881.292,317
881.409,320
881.526,318
881.643,331
881.76,310
881.877,314
881.994,316
882.111,310
882.228,308
882.345,306
882.462,318
882.579,307
882.696,309
882.812,321
882.929,307
883.046,314
883.163,310
883.28,307
883.397,316
883.514,311
883.631,321
883.748,317
883.865,325
883.982,326
884.098,307
884.215,303
884.332,333
884.449,318
884.566,318
884.683,330
884.8,311
884.916,320
885.033,322
885.15,316
885.267,310
885.384,322
885.501,313
885.617,327
885.734,314
885.851,320
885.968,306
886.085,320
886.202,314
886.318,312
886.435,310
886.552,315
886.669,305
886.786,315
886.902,307
887.019,313
887.136,308
887.253,327
887.369,327
887.486,316
887.603,316
887.72,301
887.837,335
887.953,313
888.07,313
888.187,310
888.304,327
888.42,314
888.537,308
888.654,312
888.77,314
888.887,313
889.004,323
889.121,324
889.237,311
889.354,308
889.471,313
889.587,311
889.704,320
889.821,314
889.938,316
890.054,319
890.171,322
890.288,334
890.404,321
890.521,322
890.638,317
890.754,325
890.871,321
890.988,321
891.104,324
891.221,329
891.337,321
891.454,307
891.571,310
891.687,331
891.804,330
891.921,315
892.037,309
892.154,313
892.27,320
892.387,337
892.504,313
892.62,311
892.737,317
892.854,320
892.97,299
893.087,326
893.203,306
893.32,326
893.436,310
893.553,312
893.67,321
893.786,324
893.903,314
894.019,307
894.136,323
894.252,323
894.369,308
894.485,315
894.602,321
894.718,327
894.835,316
894.951,300
895.068,320
895.184,316
895.301,320
895.417,326
895.534,316
895.65,316
895.767,321
895.883,323
896.0,317
896.116,309
896.233,310
896.349,306
896.466,312
896.582,336
896.699,308
896.815,329
896.932,325
897.048,312
897.165,313
897.281,312
897.397,323
897.514,316
897.63,319
897.747,315
897.863,308
897.979,337
898.096,317
898.212,319
898.329,315
898.445,322
898.561,304
898.678,315
898.794,324
898.911,317
899.027,315
899.143,327
899.26,315
899.376,334
899.492,316
899.609,308
899.725,316
899.842,323
899.958,318
900.074,326
900.191,319
900.307,318
900.423,309
900.539,325
900.656,316
900.772,307
900.888,301
901.005,318
901.121,309
901.237,315
901.354,319
901.47,305
901.586,308
901.703,327
901.819,308
901.935,327
902.051,318
902.168,317
902.284,321
902.4,311
902.516,314
902.633,312
902.749,318
902.865,323
902.981,310
903.098,317
903.214,316
903.33,306
903.446,311
903.562,332
903.679,311
903.795,314
903.911,320
904.027,323
904.143,321
904.26,325
904.376,307
904.492,318
904.608,309
904.724,326
904.841,322
904.957,325
905.073,323
905.189,324
905.305,309
905.421,308
905.538,312
905.654,320
905.77,323
905.886,315
906.002,319
906.118,308
906.234,302
906.35,325
906.466,325
906.583,309
906.699,317
906.815,320
906.931,324
907.047,317
907.163,312
907.279,324
907.395,313
907.511,314
907.627,317
907.743,319
907.859,317
907.976,312
908.092,315
908.208,329
908.324,323
908.44,320
908.556,312
908.672,325
908.788,326
908.904,319
909.02,321
909.136,305
909.252,323
909.368,309
909.484,316
909.6,309
909.716,315
909.832,306
909.948,308
910.064,326
910.18,322
910.296,329
910.412,320
910.528,331
910.644,315
910.76,321
910.875,314
910.991,320
911.107,330
911.223,309
911.339,312
911.455,316
911.571,305
911.687,328
911.803,310
911.919,316
912.035,328
912.151,308
912.267,315
912.382,320
912.498,325
912.614,336
912.73,327
912.846,326
