792.446,354
792.565,358
792.684,422
792.803,418
792.922,359
793.041,348
793.16,353
793.279,372
793.398,348
793.518,343
793.637,336
793.756,353
793.875,362
793.994,361
794.113,353
794.232,351
794.351,345
794.47,358
794.589,333
794.708,330
794.827,351
794.946,348
795.066,345
795.185,348
795.304,331
795.423,350
795.542,346
795.661,342
795.78,337
795.899,332
796.018,318
796.137,349
796.256,341
796.375,336
796.494,351
796.613,331
796.732,337
796.851,341
796.97,314
797.089,329
797.208,329
797.327,326
797.446,318
797.565,330
797.684,321
797.803,326
797.922,326
798.041,342
798.16,321
798.279,330
798.398,324
798.517,340
798.636,349
798.755,322
798.874,322
798.993,332
799.112,331
799.231,314
799.35,320
799.469,336
799.588,325
799.707,325
799.826,339
799.945,341
800.064,342
800.183,332
800.302,333
800.421,337
800.54,321
800.659,328
800.778,326
800.897,325
801.016,324
801.135,315
801.254,353
801.373,324
801.492,331
801.611,334
801.729,328
801.848,323
801.967,322
802.086,326
802.205,316
802.324,329
802.443,321
802.562,324
802.681,325
802.8,335
802.919,318
803.038,328
803.157,342
803.276,334
803.394,321
803.513,331
803.632,327
803.751,320
803.87,323
803.989,319
804.108,320
804.227,332
804.346,317
804.465,314
804.583,327
804.702,328
804.821,331
804.94,317
805.059,328
805.178,326
805.297,327
805.416,318
805.535,322
805.653,327
805.772,310
805.891,331
806.01,330
806.129,317
806.248,342
806.367,331
806.485,330
806.604,318
806.723,326
806.842,329
806.961,320
807.08,320
807.198,315
807.317,323
807.436,338
807.555,329
807.674,318
807.793,325
807.912,319
808.03,319
808.149,322
808.268,329
808.387,321
808.506,324
808.624,331
808.743,332
808.862,333
808.981,308
809.1,321
809.219,325
809.337,318
809.456,321
809.575,320
809.694,323
809.812,337
809.931,321
810.05,324
810.169,331
810.288,337
810.406,325
810.525,330
810.644,315
810.763,323
810.882,322
811.0,319
811.119,326
811.238,329
811.357,318
811.475,340
811.594,325
811.713,320
811.832,324
811.95,318
812.069,327
812.188,317
812.307,319
812.425,315
812.544,316
812.663,327
812.782,337
812.9,330
813.019,322
813.138,321
813.257,331
813.375,325
813.494,318
813.613,331
813.731,328
813.85,328
813.969,312
814.088,331
814.206,321
814.325,325
814.444,323
814.562,329
814.681,321
814.8,311
814.918,321
815.037,319
815.156,333
815.274,334
815.393,315
815.512,320
815.631,326
815.749,331
815.868,321
815.987,308
816.105,313
816.224,311
816.343,323
816.461,326
816.58,340
816.698,319
816.817,320
816.936,325
817.055,329
817.173,307
817.292,325
817.41,312
817.529,325
817.648,311
817.766,337
817.885,326
818.004,320
818.122,333
818.241,326
818.359,311
818.478,320
818.597,324
818.715,323
818.834,329
818.953,324
819.071,313
819.19,318
819.308,330
819.427,323
819.546,325
819.664,325
819.783,317
819.901,319
820.02,306
820.138,297
820.257,329
820.376,329
820.494,322
820.613,334
820.731,322
820.85,317
820.969,321
821.087,333
821.206,315
821.324,320
821.443,310
821.561,326
821.68,306
821.798,316
821.917,338
822.035,328
822.154,320
822.273,314
822.391,320
822.51,308
822.628,318
822.747,315
822.865,311
822.984,322
823.102,330
823.221,318
823.339,317
823.458,314
823.576,313
823.695,328
823.813,324
823.932,326
824.05,322
824.169,316
824.287,307
824.406,318
824.524,321
824.643,338
824.761,321
824.88,332
824.998,322
825.117,316
825.235,326
825.354,318
825.472,323
825.591,311
825.709,304
825.828,336
825.946,324
826.064,308
826.183,313
826.301,313
826.42,315
826.538,314
826.657,327
826.775,323
826.894,315
827.012,323
827.13,316
827.249,315
827.367,309
827.486,314
827.604,321
827.723,309
827.841,311
827.959,325
828.078,303
828.196,321
828.315,311
828.433,309
828.552,322
828.67,328
828.788,313
828.907,313
829.025,308
829.143,310
829.262,321
829.38,334
829.499,315
829.617,317
829.735,310
829.854,310
829.972,327
830.091,329
830.209,304
830.327,318
830.446,313
830.564,313
830.682,307
830.801,312
830.919,317
831.037,306
831.156,321
831.274,316
831.392,330
831.511,315
831.629,319
831.747,311
831.866,311
831.984,327
832.102,312
832.221,326
832.339,308
832.457,311
832.576,307
832.694,314
832.812,315
832.93,330
833.049,324
833.167,312
833.285,315
833.404,318
833.522,326
833.64,324
833.759,311
833.877,323
833.995,305
834.113,331
834.232,328
834.35,317
834.468,304
834.586,324
834.705,323
834.823,326
834.941,310
835.059,339
835.178,315
835.296,324
835.414,320
835.532,311
835.651,315
835.769,316
835.887,308
836.005,317
836.124,331
836.242,318
836.36,322
836.478,332
836.596,314
836.715,320
836.833,318
836.951,324
837.069,333
837.188,321
837.306,317
837.424,314
837.542,325
837.66,319
837.779,328
837.897,320
838.015,324
838.133,328
838.251,325
838.369,308
838.487,318
838.606,317
838.724,305
838.842,328
838.96,320
839.078,315
839.196,327
839.315,336
839.433,326
839.551,327
839.669,320
839.787,312
839.905,316
840.023,343
840.142,310
840.26,321
840.378,338
840.496,325
840.614,322
840.732,315
840.85,316
840.968,328
841.087,320
841.205,324
841.323,315
841.441,317
841.559,324
841.677,311
841.795,328
841.913,326
842.031,315
842.149,324
842.267,320
842.385,316
842.504,322
842.622,321
842.74,310
842.858,313
842.976,318
843.094,322
843.212,318
843.33,327
843.448,327
843.566,325
843.684,320
843.802,317
843.92,313
844.038,323
844.156,329
844.274,315
844.392,310
844.51,324
844.628,308
844.746,327
844.864,321
844.982,331
845.1,333
845.218,317
845.336,316
845.454,324
845.572,326
845.69,321
845.808,311
845.926,323
846.044,311
846.162,319
846.28,316
846.398,320
846.516,320
846.634,313
846.752,304
846.87,322
846.988,316
847.106,326
847.224,323
847.342,327
847.46,307
847.578,311
847.696,321
847.814,334
847.932,308
848.05,329
848.168,309
848.285,327
848.403,331
848.521,319
848.639,332
848.757,314
848.875,325
848.993,336
849.111,324
849.229,314
849.347,330
849.465,326
849.582,320
849.7,324
849.818,323
849.936,315
850.054,316
850.172,322
850.29,317
850.408,324
850.525,310
850.643,313
850.761,322
850.879,332
850.997,321
851.115,311
851.233,316
851.35,312
851.468,322
851.586,302
851.704,327
851.822,326
851.94,316
852.057,331
852.175,325
852.293,324
852.411,307
852.529,315
852.647,328
852.764,329
852.882,317
853.0,326
853.118,321
853.236,323
853.353,332
853.471,311
853.589,311
853.707,318
853.824,305
853.942,318
854.06,315
854.178,334
854.296,316
854.413,318
854.531,323
854.649,328
854.767,321
854.884,333
855.002,308
855.12,320
855.238,303
855.355,322
855.473,306
855.591,322
855.708,316
855.826,339
855.944,333
856.062,324
856.179,324
856.297,302
856.415,309
856.532,332
856.65,312
856.768,321
856.886,325
857.003,321
857.121,320
857.239,313
857.356,330
857.474,322
857.592,322
857.709,321
857.827,321
857.945,333
858.062,317
858.18,322
858.298,307
858.415,328
858.533,307
858.651,325
858.768,318
858.886,319
859.003,314
859.121,329
859.239,317
859.356,317
859.474,324
859.592,312
859.709,326
859.827,330
859.944,308
860.062,318
860.18,314
860.297,321
860.415,325
860.532,330
860.65,332
860.768,314
860.885,305
861.003,331
861.12,316
861.238,320
861.356,333
861.473,320
861.591,329
861.708,317
861.826,327
861.943,325
862.061,318
862.178,305
862.296,315
862.414,315
862.531,323
862.649,325
862.766,309
862.884,320
863.001,321
863.119,322
863.236,321
863.354,314
863.471,317
863.589,331
863.706,322
863.824,320
863.941,322
864.059,320
864.176,310
864.294,313
864.411,323
864.529,328
864.646,305
864.764,318
864.881,328
864.999,326
865.116,326
865.233,316
865.351,325
865.468,315
865.586,314
865.703,309
865.821,318
865.938,330
866.056,308
866.173,311
866.29,313
866.408,320
866.525,313
866.643,325
866.76,311
866.878,314
866.995,323
867.112,317
867.23,316
867.347,327
867.465,316
867.582,318
867.699,313
867.817,320
867.934,323
868.051,317
868.169,319
868.286,318
868.404,316
868.521,329
868.638,321
868.756,330
868.873,322
868.99,327
869.108,301
869.225,319
869.342,317
869.46,328
869.577,325
869.694,325
869.812,324
869.929,320
870.046,333
870.164,309
870.281,324
870.398,318
870.516,320
870.633,328
870.75,310
870.867,312
870.985,320
871.102,327
871.219,320
871.337,316
871.454,332
871.571,326
871.688,315
871.806,322
871.923,314
872.04,324
872.157,323
872.275,321
872.392,331
872.509,320
872.626,316
872.744,315
872.861,332
872.978,331
873.095,322
873.213,324
873.33,321
873.447,327
873.564,326
873.681,312
873.799,320
873.916,301
874.033,325
874.15,328
874.267,331
874.385,318
874.502,316
874.619,320
874.736,320
874.853,313
874.97,317
875.088,328
875.205,314
875.322,327
875.439,331
875.556,317
875.673,317
875.791,320
875.908,311
876.025,338
876.142,335
876.259,329
876.376,331
876.493,318
876.61,323
876.728,317
876.845,317
876.962,320
877.079,318
877.196,326
877.313,315
877.43,316
877.547,315
877.664,320
877.781,328
877.898,317
878.016,326
878.133,312
878.25,312
878.367,325
878.484,311
878.601,314
878.718,308
878.835,320
878.952,318
879.069,327
879.186,335
879.303,317
879.42,311
879.537,327
879.654,320
879.771,320
879.888,308
880.005,328
880.122,329
880.239,323
880.356,317
880.473,317
880.59,313
880.707,308
880.824,310
880.941,325
881.058,321
881.175,320
881.292,317
881.409,312
881.526,321
881.643,308
881.76,327
881.877,316
881.994,321
882.111,322
882.228,319
882.345,320
882.462,316
882.579,310
882.696,303
882.812,328
882.929,309
883.046,330
883.163,313
883.28,325
883.397,321
883.514,310
883.631,321
883.748,330
883.865,328
883.982,328
884.098,308
884.215,315
884.332,328
884.449,312
884.566,317
884.683,330
884.8,313
884.916,324
885.033,320
885.15,321
885.267,318
885.384,332
885.501,322
885.617,334
885.734,320
885.851,325
885.968,317
886.085,334
886.202,327
886.318,316
886.435,325
886.552,330
886.669,312
886.786,324
886.902,330
887.019,318
887.136,320
887.253,321
887.369,319
887.486,324
887.603,331
887.72,324
887.837,320
887.953,327
888.07,315
888.187,323
888.304,322
888.42,318
888.537,314
888.654,309
888.77,314
888.887,326
889.004,325
889.121,314
889.237,328
889.354,329
889.471,299
889.587,308
889.704,323
889.821,328
889.938,311
890.054,333
890.171,323
890.288,331
890.404,310
890.521,313
890.638,309
890.754,321
890.871,313
890.988,330
891.104,317
891.221,322
891.337,324
891.454,324
891.571,321
891.687,327
891.804,325
891.921,321
892.037,304
892.154,322
892.27,312
892.387,326
892.504,324
892.62,331
892.737,307
892.854,326
892.97,309
893.087,314
893.203,321
893.32,313
893.436,316
893.553,323
893.67,305
893.786,320
893.903,310
894.019,320
894.136,313
894.252,315
894.369,312
894.485,309
894.602,315
894.718,312
894.835,322
894.951,328
895.068,320
895.184,310
895.301,317
895.417,323
895.534,308
895.65,327
895.767,312
895.883,308
896.0,317
896.116,313
896.233,319
896.349,323
896.466,310
896.582,327
896.699,328
896.815,308
896.932,325
897.048,330
897.165,321
897.281,320
897.397,320
897.514,326
897.63,305
897.747,314
897.863,320
897.979,302
898.096,310
898.212,318
898.329,320
898.445,313
898.561,314
898.678,326
898.794,324
898.911,322
899.027,311
899.143,318
899.26,323
899.376,328
899.492,327
899.609,321
899.725,312
899.842,333
899.958,332
900.074,330
900.191,318
900.307,320
900.423,325
900.539,310
900.656,315
900.772,314
900.888,318
901.005,321
901.121,317
901.237,312
901.354,310
901.47,328
901.586,314
901.703,323
901.819,317
901.935,308
902.051,321
902.168,314
902.284,307
902.4,309
902.516,313
902.633,319
902.749,322
902.865,322
902.981,321
903.098,308
903.214,313
903.33,329
903.446,323
903.562,310
903.679,321
903.795,334
903.911,329
904.027,320
904.143,313
904.26,323
904.376,304
904.492,330
904.608,315
904.724,308
904.841,322
904.957,319
905.073,343
905.189,328
905.305,309
905.421,330
905.538,312
905.654,323
905.77,321
905.886,321
906.002,313
906.118,312
906.234,320
906.35,320
906.466,316
906.583,323
906.699,306
906.815,316
906.931,311
907.047,308
907.163,327
907.279,309
907.395,330
907.511,326
907.627,308
907.743,316
907.859,304
907.976,314
908.092,320
908.208,314
908.324,303
908.44,317
908.556,315
908.672,313
908.788,321
908.904,309
909.02,308
909.136,323
909.252,324
909.368,335
909.484,307
909.6,328
909.716,315
909.832,316
909.948,319
910.064,321
910.18,319
910.296,314
910.412,315
910.528,328
910.644,309
910.76,325
910.875,321
910.991,319
911.107,312
911.223,327
911.339,314
911.455,311
911.571,316
911.687,321
911.803,314
911.919,326
912.035,311
912.151,313
912.267,317
912.382,310
912.498,307
912.614,310
912.73,304
912.846,316
792.446,341
792.565,363
792.684,440
792.803,421
792.922,364
793.041,338
793.16,343
793.279,363
793.398,360
793.518,328
793.637,323
793.756,350
793.875,376
793.994,358
794.113,362
794.232,342
794.351,340
794.47,351
794.589,361
794.708,321
794.827,346
794.946,348
795.066,354
795.185,345
795.304,339
795.423,339
795.542,330
795.661,336
795.78,341
795.899,328
796.018,343
796.137,336
796.256,331
796.375,352
796.494,348
796.613,350
796.732,324
796.851,327
796.97,336
797.089,341
797.208,337
797.327,334
797.446,338
797.565,336
797.684,341
797.803,335
797.922,330
798.041,325
798.16,334
798.279,335
798.398,316
798.517,320
798.636,322
798.755,319
798.874,335
798.993,329
799.112,322
799.231,337
799.35,341
799.469,328
799.588,320
799.707,329
799.826,324
799.945,330
800.064,343
800.183,322
800.302,321
800.421,335
800.54,332
800.659,332
800.778,327
800.897,328
801.016,327
801.135,323
801.254,328
801.373,323
801.492,336
801.611,324
801.729,340
801.848,330
801.967,335
802.086,339
802.205,328
802.324,336
802.443,329
802.562,327
802.681,329
802.8,334
802.919,320
803.038,333
803.157,316
803.276,328
803.394,325
803.513,325
803.632,316
803.751,335
803.87,325
803.989,331
804.108,317
804.227,326
804.346,327
804.465,310
804.583,332
804.702,327
804.821,328
804.94,315
805.059,322
805.178,323
805.297,321
805.416,328
805.535,316
805.653,307
805.772,337
805.891,328
806.01,321
806.129,332
806.248,337
806.367,330
806.485,325
806.604,315
806.723,335
806.842,324
806.961,329
807.08,319
807.198,329
807.317,331
807.436,311
807.555,331
807.674,321
807.793,329
807.912,326
808.03,319
808.149,327
808.268,320
808.387,316
808.506,328
808.624,325
808.743,320
808.862,312
808.981,330
809.1,319
809.219,321
809.337,326
809.456,313
809.575,359
809.694,321
809.812,323
809.931,347
810.05,315
810.169,323
810.288,322
810.406,322
810.525,326
810.644,315
810.763,314
810.882,321
811.0,314
811.119,322
811.238,315
811.357,321
811.475,329
811.594,316
811.713,327
811.832,312
811.95,332
812.069,329
812.188,332
812.307,333
812.425,325
812.544,324
812.663,332
812.782,327
812.9,315
813.019,320
813.138,314
813.257,338
813.375,320
813.494,320
813.613,326
813.731,317
813.85,322
813.969,315
814.088,329
814.206,299
814.325,318
814.444,329
814.562,315
814.681,322
814.8,330
814.918,329
815.037,324
815.156,325
815.274,329
815.393,309
815.512,307
815.631,324
815.749,335
815.868,314
815.987,319
816.105,340
816.224,341
816.343,319
816.461,328
816.58,310
816.698,330
816.817,319
816.936,333
817.055,321
817.173,326
817.292,327
817.41,322
817.529,319
817.648,323
817.766,319
817.885,326
818.004,320
818.122,327
818.241,336
818.359,324
818.478,321
818.597,320
818.715,337
818.834,326
818.953,310
819.071,323
819.19,325
819.308,319
819.427,312
819.546,323
819.664,304
819.783,309
819.901,312
820.02,315
820.138,316
820.257,325
820.376,318
820.494,343
820.613,308
820.731,325
820.85,329
820.969,313
821.087,299
821.206,319
821.324,317
821.443,338
821.561,303
821.68,330
821.798,312
821.917,324
822.035,318
822.154,325
822.273,309
822.391,334
822.51,314
822.628,328
822.747,320
822.865,326
822.984,306
823.102,320
823.221,322
823.339,326
823.458,316
823.576,308
823.695,324
823.813,334
823.932,315
824.05,324
824.169,325
824.287,324
824.406,306
824.524,317
824.643,301
824.761,329
824.88,324
824.998,316
825.117,313
825.235,332
825.354,306
825.472,323
825.591,321
825.709,321
825.828,323
825.946,324
826.064,328
826.183,325
826.301,316
826.42,317
826.538,317
826.657,332
826.775,297
826.894,309
827.012,316
827.13,314
827.249,308
827.367,311
827.486,321
827.604,313
827.723,326
827.841,315
827.959,302
828.078,302
828.196,316
828.315,304
828.433,328
828.552,323
828.67,316
828.788,308
828.907,317
829.025,322
829.143,312
829.262,318
829.38,313
829.499,317
829.617,316
829.735,326
829.854,310
829.972,324
830.091,317
830.209,313
830.327,320
830.446,315
830.564,322
830.682,320
830.801,311
830.919,324
831.037,319
831.156,311
831.274,314
831.392,335
831.511,322
831.629,305
831.747,304
831.866,324
831.984,304
832.102,327
832.221,317
832.339,317
832.457,329
832.576,328
832.694,322
832.812,314
832.93,325
833.049,319
833.167,313
833.285,325
833.404,321
833.522,314
833.64,327
833.759,314
833.877,310
833.995,303
834.113,314
834.232,321
834.35,318
834.468,325
834.586,319
834.705,314
834.823,324
834.941,308
835.059,302
835.178,312
835.296,331
835.414,319
835.532,312
835.651,307
835.769,313
835.887,313
836.005,322
836.124,332
836.242,304
836.36,315
836.478,317
836.596,325
836.715,303
836.833,322
836.951,317
837.069,319
837.188,321
837.306,307
837.424,319
837.542,323
837.66,299
837.779,316
837.897,310
838.015,330
838.133,320
838.251,316
838.369,309
838.487,318
838.606,311
838.724,315
838.842,307
838.96,324
839.078,312
839.196,337
839.315,323
839.433,324
839.551,321
839.669,317
839.787,319
839.905,328
840.023,311
840.142,318
840.26,304
840.378,338
840.496,329
840.614,323
840.732,320
840.85,322
840.968,320
841.087,310
841.205,319
841.323,332
841.441,318
841.559,322
841.677,332
841.795,324
841.913,311
842.031,335
842.149,324
842.267,333
842.385,319
842.504,311
842.622,321
842.74,311
842.858,307
842.976,334
843.094,313
843.212,328
843.33,325
843.448,317
843.566,313
843.684,314
843.802,319
843.92,332
844.038,299
844.156,326
844.274,330
844.392,317
844.51,317
844.628,318
844.746,315
844.864,315
844.982,309
845.1,333
845.218,313
845.336,332
845.454,318
845.572,338
845.69,313
845.808,315
845.926,319
846.044,331
846.162,314
846.28,318
846.398,310
846.516,321
846.634,316
846.752,324
846.87,316
846.988,322
847.106,301
847.224,317
847.342,316
847.46,318
847.578,328
847.696,321
847.814,297
847.932,319
848.05,320
848.168,319
848.285,308
848.403,316
848.521,330
848.639,320
848.757,316
848.875,322
848.993,315
849.111,336
849.229,329
849.347,329
849.465,313
849.582,322
849.7,307
849.818,327
849.936,312
850.054,334
850.172,309
850.29,317
850.408,312
850.525,316
850.643,319
850.761,317
850.879,300
850.997,323
851.115,308
851.233,325
851.35,315
851.468,319
851.586,335
851.704,313
851.822,318
851.94,326
852.057,326
852.175,325
852.293,310
852.411,335
852.529,311
852.647,333
852.764,317
852.882,336
853.0,312
853.118,319
853.236,317
853.353,322
853.471,320
853.589,309
853.707,322
853.824,321
853.942,321
854.06,328
854.178,329
854.296,329
854.413,316
854.531,319
854.649,309
854.767,323
854.884,322
855.002,328
855.12,318
855.238,317
855.355,312
855.473,320
855.591,311
855.708,321
855.826,315
855.944,318
856.062,328
856.179,301
856.297,306
856.415,331
856.532,319
856.65,331
856.768,313
856.886,333
857.003,331
857.121,316
857.239,331
857.356,329
857.474,336
857.592,315
857.709,314
857.827,328
857.945,330
858.062,314
858.18,308
858.298,323
858.415,304
858.533,316
858.651,316
858.768,314
858.886,328
859.003,319
859.121,323
859.239,322
859.356,313
859.474,319
859.592,313
859.709,309
859.827,320
859.944,322
860.062,303
860.18,319
860.297,306
860.415,318
860.532,326
860.65,327
860.768,319
860.885,317
861.003,324
861.12,325
861.238,323
861.356,322
861.473,314
861.591,329
861.708,333
861.826,322
861.943,320
862.061,317
862.178,318
862.296,313
862.414,321
862.531,327
862.649,298
862.766,326
862.884,326
863.001,330
863.119,335
863.236,321
863.354,307
863.471,328
863.589,314
863.706,332
863.824,316
863.941,323
864.059,325
864.176,320
864.294,327
864.411,315
864.529,314
864.646,327
864.764,311
864.881,326
864.999,313
865.116,322
865.233,309
865.351,335
865.468,313
865.586,319
865.703,307
865.821,319
865.938,317
866.056,313
866.173,323
866.29,309
866.408,315
866.525,318
866.643,310
866.76,320
866.878,309
866.995,319
867.112,316
867.23,328
867.347,307
867.465,321
867.582,313
867.699,319
867.817,325
867.934,312
868.051,308
868.169,309
868.286,318
868.404,324
868.521,312
868.638,319
868.756,325
868.873,316
868.99,320
869.108,315
869.225,313
869.342,311
869.46,319
869.577,320
869.694,304
869.812,318
869.929,318
870.046,315
870.164,314
870.281,329
870.398,317
870.516,336
870.633,318
870.75,331
870.867,330
870.985,323
871.102,315
871.219,325
871.337,325
871.454,344
871.571,319
871.688,324
871.806,321
871.923,319
872.04,304
872.157,318
872.275,323
872.392,312
872.509,309
872.626,312
872.744,316
872.861,329
872.978,315
873.095,319
873.213,315
873.33,331
873.447,331
873.564,321
873.681,327
873.799,326
873.916,317
874.033,330
874.15,304
874.267,325
874.385,319
874.502,326
874.619,319
874.736,333
874.853,327
874.97,327
875.088,325
875.205,329
875.322,306
875.439,315
875.556,331
875.673,335
875.791,330
875.908,311
876.025,321
876.142,322
876.259,319
876.376,325
876.493,302
876.61,314
876.728,313
876.845,317
876.962,321
877.079,324
877.196,321
877.313,310
877.43,309
877.547,324
877.664,308
877.781,329
877.898,311
878.016,337
878.133,323
878.25,322
878.367,320
878.484,319
878.601,314
878.718,324
878.835,308
878.952,326
879.069,312
879.186,311
879.303,311
879.42,319
879.537,319
879.654,323
879.771,326
879.888,324
880.005,320
880.122,311
880.239,323
880.356,319
880.473,313
880.59,324
880.707,306
880.824,317
880.941,315
881.058,332
881.175,309
881.292,322
881.409,314
881.526,319
881.643,319
881.76,326
881.877,298
881.994,322
882.111,318
882.228,319
882.345,315
882.462,319
882.579,318
882.696,335
882.812,307
882.929,331
883.046,318
883.163,307
883.28,314
883.397,315
883.514,310
883.631,330
883.748,310
883.865,332
883.982,318
884.098,312
884.215,303
884.332,311
884.449,334
884.566,310
884.683,326
884.8,334
884.916,303
885.033,324
885.15,321
885.267,316
885.384,332
885.501,328
885.617,314
885.734,317
885.851,318
885.968,323
886.085,304
886.202,318
886.318,322
886.435,328
886.552,329
886.669,318
886.786,313
886.902,320
887.019,314
887.136,329
887.253,318
887.369,316
887.486,313
887.603,316
887.72,316
887.837,321
887.953,316
888.07,322
888.187,318
888.304,319
888.42,311
888.537,320
888.654,310
888.77,322
888.887,309
889.004,306
889.121,315
889.237,326
889.354,305
889.471,316
889.587,318
889.704,317
889.821,320
889.938,322
890.054,326
890.171,326
890.288,304
890.404,308
890.521,307
890.638,305
890.754,308
890.871,311
890.988,315
891.104,320
891.221,307
891.337,327
891.454,323
891.571,326
891.687,300
891.804,326
891.921,321
892.037,323
892.154,319
892.27,322
892.387,324
892.504,326
892.62,324
892.737,316
892.854,297
892.97,332
893.087,315
893.203,323
893.32,312
893.436,321
893.553,322
893.67,329
893.786,323
893.903,304
894.019,315
894.136,320
894.252,306
894.369,314
894.485,312
894.602,312
894.718,319
894.835,314
894.951,318
895.068,309
895.184,313
895.301,334
895.417,303
895.534,327
895.65,295
895.767,320
895.883,314
896.0,316
896.116,311
896.233,340
896.349,302
896.466,326
896.582,322
896.699,324
896.815,295
896.932,325
897.048,319
897.165,308
897.281,304
897.397,314
897.514,311
897.63,323
897.747,311
897.863,321
897.979,307
898.096,317
898.212,331
898.329,315
898.445,314
898.561,331
898.678,325
898.794,323
898.911,319
899.027,333
899.143,316
899.26,317
899.376,303
899.492,314
899.609,314
899.725,332
899.842,311
899.958,314
900.074,308
900.191,324
900.307,330
900.423,331
900.539,322
900.656,312
900.772,318
900.888,316
901.005,302
901.121,323
901.237,303
901.354,320
901.47,307
901.586,316
901.703,313
901.819,314
901.935,324
902.051,329
902.168,318
902.284,331
902.4,310
902.516,309
902.633,309
902.749,327
902.865,313
902.981,325
903.098,328
903.214,318
903.33,318
903.446,322
903.562,311
903.679,330
903.795,314
903.911,314
904.027,316
904.143,323
904.26,315
904.376,315
904.492,319
904.608,322
904.724,318
904.841,323
904.957,311
905.073,315
905.189,319
905.305,334
905.421,323
905.538,319
905.654,309
905.77,320
905.886,313
906.002,318
906.118,311
906.234,318
906.35,304
906.466,310
906.583,329
906.699,317
906.815,321
906.931,318
907.047,307
907.163,323
907.279,322
907.395,323
907.511,305
907.627,317
907.743,318
907.859,318
907.976,315
908.092,310
908.208,317
908.324,313
908.44,311
908.556,316
908.672,315
908.788,312
908.904,314
909.02,334
909.136,315
909.252,332
909.368,305
909.484,310
909.6,327
909.716,318
909.832,318
909.948,319
910.064,317
910.18,309
910.296,315
910.412,320
910.528,309
910.644,343
910.76,316
910.875,312
910.991,309
911.107,326
911.223,319
911.339,308
911.455,305
911.571,329
911.687,307
911.803,327
911.919,304
912.035,305
912.151,315
912.267,323
912.382,304
912.498,306
912.614,312
912.73,323
912.846,311
792.446,347
792.565,395
792.684,427
792.803,416
792.922,378
793.041,350
793.16,350
793.279,354
793.398,359
793.518,339
793.637,346
793.756,354
793.875,371
793.994,359
794.113,339
794.232,353
794.351,359
794.47,343
794.589,348
794.708,323
794.827,348
794.946,350
795.066,348
795.185,347
795.304,347
795.423,350
795.542,336
795.661,350
795.78,341
795.899,333
796.018,335
796.137,337
796.256,340
796.375,340
796.494,339
796.613,345
796.732,324
796.851,328
796.97,337
797.089,326
797.208,341
797.327,345
797.446,334
797.565,326
797.684,327
797.803,331
797.922,329
798.041,324
798.16,330
798.279,328
798.398,328
798.517,346
798.636,317
798.755,339
798.874,337
798.993,340
799.112,338
799.231,346
799.35,323
799.469,329
799.588,323
799.707,336
799.826,336
799.945,347
800.064,325
800.183,334
800.302,320
800.421,330
800.54,315
800.659,333
800.778,324
800.897,336
801.016,312
801.135,339
801.254,325
801.373,335
801.492,340
801.611,325
801.729,313
801.848,336
801.967,329
802.086,326
802.205,331
802.324,336
802.443,316
802.562,337
802.681,312
802.8,329
802.919,337
803.038,325
803.157,328
803.276,328
803.394,307
803.513,336
803.632,327
803.751,326
803.87,331
803.989,326
804.108,336
804.227,324
804.346,325
804.465,326
804.583,323
804.702,320
804.821,324
804.94,325
805.059,328
805.178,318
805.297,327
805.416,317
805.535,338
805.653,331
805.772,334
805.891,338
806.01,325
806.129,312
806.248,338
806.367,342
806.485,326
806.604,329
806.723,320
806.842,330
806.961,320
807.08,322
807.198,336
807.317,321
807.436,321
807.555,307
807.674,323
807.793,323
807.912,332
808.03,326
808.149,330
808.268,313
808.387,329
808.506,320
808.624,317
808.743,323
808.862,319
808.981,319
809.1,335
809.219,315
809.337,324
809.456,333
809.575,316
809.694,309
809.812,329
809.931,320
810.05,323
810.169,332
810.288,325
810.406,324
810.525,321
810.644,322
810.763,321
810.882,321
811.0,328
811.119,337
811.238,320
811.357,336
811.475,324
811.594,312
811.713,317
811.832,332
811.95,329
812.069,337
812.188,325
812.307,325
812.425,304
812.544,319
812.663,313
812.782,321
812.9,326
813.019,326
813.138,338
813.257,322
813.375,314
813.494,321
813.613,319
813.731,320
813.85,321
813.969,333
814.088,327
814.206,329
814.325,325
814.444,319
814.562,323
814.681,316
814.8,326
814.918,331
815.037,322
815.156,323
815.274,326
815.393,323
815.512,337
815.631,333
815.749,327
815.868,328
815.987,317
816.105,322
816.224,323
816.343,317
816.461,315
816.58,324
816.698,327
816.817,327
816.936,315
817.055,338
817.173,334
817.292,322
817.41,326
817.529,334
817.648,329
817.766,321
817.885,322
818.004,328
818.122,314
818.241,320
818.359,317
818.478,323
818.597,305
818.715,333
818.834,315
818.953,310
819.071,324
819.19,316
819.308,319
819.427,322
819.546,313
819.664,310
819.783,323
819.901,329
820.02,311
820.138,323
820.257,318
820.376,318
820.494,315
820.613,320
820.731,323
820.85,309
820.969,317
821.087,322
821.206,319
821.324,326
821.443,320
821.561,315
821.68,327
821.798,314
821.917,302
822.035,320
822.154,318
822.273,335
822.391,321
822.51,325
822.628,314
822.747,316
822.865,311
822.984,316
823.102,319
823.221,320
823.339,318
823.458,326
823.576,327
823.695,315
823.813,300
823.932,316
824.05,305
824.169,323
824.287,323
824.406,311
824.524,320
824.643,308
824.761,327
824.88,316
824.998,320
825.117,324
825.235,319
825.354,332
825.472,312
825.591,317
825.709,300
825.828,332
825.946,319
826.064,327
826.183,317
826.301,343
826.42,334
826.538,318
826.657,325
826.775,310
826.894,313
827.012,324
827.13,313
827.249,325
827.367,321
827.486,315
827.604,342
827.723,311
827.841,318
827.959,318
828.078,328
828.196,333
828.315,322
828.433,316
828.552,325
828.67,305
828.788,319
828.907,310
829.025,304
829.143,327
829.262,317
829.38,321
829.499,324
829.617,324
829.735,317
829.854,318
829.972,320
830.091,323
830.209,309
830.327,309
830.446,313
830.564,331
830.682,312
830.801,321
830.919,307
831.037,318
831.156,316
831.274,327
831.392,318
831.511,311
831.629,317
831.747,314
831.866,319
831.984,311
832.102,322
832.221,315
832.339,314
832.457,313
832.576,314
832.694,316
832.812,314
832.93,318
833.049,329
833.167,331
833.285,314
833.404,331
833.522,309
833.64,321
833.759,311
833.877,328
833.995,314
834.113,335
834.232,326
834.35,318
834.468,314
834.586,315
834.705,328
834.823,318
834.941,323
835.059,315
835.178,317
835.296,331
835.414,316
835.532,326
835.651,325
835.769,310
835.887,310
836.005,315
836.124,315
836.242,322
836.36,326
836.478,320
836.596,314
836.715,327
836.833,315
836.951,317
837.069,314
837.188,320
837.306,328
837.424,320
837.542,309
837.66,316
837.779,323
837.897,316
838.015,317
838.133,306
838.251,315
838.369,322
838.487,330
838.606,314
838.724,314
838.842,324
838.96,311
839.078,310
839.196,320
839.315,312
839.433,316
839.551,318
839.669,330
839.787,301
839.905,317
840.023,309
840.142,330
840.26,326
840.378,331
840.496,324
840.614,315
840.732,318
840.85,315
840.968,319
841.087,323
841.205,332
841.323,316
841.441,335
841.559,321
841.677,320
841.795,323
841.913,314
842.031,331
842.149,317
842.267,323
842.385,312
842.504,341
842.622,316
842.74,322
842.858,323
842.976,326
843.094,318
843.212,318
843.33,324
843.448,315
843.566,315
843.684,328
843.802,324
843.92,314
844.038,326
844.156,317
844.274,313
844.392,318
844.51,326
844.628,312
844.746,315
844.864,330
844.982,322
845.1,333
845.218,318
845.336,309
845.454,331
845.572,339
845.69,293
845.808,328
845.926,326
846.044,323
846.162,331
846.28,322
846.398,323
846.516,315
846.634,319
846.752,320
846.87,327
846.988,312
847.106,321
847.224,321
847.342,323
847.46,329
847.578,309
847.696,327
847.814,328
847.932,320
848.05,324
848.168,316
848.285,332
848.403,323
848.521,308
848.639,317
848.757,319
848.875,326
848.993,328
849.111,325
849.229,317
849.347,321
849.465,318
849.582,319
849.7,319
849.818,324
849.936,309
850.054,317
850.172,326
850.29,318
850.408,333
850.525,333
850.643,321
850.761,314
850.879,317
850.997,317
851.115,332
851.233,319
851.35,324
851.468,323
851.586,322
851.704,311
851.822,319
851.94,315
852.057,314
852.175,311
852.293,326
852.411,317
852.529,315
852.647,326
852.764,335
852.882,328
853.0,312
853.118,318
853.236,323
853.353,315
853.471,322
853.589,321
853.707,330
853.824,315
853.942,310
854.06,318
854.178,328
854.296,315
854.413,318
854.531,332
854.649,319
854.767,316
854.884,314
855.002,318
855.12,323
855.238,312
855.355,323
855.473,321
855.591,320
855.708,333
855.826,318
855.944,328
856.062,328
856.179,315
856.297,313
856.415,308
856.532,335
856.65,326
856.768,338
856.886,313
857.003,310
857.121,329
857.239,321
857.356,322
857.474,317
857.592,319
857.709,314
857.827,319
857.945,317
858.062,320
858.18,317
858.298,334
858.415,326
858.533,328
858.651,325
858.768,310
858.886,314
859.003,322
859.121,321
859.239,338
859.356,310
859.474,310
859.592,316
859.709,329
859.827,319
859.944,321
860.062,322
860.18,328
860.297,322
860.415,313
860.532,322
860.65,319
860.768,317
860.885,309
861.003,328
861.12,323
861.238,316
861.356,320
861.473,325
861.591,321
861.708,314
861.826,321
861.943,327
862.061,325
862.178,318
862.296,320
862.414,317
862.531,318
862.649,317
862.766,318
862.884,318
863.001,313
863.119,327
863.236,319
863.354,310
863.471,313
863.589,319
863.706,303
863.824,324
863.941,329
864.059,320
864.176,327
864.294,318
864.411,327
864.529,317
864.646,313
864.764,323
864.881,319
864.999,319
865.116,321
865.233,328
865.351,323
865.468,321
865.586,313
865.703,322
865.821,310
865.938,330
866.056,307
866.173,323
866.29,320
866.408,316
866.525,328
866.643,319
866.76,308
866.878,326
866.995,314
867.112,326
867.23,316
867.347,332
867.465,324
867.582,314
867.699,327
867.817,314
867.934,325
868.051,327
868.169,317
868.286,329
868.404,313
868.521,330
868.638,324
868.756,331
868.873,321
868.99,315
869.108,316
869.225,319
869.342,314
869.46,315
869.577,320
869.694,335
869.812,321
869.929,314
870.046,328
870.164,315
870.281,323
870.398,321
870.516,310
870.633,321
870.75,315
870.867,325
870.985,320
871.102,319
871.219,314
871.337,324
871.454,320
871.571,324
871.688,316
871.806,325
871.923,327
872.04,324
872.157,322
872.275,313
872.392,333
872.509,328
872.626,325
872.744,322
872.861,330
872.978,326
873.095,310
873.213,322
873.33,323
873.447,317
873.564,312
873.681,316
873.799,323
873.916,318
874.033,311
874.15,327
874.267,317
874.385,327
874.502,322
874.619,314
874.736,325
874.853,318
874.97,323
875.088,315
875.205,296
875.322,326
875.439,314
875.556,330
875.673,319
875.791,323
875.908,301
876.025,317
876.142,328
876.259,328
876.376,330
876.493,306
876.61,325
876.728,325
876.845,313
876.962,315
877.079,322
877.196,317
877.313,321
877.43,328
877.547,320
877.664,312
877.781,315
877.898,322
878.016,320
878.133,324
878.25,331
878.367,318
878.484,328
878.601,312
878.718,311
878.835,321
878.952,324
879.069,323
879.186,326
879.303,311
879.42,334
879.537,323
879.654,327
879.771,317
879.888,321
880.005,315
880.122,320
880.239,317
880.356,318
880.473,316
880.59,328
880.707,328
880.824,322
880.941,321
881.058,314
881.175,321
881.292,316
881.409,330
881.526,303
881.643,312
881.76,309
881.877,329
881.994,327
882.111,313
882.228,311
882.345,325
882.462,328
882.579,318
882.696,303
882.812,316
882.929,326
883.046,321
883.163,328
883.28,318
883.397,313
883.514,323
883.631,301
883.748,329
883.865,323
883.982,318
884.098,329
884.215,323
884.332,325
884.449,315
884.566,307
884.683,319
884.8,331
884.916,323
885.033,316
885.15,320
885.267,338
885.384,313
885.501,321
885.617,329
885.734,320
885.851,320
885.968,311
886.085,319
886.202,315
886.318,324
886.435,324
886.552,324
886.669,342
886.786,322
886.902,316
887.019,319
887.136,327
887.253,328
887.369,324
887.486,319
887.603,316
887.72,326
887.837,324
887.953,315
888.07,310
888.187,326
888.304,318
888.42,336
888.537,321
888.654,309
888.77,324
888.887,332
889.004,329
889.121,325
889.237,316
889.354,314
889.471,311
889.587,317
889.704,312
889.821,319
889.938,312
890.054,326
890.171,320
890.288,325
890.404,311
890.521,312
890.638,312
890.754,326
890.871,320
890.988,323
891.104,310
891.221,311
891.337,310
891.454,321
891.571,324
891.687,319
891.804,313
891.921,317
892.037,312
892.154,319
892.27,317
892.387,312
892.504,323
892.62,329
892.737,326
892.854,315
892.97,322
893.087,321
893.203,322
893.32,313
893.436,317
893.553,331
893.67,327
893.786,331
893.903,300
894.019,330
894.136,325
894.252,326
894.369,302
894.485,320
894.602,306
894.718,319
894.835,318
894.951,316
895.068,308
895.184,323
895.301,340
895.417,320
895.534,313
895.65,329
895.767,318
895.883,324
896.0,322
896.116,322
896.233,323
896.349,312
896.466,307
896.582,322
896.699,331
896.815,324
896.932,316
897.048,321
897.165,331
897.281,323
897.397,307
897.514,322
897.63,310
897.747,321
897.863,320
897.979,315
898.096,322
898.212,325
898.329,338
898.445,332
898.561,312
898.678,333
898.794,321
898.911,326
899.027,313
899.143,318
899.26,329
899.376,327
899.492,311
899.609,324
899.725,314
899.842,323
899.958,331
900.074,326
900.191,313
900.307,315
900.423,317
900.539,322
900.656,322
900.772,315
900.888,321
901.005,328
901.121,314
901.237,321
901.354,325
901.47,325
901.586,319
901.703,327
901.819,315
901.935,329
902.051,319
902.168,328
902.284,322
902.4,321
902.516,316
902.633,315
902.749,311
902.865,324
902.981,317
903.098,311
903.214,304
903.33,332
903.446,311
903.562,332
903.679,321
903.795,318
903.911,328
904.027,320
904.143,318
904.26,320
904.376,325
904.492,318
904.608,317
904.724,327
904.841,309
904.957,311
905.073,316
905.189,311
905.305,310
905.421,326
905.538,319
905.654,317
905.77,330
905.886,320
906.002,309
906.118,324
906.234,331
906.35,325
906.466,315
906.583,319
906.699,317
906.815,333
906.931,321
907.047,329
907.163,322
907.279,313
907.395,319
907.511,305
907.627,299
907.743,323
907.859,336
907.976,322
908.092,324
908.208,325
908.324,319
908.44,319
908.556,315
908.672,314
908.788,323
908.904,315
909.02,302
909.136,319
909.252,313
909.368,322
909.484,314
909.6,326
909.716,315
909.832,318
909.948,326
910.064,314
910.18,306
910.296,317
910.412,320
910.528,324
910.644,315
910.76,318
910.875,311
910.991,312
911.107,308
911.223,313
911.339,307
911.455,338
911.571,296
911.687,318
911.803,321
911.919,316
912.035,306
912.151,318
912.267,315
912.382,318
912.498,309
912.614,307
912.73,317
912.846,327
