792.446,298
792.565,350
792.684,388
792.803,364
792.922,327
793.041,310
793.16,301
793.279,324
793.398,325
793.518,303
793.637,319
793.756,312
793.875,350
793.994,330
794.113,334
794.232,299
794.351,321
794.47,319
794.589,316
794.708,320
794.827,317
794.946,320
795.066,332
795.185,318
795.304,325
795.423,321
795.542,320
795.661,318
795.78,313
795.899,313
796.018,320
796.137,317
796.256,336
796.375,312
796.494,316
796.613,304
796.732,323
796.851,315
796.97,328
797.089,320
797.208,322
797.327,328
797.446,322
797.565,304
797.684,315
797.803,302
797.922,323
798.041,320
798.16,316
798.279,306
798.398,316
798.517,316
798.636,318
798.755,321
798.874,317
798.993,304
799.112,321
799.231,333
799.35,328
799.469,322
799.588,323
799.707,324
799.826,316
799.945,317
800.064,325
800.183,306
800.302,334
800.421,313
800.54,317
800.659,316
800.778,324
800.897,314
801.016,315
801.135,293
801.254,304
801.373,318
801.492,320
801.611,314
801.729,314
801.848,318
801.967,312
802.086,314
802.205,318
802.324,320
802.443,320
802.562,308
802.681,313
802.8,334
802.919,318
803.038,321
803.157,303
803.276,330
803.394,324
803.513,310
803.632,324
803.751,329
803.87,318
803.989,319
804.108,307
804.227,313
804.346,304
804.465,336
804.583,303
804.702,307
804.821,322
804.94,312
805.059,323
805.178,318
805.297,334
805.416,316
805.535,317
805.653,318
805.772,322
805.891,322
806.01,320
806.129,309
806.248,309
806.367,320
806.485,324
806.604,327
806.723,301
806.842,307
806.961,316
807.08,312
807.198,321
807.317,312
807.436,329
807.555,316
807.674,324
807.793,326
807.912,324
808.03,316
808.149,324
808.268,299
808.387,319
808.506,307
808.624,337
808.743,317
808.862,309
808.981,303
809.1,320
809.219,323
809.337,322
809.456,320
809.575,315
809.694,302
809.812,307
809.931,319
810.05,318
810.169,322
810.288,318
810.406,311
810.525,316
810.644,307
810.763,322
810.882,322
811.0,319
811.119,320
811.238,313
811.357,311
811.475,312
811.594,324
811.713,312
811.832,318
811.95,328
812.069,313
812.188,307
812.307,316
812.425,319
812.544,325
812.663,314
812.782,322
812.9,311
813.019,316
813.138,309
813.257,299
813.375,314
813.494,314
813.613,323
813.731,320
813.85,318
813.969,313
814.088,323
814.206,316
814.325,319
814.444,315
814.562,332
814.681,324
814.8,319
814.918,322
815.037,315
815.156,302
815.274,318
815.393,313
815.512,321
815.631,320
815.749,315
815.868,309
815.987,308
816.105,327
816.224,326
816.343,320
816.461,323
816.58,311
816.698,314
816.817,310
816.936,308
817.055,321
817.173,310
817.292,316
817.41,324
817.529,311
817.648,325
817.766,316
817.885,312
818.004,309
818.122,327
818.241,305
818.359,318
818.478,320
818.597,325
818.715,317
818.834,332
818.953,319
819.071,316
819.19,306
819.308,300
819.427,308
819.546,316
819.664,308
819.783,313
819.901,307
820.02,318
820.138,312
820.257,325
820.376,309
820.494,314
820.613,320
820.731,319
820.85,310
820.969,300
821.087,313
821.206,306
821.324,309
821.443,317
821.561,312
821.68,310
821.798,313
821.917,308
822.035,304
822.154,317
822.273,314
822.391,319
822.51,307
822.628,313
822.747,319
822.865,318
822.984,314
823.102,327
823.221,313
823.339,323
823.458,318
823.576,314
823.695,309
823.813,333
823.932,315
824.05,314
824.169,318
824.287,301
824.406,316
824.524,308
824.643,310
824.761,314
824.88,315
824.998,316
825.117,310
825.235,312
825.354,321
825.472,316
825.591,300
825.709,310
825.828,316
825.946,314
826.064,301
826.183,308
826.301,301
826.42,323
826.538,307
826.657,304
826.775,309
826.894,326
827.012,320
827.13,313
827.249,304
827.367,320
827.486,303
827.604,315
827.723,317
827.841,321
827.959,312
828.078,316
828.196,318
828.315,316
828.433,306
828.552,305
828.67,297
828.788,321
828.907,319
829.025,318
829.143,313
829.262,310
829.38,320
829.499,321
829.617,317
829.735,320
829.854,309
829.972,324
830.091,315
830.209,306
830.327,314
830.446,328
830.564,307
830.682,319
830.801,303
830.919,322
831.037,306
831.156,302
831.274,316
831.392,310
831.511,307
831.629,306
831.747,325
831.866,316
831.984,316
832.102,315
832.221,316
832.339,327
832.457,294
832.576,315
832.694,310
832.812,326
832.93,303
833.049,299
833.167,313
833.285,317
833.404,308
833.522,308
833.64,322
833.759,314
833.877,307
833.995,333
834.113,309
834.232,323
834.35,318
834.468,310
834.586,310
834.705,316
834.823,312
834.941,313
835.059,299
835.178,320
835.296,304
835.414,324
835.532,306
835.651,315
835.769,317
835.887,315
836.005,319
836.124,317
836.242,307
836.36,308
836.478,317
836.596,308
836.715,306
836.833,316
836.951,302
837.069,330
837.188,318
837.306,303
837.424,318
837.542,311
837.66,323
837.779,324
837.897,298
838.015,309
838.133,309
838.251,324
838.369,312
838.487,314
838.606,308
838.724,332
838.842,308
838.96,312
839.078,311
839.196,310
839.315,318
839.433,317
839.551,305
839.669,317
839.787,319
839.905,309
840.023,304
840.142,301
840.26,314
840.378,305
840.496,302
840.614,330
840.732,305
840.85,316
840.968,310
841.087,317
841.205,316
841.323,324
841.441,306
841.559,314
841.677,318
841.795,322
841.913,308
842.031,311
842.149,314
842.267,315
842.385,317
842.504,321
842.622,317
842.74,308
842.858,312
842.976,324
843.094,311
843.212,321
843.33,305
843.448,310
843.566,315
843.684,301
843.802,312
843.92,309
844.038,309
844.156,320
844.274,315
844.392,307
844.51,313
844.628,316
844.746,324
844.864,309
844.982,319
845.1,304
845.218,314
845.336,305
845.454,298
845.572,316
845.69,316
845.808,303
845.926,318
846.044,331
846.162,321
846.28,304
846.398,306
846.516,322
846.634,308
846.752,306
846.87,316
846.988,310
847.106,322
847.224,324
847.342,304
847.46,327
847.578,299
847.696,319
847.814,308
847.932,303
848.05,312
848.168,309
848.285,305
848.403,325
848.521,311
848.639,329
848.757,317
848.875,317
848.993,311
849.111,322
849.229,310
849.347,322
849.465,310
849.582,323
849.7,325
849.818,304
849.936,312
850.054,317
850.172,308
850.29,316
850.408,301
850.525,315
850.643,312
850.761,316
850.879,306
850.997,309
851.115,312
851.233,323
851.35,316
851.468,326
851.586,302
851.704,316
851.822,316
851.94,324
852.057,310
852.175,334
852.293,309
852.411,325
852.529,316
852.647,326
852.764,300
852.882,299
853.0,309
853.118,323
853.236,308
853.353,311
853.471,308
853.589,317
853.707,318
853.824,314
853.942,309
854.06,317
854.178,312
854.296,304
854.413,314
854.531,312
854.649,310
854.767,318
854.884,311
855.002,312
855.12,312
855.238,309
855.355,319
855.473,305
855.591,324
855.708,316
855.826,309
855.944,323
856.062,314
856.179,323
856.297,309
856.415,314
856.532,312
856.65,317
856.768,310
856.886,321
857.003,321
857.121,310
857.239,316
857.356,313
857.474,300
857.592,311
857.709,317
857.827,319
857.945,304
858.062,302
858.18,300
858.298,319
858.415,303
858.533,307
858.651,311
858.768,313
858.886,305
859.003,318
859.121,304
859.239,322
859.356,330
859.474,321
859.592,326
859.709,317
859.827,299
859.944,324
860.062,301
860.18,303
860.297,310
860.415,325
860.532,314
860.65,318
860.768,303
860.885,311
861.003,318
861.12,327
861.238,311
861.356,309
861.473,311
861.591,317
861.708,300
861.826,332
861.943,312
862.061,316
862.178,319
862.296,312
862.414,299
862.531,329
862.649,289
862.766,318
862.884,299
863.001,329
863.119,303
863.236,313
863.354,309
863.471,303
863.589,310
863.706,321
863.824,308
863.941,325
864.059,309
864.176,328
864.294,314
864.411,302
864.529,313
864.646,320
864.764,325
864.881,305
864.999,306
865.116,319
865.233,301
865.351,304
865.468,306
865.586,323
865.703,320
865.821,319
865.938,316
866.056,320
866.173,313
866.29,321
866.408,299
866.525,326
866.643,315
866.76,311
866.878,321
866.995,297
867.112,301
867.23,323
867.347,326
867.465,317
867.582,317
867.699,319
867.817,310
867.934,310
868.051,324
868.169,310
868.286,309
868.404,305
868.521,307
868.638,308
868.756,310
868.873,311
868.99,300
869.108,315
869.225,311
869.342,310
869.46,310
869.577,316
869.694,303
869.812,317
869.929,322
870.046,311
870.164,324
870.281,308
870.398,295
870.516,316
870.633,317
870.75,317
870.867,308
870.985,321
871.102,312
871.219,324
871.337,311
871.454,323
871.571,315
871.688,313
871.806,300
871.923,317
872.04,313
872.157,307
872.275,307
872.392,332
872.509,303
872.626,319
872.744,297
872.861,318
872.978,318
873.095,317
873.213,318
873.33,320
873.447,308
873.564,317
873.681,311
873.799,308
873.916,309
874.033,323
874.15,313
874.267,308
874.385,314
874.502,316
874.619,288
874.736,315
874.853,317
874.97,313
875.088,309
875.205,303
875.322,310
875.439,319
875.556,301
875.673,311
875.791,323
875.908,318
876.025,312
876.142,312
876.259,315
876.376,322
876.493,316
876.61,305
876.728,319
876.845,303
876.962,299
877.079,324
877.196,298
877.313,309
877.43,309
877.547,320
877.664,321
877.781,308
877.898,307
878.016,315
878.133,320
878.25,314
878.367,315
878.484,300
878.601,317
878.718,317
878.835,325
878.952,318
879.069,329
879.186,304
879.303,322
879.42,319
879.537,297
879.654,314
879.771,296
879.888,305
880.005,310
880.122,308
880.239,312
880.356,324
880.473,311
880.59,314
880.707,312
880.824,315
880.941,299
881.058,312
881.175,315
881.292,310
881.409,310
881.526,319
881.643,322
881.76,318
881.877,308
881.994,321
882.111,306
882.228,307
882.345,314
882.462,312
882.579,302
882.696,314
882.812,312
882.929,311
883.046,319
883.163,322
883.28,315
883.397,309
883.514,314
883.631,315
883.748,307
883.865,311
883.982,302
884.098,312
884.215,324
884.332,307
884.449,313
884.566,325
884.683,312
884.8,313
884.916,309
885.033,314
885.15,305
885.267,311
885.384,305
885.501,318
885.617,307
885.734,307
885.851,305
885.968,310
886.085,301
886.202,313
886.318,304
886.435,310
886.552,316
886.669,317
886.786,301
886.902,310
887.019,309
887.136,316
887.253,302
887.369,307
887.486,295
887.603,317
887.72,299
887.837,309
887.953,319
888.07,309
888.187,329
888.304,314
888.42,308
888.537,303
888.654,308
888.77,316
888.887,311
889.004,308
889.121,313
889.237,307
889.354,310
889.471,319
889.587,300
889.704,310
889.821,309
889.938,304
890.054,299
890.171,313
890.288,305
890.404,306
890.521,321
890.638,308
890.754,311
890.871,309
890.988,313
891.104,310
891.221,305
891.337,304
891.454,310
891.571,315
891.687,305
891.804,307
891.921,306
892.037,313
892.154,298
892.27,299
892.387,318
892.504,303
892.62,316
892.737,308
892.854,312
892.97,334
893.087,322
893.203,322
893.32,315
893.436,317
893.553,308
893.67,310
893.786,312
893.903,318
894.019,304
894.136,326
894.252,313
894.369,320
894.485,316
894.602,321
894.718,302
894.835,306
894.951,320
895.068,321
895.184,314
895.301,319
895.417,298
895.534,331
895.65,309
895.767,310
895.883,306
896.0,312
896.116,324
896.233,318
896.349,311
896.466,329
896.582,306
896.699,310
896.815,311
896.932,324
897.048,313
897.165,321
897.281,312
897.397,305
897.514,307
897.63,303
897.747,305
897.863,323
897.979,305
898.096,325
898.212,305
898.329,306
898.445,317
898.561,311
898.678,324
898.794,315
898.911,301
899.027,313
899.143,314
899.26,319
899.376,295
899.492,321
899.609,317
899.725,306
899.842,324
899.958,317
900.074,313
900.191,309
900.307,308
900.423,315
900.539,310
900.656,315
900.772,320
900.888,313
901.005,314
901.121,318
901.237,303
901.354,325
901.47,305
901.586,331
901.703,312
901.819,306
901.935,318
902.051,320
902.168,303
902.284,309
902.4,314
902.516,325
902.633,306
902.749,322
902.865,310
902.981,318
903.098,318
903.214,315
903.33,315
903.446,316
903.562,319
903.679,324
903.795,306
903.911,317
904.027,305
904.143,311
904.26,312
904.376,329
904.492,320
904.608,311
904.724,306
904.841,311
904.957,306
905.073,325
905.189,305
905.305,309
905.421,316
905.538,317
905.654,327
905.77,311
905.886,308
906.002,317
906.118,305
906.234,313
906.35,329
906.466,324
906.583,306
906.699,315
906.815,310
906.931,328
907.047,306
907.163,317
907.279,308
907.395,329
907.511,309
907.627,312
907.743,307
907.859,311
907.976,312
908.092,312
908.208,299
908.324,321
908.44,312
908.556,320
908.672,313
908.788,313
908.904,314
909.02,321
909.136,311
909.252,311
909.368,327
909.484,323
909.6,319
909.716,312
909.832,318
909.948,308
910.064,321
910.18,313
910.296,305
910.412,324
910.528,316
910.644,310
910.76,310
910.875,324
910.991,302
911.107,322
911.223,311
911.339,307
911.455,314
911.571,325
911.687,300
911.803,323
911.919,298
912.035,328
912.151,320
912.267,300
912.382,308
912.498,315
912.614,301
912.73,314
912.846,318
792.446,301
792.565,346
792.684,395
792.803,354
792.922,322
793.041,314
793.16,322
793.279,317
793.398,300
793.518,293
793.637,331
793.756,312
793.875,349
793.994,341
794.113,336
794.232,328
794.351,329
794.47,313
794.589,324
794.708,316
794.827,320
794.946,332
795.066,320
795.185,331
795.304,316
795.423,325
795.542,331
795.661,320
795.78,321
795.899,317
796.018,330
796.137,329
796.256,333
796.375,315
796.494,331
796.613,315
796.732,321
796.851,324
796.97,314
797.089,311
797.208,322
797.327,315
797.446,330
797.565,314
797.684,314
797.803,321
797.922,323
798.041,306
798.16,319
798.279,322
798.398,314
798.517,328
798.636,318
798.755,317
798.874,316
798.993,315
799.112,313
799.231,312
799.35,320
799.469,314
799.588,326
799.707,322
799.826,326
799.945,313
800.064,316
800.183,332
800.302,313
800.421,322
800.54,325
800.659,306
800.778,326
800.897,325
801.016,315
801.135,323
801.254,316
801.373,317
801.492,329
801.611,322
801.729,315
801.848,325
801.967,318
802.086,325
802.205,333
802.324,310
802.443,317
802.562,305
802.681,328
802.8,315
802.919,332
803.038,315
803.157,320
803.276,318
803.394,309
803.513,323
803.632,306
803.751,313
803.87,330
803.989,308
804.108,321
804.227,319
804.346,314
804.465,319
804.583,311
804.702,316
804.821,323
804.94,325
805.059,320
805.178,308
805.297,327
805.416,303
805.535,317
805.653,311
805.772,312
805.891,324
806.01,322
806.129,308
806.248,321
806.367,324
806.485,328
806.604,319
806.723,331
806.842,312
806.961,322
807.08,311
807.198,315
807.317,315
807.436,327
807.555,326
807.674,316
807.793,316
807.912,311
808.03,326
808.149,306
808.268,315
808.387,314
808.506,324
808.624,313
808.743,322
808.862,294
808.981,318
809.1,304
809.219,315
809.337,320
809.456,334
809.575,316
809.694,318
809.812,323
809.931,321
810.05,315
810.169,330
810.288,304
810.406,306
810.525,317
810.644,312
810.763,319
810.882,323
811.0,329
811.119,313
811.238,308
811.357,317
811.475,319
811.594,304
811.713,324
811.832,318
811.95,321
812.069,312
812.188,337
812.307,314
812.425,309
812.544,318
812.663,323
812.782,318
812.9,305
813.019,315
813.138,312
813.257,329
813.375,327
813.494,296
813.613,320
813.731,320
813.85,318
813.969,308
814.088,320
814.206,306
814.325,327
814.444,326
814.562,315
814.681,309
814.8,317
814.918,313
815.037,338
815.156,313
815.274,312
815.393,315
815.512,314
815.631,317
815.749,319
815.868,324
815.987,315
816.105,317
816.224,333
816.343,316
816.461,310
816.58,314
816.698,315
816.817,314
816.936,319
817.055,326
817.173,320
817.292,299
817.41,316
817.529,314
817.648,321
817.766,322
817.885,317
818.004,313
818.122,318
818.241,314
818.359,308
818.478,308
818.597,317
818.715,315
818.834,309
818.953,317
819.071,317
819.19,321
819.308,310
819.427,323
819.546,308
819.664,308
819.783,313
819.901,319
820.02,326
820.138,316
820.257,324
820.376,320
820.494,310
820.613,314
820.731,316
820.85,312
820.969,329
821.087,312
821.206,305
821.324,320
821.443,318
821.561,319
821.68,312
821.798,307
821.917,321
822.035,314
822.154,315
822.273,317
822.391,325
822.51,303
822.628,321
822.747,309
822.865,308
822.984,311
823.102,312
823.221,319
823.339,316
823.458,317
823.576,312
823.695,312
823.813,321
823.932,302
824.05,332
824.169,308
824.287,313
824.406,302
824.524,318
824.643,314
824.761,324
824.88,305
824.998,315
825.117,326
825.235,320
825.354,310
825.472,313
825.591,309
825.709,322
825.828,303
825.946,325
826.064,318
826.183,312
826.301,313
826.42,320
826.538,312
826.657,321
826.775,308
826.894,326
827.012,307
827.13,315
827.249,317
827.367,323
827.486,315
827.604,314
827.723,315
827.841,319
827.959,317
828.078,323
828.196,311
828.315,308
828.433,309
828.552,315
828.67,307
828.788,311
828.907,308
829.025,316
829.143,313
829.262,313
829.38,315
829.499,308
829.617,322
829.735,313
829.854,325
829.972,319
830.091,304
830.209,318
830.327,320
830.446,312
830.564,313
830.682,314
830.801,311
830.919,318
831.037,320
831.156,321
831.274,307
831.392,323
831.511,313
831.629,325
831.747,322
831.866,313
831.984,315
832.102,323
832.221,321
832.339,327
832.457,313
832.576,314
832.694,294
832.812,317
832.93,312
833.049,326
833.167,320
833.285,315
833.404,320
833.522,320
833.64,314
833.759,314
833.877,309
833.995,321
834.113,305
834.232,325
834.35,301
834.468,326
834.586,306
834.705,318
834.823,298
834.941,325
835.059,326
835.178,311
835.296,317
835.414,303
835.532,309
835.651,320
835.769,321
835.887,317
836.005,311
836.124,314
836.242,312
836.36,325
836.478,306
836.596,311
836.715,311
836.833,318
836.951,305
837.069,326
837.188,313
837.306,315
837.424,320
837.542,335
837.66,305
837.779,317
837.897,312
838.015,314
838.133,300
838.251,316
838.369,313
838.487,317
838.606,325
838.724,332
838.842,308
838.96,311
839.078,321
839.196,325
839.315,324
839.433,325
839.551,311
839.669,325
839.787,309
839.905,320
840.023,307
840.142,307
840.26,324
840.378,335
840.496,326
840.614,330
840.732,307
840.85,303
840.968,292
841.087,326
841.205,316
841.323,319
841.441,295
841.559,315
841.677,313
841.795,333
841.913,310
842.031,324
842.149,312
842.267,318
842.385,326
842.504,305
842.622,317
842.74,310
842.858,316
842.976,311
843.094,323
843.212,316
843.33,310
843.448,315
843.566,305
843.684,322
843.802,310
843.92,317
844.038,303
844.156,319
844.274,309
844.392,318
844.51,321
844.628,311
844.746,312
844.864,311
844.982,308
845.1,318
845.218,312
845.336,328
845.454,314
845.572,310
845.69,309
845.808,319
845.926,308
846.044,328
846.162,305
846.28,324
846.398,306
846.516,311
846.634,315
846.752,308
846.87,323
846.988,311
847.106,312
847.224,323
847.342,309
847.46,325
847.578,317
847.696,317
847.814,305
847.932,327
848.05,310
848.168,309
848.285,318
848.403,315
848.521,317
848.639,303
848.757,314
848.875,324
848.993,312
849.111,324
849.229,301
849.347,314
849.465,323
849.582,324
849.7,308
849.818,306
849.936,314
850.054,312
850.172,301
850.29,310
850.408,305
850.525,318
850.643,311
850.761,318
850.879,304
850.997,302
851.115,319
851.233,322
851.35,307
851.468,316
851.586,328
851.704,325
851.822,297
851.94,305
852.057,308
852.175,311
852.293,326
852.411,318
852.529,302
852.647,313
852.764,311
852.882,322
853.0,303
853.118,316
853.236,318
853.353,315
853.471,317
853.589,316
853.707,307
853.824,314
853.942,318
854.06,328
854.178,309
854.296,333
854.413,313
854.531,320
854.649,316
854.767,317
854.884,316
855.002,317
855.12,306
855.238,317
855.355,312
855.473,309
855.591,319
855.708,308
855.826,310
855.944,322
856.062,314
856.179,317
856.297,308
856.415,324
856.532,315
856.65,328
856.768,311
856.886,317
857.003,310
857.121,319
857.239,315
857.356,323
857.474,318
857.592,319
857.709,318
857.827,307
857.945,307
858.062,304
858.18,314
858.298,312
858.415,317
858.533,313
858.651,311
858.768,318
858.886,305
859.003,313
859.121,307
859.239,315
859.356,308
859.474,313
859.592,300
859.709,316
859.827,310
859.944,317
860.062,320
860.18,308
860.297,325
860.415,313
860.532,308
860.65,322
860.768,321
860.885,320
861.003,308
861.12,313
861.238,307
861.356,310
861.473,310
861.591,318
861.708,310
861.826,320
861.943,303
862.061,327
862.178,318
862.296,324
862.414,312
862.531,319
862.649,315
862.766,322
862.884,315
863.001,317
863.119,317
863.236,325
863.354,312
863.471,319
863.589,291
863.706,311
863.824,316
863.941,307
864.059,309
864.176,318
864.294,306
864.411,315
864.529,312
864.646,314
864.764,310
864.881,309
864.999,304
865.116,318
865.233,305
865.351,324
865.468,302
865.586,314
865.703,304
865.821,323
865.938,302
866.056,329
866.173,318
866.29,316
866.408,316
866.525,319
866.643,308
866.76,309
866.878,313
866.995,315
867.112,304
867.23,321
867.347,315
867.465,310
867.582,306
867.699,312
867.817,329
867.934,313
868.051,312
868.169,313
868.286,309
868.404,314
868.521,325
868.638,311
868.756,322
868.873,319
868.99,305
869.108,323
869.225,309
869.342,317
869.46,320
869.577,303
869.694,311
869.812,294
869.929,314
870.046,325
870.164,311
870.281,309
870.398,311
870.516,316
870.633,317
870.75,301
870.867,311
870.985,309
871.102,315
871.219,323
871.337,314
871.454,317
871.571,300
871.688,326
871.806,319
871.923,313
872.04,313
872.157,316
872.275,302
872.392,311
872.509,300
872.626,329
872.744,309
872.861,325
872.978,311
873.095,312
873.213,320
873.33,319
873.447,309
873.564,314
873.681,298
873.799,329
873.916,310
874.033,322
874.15,327
874.267,323
874.385,323
874.502,310
874.619,299
874.736,318
874.853,317
874.97,327
875.088,315
875.205,320
875.322,324
875.439,328
875.556,317
875.673,312
875.791,316
875.908,320
876.025,317
876.142,321
876.259,291
876.376,315
876.493,304
876.61,328
876.728,318
876.845,323
876.962,308
877.079,325
877.196,303
877.313,308
877.43,309
877.547,322
877.664,309
877.781,325
877.898,322
878.016,322
878.133,316
878.25,304
878.367,317
878.484,321
878.601,313
878.718,316
878.835,323
878.952,323
879.069,304
879.186,319
879.303,307
879.42,309
879.537,311
879.654,321
879.771,298
879.888,318
880.005,316
880.122,322
880.239,315
880.356,329
880.473,304
880.59,318
880.707,310
880.824,307
880.941,307
881.058,323
881.175,316
881.292,314
881.409,321
881.526,313
881.643,321
881.76,318
881.877,301
881.994,314
882.111,307
882.228,316
882.345,300
882.462,306
882.579,322
882.696,301
882.812,308
882.929,320
883.046,308
883.163,325
883.28,315
883.397,317
883.514,313
883.631,312
883.748,321
883.865,320
883.982,309
884.098,325
884.215,313
884.332,317
884.449,322
884.566,308
884.683,308
884.8,328
884.916,308
885.033,311
885.15,317
885.267,322
885.384,308
885.501,321
885.617,309
885.734,321
885.851,305
885.968,316
886.085,309
886.202,322
886.318,321
886.435,326
886.552,311
886.669,317
886.786,310
886.902,316
887.019,295
887.136,320
887.253,303
887.369,314
887.486,304
887.603,325
887.72,299
887.837,322
887.953,309
888.07,314
888.187,312
888.304,315
888.42,322
888.537,320
888.654,319
888.77,320
888.887,320
889.004,302
889.121,311
889.237,328
889.354,319
889.471,323
889.587,315
889.704,320
889.821,308
889.938,316
890.054,298
890.171,307
890.288,313
890.404,333
890.521,309
890.638,306
890.754,310
890.871,302
890.988,316
891.104,311
891.221,302
891.337,309
891.454,302
891.571,307
891.687,319
891.804,311
891.921,306
892.037,324
892.154,311
892.27,316
892.387,304
892.504,315
892.62,311
892.737,321
892.854,324
892.97,322
893.087,308
893.203,319
893.32,298
893.436,318
893.553,323
893.67,307
893.786,297
893.903,332
894.019,297
894.136,320
894.252,303
894.369,325
894.485,321
894.602,316
894.718,300
894.835,315
894.951,324
895.068,324
895.184,313
895.301,325
895.417,312
895.534,301
895.65,323
895.767,319
895.883,304
896.0,325
896.116,320
896.233,314
896.349,314
896.466,316
896.582,303
896.699,303
896.815,318
896.932,312
897.048,310
897.165,310
897.281,312
897.397,321
897.514,315
897.63,313
897.747,321
897.863,315
897.979,312
898.096,324
898.212,318
898.329,316
898.445,311
898.561,328
898.678,316
898.794,314
898.911,319
899.027,320
899.143,304
899.26,307
899.376,306
899.492,326
899.609,305
899.725,335
899.842,310
899.958,324
900.074,320
900.191,313
900.307,326
900.423,330
900.539,307
900.656,316
900.772,320
900.888,314
901.005,312
901.121,313
901.237,327
901.354,311
901.47,318
901.586,313
901.703,312
901.819,314
901.935,310
902.051,329
902.168,325
902.284,323
902.4,302
902.516,320
902.633,305
902.749,313
902.865,314
902.981,313
903.098,316
903.214,322
903.33,320
903.446,318
903.562,299
903.679,308
903.795,302
903.911,326
904.027,309
904.143,306
904.26,300
904.376,327
904.492,321
904.608,318
904.724,320
904.841,314
904.957,310
905.073,313
905.189,303
905.305,308
905.421,313
905.538,318
905.654,317
905.77,339
905.886,304
906.002,316
906.118,307
906.234,307
906.35,309
906.466,315
906.583,302
906.699,328
906.815,311
906.931,319
907.047,313
907.163,324
907.279,319
907.395,314
907.511,301
907.627,314
907.743,315
907.859,327
907.976,319
908.092,323
908.208,326
908.324,334
908.44,305
908.556,312
908.672,295
908.788,313
908.904,318
909.02,328
909.136,320
909.252,313
909.368,313
909.484,326
909.6,316
909.716,327
909.832,301
909.948,320
910.064,313
910.18,315
910.296,316
910.412,320
910.528,320
910.644,323
910.76,322
910.875,311
910.991,310
911.107,312
911.223,298
911.339,324
911.455,312
911.571,303
911.687,304
911.803,317
911.919,324
912.035,321
912.151,306
912.267,322
912.382,305
912.498,328
912.614,309
912.73,315
912.846,314
792.446,306
792.565,357
792.684,399
792.803,373
792.922,332
793.041,305
793.16,311
793.279,328
793.398,308
793.518,308
793.637,309
793.756,331
793.875,351
793.994,339
794.113,318
794.232,313
794.351,313
794.47,316
794.589,328
794.708,317
794.827,318
794.946,317
795.066,328
795.185,322
795.304,318
795.423,320
795.542,319
795.661,343
795.78,322
795.899,323
796.018,311
796.137,319
796.256,317
796.375,329
796.494,323
796.613,322
796.732,307
796.851,330
796.97,328
797.089,310
797.208,329
797.327,320
797.446,321
797.565,332
797.684,317
797.803,316
797.922,316
798.041,317
798.16,320
798.279,318
798.398,322
798.517,318
798.636,322
798.755,317
798.874,320
798.993,324
799.112,318
799.231,321
799.35,330
799.469,320
799.588,315
799.707,320
799.826,320
799.945,311
800.064,328
800.183,316
800.302,320
800.421,319
800.54,320
800.659,325
800.778,325
800.897,321
801.016,323
801.135,330
801.254,321
801.373,319
801.492,309
801.611,322
801.729,325
801.848,335
801.967,314
802.086,326
802.205,315
802.324,310
802.443,315
802.562,322
802.681,327
802.8,313
802.919,319
803.038,328
803.157,323
803.276,321
803.394,317
803.513,324
803.632,316
803.751,322
803.87,313
803.989,312
804.108,319
804.227,322
804.346,323
804.465,325
804.583,320
804.702,328
804.821,330
804.94,339
805.059,318
805.178,314
805.297,334
805.416,320
805.535,333
805.653,315
805.772,319
805.891,306
806.01,316
806.129,311
806.248,301
806.367,314
806.485,327
806.604,327
806.723,317
806.842,322
806.961,327
807.08,318
807.198,312
807.317,315
807.436,305
807.555,336
807.674,323
807.793,316
807.912,332
808.03,314
808.149,329
808.268,310
808.387,329
808.506,307
808.624,321
808.743,331
808.862,318
808.981,333
809.1,316
809.219,318
809.337,317
809.456,306
809.575,322
809.694,316
809.812,311
809.931,312
810.05,327
810.169,320
810.288,327
810.406,310
810.525,327
810.644,327
810.763,319
810.882,307
811.0,310
811.119,315
811.238,309
811.357,312
811.475,310
811.594,319
811.713,308
811.832,321
811.95,323
812.069,311
812.188,316
812.307,314
812.425,320
812.544,313
812.663,321
812.782,333
812.9,332
813.019,328
813.138,303
813.257,320
813.375,314
813.494,320
813.613,322
813.731,316
813.85,314
813.969,324
814.088,320
814.206,301
814.325,316
814.444,315
814.562,339
814.681,313
814.8,330
814.918,319
815.037,315
815.156,313
815.274,316
815.393,321
815.512,327
815.631,321
815.749,315
815.868,325
815.987,324
816.105,318
816.224,312
816.343,306
816.461,322
816.58,298
816.698,323
816.817,317
816.936,317
817.055,326
817.173,321
817.292,322
817.41,326
817.529,319
817.648,325
817.766,310
817.885,318
818.004,324
818.122,330
818.241,323
818.359,313
818.478,322
818.597,316
818.715,312
818.834,302
818.953,327
819.071,320
819.19,315
819.308,316
819.427,311
819.546,311
819.664,324
819.783,309
819.901,312
820.02,319
820.138,308
820.257,326
820.376,309
820.494,327
820.613,314
820.731,319
820.85,310
820.969,312
821.087,313
821.206,317
821.324,309
821.443,315
821.561,325
821.68,329
821.798,321
821.917,312
822.035,316
822.154,318
822.273,327
822.391,308
822.51,311
822.628,327
822.747,322
822.865,312
822.984,318
823.102,317
823.221,310
823.339,317
823.458,331
823.576,308
823.695,303
823.813,318
823.932,316
824.05,311
824.169,307
824.287,323
824.406,319
824.524,320
824.643,310
824.761,322
824.88,300
824.998,313
825.117,311
825.235,317
825.354,328
825.472,313
825.591,321
825.709,334
825.828,315
825.946,310
826.064,316
826.183,318
826.301,319
826.42,309
826.538,317
826.657,323
826.775,322
826.894,320
827.012,315
827.13,313
827.249,318
827.367,318
827.486,316
827.604,318
827.723,312
827.841,307
827.959,299
828.078,309
828.196,308
828.315,312
828.433,311
828.552,323
828.67,288
828.788,325
828.907,318
829.025,321
829.143,314
829.262,325
829.38,305
829.499,317
829.617,305
829.735,323
829.854,328
829.972,309
830.091,300
830.209,320
830.327,331
830.446,309
830.564,308
830.682,326
830.801,306
830.919,320
831.037,315
831.156,318
831.274,311
831.392,318
831.511,314
831.629,328
831.747,306
831.866,319
831.984,317
832.102,324
832.221,315
832.339,309
832.457,315
832.576,308
832.694,321
832.812,314
832.93,321
833.049,323
833.167,314
833.285,318
833.404,328
833.522,312
833.64,325
833.759,318
833.877,314
833.995,327
834.113,311
834.232,312
834.35,307
834.468,317
834.586,325
834.705,322
834.823,321
834.941,306
835.059,305
835.178,317
835.296,320
835.414,312
835.532,308
835.651,308
835.769,305
835.887,309
836.005,311
836.124,319
836.242,319
836.36,316
836.478,315
836.596,318
836.715,322
836.833,308
836.951,314
837.069,320
837.188,311
837.306,325
837.424,309
837.542,327
837.66,311
837.779,321
837.897,314
838.015,319
838.133,323
838.251,314
838.369,303
838.487,324
838.606,326
838.724,313
838.842,313
838.96,328
839.078,314
839.196,326
839.315,307
839.433,316
839.551,306
839.669,302
839.787,313
839.905,317
840.023,297
840.142,338
840.26,314
840.378,308
840.496,314
840.614,318
840.732,319
840.85,311
840.968,315
841.087,325
841.205,312
841.323,317
841.441,326
841.559,305
841.677,325
841.795,317
841.913,321
842.031,323
842.149,312
842.267,314
842.385,297
842.504,317
842.622,297
842.74,306
842.858,311
842.976,316
843.094,309
843.212,314
843.33,324
843.448,317
843.566,311
843.684,324
843.802,310
843.92,308
844.038,315
844.156,322
844.274,322
844.392,313
844.51,315
844.628,313
844.746,313
844.864,321
844.982,311
845.1,316
845.218,319
845.336,310
845.454,317
845.572,312
845.69,316
845.808,313
845.926,313
846.044,318
846.162,314
846.28,321
846.398,321
846.516,312
846.634,327
846.752,315
846.87,312
846.988,310
847.106,324
847.224,316
847.342,307
847.46,321
847.578,322
847.696,322
847.814,306
847.932,310
848.05,312
848.168,318
848.285,320
848.403,335
848.521,310
848.639,324
848.757,329
848.875,313
848.993,314
849.111,323
849.229,319
849.347,317
849.465,313
849.582,323
849.7,311
849.818,309
849.936,311
850.054,310
850.172,316
850.29,328
850.408,303
850.525,320
850.643,301
850.761,315
850.879,313
850.997,324
851.115,324
851.233,313
851.35,317
851.468,312
851.586,316
851.704,317
851.822,310
851.94,325
852.057,316
852.175,309
852.293,311
852.411,313
852.529,318
852.647,337
852.764,314
852.882,307
853.0,320
853.118,316
853.236,318
853.353,319
853.471,303
853.589,313
853.707,314
853.824,303
853.942,321
854.06,315
854.178,298
854.296,317
854.413,316
854.531,311
854.649,323
854.767,329
854.884,329
855.002,326
855.12,313
855.238,322
855.355,315
855.473,316
855.591,306
855.708,323
855.826,311
855.944,324
856.062,306
856.179,319
856.297,317
856.415,317
856.532,319
856.65,310
856.768,304
856.886,316
857.003,307
857.121,317
857.239,311
857.356,312
857.474,319
857.592,319
857.709,304
857.827,317
857.945,315
858.062,331
858.18,314
858.298,329
858.415,319
858.533,319
858.651,312
858.768,316
858.886,306
859.003,304
859.121,315
859.239,320
859.356,307
859.474,323
859.592,305
859.709,309
859.827,311
859.944,301
860.062,311
860.18,321
860.297,310
860.415,314
860.532,319
860.65,314
860.768,309
860.885,301
861.003,309
861.12,319
861.238,309
861.356,321
861.473,310
861.591,319
861.708,308
861.826,314
861.943,315
862.061,303
862.178,317
862.296,324
862.414,310
862.531,320
862.649,330
862.766,310
862.884,311
863.001,318
863.119,325
863.236,314
863.354,309
863.471,322
863.589,315
863.706,325
863.824,317
863.941,314
864.059,309
864.176,311
864.294,308
864.411,318
864.529,313
864.646,312
864.764,323
864.881,312
864.999,326
865.116,328
865.233,302
865.351,306
865.468,303
865.586,327
865.703,309
865.821,311
865.938,326
866.056,322
866.173,309
866.29,323
866.408,302
866.525,318
866.643,315
866.76,322
866.878,299
866.995,319
867.112,304
867.23,315
867.347,303
867.465,325
867.582,311
867.699,312
867.817,307
867.934,310
868.051,312
868.169,319
868.286,305
868.404,320
868.521,314
868.638,317
868.756,305
868.873,327
868.99,313
869.108,316
869.225,306
869.342,327
869.46,303
869.577,327
869.694,309
869.812,331
869.929,311
870.046,313
870.164,306
870.281,313
870.398,324
870.516,312
870.633,314
870.75,326
870.867,318
870.985,322
871.102,320
871.219,320
871.337,303
871.454,323
871.571,313
871.688,331
871.806,306
871.923,305
872.04,314
872.157,308
872.275,303
872.392,313
872.509,314
872.626,327
872.744,306
872.861,319
872.978,314
873.095,319
873.213,311
873.33,329
873.447,318
873.564,328
873.681,319
873.799,321
873.916,319
874.033,323
874.15,320
874.267,320
874.385,322
874.502,321
874.619,320
874.736,312
874.853,322
874.97,321
875.088,310
875.205,320
875.322,308
875.439,320
875.556,312
875.673,319
875.791,314
875.908,307
876.025,307
876.142,307
876.259,317
876.376,316
876.493,312
876.61,314
876.728,319
876.845,321
876.962,319
877.079,321
877.196,308
877.313,312
877.43,313
877.547,328
877.664,308
877.781,321
877.898,299
878.016,317
878.133,319
878.25,315
878.367,318
878.484,308
878.601,312
878.718,333
878.835,304
878.952,325
879.069,301
879.186,330
879.303,305
879.42,315
879.537,317
879.654,315
879.771,310
879.888,317
880.005,309
880.122,329
880.239,319
880.356,326
880.473,306
880.59,313
880.707,320
880.824,307
880.941,323
881.058,331
881.175,321
881.292,316
881.409,315
881.526,319
881.643,322
881.76,320
881.877,313
881.994,324
882.111,311
882.228,325
882.345,319
882.462,325
882.579,319
882.696,316
882.812,317
882.929,316
883.046,314
883.163,325
883.28,316
883.397,309
883.514,313
883.631,325
883.748,316
883.865,321
883.982,314
884.098,328
884.215,298
884.332,318
884.449,325
884.566,316
884.683,311
884.8,322
884.916,305
885.033,318
885.15,313
885.267,317
885.384,300
885.501,313
885.617,307
885.734,310
885.851,313
885.968,319
886.085,304
886.202,321
886.318,304
886.435,323
886.552,323
886.669,313
886.786,325
886.902,314
887.019,314
887.136,316
887.253,309
887.369,317
887.486,303
887.603,310
887.72,322
887.837,310
887.953,307
888.07,314
888.187,311
888.304,324
888.42,312
888.537,316
888.654,300
888.77,308
888.887,321
889.004,316
889.121,322
889.237,325
889.354,302
889.471,319
889.587,312
889.704,317
889.821,317
889.938,320
890.054,305
890.171,317
890.288,322
890.404,326
890.521,315
890.638,325
890.754,313
890.871,321
890.988,313
891.104,324
891.221,309
891.337,304
891.454,307
891.571,315
891.687,310
891.804,320
891.921,306
892.037,317
892.154,300
892.27,315
892.387,314
892.504,311
892.62,312
892.737,321
892.854,315
892.97,325
893.087,301
893.203,320
893.32,307
893.436,297
893.553,315
893.67,334
893.786,316
893.903,317
894.019,317
894.136,320
894.252,308
894.369,325
894.485,305
894.602,323
894.718,315
894.835,310
894.951,313
895.068,322
895.184,318
895.301,325
895.417,311
895.534,317
895.65,309
895.767,321
895.883,323
896.0,321
896.116,308
896.233,321
896.349,312
896.466,328
896.582,305
896.699,320
896.815,310
896.932,312
897.048,315
897.165,307
897.281,309
897.397,316
897.514,319
897.63,326
897.747,301
897.863,327
897.979,319
898.096,313
898.212,317
898.329,316
898.445,316
898.561,322
898.678,322
898.794,327
898.911,322
899.027,329
899.143,310
899.26,314
899.376,322
899.492,333
899.609,311
899.725,320
899.842,298
899.958,322
900.074,304
900.191,319
900.307,317
900.423,315
900.539,325
900.656,331
900.772,328
900.888,320
901.005,311
901.121,324
901.237,316
901.354,321
901.47,309
901.586,304
901.703,317
901.819,315
901.935,321
902.051,332
902.168,313
902.284,313
902.4,314
902.516,326
902.633,316
902.749,325
902.865,319
902.981,309
903.098,311
903.214,330
903.33,315
903.446,316
903.562,301
903.679,319
903.795,324
903.911,322
904.027,321
904.143,306
904.26,311
904.376,326
904.492,323
904.608,311
904.724,310
904.841,327
904.957,315
905.073,317
905.189,321
905.305,314
905.421,313
905.538,335
905.654,307
905.77,316
905.886,312
906.002,325
906.118,320
906.234,316
906.35,325
906.466,324
906.583,315
906.699,314
906.815,311
906.931,305
907.047,302
907.163,326
907.279,297
907.395,316
907.511,318
907.627,321
907.743,319
907.859,326
907.976,301
908.092,321
908.208,319
908.324,338
908.44,315
908.556,312
908.672,312
908.788,323
908.904,323
909.02,321
909.136,307
909.252,310
909.368,307
909.484,336
909.6,311
909.716,323
909.832,335
909.948,315
910.064,304
910.18,316
910.296,313
910.412,306
910.528,311
910.644,312
910.76,309
910.875,304
910.991,310
911.107,332
911.223,326
911.339,318
911.455,290
911.571,332
911.687,317
911.803,314
911.919,316
912.035,317
912.151,312
912.267,320
912.382,315
912.498,314
912.614,300
912.73,328
912.846,309
