792.446,338
792.565,385
792.684,414
792.803,421
792.922,349
793.041,338
793.16,327
793.279,355
793.398,351
793.518,337
793.637,338
793.756,351
793.875,376
793.994,362
794.113,356
794.232,343
794.351,354
794.47,344
794.589,342
794.708,332
794.827,345
794.946,338
795.066,346
795.185,349
795.304,358
795.423,352
795.542,328
795.661,356
795.78,337
795.899,349
796.018,330
796.137,337
796.256,326
796.375,349
796.494,344
796.613,341
796.732,340
796.851,320
796.97,348
797.089,321
797.208,333
797.327,335
797.446,332
797.565,333
797.684,336
797.803,326
797.922,325
798.041,334
798.16,343
798.279,331
798.398,333
798.517,337
798.636,348
798.755,334
798.874,346
798.993,342
799.112,341
799.231,344
799.35,337
799.469,334
799.588,321
799.707,331
799.826,340
799.945,336
800.064,338
800.183,343
800.302,326
800.421,332
800.54,330
800.659,338
800.778,333
800.897,330
801.016,321
801.135,324
801.254,332
801.373,335
801.492,331
801.611,336
801.729,337
801.848,342
801.967,336
802.086,327
802.205,328
802.324,334
802.443,321
802.562,339
802.681,339
802.8,335
802.919,324
803.038,336
803.157,326
803.276,313
803.394,347
803.513,327
803.632,343
803.751,342
803.87,333
803.989,332
804.108,321
804.227,331
804.346,331
804.465,340
804.583,328
804.702,326
804.821,332
804.94,318
805.059,332
805.178,331
805.297,340
805.416,333
805.535,324
805.653,323
805.772,347
805.891,322
806.01,330
806.129,343
806.248,345
806.367,334
806.485,335
806.604,335
806.723,324
806.842,320
806.961,324
807.08,318
807.198,323
807.317,323
807.436,319
807.555,320
807.674,328
807.793,322
807.912,341
808.03,335
808.149,313
808.268,329
808.387,316
808.506,336
808.624,325
808.743,336
808.862,321
808.981,327
809.1,327
809.219,334
809.337,335
809.456,328
809.575,328
809.694,344
809.812,330
809.931,323
810.05,327
810.169,329
810.288,325
810.406,334
810.525,329
810.644,330
810.763,328
810.882,319
811.0,324
811.119,335
811.238,328
811.357,328
811.475,327
811.594,335
811.713,326
811.832,333
811.95,342
812.069,334
812.188,329
812.307,313
812.425,337
812.544,329
812.663,340
812.782,335
812.9,325
813.019,335
813.138,327
813.257,338
813.375,329
813.494,336
813.613,323
813.731,321
813.85,319
813.969,323
814.088,318
814.206,329
814.325,328
814.444,331
814.562,331
814.681,335
814.8,324
814.918,336
815.037,324
815.156,324
815.274,330
815.393,328
815.512,329
815.631,324
815.749,339
815.868,335
815.987,315
816.105,329
816.224,319
816.343,338
816.461,322
816.58,332
816.698,342
816.817,323
816.936,333
817.055,334
817.173,325
817.292,341
817.41,312
817.529,329
817.648,314
817.766,325
817.885,324
818.004,330
818.122,321
818.241,312
818.359,321
818.478,327
818.597,324
818.715,329
818.834,324
818.953,326
819.071,320
819.19,308
819.308,321
819.427,324
819.546,340
819.664,323
819.783,328
819.901,311
820.02,329
820.138,324
820.257,328
820.376,318
820.494,339
820.613,320
820.731,332
820.85,332
820.969,314
821.087,330
821.206,312
821.324,328
821.443,321
821.561,314
821.68,316
821.798,332
821.917,323
822.035,320
822.154,323
822.273,315
822.391,319
822.51,327
822.628,328
822.747,309
822.865,311
822.984,321
823.102,311
823.221,318
823.339,313
823.458,333
823.576,322
823.695,323
823.813,334
823.932,324
824.05,313
824.169,322
824.287,322
824.406,327
824.524,326
824.643,330
824.761,329
824.88,314
824.998,331
825.117,318
825.235,320
825.354,320
825.472,330
825.591,315
825.709,325
825.828,325
825.946,306
826.064,311
826.183,330
826.301,327
826.42,324
826.538,320
826.657,319
826.775,314
826.894,324
827.012,331
827.13,316
827.249,318
827.367,323
827.486,317
827.604,332
827.723,325
827.841,319
827.959,334
828.078,336
828.196,320
828.315,326
828.433,324
828.552,307
828.67,319
828.788,330
828.907,335
829.025,323
829.143,316
829.262,329
829.38,342
829.499,331
829.617,329
829.735,311
829.854,330
829.972,323
830.091,311
830.209,315
830.327,315
830.446,322
830.564,328
830.682,313
830.801,320
830.919,327
831.037,314
831.156,326
831.274,328
831.392,337
831.511,325
831.629,318
831.747,334
831.866,321
831.984,318
832.102,310
832.221,324
832.339,311
832.457,313
832.576,324
832.694,323
832.812,320
832.93,314
833.049,312
833.167,333
833.285,327
833.404,322
833.522,332
833.64,324
833.759,322
833.877,314
833.995,315
834.113,327
834.232,319
834.35,322
834.468,323
834.586,319
834.705,314
834.823,314
834.941,329
835.059,320
835.178,296
835.296,325
835.414,315
835.532,317
835.651,320
835.769,328
835.887,309
836.005,317
836.124,315
836.242,333
836.36,300
836.478,336
836.596,314
836.715,331
836.833,318
836.951,315
837.069,330
837.188,309
837.306,318
837.424,317
837.542,320
837.66,322
837.779,319
837.897,319
838.015,328
838.133,324
838.251,317
838.369,319
838.487,319
838.606,333
838.724,325
838.842,321
838.96,325
839.078,322
839.196,317
839.315,328
839.433,320
839.551,315
839.669,321
839.787,317
839.905,327
840.023,320
840.142,318
840.26,324
840.378,324
840.496,332
840.614,321
840.732,317
840.85,322
840.968,325
841.087,329
841.205,325
841.323,322
841.441,321
841.559,316
841.677,321
841.795,339
841.913,325
842.031,320
842.149,323
842.267,326
842.385,327
842.504,321
842.622,326
842.74,318
842.858,336
842.976,321
843.094,310
843.212,328
843.33,318
843.448,326
843.566,325
843.684,322
843.802,326
843.92,323
844.038,331
844.156,321
844.274,312
844.392,314
844.51,332
844.628,326
844.746,333
844.864,330
844.982,327
845.1,324
845.218,318
845.336,328
845.454,321
845.572,323
845.69,308
845.808,317
845.926,323
846.044,329
846.162,331
846.28,337
846.398,319
846.516,328
846.634,330
846.752,311
846.87,328
846.988,333
847.106,328
847.224,330
847.342,322
847.46,325
847.578,321
847.696,324
847.814,324
847.932,309
848.05,332
848.168,321
848.285,325
848.403,311
848.521,328
848.639,320
848.757,332
848.875,320
848.993,326
849.111,330
849.229,319
849.347,324
849.465,331
849.582,320
849.7,316
849.818,327
849.936,315
850.054,322
850.172,326
850.29,329
850.408,320
850.525,316
850.643,338
850.761,324
850.879,318
850.997,315
851.115,310
851.233,335
851.35,331
851.468,323
851.586,325
851.704,332
851.822,328
851.94,329
852.057,352
852.175,318
852.293,312
852.411,331
852.529,324
852.647,318
852.764,325
852.882,318
853.0,326
853.118,322
853.236,312
853.353,306
853.471,320
853.589,319
853.707,316
853.824,329
853.942,316
854.06,330
854.178,317
854.296,322
854.413,331
854.531,326
854.649,329
854.767,325
854.884,312
855.002,322
855.12,313
855.238,314
855.355,335
855.473,316
855.591,315
855.708,324
855.826,314
855.944,323
856.062,332
856.179,336
856.297,323
856.415,321
856.532,334
856.65,306
856.768,335
856.886,314
857.003,319
857.121,322
857.239,312
857.356,323
857.474,318
857.592,327
857.709,332
857.827,331
857.945,313
858.062,314
858.18,329
858.298,325
858.415,312
858.533,321
858.651,325
858.768,322
858.886,329
859.003,321
859.121,334
859.239,334
859.356,311
859.474,330
859.592,309
859.709,334
859.827,329
859.944,319
860.062,325
860.18,317
860.297,328
860.415,332
860.532,320
860.65,326
860.768,316
860.885,321
861.003,323
861.12,317
861.238,313
861.356,301
861.473,316
861.591,318
861.708,316
861.826,324
861.943,332
862.061,326
862.178,317
862.296,316
862.414,323
862.531,321
862.649,319
862.766,322
862.884,320
863.001,317
863.119,313
863.236,327
863.354,321
863.471,311
863.589,324
863.706,316
863.824,328
863.941,302
864.059,328
864.176,315
864.294,336
864.411,318
864.529,309
864.646,308
864.764,331
864.881,309
864.999,314
865.116,321
865.233,317
865.351,311
865.468,318
865.586,314
865.703,339
865.821,313
865.938,323
866.056,309
866.173,321
866.29,317
866.408,314
866.525,316
866.643,329
866.76,324
866.878,319
866.995,318
867.112,328
867.23,311
867.347,339
867.465,318
867.582,329
867.699,335
867.817,328
867.934,319
868.051,317
868.169,315
868.286,319
868.404,317
868.521,319
868.638,317
868.756,324
868.873,322
868.99,319
869.108,337
869.225,327
869.342,321
869.46,315
869.577,318
869.694,329
869.812,334
869.929,321
870.046,311
870.164,318
870.281,311
870.398,325
870.516,326
870.633,331
870.75,316
870.867,327
870.985,315
871.102,323
871.219,324
871.337,334
871.454,317
871.571,308
871.688,316
871.806,323
871.923,318
872.04,330
872.157,326
872.275,325
872.392,313
872.509,318
872.626,325
872.744,318
872.861,323
872.978,318
873.095,312
873.213,323
873.33,314
873.447,319
873.564,328
873.681,321
873.799,319
873.916,327
874.033,321
874.15,321
874.267,313
874.385,321
874.502,328
874.619,327
874.736,321
874.853,318
874.97,315
875.088,322
875.205,307
875.322,319
875.439,312
875.556,334
875.673,323
875.791,340
875.908,320
876.025,323
876.142,322
876.259,329
876.376,314
876.493,319
876.61,324
876.728,345
876.845,316
876.962,328
877.079,322
877.196,319
877.313,323
877.43,327
877.547,329
877.664,329
877.781,320
877.898,331
878.016,332
878.133,325
878.25,315
878.367,315
878.484,326
878.601,320
878.718,324
878.835,319
878.952,314
879.069,329
879.186,321
879.303,326
879.42,321
879.537,310
879.654,330
879.771,325
879.888,328
880.005,314
880.122,328
880.239,334
880.356,316
880.473,336
880.59,319
880.707,316
880.824,305
880.941,323
881.058,317
881.175,326
881.292,311
881.409,316
881.526,313
881.643,318
881.76,317
881.877,316
881.994,329
882.111,322
882.228,321
882.345,311
882.462,327
882.579,317
882.696,321
882.812,313
882.929,313
883.046,332
883.163,316
883.28,329
883.397,313
883.514,331
883.631,313
883.748,317
883.865,316
883.982,310
884.098,326
884.215,323
884.332,319
884.449,333
884.566,313
884.683,318
884.8,321
884.916,331
885.033,316
885.15,319
885.267,316
885.384,325
885.501,332
885.617,323
885.734,323
885.851,330
885.968,318
886.085,324
886.202,328
886.318,317
886.435,323
886.552,326
886.669,338
886.786,318
886.902,325
887.019,323
887.136,315
887.253,328
887.369,306
887.486,312
887.603,325
887.72,323
887.837,326
887.953,326
888.07,326
888.187,322
888.304,321
888.42,323
888.537,312
888.654,333
888.77,316
888.887,325
889.004,311
889.121,326
889.237,324
889.354,335
889.471,311
889.587,314
889.704,313
889.821,314
889.938,319
890.054,318
890.171,325
890.288,304
890.404,327
890.521,305
890.638,333
890.754,329
890.871,314
890.988,321
891.104,319
891.221,322
891.337,312
891.454,316
891.571,319
891.687,324
891.804,317
891.921,313
892.037,314
892.154,312
892.27,332
892.387,328
892.504,321
892.62,334
892.737,323
892.854,307
892.97,310
893.087,314
893.203,314
893.32,326
893.436,316
893.553,315
893.67,315
893.786,317
893.903,300
894.019,317
894.136,327
894.252,322
894.369,324
894.485,317
894.602,315
894.718,315
894.835,326
894.951,317
895.068,313
895.184,310
895.301,317
895.417,314
895.534,315
895.65,313
895.767,319
895.883,318
896.0,319
896.116,316
896.233,314
896.349,321
896.466,316
896.582,314
896.699,323
896.815,327
896.932,311
897.048,316
897.165,316
897.281,310
897.397,309
897.514,308
897.63,318
897.747,331
897.863,323
897.979,326
898.096,308
898.212,309
898.329,320
898.445,326
898.561,325
898.678,324
898.794,319
898.911,329
899.027,317
899.143,321
899.26,314
899.376,323
899.492,324
899.609,318
899.725,304
899.842,324
899.958,301
900.074,334
900.191,321
900.307,309
900.423,333
900.539,323
900.656,318
900.772,326
900.888,315
901.005,328
901.121,313
901.237,329
901.354,316
901.47,313
901.586,326
901.703,316
901.819,308
901.935,325
902.051,297
902.168,322
902.284,317
902.4,328
902.516,319
902.633,341
902.749,313
902.865,316
902.981,338
903.098,317
903.214,321
903.33,323
903.446,304
903.562,334
903.679,315
903.795,325
903.911,327
904.027,337
904.143,327
904.26,331
904.376,322
904.492,333
904.608,315
904.724,343
904.841,328
904.957,315
905.073,322
905.189,314
905.305,304
905.421,324
905.538,316
905.654,307
905.77,319
905.886,320
906.002,328
906.118,328
906.234,315
906.35,322
906.466,327
906.583,321
906.699,327
906.815,330
906.931,319
907.047,319
907.163,302
907.279,326
907.395,307
907.511,315
907.627,320
907.743,321
907.859,317
907.976,325
908.092,323
908.208,312
908.324,310
908.44,327
908.556,318
908.672,316
908.788,331
908.904,334
909.02,302
909.136,320
909.252,323
909.368,316
909.484,317
909.6,318
909.716,329
909.832,312
909.948,317
910.064,319
910.18,315
910.296,307
910.412,313
910.528,331
910.644,308
910.76,333
910.875,322
910.991,327
911.107,321
911.223,330
911.339,315
911.455,319
911.571,293
911.687,323
911.803,314
911.919,305
912.035,316
912.151,321
912.267,305
912.382,317
912.498,303
912.614,315
912.73,313
912.846,330
792.446,348
792.565,382
792.684,425
792.803,401
792.922,364
793.041,347
793.16,354
793.279,353
793.398,344
793.518,329
793.637,348
793.756,354
793.875,362
793.994,367
794.113,347
794.232,344
794.351,342
794.47,335
794.589,350
794.708,362
794.827,337
794.946,335
795.066,359
795.185,345
795.304,352
795.423,339
795.542,345
795.661,337
795.78,342
795.899,345
796.018,324
796.137,354
796.256,354
796.375,322
796.494,343
796.613,344
796.732,348
796.851,336
796.97,325
797.089,334
797.208,346
797.327,321
797.446,340
797.565,317
797.684,337
797.803,329
797.922,338
798.041,333
798.16,329
798.279,323
798.398,331
798.517,333
798.636,335
798.755,322
798.874,327
798.993,335
799.112,324
799.231,321
799.35,321
799.469,319
799.588,330
799.707,331
799.826,334
799.945,324
800.064,326
800.183,324
800.302,324
800.421,336
800.54,348
800.659,341
800.778,336
800.897,333
801.016,326
801.135,333
801.254,346
801.373,335
801.492,310
801.611,327
801.729,325
801.848,340
801.967,337
802.086,320
802.205,344
802.324,333
802.443,347
802.562,338
802.681,331
802.8,317
802.919,333
803.038,330
803.157,326
803.276,317
803.394,327
803.513,333
803.632,328
803.751,324
803.87,336
803.989,335
804.108,333
804.227,329
804.346,324
804.465,324
804.583,328
804.702,315
804.821,335
804.94,328
805.059,329
805.178,315
805.297,322
805.416,323
805.535,326
805.653,325
805.772,330
805.891,328
806.01,319
806.129,327
806.248,328
806.367,328
806.485,328
806.604,329
806.723,326
806.842,313
806.961,343
807.08,324
807.198,331
807.317,320
807.436,327
807.555,320
807.674,327
807.793,318
807.912,332
808.03,303
808.149,331
808.268,322
808.387,325
808.506,327
808.624,323
808.743,318
808.862,336
808.981,312
809.1,319
809.219,324
809.337,328
809.456,336
809.575,325
809.694,320
809.812,310
809.931,328
810.05,329
810.169,320
810.288,331
810.406,314
810.525,327
810.644,327
810.763,328
810.882,322
811.0,329
811.119,319
811.238,327
811.357,345
811.475,327
811.594,328
811.713,337
811.832,328
811.95,329
812.069,330
812.188,321
812.307,332
812.425,331
812.544,317
812.663,330
812.782,326
812.9,327
813.019,322
813.138,331
813.257,325
813.375,344
813.494,338
813.613,319
813.731,329
813.85,321
813.969,337
814.088,335
814.206,327
814.325,334
814.444,335
814.562,333
814.681,332
814.8,327
814.918,340
815.037,333
815.156,331
815.274,334
815.393,327
815.512,341
815.631,317
815.749,326
815.868,334
815.987,330
816.105,332
816.224,339
816.343,310
816.461,326
816.58,331
816.698,328
816.817,325
816.936,329
817.055,332
817.173,334
817.292,319
817.41,331
817.529,319
817.648,336
817.766,329
817.885,327
818.004,319
818.122,325
818.241,320
818.359,326
818.478,323
818.597,312
818.715,309
818.834,325
818.953,318
819.071,334
819.19,326
819.308,316
819.427,304
819.546,307
819.664,323
819.783,323
819.901,307
820.02,327
820.138,324
820.257,326
820.376,319
820.494,334
820.613,311
820.731,336
820.85,323
820.969,309
821.087,313
821.206,320
821.324,307
821.443,331
821.561,332
821.68,325
821.798,313
821.917,328
822.035,327
822.154,320
822.273,297
822.391,322
822.51,327
822.628,313
822.747,305
822.865,311
822.984,309
823.102,329
823.221,318
823.339,330
823.458,311
823.576,318
823.695,313
823.813,327
823.932,327
824.05,324
824.169,337
824.287,317
824.406,315
824.524,318
824.643,325
824.761,338
824.88,317
824.998,332
825.117,318
825.235,324
825.354,319
825.472,316
825.591,320
825.709,320
825.828,308
825.946,300
826.064,317
826.183,321
826.301,324
826.42,317
826.538,320
826.657,322
826.775,315
826.894,331
827.012,311
827.13,333
827.249,316
827.367,319
827.486,320
827.604,323
827.723,315
827.841,316
827.959,322
828.078,311
828.196,322
828.315,326
828.433,313
828.552,328
828.67,307
828.788,325
828.907,325
829.025,317
829.143,314
829.262,314
829.38,316
829.499,330
829.617,309
829.735,314
829.854,312
829.972,323
830.091,316
830.209,326
830.327,308
830.446,312
830.564,318
830.682,316
830.801,319
830.919,317
831.037,306
831.156,323
831.274,319
831.392,328
831.511,307
831.629,319
831.747,318
831.866,303
831.984,324
832.102,332
832.221,321
832.339,314
832.457,295
832.576,323
832.694,320
832.812,333
832.93,320
833.049,329
833.167,321
833.285,325
833.404,326
833.522,307
833.64,318
833.759,324
833.877,315
833.995,320
834.113,314
834.232,314
834.35,318
834.468,333
834.586,322
834.705,300
834.823,316
834.941,302
835.059,311
835.178,317
835.296,314
835.414,327
835.532,311
835.651,326
835.769,307
835.887,320
836.005,312
836.124,314
836.242,318
836.36,318
836.478,311
836.596,316
836.715,314
836.833,324
836.951,310
837.069,306
837.188,319
837.306,322
837.424,320
837.542,324
837.66,310
837.779,321
837.897,325
838.015,322
838.133,334
838.251,317
838.369,322
838.487,320
838.606,324
838.724,327
838.842,315
838.96,320
839.078,318
839.196,318
839.315,314
839.433,311
839.551,316
839.669,311
839.787,315
839.905,330
840.023,317
840.142,318
840.26,321
840.378,321
840.496,313
840.614,320
840.732,325
840.85,317
840.968,312
841.087,312
841.205,313
841.323,333
841.441,310
841.559,319
841.677,330
841.795,313
841.913,322
842.031,337
842.149,321
842.267,342
842.385,315
842.504,334
842.622,331
842.74,309
842.858,329
842.976,323
843.094,312
843.212,312
843.33,312
843.448,317
843.566,313
843.684,319
843.802,313
843.92,319
844.038,312
844.156,322
844.274,305
844.392,323
844.51,314
844.628,322
844.746,312
844.864,332
844.982,315
845.1,324
845.218,326
845.336,315
845.454,319
845.572,319
845.69,328
845.808,311
845.926,315
846.044,311
846.162,316
846.28,325
846.398,314
846.516,320
846.634,319
846.752,319
846.87,324
846.988,312
847.106,317
847.224,329
847.342,322
847.46,320
847.578,319
847.696,321
847.814,320
847.932,308
848.05,313
848.168,321
848.285,314
848.403,313
848.521,311
848.639,337
848.757,307
848.875,314
848.993,315
849.111,336
849.229,320
849.347,328
849.465,303
849.582,302
849.7,320
849.818,316
849.936,323
850.054,327
850.172,312
850.29,323
850.408,315
850.525,324
850.643,312
850.761,335
850.879,309
850.997,323
851.115,305
851.233,310
851.35,313
851.468,327
851.586,308
851.704,318
851.822,324
851.94,314
852.057,313
852.175,315
852.293,324
852.411,309
852.529,325
852.647,331
852.764,323
852.882,315
853.0,322
853.118,325
853.236,314
853.353,333
853.471,319
853.589,322
853.707,308
853.824,314
853.942,322
854.06,316
854.178,313
854.296,327
854.413,308
854.531,332
854.649,320
854.767,324
854.884,311
855.002,315
855.12,316
855.238,321
855.355,313
855.473,336
855.591,302
855.708,325
855.826,323
855.944,321
856.062,307
856.179,335
856.297,326
856.415,322
856.532,335
856.65,336
856.768,317
856.886,315
857.003,321
857.121,308
857.239,322
857.356,324
857.474,328
857.592,316
857.709,317
857.827,326
857.945,315
858.062,336
858.18,315
858.298,324
858.415,326
858.533,325
858.651,321
858.768,319
858.886,322
859.003,327
859.121,321
859.239,311
859.356,313
859.474,306
859.592,327
859.709,326
859.827,309
859.944,323
860.062,311
860.18,332
860.297,318
860.415,318
860.532,312
860.65,325
860.768,309
860.885,328
861.003,320
861.12,316
861.238,319
861.356,333
861.473,321
861.591,321
861.708,322
861.826,319
861.943,316
862.061,308
862.178,322
862.296,317
862.414,322
862.531,321
862.649,313
862.766,318
862.884,319
863.001,325
863.119,314
863.236,314
863.354,304
863.471,320
863.589,324
863.706,328
863.824,307
863.941,332
864.059,315
864.176,313
864.294,325
864.411,309
864.529,315
864.646,338
864.764,307
864.881,314
864.999,308
865.116,329
865.233,303
865.351,316
865.468,317
865.586,327
865.703,320
865.821,317
865.938,309
866.056,315
866.173,300
866.29,322
866.408,315
866.525,313
866.643,322
866.76,336
866.878,310
866.995,334
867.112,325
867.23,332
867.347,320
867.465,332
867.582,320
867.699,306
867.817,319
867.934,320
868.051,318
868.169,321
868.286,314
868.404,326
868.521,318
868.638,321
868.756,329
868.873,321
868.99,311
869.108,325
869.225,315
869.342,320
869.46,323
869.577,331
869.694,325
869.812,324
869.929,302
870.046,335
870.164,315
870.281,326
870.398,325
870.516,317
870.633,315
870.75,330
870.867,317
870.985,318
871.102,323
871.219,334
871.337,318
871.454,321
871.571,321
871.688,331
871.806,304
871.923,329
872.04,327
872.157,335
872.275,313
872.392,331
872.509,318
872.626,330
872.744,315
872.861,322
872.978,301
873.095,328
873.213,321
873.33,328
873.447,321
873.564,336
873.681,312
873.799,317
873.916,322
874.033,313
874.15,311
874.267,336
874.385,320
874.502,315
874.619,327
874.736,327
874.853,308
874.97,318
875.088,320
875.205,330
875.322,319
875.439,317
875.556,327
875.673,325
875.791,326
875.908,321
876.025,326
876.142,315
876.259,310
876.376,331
876.493,311
876.61,312
876.728,303
876.845,327
876.962,331
877.079,314
877.196,313
877.313,314
877.43,314
877.547,327
877.664,313
877.781,318
877.898,301
878.016,331
878.133,316
878.25,323
878.367,319
878.484,311
878.601,324
878.718,313
878.835,315
878.952,314
879.069,319
879.186,324
879.303,311
879.42,328
879.537,309
879.654,324
879.771,326
879.888,321
880.005,303
880.122,313
880.239,327
880.356,304
880.473,321
880.59,322
880.707,322
880.824,332
880.941,312
881.058,311
881.175,310
881.292,325
881.409,312
881.526,323
881.643,317
881.76,321
881.877,320
881.994,317
882.111,307
882.228,325
882.345,319
882.462,311
882.579,309
882.696,314
882.812,312
882.929,316
883.046,306
883.163,326
883.28,316
883.397,306
883.514,329
883.631,325
883.748,325
883.865,337
883.982,311
884.098,319
884.215,312
884.332,329
884.449,316
884.566,330
884.683,324
884.8,318
884.916,315
885.033,327
885.15,320
885.267,325
885.384,319
885.501,329
885.617,330
885.734,303
885.851,320
885.968,318
886.085,307
886.202,311
886.318,324
886.435,319
886.552,332
886.669,309
886.786,331
886.902,339
887.019,306
887.136,326
887.253,316
887.369,329
887.486,312
887.603,311
887.72,324
887.837,317
887.953,337
888.07,332
888.187,312
888.304,315
888.42,301
888.537,323
888.654,307
888.77,313
888.887,323
889.004,317
889.121,318
889.237,318
889.354,306
889.471,318
889.587,297
889.704,310
889.821,328
889.938,312
890.054,316
890.171,321
890.288,318
890.404,314
890.521,315
890.638,320
890.754,305
890.871,324
890.988,322
891.104,317
891.221,315
891.337,311
891.454,326
891.571,316
891.687,307
891.804,321
891.921,306
892.037,316
892.154,303
892.27,304
892.387,306
892.504,318
892.62,328
892.737,321
892.854,305
892.97,325
893.087,314
893.203,329
893.32,313
893.436,318
893.553,323
893.67,311
893.786,320
893.903,321
894.019,311
894.136,321
894.252,318
894.369,329
894.485,310
894.602,309
894.718,308
894.835,318
894.951,311
895.068,318
895.184,296
895.301,317
895.417,305
895.534,327
895.65,311
895.767,328
895.883,325
896.0,320
896.116,300
896.233,317
896.349,318
896.466,316
896.582,323
896.699,328
896.815,317
896.932,320
897.048,306
897.165,325
897.281,303
897.397,334
897.514,310
897.63,320
897.747,320
897.863,335
897.979,316
898.096,322
898.212,306
898.329,316
898.445,323
898.561,312
898.678,313
898.794,326
898.911,314
899.027,325
899.143,306
899.26,311
899.376,326
899.492,310
899.609,307
899.725,332
899.842,312
899.958,325
900.074,312
900.191,332
900.307,300
900.423,322
900.539,309
900.656,307
900.772,325
900.888,320
901.005,317
901.121,327
901.237,313
901.354,331
901.47,309
901.586,317
901.703,308
901.819,337
901.935,323
902.051,324
902.168,318
902.284,314
902.4,322
902.516,326
902.633,315
902.749,329
902.865,321
902.981,334
903.098,324
903.214,316
903.33,315
903.446,315
903.562,332
903.679,321
903.795,313
903.911,311
904.027,328
904.143,316
904.26,315
904.376,329
904.492,324
904.608,321
904.724,314
904.841,326
904.957,317
905.073,323
905.189,316
905.305,313
905.421,303
905.538,315
905.654,319
905.77,317
905.886,309
906.002,323
906.118,322
906.234,324
906.35,319
906.466,333
906.583,314
906.699,317
906.815,296
906.931,311
907.047,320
907.163,318
907.279,322
907.395,321
907.511,318
907.627,323
907.743,317
907.859,309
907.976,312
908.092,305
908.208,299
908.324,329
908.44,313
908.556,319
908.672,316
908.788,320
908.904,317
909.02,321
909.136,319
909.252,324
909.368,322
909.484,319
909.6,289
909.716,318
909.832,313
909.948,312
910.064,322
910.18,333
910.296,307
910.412,311
910.528,304
910.644,330
910.76,318
910.875,306
910.991,315
911.107,305
911.223,310
911.339,318
911.455,316
911.571,326
911.687,305
911.803,322
911.919,309
912.035,326
912.151,307
912.267,323
912.382,322
912.498,316
912.614,308
912.73,322
912.846,315
792.446,336
792.565,383
792.684,419
792.803,407
792.922,349
793.041,336
793.16,354
793.279,367
793.398,343
793.518,340
793.637,355
793.756,359
793.875,380
793.994,365
794.113,352
794.232,339
794.351,344
794.47,354
794.589,343
794.708,336
794.827,336
794.946,339
795.066,340
795.185,340
795.304,342
795.423,339
795.542,338
795.661,349
795.78,339
795.899,341
796.018,337
796.137,355
796.256,343
796.375,335
796.494,345
796.613,340
796.732,358
796.851,328
796.97,340
797.089,327
797.208,332
797.327,315
797.446,337
797.565,338
797.684,358
797.803,327
797.922,342
798.041,333
798.16,325
798.279,327
798.398,320
798.517,320
798.636,333
798.755,322
798.874,338
798.993,331
799.112,342
799.231,348
799.35,325
799.469,325
799.588,334
799.707,328
799.826,332
799.945,344
800.064,343
800.183,322
800.302,331
800.421,334
800.54,319
800.659,340
800.778,329
800.897,349
801.016,314
801.135,334
801.254,335
801.373,328
801.492,328
801.611,332
801.729,339
801.848,334
801.967,319
802.086,340
802.205,342
802.324,321
802.443,351
802.562,324
802.681,335
802.8,337
802.919,340
803.038,321
803.157,326
803.276,324
803.394,316
803.513,321
803.632,336
803.751,321
803.87,328
803.989,323
804.108,314
804.227,318
804.346,336
804.465,315
804.583,345
804.702,330
804.821,324
804.94,327
805.059,329
805.178,331
805.297,318
805.416,333
805.535,318
805.653,324
805.772,329
805.891,320
806.01,326
806.129,321
806.248,331
806.367,341
806.485,325
806.604,327
806.723,322
806.842,331
806.961,319
807.08,326
807.198,308
807.317,335
807.436,344
807.555,335
807.674,317
807.793,338
807.912,326
808.03,327
808.149,328
808.268,315
808.387,334
808.506,319
808.624,328
808.743,331
808.862,332
808.981,328
809.1,322
809.219,330
809.337,323
809.456,334
809.575,331
809.694,328
809.812,335
809.931,330
810.05,326
810.169,316
810.288,329
810.406,327
810.525,330
810.644,323
810.763,322
810.882,322
811.0,336
811.119,315
811.238,342
811.357,330
811.475,318
811.594,328
811.713,349
811.832,316
811.95,340
812.069,332
812.188,343
812.307,326
812.425,330
812.544,328
812.663,341
812.782,322
812.9,331
813.019,310
813.138,327
813.257,315
813.375,336
813.494,322
813.613,323
813.731,327
813.85,329
813.969,332
814.088,320
814.206,327
814.325,321
814.444,323
814.562,325
814.681,329
814.8,333
814.918,340
815.037,326
815.156,312
815.274,332
815.393,319
815.512,325
815.631,323
815.749,330
815.868,334
815.987,335
816.105,330
816.224,323
816.343,324
816.461,330
816.58,328
816.698,330
816.817,316
816.936,341
817.055,319
817.173,324
817.292,327
817.41,337
817.529,325
817.648,326
817.766,324
817.885,334
818.004,327
818.122,340
818.241,329
818.359,327
818.478,329
818.597,326
818.715,321
818.834,334
818.953,303
819.071,333
819.19,338
819.308,331
819.427,334
819.546,315
819.664,316
819.783,334
819.901,326
820.02,323
820.138,312
820.257,324
820.376,321
820.494,316
820.613,309
820.731,322
820.85,320
820.969,320
821.087,333
821.206,317
821.324,313
821.443,303
821.561,327
821.68,317
821.798,317
821.917,326
822.035,317
822.154,333
822.273,310
822.391,336
822.51,325
822.628,326
822.747,324
822.865,319
822.984,303
823.102,329
823.221,321
823.339,313
823.458,311
823.576,315
823.695,311
823.813,325
823.932,326
824.05,324
824.169,325
824.287,323
824.406,320
824.524,324
824.643,331
824.761,332
824.88,318
824.998,338
825.117,316
825.235,320
825.354,322
825.472,314
825.591,323
825.709,319
825.828,317
825.946,314
826.064,321
826.183,318
826.301,318
826.42,337
826.538,307
826.657,309
826.775,316
826.894,323
827.012,315
827.13,328
827.249,314
827.367,327
827.486,323
827.604,331
827.723,307
827.841,329
827.959,331
828.078,317
828.196,322
828.315,305
828.433,315
828.552,320
828.67,317
828.788,327
828.907,310
829.025,319
829.143,320
829.262,321
829.38,318
829.499,323
829.617,318
829.735,325
829.854,315
829.972,302
830.091,309
830.209,323
830.327,301
830.446,316
830.564,323
830.682,325
830.801,322
830.919,325
831.037,327
831.156,321
831.274,321
831.392,314
831.511,315
831.629,312
831.747,310
831.866,306
831.984,307
832.102,318
832.221,310
832.339,317
832.457,306
832.576,318
832.694,315
832.812,321
832.93,315
833.049,313
833.167,311
833.285,318
833.404,315
833.522,322
833.64,317
833.759,316
833.877,300
833.995,324
834.113,325
834.232,313
834.35,315
834.468,331
834.586,314
834.705,317
834.823,314
834.941,318
835.059,311
835.178,326
835.296,317
835.414,323
835.532,322
835.651,318
835.769,313
835.887,318
836.005,325
836.124,315
836.242,312
836.36,313
836.478,310
836.596,313
836.715,312
836.833,308
836.951,328
837.069,321
837.188,314
837.306,339
837.424,308
837.542,315
837.66,318
837.779,322
837.897,321
838.015,319
838.133,327
838.251,323
838.369,318
838.487,318
838.606,311
838.724,320
838.842,311
838.96,321
839.078,312
839.196,320
839.315,319
839.433,319
839.551,323
839.669,306
839.787,319
839.905,316
840.023,315
840.142,329
840.26,312
840.378,327
840.496,319
840.614,319
840.732,325
840.85,324
840.968,321
841.087,314
841.205,331
841.323,329
841.441,320
841.559,332
841.677,310
841.795,318
841.913,328
842.031,329
842.149,318
842.267,327
842.385,320
842.504,319
842.622,320
842.74,324
842.858,308
842.976,322
843.094,309
843.212,334
843.33,320
843.448,331
843.566,319
843.684,319
843.802,337
843.92,319
844.038,322
844.156,327
844.274,321
844.392,332
844.51,314
844.628,319
844.746,314
844.864,329
844.982,327
845.1,315
845.218,321
845.336,335
845.454,307
845.572,323
845.69,308
845.808,321
845.926,318
846.044,327
846.162,316
846.28,312
846.398,311
846.516,329
846.634,317
846.752,316
846.87,318
846.988,320
847.106,318
847.224,324
847.342,319
847.46,327
847.578,313
847.696,333
847.814,309
847.932,329
848.05,323
848.168,322
848.285,324
848.403,326
848.521,312
848.639,333
848.757,308
848.875,332
848.993,322
849.111,317
849.229,306
849.347,313
849.465,305
849.582,320
849.7,314
849.818,330
849.936,326
850.054,321
850.172,331
850.29,326
850.408,314
850.525,328
850.643,308
850.761,324
850.879,306
850.997,308
851.115,320
851.233,328
851.35,319
851.468,322
851.586,313
851.704,323
851.822,340
851.94,319
852.057,318
852.175,328
852.293,299
852.411,329
852.529,325
852.647,314
852.764,311
852.882,319
853.0,296
853.118,323
853.236,315
853.353,331
853.471,328
853.589,316
853.707,319
853.824,306
853.942,325
854.06,318
854.178,315
854.296,318
854.413,314
854.531,323
854.649,318
854.767,320
854.884,318
855.002,323
855.12,313
855.238,324
855.355,319
855.473,345
855.591,310
855.708,322
855.826,333
855.944,328
856.062,324
856.179,319
856.297,324
856.415,330
856.532,326
856.65,325
856.768,314
856.886,317
857.003,314
857.121,325
857.239,328
857.356,328
857.474,314
857.592,318
857.709,323
857.827,330
857.945,322
858.062,317
858.18,316
858.298,315
858.415,330
858.533,313
858.651,317
858.768,329
858.886,316
859.003,322
859.121,314
859.239,331
859.356,305
859.474,328
859.592,325
859.709,323
859.827,310
859.944,325
860.062,329
860.18,325
860.297,308
860.415,326
860.532,318
860.65,300
860.768,319
860.885,315
861.003,300
861.12,308
861.238,313
861.356,339
861.473,325
861.591,317
861.708,316
861.826,311
861.943,314
862.061,321
862.178,316
862.296,323
862.414,323
862.531,331
862.649,316
862.766,329
862.884,311
863.001,312
863.119,316
863.236,321
863.354,310
863.471,320
863.589,317
863.706,324
863.824,313
863.941,315
864.059,316
864.176,326
864.294,319
864.411,332
864.529,306
864.646,324
864.764,326
864.881,319
864.999,324
865.116,326
865.233,320
865.351,317
865.468,313
865.586,312
865.703,319
865.821,312
865.938,318
866.056,317
866.173,308
866.29,315
866.408,322
866.525,316
866.643,326
866.76,311
866.878,298
866.995,325
867.112,315
867.23,309
867.347,307
867.465,321
867.582,316
867.699,332
867.817,309
867.934,325
868.051,318
868.169,318
868.286,314
868.404,302
868.521,325
868.638,324
868.756,312
868.873,341
868.99,322
869.108,323
869.225,313
869.342,327
869.46,319
869.577,323
869.694,313
869.812,319
869.929,324
870.046,323
870.164,311
870.281,321
870.398,326
870.516,316
870.633,307
870.75,320
870.867,321
870.985,324
871.102,321
871.219,335
871.337,327
871.454,321
871.571,329
871.688,325
871.806,306
871.923,318
872.04,318
872.157,323
872.275,314
872.392,329
872.509,323
872.626,329
872.744,328
872.861,315
872.978,318
873.095,322
873.213,313
873.33,318
873.447,310
873.564,314
873.681,314
873.799,319
873.916,311
874.033,316
874.15,300
874.267,306
874.385,317
874.502,331
874.619,311
874.736,338
874.853,317
874.97,322
875.088,321
875.205,327
875.322,323
875.439,340
875.556,323
875.673,322
875.791,315
875.908,329
876.025,317
876.142,315
876.259,314
876.376,335
876.493,309
876.61,333
876.728,315
876.845,316
876.962,320
877.079,317
877.196,317
877.313,334
877.43,308
877.547,319
877.664,324
877.781,333
877.898,305
878.016,318
878.133,306
878.25,321
878.367,309
878.484,317
878.601,327
878.718,322
878.835,322
878.952,320
879.069,305
879.186,321
879.303,311
879.42,327
879.537,319
879.654,324
879.771,314
879.888,323
880.005,318
880.122,326
880.239,313
880.356,315
880.473,301
880.59,311
880.707,307
880.824,305
880.941,305
881.058,321
881.175,326
881.292,326
881.409,320
881.526,312
881.643,322
881.76,332
881.877,305
881.994,322
882.111,313
882.228,317
882.345,320
882.462,334
882.579,304
882.696,336
882.812,314
882.929,327
883.046,308
883.163,316
883.28,320
883.397,315
883.514,304
883.631,324
883.748,318
883.865,325
883.982,312
884.098,323
884.215,308
884.332,334
884.449,322
884.566,319
884.683,315
884.8,315
884.916,317
885.033,319
885.15,318
885.267,321
885.384,320
885.501,333
885.617,316
885.734,333
885.851,331
885.968,325
886.085,325
886.202,322
886.318,316
886.435,315
886.552,319
886.669,330
886.786,324
886.902,317
887.019,315
887.136,335
887.253,310
887.369,325
887.486,328
887.603,334
887.72,312
887.837,303
887.953,321
888.07,327
888.187,323
888.304,323
888.42,308
888.537,319
888.654,302
888.77,331
888.887,315
889.004,318
889.121,316
889.237,299
889.354,313
889.471,324
889.587,326
889.704,309
889.821,294
889.938,323
890.054,303
890.171,321
890.288,320
890.404,318
890.521,317
890.638,312
890.754,317
890.871,314
890.988,314
891.104,322
891.221,322
891.337,321
891.454,314
891.571,318
891.687,321
891.804,329
891.921,303
892.037,316
892.154,306
892.27,339
892.387,316
892.504,331
892.62,312
892.737,322
892.854,323
892.97,312
893.087,306
893.203,318
893.32,323
893.436,311
893.553,308
893.67,315
893.786,318
893.903,332
894.019,307
894.136,322
894.252,317
894.369,308
894.485,318
894.602,326
894.718,316
894.835,311
894.951,313
895.068,327
895.184,317
895.301,323
895.417,311
895.534,313
895.65,319
895.767,317
895.883,316
896.0,321
896.116,329
896.233,315
896.349,305
896.466,322
896.582,312
896.699,325
896.815,313
896.932,311
897.048,323
897.165,326
897.281,312
897.397,310
897.514,321
897.63,313
897.747,313
897.863,324
897.979,300
898.096,312
898.212,316
898.329,336
898.445,321
898.561,317
898.678,311
898.794,325
898.911,303
899.027,321
899.143,326
899.26,323
899.376,330
899.492,317
899.609,325
899.725,310
899.842,299
899.958,321
900.074,316
900.191,318
900.307,313
900.423,322
900.539,311
900.656,309
900.772,317
900.888,320
901.005,309
901.121,306
901.237,300
901.354,325
901.47,321
901.586,322
901.703,299
901.819,318
901.935,306
902.051,320
902.168,315
902.284,326
902.4,304
902.516,327
902.633,314
902.749,320
902.865,332
902.981,330
903.098,318
903.214,316
903.33,324
903.446,323
903.562,308
903.679,311
903.795,316
903.911,318
904.027,313
904.143,314
904.26,323
904.376,321
904.492,326
904.608,332
904.724,314
904.841,329
904.957,313
905.073,320
905.189,313
905.305,318
905.421,316
905.538,319
905.654,301
905.77,322
905.886,322
906.002,322
906.118,297
906.234,325
906.35,313
906.466,317
906.583,325
906.699,321
906.815,323
906.931,321
907.047,305
907.163,325
907.279,318
907.395,315
907.511,302
907.627,332
907.743,316
907.859,318
907.976,315
908.092,326
908.208,311
908.324,328
908.44,304
908.556,312
908.672,318
908.788,316
908.904,302
909.02,319
909.136,317
909.252,329
909.368,304
909.484,322
909.6,319
909.716,318
909.832,314
909.948,310
910.064,321
910.18,319
910.296,319
910.412,318
910.528,304
910.644,322
910.76,329
910.875,322
910.991,305
911.107,334
911.223,319
911.339,326
911.455,313
911.571,311
911.687,311
911.803,315
911.919,318
912.035,314
912.151,308
912.267,311
912.382,318
912.498,308
912.614,306
912.73,328
912.846,316
