792.446,310
792.565,347
792.684,385
792.803,383
792.922,337
793.041,326
793.16,321
793.279,348
793.398,342
793.518,311
793.637,313
793.756,325
793.875,341
793.994,327
794.113,330
794.232,324
794.351,335
794.47,335
794.589,331
794.708,332
794.827,312
794.946,324
795.066,339
795.185,326
795.304,326
795.423,328
795.542,323
795.661,334
795.78,330
795.899,321
796.018,325
796.137,327
796.256,319
796.375,324
796.494,329
796.613,344
796.732,327
796.851,347
796.97,328
797.089,333
797.208,321
797.327,328
797.446,323
797.565,333
797.684,328
797.803,329
797.922,311
798.041,329
798.16,329
798.279,342
798.398,324
798.517,329
798.636,340
798.755,325
798.874,338
798.993,319
799.112,335
799.231,315
799.35,317
799.469,332
799.588,328
799.707,319
799.826,315
799.945,340
800.064,333
800.183,327
800.302,335
800.421,331
800.54,332
800.659,334
800.778,334
800.897,315
801.016,336
801.135,336
801.254,328
801.373,330
801.492,331
801.611,327
801.729,340
801.848,334
801.967,331
802.086,325
802.205,331
802.324,307
802.443,340
802.562,327
802.681,341
802.8,327
802.919,331
803.038,340
803.157,320
803.276,332
803.394,311
803.513,321
803.632,331
803.751,323
803.87,319
803.989,318
804.108,328
804.227,333
804.346,323
804.465,328
804.583,346
804.702,331
804.821,335
804.94,317
805.059,330
805.178,326
805.297,331
805.416,345
805.535,326
805.653,325
805.772,333
805.891,337
806.01,324
806.129,338
806.248,325
806.367,334
806.485,332
806.604,327
806.723,322
806.842,325
806.961,323
807.08,331
807.198,324
807.317,323
807.436,341
807.555,345
807.674,333
807.793,326
807.912,336
808.03,322
808.149,317
808.268,321
808.387,339
808.506,325
808.624,327
808.743,334
808.862,339
808.981,337
809.1,331
809.219,331
809.337,339
809.456,327
809.575,343
809.694,318
809.812,340
809.931,332
810.05,334
810.169,322
810.288,346
810.406,350
810.525,344
810.644,317
810.763,329
810.882,328
811.0,338
811.119,327
811.238,328
811.357,344
811.475,335
811.594,319
811.713,331
811.832,332
811.95,350
812.069,335
812.188,344
812.307,321
812.425,333
812.544,335
812.663,324
812.782,335
812.9,324
813.019,329
813.138,332
813.257,332
813.375,326
813.494,322
813.613,339
813.731,317
813.85,331
813.969,327
814.088,320
814.206,329
814.325,341
814.444,327
814.562,325
814.681,329
814.8,326
814.918,335
815.037,321
815.156,327
815.274,336
815.393,327
815.512,333
815.631,334
815.749,326
815.868,347
815.987,323
816.105,340
816.224,320
816.343,351
816.461,326
816.58,341
816.698,334
816.817,330
816.936,341
817.055,332
817.173,321
817.292,326
817.41,330
817.529,339
817.648,309
817.766,322
817.885,333
818.004,341
818.122,331
818.241,331
818.359,334
818.478,327
818.597,327
818.715,308
818.834,325
818.953,325
819.071,334
819.19,329
819.308,326
819.427,328
819.546,320
819.664,319
819.783,321
819.901,328
820.02,308
820.138,325
820.257,310
820.376,317
820.494,316
820.613,319
820.731,313
820.85,325
820.969,341
821.087,316
821.206,322
821.324,330
821.443,341
821.561,329
821.68,320
821.798,312
821.917,315
822.035,319
822.154,319
822.273,315
822.391,326
822.51,300
822.628,324
822.747,315
822.865,303
822.984,315
823.102,321
823.221,319
823.339,326
823.458,306
823.576,318
823.695,317
823.813,323
823.932,325
824.05,326
824.169,311
824.287,329
824.406,323
824.524,323
824.643,309
824.761,321
824.88,315
824.998,331
825.117,306
825.235,326
825.354,319
825.472,303
825.591,318
825.709,316
825.828,318
825.946,318
826.064,296
826.183,318
826.301,310
826.42,312
826.538,317
826.657,321
826.775,315
826.894,323
827.012,301
827.13,318
827.249,317
827.367,320
827.486,315
827.604,317
827.723,312
827.841,325
827.959,327
828.078,321
828.196,323
828.315,323
828.433,317
828.552,314
828.67,309
828.788,325
828.907,323
829.025,319
829.143,316
829.262,313
829.38,314
829.499,320
829.617,307
829.735,314
829.854,320
829.972,325
830.091,316
830.209,309
830.327,324
830.446,334
830.564,308
830.682,329
830.801,318
830.919,326
831.037,324
831.156,320
831.274,321
831.392,316
831.511,308
831.629,315
831.747,310
831.866,328
831.984,303
832.102,318
832.221,317
832.339,312
832.457,316
832.576,314
832.694,319
832.812,317
832.93,325
833.049,318
833.167,306
833.285,329
833.404,310
833.522,325
833.64,303
833.759,311
833.877,310
833.995,327
834.113,311
834.232,313
834.35,318
834.468,338
834.586,327
834.705,326
834.823,326
834.941,321
835.059,326
835.178,312
835.296,305
835.414,316
835.532,323
835.651,318
835.769,316
835.887,308
836.005,306
836.124,315
836.242,327
836.36,314
836.478,310
836.596,318
836.715,320
836.833,312
836.951,318
837.069,314
837.188,319
837.306,303
837.424,309
837.542,308
837.66,319
837.779,317
837.897,323
838.015,320
838.133,320
838.251,307
838.369,332
838.487,320
838.606,326
838.724,316
838.842,322
838.96,312
839.078,309
839.196,325
839.315,311
839.433,320
839.551,321
839.669,331
839.787,313
839.905,314
840.023,329
840.142,319
840.26,314
840.378,309
840.496,307
840.614,322
840.732,320
840.85,323
840.968,334
841.087,333
841.205,321
841.323,322
841.441,311
841.559,310
841.677,322
841.795,325
841.913,300
842.031,324
842.149,320
842.267,313
842.385,315
842.504,309
842.622,319
842.74,326
842.858,313
842.976,306
843.094,322
843.212,326
843.33,316
843.448,319
843.566,309
843.684,324
843.802,312
843.92,319
844.038,324
844.156,316
844.274,328
844.392,327
844.51,318
844.628,310
844.746,310
844.864,318
844.982,319
845.1,311
845.218,314
845.336,312
845.454,306
845.572,320
845.69,305
845.808,311
845.926,321
846.044,305
846.162,315
846.28,326
846.398,325
846.516,312
846.634,319
846.752,323
846.87,310
846.988,308
847.106,307
847.224,316
847.342,303
847.46,306
847.578,309
847.696,316
847.814,308
847.932,322
848.05,320
848.168,318
848.285,316
848.403,309
848.521,316
848.639,331
848.757,306
848.875,318
848.993,313
849.111,330
849.229,319
849.347,310
849.465,312
849.582,318
849.7,332
849.818,313
849.936,311
850.054,308
850.172,304
850.29,328
850.408,325
850.525,311
850.643,311
850.761,311
850.879,309
850.997,327
851.115,316
851.233,314
851.35,315
851.468,309
851.586,316
851.704,324
851.822,309
851.94,324
852.057,314
852.175,333
852.293,318
852.411,321
852.529,311
852.647,323
852.764,319
852.882,328
853.0,302
853.118,302
853.236,319
853.353,315
853.471,305
853.589,309
853.707,318
853.824,323
853.942,318
854.06,311
854.178,310
854.296,314
854.413,300
854.531,324
854.649,323
854.767,317
854.884,315
855.002,323
855.12,318
855.238,330
855.355,311
855.473,322
855.591,309
855.708,315
855.826,310
855.944,322
856.062,313
856.179,333
856.297,310
856.415,320
856.532,319
856.65,315
856.768,331
856.886,320
857.003,304
857.121,310
857.239,328
857.356,329
857.474,326
857.592,331
857.709,317
857.827,317
857.945,316
858.062,325
858.18,322
858.298,311
858.415,310
858.533,321
858.651,322
858.768,304
858.886,302
859.003,310
859.121,320
859.239,320
859.356,316
859.474,323
859.592,320
859.709,313
859.827,308
859.944,330
860.062,307
860.18,309
860.297,320
860.415,315
860.532,304
860.65,315
860.768,308
860.885,309
861.003,314
861.12,301
861.238,304
861.356,321
861.473,312
861.591,319
861.708,310
861.826,323
861.943,305
862.061,338
862.178,318
862.296,329
862.414,316
862.531,321
862.649,299
862.766,324
862.884,325
863.001,311
863.119,310
863.236,318
863.354,325
863.471,318
863.589,315
863.706,322
863.824,311
863.941,318
864.059,310
864.176,320
864.294,320
864.411,325
864.529,307
864.646,318
864.764,303
864.881,316
864.999,310
865.116,333
865.233,307
865.351,314
865.468,310
865.586,320
865.703,309
865.821,322
865.938,304
866.056,335
866.173,297
866.29,316
866.408,318
866.525,316
866.643,319
866.76,324
866.878,305
866.995,320
867.112,323
867.23,324
867.347,312
867.465,332
867.582,312
867.699,315
867.817,316
867.934,311
868.051,327
868.169,314
868.286,317
868.404,317
868.521,311
868.638,320
868.756,310
868.873,329
868.99,315
869.108,314
869.225,306
869.342,312
869.46,311
869.577,322
869.694,313
869.812,327
869.929,318
870.046,319
870.164,308
870.281,302
870.398,312
870.516,311
870.633,318
870.75,317
870.867,325
870.985,321
871.102,315
871.219,315
871.337,310
871.454,324
871.571,325
871.688,325
871.806,321
871.923,330
872.04,317
872.157,311
872.275,310
872.392,332
872.509,326
872.626,304
872.744,322
872.861,319
872.978,315
873.095,322
873.213,307
873.33,314
873.447,322
873.564,325
873.681,312
873.799,324
873.916,315
874.033,315
874.15,312
874.267,310
874.385,314
874.502,317
874.619,314
874.736,313
874.853,314
874.97,314
875.088,310
875.205,324
875.322,300
875.439,334
875.556,307
875.673,330
875.791,304
875.908,310
876.025,308
876.142,322
876.259,320
876.376,324
876.493,310
876.61,312
876.728,308
876.845,314
876.962,306
877.079,317
877.196,312
877.313,308
877.43,305
877.547,310
877.664,311
877.781,313
877.898,332
878.016,317
878.133,306
878.25,321
878.367,314
878.484,316
878.601,321
878.718,321
878.835,313
878.952,318
879.069,308
879.186,324
879.303,318
879.42,303
879.537,301
879.654,317
879.771,333
879.888,327
880.005,314
880.122,326
880.239,303
880.356,327
880.473,316
880.59,313
880.707,316
880.824,321
880.941,314
881.058,318
881.175,295
881.292,314
881.409,313
881.526,323
881.643,326
881.76,316
881.877,320
881.994,338
882.111,315
882.228,315
882.345,299
882.462,329
882.579,310
882.696,332
882.812,319
882.929,311
883.046,321
883.163,323
883.28,318
883.397,324
883.514,313
883.631,320
883.748,307
883.865,322
883.982,306
884.098,309
884.215,300
884.332,320
884.449,310
884.566,324
884.683,322
884.8,323
884.916,321
885.033,318
885.15,319
885.267,319
885.384,312
885.501,305
885.617,319
885.734,318
885.851,324
885.968,324
886.085,317
886.202,322
886.318,326
886.435,322
886.552,323
886.669,312
886.786,323
886.902,319
887.019,306
887.136,324
887.253,305
887.369,323
887.486,318
887.603,328
887.72,309
887.837,328
887.953,329
888.07,312
888.187,297
888.304,318
888.42,316
888.537,327
888.654,328
888.77,325
888.887,303
889.004,318
889.121,326
889.237,321
889.354,319
889.471,318
889.587,300
889.704,313
889.821,314
889.938,313
890.054,323
890.171,328
890.288,306
890.404,311
890.521,305
890.638,329
890.754,317
890.871,321
890.988,315
891.104,320
891.221,315
891.337,302
891.454,328
891.571,319
891.687,317
891.804,317
891.921,318
892.037,319
892.154,320
892.27,315
892.387,311
892.504,324
892.62,309
892.737,311
892.854,311
892.97,332
893.087,309
893.203,325
893.32,314
893.436,310
893.553,312
893.67,319
893.786,325
893.903,311
894.019,312
894.136,309
894.252,318
894.369,319
894.485,321
894.602,316
894.718,317
894.835,301
894.951,324
895.068,320
895.184,318
895.301,314
895.417,311
895.534,310
895.65,321
895.767,316
895.883,325
896.0,314
896.116,316
896.233,324
896.349,301
896.466,331
896.582,321
896.699,326
896.815,324
896.932,308
897.048,323
897.165,327
897.281,325
897.397,319
897.514,308
897.63,316
897.747,311
897.863,299
897.979,315
898.096,312
898.212,311
898.329,315
898.445,323
898.561,328
898.678,311
898.794,323
898.911,301
899.027,324
899.143,316
899.26,321
899.376,325
899.492,323
899.609,303
899.725,324
899.842,308
899.958,316
900.074,307
900.191,323
900.307,307
900.423,330
900.539,327
900.656,314
900.772,322
900.888,324
901.005,313
901.121,331
901.237,299
901.354,314
901.47,322
901.586,331
901.703,316
901.819,325
901.935,309
902.051,329
902.168,319
902.284,325
902.4,323
902.516,318
902.633,318
902.749,315
902.865,322
902.981,314
903.098,319
903.214,312
903.33,325
903.446,328
903.562,316
903.679,326
903.795,311
903.911,316
904.027,320
904.143,317
904.26,306
904.376,319
904.492,309
904.608,309
904.724,311
904.841,310
904.957,320
905.073,303
905.189,314
905.305,309
905.421,336
905.538,318
905.654,306
905.77,307
905.886,318
906.002,322
906.118,308
906.234,314
906.35,313
906.466,319
906.583,315
906.699,315
906.815,312
906.931,332
907.047,323
907.163,309
907.279,320
907.395,318
907.511,308
907.627,320
907.743,322
907.859,315
907.976,307
908.092,322
908.208,306
908.324,323
908.44,311
908.556,318
908.672,317
908.788,317
908.904,313
909.02,329
909.136,304
909.252,328
909.368,303
909.484,336
909.6,317
909.716,318
909.832,310
909.948,320
910.064,315
910.18,325
910.296,314
910.412,323
910.528,325
910.644,310
910.76,330
910.875,326
910.991,306
911.107,317
911.223,325
911.339,312
911.455,311
911.571,324
911.687,314
911.803,329
911.919,306
912.035,332
912.151,319
912.267,317
912.382,308
912.498,324
912.614,317
912.73,323
912.846,300
792.446,323
792.565,350
792.684,406
792.803,378
792.922,348
793.041,321
793.16,326
793.279,336
793.398,338
793.518,316
793.637,302
793.756,332
793.875,350
793.994,346
794.113,328
794.232,317
794.351,312
794.47,339
794.589,322
794.708,340
794.827,328
794.946,328
795.066,337
795.185,333
795.304,344
795.423,319
795.542,327
795.661,330
795.78,331
795.899,328
796.018,330
796.137,332
796.256,340
796.375,324
796.494,345
796.613,322
796.732,330
796.851,333
796.97,322
797.089,336
797.208,332
797.327,333
797.446,349
797.565,324
797.684,341
797.803,325
797.922,326
798.041,350
798.16,341
798.279,338
798.398,329
798.517,343
798.636,330
798.755,331
798.874,337
798.993,337
799.112,335
799.231,319
799.35,330
799.469,333
799.588,324
799.707,324
799.826,324
799.945,316
800.064,339
800.183,312
800.302,333
800.421,319
800.54,336
800.659,335
800.778,349
800.897,325
801.016,344
801.135,329
801.254,325
801.373,324
801.492,338
801.611,326
801.729,315
801.848,317
801.967,328
802.086,327
802.205,319
802.324,325
802.443,328
802.562,336
802.681,331
802.8,319
802.919,329
803.038,327
803.157,329
803.276,318
803.394,320
803.513,330
803.632,331
803.751,322
803.87,322
803.989,339
804.108,326
804.227,317
804.346,326
804.465,338
804.583,342
804.702,342
804.821,332
804.94,312
805.059,342
805.178,346
805.297,322
805.416,338
805.535,348
805.653,322
805.772,338
805.891,322
806.01,353
806.129,331
806.248,334
806.367,317
806.485,333
806.604,333
806.723,340
806.842,337
806.961,331
807.08,321
807.198,325
807.317,335
807.436,333
807.555,324
807.674,332
807.793,336
807.912,335
808.03,324
808.149,328
808.268,330
808.387,342
808.506,316
808.624,336
808.743,324
808.862,355
808.981,330
809.1,328
809.219,347
809.337,333
809.456,326
809.575,326
809.694,328
809.812,338
809.931,329
810.05,325
810.169,332
810.288,345
810.406,323
810.525,350
810.644,334
810.763,332
810.882,332
811.0,332
811.119,333
811.238,327
811.357,334
811.475,324
811.594,337
811.713,335
811.832,319
811.95,338
812.069,326
812.188,331
812.307,319
812.425,334
812.544,336
812.663,337
812.782,318
812.9,344
813.019,333
813.138,331
813.257,328
813.375,335
813.494,339
813.613,330
813.731,339
813.85,335
813.969,325
814.088,333
814.206,323
814.325,331
814.444,326
814.562,342
814.681,313
814.8,332
814.918,334
815.037,335
815.156,338
815.274,323
815.393,340
815.512,330
815.631,331
815.749,329
815.868,313
815.987,328
816.105,331
816.224,324
816.343,333
816.461,321
816.58,332
816.698,338
816.817,320
816.936,345
817.055,313
817.173,329
817.292,332
817.41,334
817.529,328
817.648,338
817.766,315
817.885,315
818.004,333
818.122,322
818.241,326
818.359,335
818.478,326
818.597,322
818.715,319
818.834,339
818.953,318
819.071,328
819.19,327
819.308,330
819.427,335
819.546,310
819.664,322
819.783,332
819.901,328
820.02,331
820.138,315
820.257,334
820.376,325
820.494,324
820.613,320
820.731,334
820.85,318
820.969,318
821.087,321
821.206,329
821.324,315
821.443,313
821.561,319
821.68,313
821.798,314
821.917,331
822.035,320
822.154,323
822.273,318
822.391,327
822.51,299
822.628,326
822.747,320
822.865,316
822.984,311
823.102,316
823.221,334
823.339,323
823.458,316
823.576,323
823.695,315
823.813,324
823.932,313
824.05,313
824.169,322
824.287,330
824.406,339
824.524,310
824.643,327
824.761,309
824.88,329
824.998,322
825.117,321
825.235,323
825.354,325
825.472,317
825.591,322
825.709,329
825.828,318
825.946,320
826.064,323
826.183,329
826.301,323
826.42,314
826.538,323
826.657,314
826.775,318
826.894,326
827.012,328
827.13,318
827.249,309
827.367,321
827.486,322
827.604,315
827.723,309
827.841,307
827.959,332
828.078,322
828.196,303
828.315,320
828.433,306
828.552,326
828.67,317
828.788,311
828.907,326
829.025,328
829.143,320
829.262,326
829.38,309
829.499,316
829.617,315
829.735,315
829.854,318
829.972,321
830.091,300
830.209,319
830.327,309
830.446,322
830.564,299
830.682,322
830.801,312
830.919,328
831.037,307
831.156,309
831.274,307
831.392,319
831.511,319
831.629,309
831.747,323
831.866,331
831.984,315
832.102,332
832.221,321
832.339,316
832.457,318
832.576,327
832.694,302
832.812,325
832.93,310
833.049,327
833.167,310
833.285,321
833.404,300
833.522,325
833.64,310
833.759,307
833.877,313
833.995,318
834.113,315
834.232,317
834.35,315
834.468,334
834.586,321
834.705,325
834.823,302
834.941,322
835.059,315
835.178,312
835.296,306
835.414,314
835.532,325
835.651,313
835.769,319
835.887,321
836.005,319
836.124,319
836.242,311
836.36,323
836.478,296
836.596,326
836.715,312
836.833,323
836.951,310
837.069,305
837.188,332
837.306,322
837.424,312
837.542,308
837.66,316
837.779,324
837.897,323
838.015,321
838.133,305
838.251,323
838.369,315
838.487,328
838.606,313
838.724,331
838.842,304
838.96,335
839.078,306
839.196,319
839.315,314
839.433,314
839.551,316
839.669,324
839.787,331
839.905,314
840.023,307
840.142,322
840.26,318
840.378,330
840.496,312
840.614,318
840.732,314
840.85,319
840.968,313
841.087,321
841.205,314
841.323,330
841.441,315
841.559,326
841.677,320
841.795,294
841.913,323
842.031,332
842.149,331
842.267,329
842.385,309
842.504,321
842.622,306
842.74,318
842.858,316
842.976,321
843.094,305
843.212,316
843.33,319
843.448,318
843.566,309
843.684,320
843.802,307
843.92,315
844.038,323
844.156,329
844.274,326
844.392,317
844.51,321
844.628,315
844.746,312
844.864,327
844.982,310
845.1,326
845.218,315
845.336,317
845.454,306
845.572,326
845.69,325
845.808,323
845.926,307
846.044,320
846.162,313
846.28,315
846.398,320
846.516,322
846.634,317
846.752,323
846.87,312
846.988,317
847.106,318
847.224,324
847.342,301
847.46,330
847.578,308
847.696,322
847.814,328
847.932,315
848.05,310
848.168,314
848.285,319
848.403,309
848.521,307
848.639,314
848.757,315
848.875,314
848.993,308
849.111,322
849.229,320
849.347,312
849.465,313
849.582,320
849.7,321
849.818,310
849.936,321
850.054,307
850.172,303
850.29,317
850.408,312
850.525,322
850.643,303
850.761,316
850.879,318
850.997,330
851.115,319
851.233,321
851.35,305
851.468,321
851.586,303
851.704,321
851.822,321
851.94,312
852.057,311
852.175,309
852.293,302
852.411,304
852.529,328
852.647,322
852.764,316
852.882,320
853.0,315
853.118,331
853.236,311
853.353,311
853.471,316
853.589,315
853.707,319
853.824,317
853.942,322
854.06,311
854.178,312
854.296,318
854.413,314
854.531,329
854.649,314
854.767,324
854.884,326
855.002,320
855.12,313
855.238,312
855.355,307
855.473,319
855.591,319
855.708,304
855.826,312
855.944,322
856.062,316
856.179,316
856.297,310
856.415,319
856.532,307
856.65,324
856.768,311
856.886,323
857.003,315
857.121,315
857.239,316
857.356,318
857.474,314
857.592,320
857.709,321
857.827,330
857.945,310
858.062,304
858.18,310
858.298,309
858.415,310
858.533,320
858.651,310
858.768,330
858.886,314
859.003,327
859.121,324
859.239,327
859.356,321
859.474,330
859.592,317
859.709,324
859.827,316
859.944,322
860.062,306
860.18,316
860.297,316
860.415,321
860.532,313
860.65,315
860.768,315
860.885,326
861.003,308
861.12,313
861.238,313
861.356,323
861.473,315
861.591,314
861.708,320
861.826,318
861.943,328
862.061,324
862.178,312
862.296,335
862.414,313
862.531,319
862.649,314
862.766,321
862.884,314
863.001,333
863.119,316
863.236,328
863.354,310
863.471,323
863.589,313
863.706,317
863.824,310
863.941,325
864.059,311
864.176,324
864.294,329
864.411,326
864.529,307
864.646,328
864.764,311
864.881,320
864.999,307
865.116,336
865.233,323
865.351,302
865.468,322
865.586,326
865.703,304
865.821,323
865.938,318
866.056,311
866.173,318
866.29,331
866.408,303
866.525,321
866.643,319
866.76,313
866.878,322
866.995,316
867.112,318
867.23,306
867.347,321
867.465,311
867.582,315
867.699,311
867.817,313
867.934,310
868.051,316
868.169,316
868.286,306
868.404,319
868.521,328
868.638,317
868.756,314
868.873,308
868.99,317
869.108,315
869.225,314
869.342,318
869.46,311
869.577,326
869.694,307
869.812,319
869.929,318
870.046,320
870.164,315
870.281,316
870.398,317
870.516,317
870.633,303
870.75,324
870.867,325
870.985,322
871.102,311
871.219,320
871.337,312
871.454,314
871.571,320
871.688,337
871.806,314
871.923,325
872.04,311
872.157,332
872.275,320
872.392,318
872.509,323
872.626,314
872.744,324
872.861,312
872.978,323
873.095,322
873.213,315
873.33,320
873.447,316
873.564,304
873.681,325
873.799,323
873.916,323
874.033,311
874.15,320
874.267,318
874.385,316
874.502,309
874.619,314
874.736,313
874.853,310
874.97,315
875.088,323
875.205,313
875.322,320
875.439,322
875.556,318
875.673,335
875.791,304
875.908,312
876.025,310
876.142,310
876.259,315
876.376,312
876.493,305
876.61,330
876.728,313
876.845,323
876.962,321
877.079,316
877.196,326
877.313,321
877.43,312
877.547,328
877.664,312
877.781,311
877.898,312
878.016,321
878.133,316
878.25,308
878.367,322
878.484,320
878.601,310
878.718,328
878.835,320
878.952,323
879.069,302
879.186,325
879.303,309
879.42,318
879.537,312
879.654,321
879.771,309
879.888,336
880.005,319
880.122,332
880.239,317
880.356,322
880.473,310
880.59,312
880.707,311
880.824,326
880.941,315
881.058,312
881.175,314
881.292,315
881.409,305
881.526,327
881.643,314
881.76,325
881.877,321
881.994,329
882.111,319
882.228,325
882.345,321
882.462,308
882.579,303
882.696,323
882.812,320
882.929,320
883.046,314
883.163,327
883.28,317
883.397,331
883.514,325
883.631,315
883.748,310
883.865,321
883.982,307
884.098,309
884.215,319
884.332,317
884.449,318
884.566,326
884.683,315
884.8,320
884.916,321
885.033,322
885.15,313
885.267,321
885.384,325
885.501,324
885.617,314
885.734,321
885.851,320
885.968,309
886.085,325
886.202,319
886.318,307
886.435,313
886.552,327
886.669,315
886.786,320
886.902,317
887.019,314
887.136,314
887.253,312
887.369,328
887.486,316
887.603,315
887.72,308
887.837,319
887.953,306
888.07,324
888.187,325
888.304,317
888.42,328
888.537,318
888.654,308
888.77,305
888.887,325
889.004,309
889.121,327
889.237,329
889.354,320
889.471,313
889.587,313
889.704,326
889.821,322
889.938,313
890.054,315
890.171,315
890.288,316
890.404,321
890.521,311
890.638,321
890.754,321
890.871,316
890.988,323
891.104,321
891.221,310
891.337,329
891.454,309
891.571,328
891.687,318
891.804,315
891.921,320
892.037,328
892.154,321
892.27,314
892.387,321
892.504,326
892.62,313
892.737,319
892.854,308
892.97,315
893.087,304
893.203,318
893.32,324
893.436,303
893.553,312
893.67,315
893.786,316
893.903,331
894.019,308
894.136,314
894.252,315
894.369,320
894.485,308
894.602,318
894.718,309
894.835,326
894.951,307
895.068,322
895.184,314
895.301,315
895.417,310
895.534,319
895.65,318
895.767,315
895.883,324
896.0,308
896.116,307
896.233,311
896.349,301
896.466,321
896.582,298
896.699,316
896.815,304
896.932,316
897.048,310
897.165,314
897.281,317
897.397,311
897.514,306
897.63,320
897.747,308
897.863,314
897.979,313
898.096,324
898.212,305
898.329,312
898.445,332
898.561,335
898.678,303
898.794,332
898.911,314
899.027,325
899.143,328
899.26,313
899.376,319
899.492,325
899.609,309
899.725,307
899.842,310
899.958,342
900.074,312
900.191,319
900.307,307
900.423,319
900.539,312
900.656,309
900.772,329
900.888,331
901.005,311
901.121,321
901.237,304
901.354,320
901.47,317
901.586,328
901.703,308
901.819,315
901.935,323
902.051,320
902.168,309
902.284,323
902.4,305
902.516,317
902.633,320
902.749,324
902.865,294
902.981,314
903.098,315
903.214,315
903.33,309
903.446,314
903.562,320
903.679,333
903.795,311
903.911,315
904.027,321
904.143,320
904.26,328
904.376,328
904.492,316
904.608,318
904.724,314
904.841,325
904.957,306
905.073,312
905.189,313
905.305,328
905.421,323
905.538,329
905.654,309
905.77,325
905.886,335
906.002,324
906.118,319
906.234,319
906.35,324
906.466,320
906.583,329
906.699,317
906.815,317
906.931,321
907.047,326
907.163,317
907.279,326
907.395,323
907.511,325
907.627,297
907.743,311
907.859,326
907.976,318
908.092,315
908.208,320
908.324,333
908.44,322
908.556,328
908.672,308
908.788,319
908.904,322
909.02,313
909.136,320
909.252,311
909.368,309
909.484,324
909.6,311
909.716,322
909.832,304
909.948,310
910.064,325
910.18,336
910.296,311
910.412,335
910.528,313
910.644,333
910.76,321
910.875,326
910.991,313
911.107,319
911.223,323
911.339,328
911.455,315
911.571,324
911.687,322
911.803,319
911.919,316
912.035,319
912.151,311
912.267,314
912.382,306
912.498,309
912.614,299
912.73,321
912.846,303
792.446,308
792.565,341
792.684,409
792.803,377
792.922,332
793.041,320
793.16,317
793.279,341
793.398,348
793.518,303
793.637,327
793.756,324
793.875,361
793.994,344
794.113,331
794.232,322
794.351,318
794.47,326
794.589,324
794.708,332
794.827,321
794.946,316
795.066,330
795.185,332
795.304,342
795.423,330
795.542,337
795.661,323
795.78,337
795.899,330
796.018,327
796.137,333
796.256,341
796.375,324
796.494,337
796.613,322
796.732,323
796.851,338
796.97,328
797.089,314
797.208,327
797.327,342
797.446,335
797.565,319
797.684,318
797.803,337
797.922,351
798.041,329
798.16,342
798.279,320
798.398,338
798.517,315
798.636,325
798.755,329
798.874,335
798.993,321
799.112,344
799.231,328
799.35,334
799.469,327
799.588,336
799.707,322
799.826,325
799.945,315
800.064,328
800.183,316
800.302,328
800.421,314
800.54,327
800.659,327
800.778,326
800.897,350
801.016,320
801.135,323
801.254,333
801.373,332
801.492,326
801.611,318
801.729,325
801.848,320
801.967,337
802.086,309
802.205,330
802.324,332
802.443,329
802.562,320
802.681,336
802.8,323
802.919,332
803.038,324
803.157,333
803.276,346
803.394,335
803.513,335
803.632,334
803.751,325
803.87,325
803.989,324
804.108,335
804.227,326
804.346,339
804.465,343
804.583,328
804.702,332
804.821,330
804.94,321
805.059,334
805.178,311
805.297,343
805.416,323
805.535,325
805.653,326
805.772,326
805.891,323
806.01,331
806.129,319
806.248,335
806.367,338
806.485,320
806.604,336
806.723,320
806.842,332
806.961,336
807.08,346
807.198,327
807.317,328
807.436,334
807.555,325
807.674,333
807.793,329
807.912,335
808.03,330
808.149,321
808.268,328
808.387,320
808.506,344
808.624,324
808.743,317
808.862,346
808.981,325
809.1,334
809.219,321
809.337,324
809.456,332
809.575,333
809.694,336
809.812,330
809.931,326
810.05,330
810.169,324
810.288,331
810.406,338
810.525,321
810.644,310
810.763,333
810.882,320
811.0,350
811.119,322
811.238,328
811.357,331
811.475,330
811.594,329
811.713,337
811.832,331
811.95,324
812.069,338
812.188,332
812.307,336
812.425,330
812.544,347
812.663,331
812.782,343
812.9,340
813.019,331
813.138,335
813.257,321
813.375,340
813.494,311
813.613,325
813.731,323
813.85,337
813.969,322
814.088,333
814.206,335
814.325,329
814.444,334
814.562,331
814.681,331
814.8,339
814.918,326
815.037,334
815.156,330
815.274,329
815.393,327
815.512,341
815.631,315
815.749,322
815.868,315
815.987,322
816.105,329
816.224,335
816.343,316
816.461,322
816.58,328
816.698,328
816.817,334
816.936,337
817.055,319
817.173,338
817.292,333
817.41,333
817.529,331
817.648,329
817.766,320
817.885,319
818.004,316
818.122,336
818.241,313
818.359,344
818.478,313
818.597,323
818.715,308
818.834,327
818.953,327
819.071,315
819.19,308
819.308,330
819.427,319
819.546,334
819.664,312
819.783,321
819.901,327
820.02,327
820.138,311
820.257,327
820.376,320
820.494,325
820.613,314
820.731,311
820.85,318
820.969,326
821.087,314
821.206,308
821.324,313
821.443,322
821.561,315
821.68,333
821.798,315
821.917,329
822.035,309
822.154,322
822.273,320
822.391,334
822.51,317
822.628,313
822.747,311
822.865,312
822.984,323
823.102,315
823.221,310
823.339,308
823.458,322
823.576,323
823.695,312
823.813,331
823.932,321
824.05,320
824.169,320
824.287,322
824.406,317
824.524,321
824.643,315
824.761,341
824.88,315
824.998,326
825.117,317
825.235,324
825.354,319
825.472,331
825.591,319
825.709,325
825.828,292
825.946,331
826.064,309
826.183,313
826.301,324
826.42,318
826.538,307
826.657,306
826.775,305
826.894,312
827.012,323
827.13,310
827.249,308
827.367,320
827.486,295
827.604,318
827.723,314
827.841,317
827.959,311
828.078,330
828.196,324
828.315,310
828.433,309
828.552,329
828.67,308
828.788,325
828.907,302
829.025,324
829.143,332
829.262,308
829.38,323
829.499,313
829.617,311
829.735,327
829.854,302
829.972,298
830.091,316
830.209,327
830.327,320
830.446,327
830.564,311
830.682,312
830.801,322
830.919,318
831.037,303
831.156,332
831.274,319
831.392,310
831.511,315
831.629,318
831.747,321
831.866,305
831.984,310
832.102,314
832.221,304
832.339,321
832.457,321
832.576,314
832.694,320
832.812,319
832.93,314
833.049,321
833.167,336
833.285,316
833.404,309
833.522,336
833.64,307
833.759,324
833.877,312
833.995,312
834.113,319
834.232,310
834.35,309
834.468,330
834.586,318
834.705,329
834.823,314
834.941,336
835.059,321
835.178,314
835.296,323
835.414,307
835.532,306
835.651,323
835.769,306
835.887,326
836.005,318
836.124,309
836.242,322
836.36,311
836.478,322
836.596,326
836.715,312
836.833,320
836.951,324
837.069,332
837.188,315
837.306,310
837.424,298
837.542,324
837.66,315
837.779,324
837.897,321
838.015,320
838.133,322
838.251,313
838.369,309
838.487,332
838.606,318
838.724,321
838.842,305
838.96,309
839.078,341
839.196,316
839.315,309
839.433,325
839.551,313
839.669,337
839.787,313
839.905,311
840.023,318
840.142,323
840.26,332
840.378,317
840.496,317
840.614,306
840.732,319
840.85,328
840.968,309
841.087,314
841.205,319
841.323,311
841.441,320
841.559,313
841.677,319
841.795,332
841.913,310
842.031,324
842.149,322
842.267,319
842.385,306
842.504,315
842.622,315
842.74,309
842.858,312
842.976,321
843.094,320
843.212,310
843.33,314
843.448,313
843.566,330
843.684,308
843.802,302
843.92,310
844.038,320
844.156,311
844.274,320
844.392,312
844.51,332
844.628,322
844.746,315
844.864,323
844.982,308
845.1,321
845.218,309
845.336,330
845.454,299
845.572,325
845.69,321
845.808,327
845.926,316
846.044,318
846.162,321
846.28,319
846.398,317
846.516,318
846.634,308
846.752,317
846.87,318
846.988,309
847.106,314
847.224,333
847.342,303
847.46,322
847.578,317
847.696,311
847.814,311
847.932,317
848.05,293
848.168,329
848.285,317
848.403,313
848.521,318
848.639,317
848.757,309
848.875,311
848.993,303
849.111,326
849.229,293
849.347,329
849.465,306
849.582,316
849.7,314
849.818,320
849.936,309
850.054,316
850.172,300
850.29,324
850.408,319
850.525,310
850.643,302
850.761,317
850.879,301
850.997,314
851.115,295
851.233,316
851.35,310
851.468,305
851.586,316
851.704,317
851.822,313
851.94,316
852.057,303
852.175,324
852.293,313
852.411,320
852.529,317
852.647,330
852.764,315
852.882,322
853.0,303
853.118,322
853.236,306
853.353,318
853.471,316
853.589,313
853.707,321
853.824,324
853.942,316
854.06,318
854.178,319
854.296,310
854.413,320
854.531,326
854.649,312
854.767,315
854.884,313
855.002,324
855.12,317
855.238,315
855.355,317
855.473,316
855.591,320
855.708,329
855.826,310
855.944,301
856.062,310
856.179,319
856.297,314
856.415,319
856.532,322
856.65,315
856.768,317
856.886,327
857.003,328
857.121,324
857.239,307
857.356,325
857.474,309
857.592,320
857.709,324
857.827,304
857.945,320
858.062,324
858.18,310
858.298,315
858.415,304
858.533,311
858.651,317
858.768,313
858.886,308
859.003,313
859.121,302
859.239,324
859.356,313
859.474,323
859.592,314
859.709,315
859.827,311
859.944,314
860.062,317
860.18,320
860.297,311
860.415,307
860.532,316
860.65,315
860.768,296
860.885,308
861.003,301
861.12,321
861.238,313
861.356,302
861.473,309
861.591,315
861.708,311
861.826,327
861.943,312
862.061,312
862.178,319
862.296,323
862.414,320
862.531,314
862.649,315
862.766,319
862.884,298
863.001,322
863.119,319
863.236,317
863.354,328
863.471,309
863.589,319
863.706,310
863.824,307
863.941,311
864.059,313
864.176,320
864.294,312
864.411,314
864.529,307
864.646,321
864.764,298
864.881,323
864.999,316
865.116,322
865.233,302
865.351,316
865.468,317
865.586,329
865.703,302
865.821,310
865.938,304
866.056,314
866.173,307
866.29,321
866.408,313
866.525,312
866.643,310
866.76,315
866.878,300
866.995,328
867.112,315
867.23,326
867.347,301
867.465,311
867.582,314
867.699,328
867.817,302
867.934,311
868.051,324
868.169,314
868.286,310
868.404,310
868.521,313
868.638,321
868.756,316
868.873,318
868.99,319
869.108,325
869.225,311
869.342,318
869.46,319
869.577,308
869.694,319
869.812,306
869.929,309
870.046,321
870.164,306
870.281,318
870.398,320
870.516,300
870.633,308
870.75,319
870.867,311
870.985,320
871.102,298
871.219,318
871.337,304
871.454,318
871.571,320
871.688,319
871.806,323
871.923,307
872.04,304
872.157,316
872.275,308
872.392,310
872.509,305
872.626,328
872.744,311
872.861,319
872.978,324
873.095,314
873.213,308
873.33,311
873.447,307
873.564,315
873.681,308
873.799,321
873.916,309
874.033,307
874.15,316
874.267,323
874.385,307
874.502,322
874.619,310
874.736,311
874.853,309
874.97,306
875.088,333
875.205,331
875.322,314
875.439,307
875.556,324
875.673,312
875.791,312
875.908,320
876.025,299
876.142,322
876.259,315
876.376,313
876.493,295
876.61,324
876.728,323
876.845,311
876.962,309
877.079,318
877.196,313
877.313,328
877.43,309
877.547,312
877.664,325
877.781,320
877.898,321
878.016,322
878.133,301
878.25,319
878.367,307
878.484,322
878.601,302
878.718,319
878.835,320
878.952,313
879.069,315
879.186,322
879.303,315
879.42,327
879.537,305
879.654,311
879.771,308
879.888,324
880.005,319
880.122,305
880.239,321
880.356,317
880.473,314
880.59,314
880.707,322
880.824,327
880.941,320
881.058,310
881.175,313
881.292,309
881.409,310
881.526,315
881.643,305
881.76,325
881.877,315
881.994,319
882.111,327
882.228,311
882.345,329
882.462,312
882.579,311
882.696,316
882.812,312
882.929,316
883.046,320
883.163,310
883.28,314
883.397,308
883.514,324
883.631,319
883.748,322
883.865,303
883.982,312
884.098,321
884.215,308
884.332,319
884.449,308
884.566,314
884.683,308
884.8,307
884.916,330
885.033,325
885.15,317
885.267,313
885.384,302
885.501,318
885.617,320
885.734,317
885.851,316
885.968,311
886.085,313
886.202,324
886.318,306
886.435,312
886.552,322
886.669,314
886.786,322
886.902,327
887.019,311
887.136,321
887.253,311
887.369,310
887.486,308
887.603,307
887.72,307
887.837,325
887.953,303
888.07,307
888.187,315
888.304,323
888.42,304
888.537,315
888.654,301
888.77,325
888.887,314
889.004,325
889.121,322
889.237,318
889.354,317
889.471,325
889.587,316
889.704,326
889.821,301
889.938,322
890.054,318
890.171,322
890.288,315
890.404,301
890.521,310
890.638,325
890.754,314
890.871,330
890.988,308
891.104,325
891.221,308
891.337,330
891.454,324
891.571,317
891.687,319
891.804,319
891.921,321
892.037,317
892.154,306
892.27,313
892.387,309
892.504,312
892.62,320
892.737,318
892.854,323
892.97,310
893.087,317
893.203,318
893.32,295
893.436,327
893.553,318
893.67,317
893.786,311
893.903,325
894.019,310
894.136,329
894.252,305
894.369,318
894.485,318
894.602,328
894.718,328
894.835,309
894.951,314
895.068,313
895.184,311
895.301,327
895.417,318
895.534,311
895.65,318
895.767,331
895.883,316
896.0,322
896.116,316
896.233,326
896.349,318
896.466,307
896.582,310
896.699,313
896.815,321
896.932,321
897.048,317
897.165,319
897.281,310
897.397,324
897.514,306
897.63,328
897.747,319
897.863,311
897.979,310
898.096,309
898.212,314
898.329,313
898.445,326
898.561,323
898.678,311
898.794,315
898.911,317
899.027,309
899.143,298
899.26,328
899.376,308
899.492,324
899.609,306
899.725,323
899.842,310
899.958,322
900.074,306
900.191,324
900.307,312
900.423,324
900.539,324
900.656,308
900.772,303
900.888,318
901.005,322
901.121,314
901.237,322
901.354,313
901.47,303
901.586,324
901.703,299
901.819,321
901.935,310
902.051,324
902.168,317
902.284,325
902.4,318
902.516,314
902.633,317
902.749,322
902.865,305
902.981,314
903.098,323
903.214,317
903.33,313
903.446,312
903.562,301
903.679,334
903.795,307
903.911,313
904.027,320
904.143,324
904.26,326
904.376,311
904.492,313
904.608,318
904.724,309
904.841,321
904.957,303
905.073,307
905.189,309
905.305,313
905.421,322
905.538,319
905.654,305
905.77,313
905.886,311
906.002,319
906.118,313
906.234,321
906.35,316
906.466,319
906.583,315
906.699,314
906.815,332
906.931,318
907.047,310
907.163,319
907.279,313
907.395,326
907.511,308
907.627,312
907.743,324
907.859,333
907.976,316
908.092,316
908.208,320
908.324,319
908.44,300
908.556,332
908.672,311
908.788,326
908.904,316
909.02,327
909.136,320
909.252,313
909.368,309
909.484,316
909.6,315
909.716,305
909.832,302
909.948,318
910.064,316
910.18,329
910.296,322
910.412,306
910.528,325
910.644,321
910.76,309
910.875,312
910.991,316
911.107,325
911.223,302
911.339,323
911.455,308
911.571,314
911.687,322
911.803,319
911.919,318
912.035,322
912.151,309
912.267,320
912.382,319
912.498,319
912.614,307
912.73,309
912.846,312
