792.446,342
792.565,373
792.684,425
792.803,403
792.922,353
793.041,342
793.16,336
793.279,358
793.398,355
793.518,342
793.637,348
793.756,348
793.875,364
793.994,359
794.113,355
794.232,341
794.351,345
794.47,341
794.589,328
794.708,333
794.827,338
794.946,337
795.066,337
795.185,354
795.304,342
795.423,344
795.542,353
795.661,342
795.78,341
795.899,345
796.018,347
796.137,324
796.256,349
796.375,335
796.494,344
796.613,341
796.732,348
796.851,330
796.97,346
797.089,328
797.208,334
797.327,345
797.446,344
797.565,349
797.684,321
797.803,345
797.922,344
798.041,328
798.16,332
798.279,313
798.398,331
798.517,322
798.636,347
798.755,333
798.874,340
798.993,320
799.112,333
799.231,325
799.35,333
799.469,335
799.588,331
799.707,328
799.826,324
799.945,330
800.064,338
800.183,323
800.302,312
800.421,338
800.54,328
800.659,322
800.778,324
800.897,318
801.016,324
801.135,325
801.254,321
801.373,327
801.492,320
801.611,323
801.729,323
801.848,327
801.967,334
802.086,337
802.205,322
802.324,316
802.443,329
802.562,325
802.681,352
802.8,318
802.919,334
803.038,323
803.157,331
803.276,339
803.394,332
803.513,316
803.632,336
803.751,326
803.87,336
803.989,334
804.108,323
804.227,310
804.346,323
804.465,315
804.583,328
804.702,337
804.821,323
804.94,340
805.059,338
805.178,318
805.297,320
805.416,324
805.535,332
805.653,328
805.772,331
805.891,326
806.01,328
806.129,336
806.248,327
806.367,345
806.485,340
806.604,324
806.723,334
806.842,334
806.961,323
807.08,334
807.198,332
807.317,341
807.436,335
807.555,314
807.674,329
807.793,318
807.912,327
808.03,332
808.149,319
808.268,325
808.387,331
808.506,328
808.624,332
808.743,312
808.862,329
808.981,330
809.1,319
809.219,326
809.337,322
809.456,328
809.575,334
809.694,324
809.812,331
809.931,329
810.05,322
810.169,331
810.288,326
810.406,325
810.525,334
810.644,328
810.763,338
810.882,319
811.0,330
811.119,335
811.238,321
811.357,333
811.475,340
811.594,324
811.713,328
811.832,323
811.95,329
812.069,348
812.188,326
812.307,318
812.425,342
812.544,338
812.663,330
812.782,304
812.9,327
813.019,322
813.138,326
813.257,313
813.375,339
813.494,321
813.613,326
813.731,318
813.85,325
813.969,315
814.088,324
814.206,330
814.325,331
814.444,331
814.562,343
814.681,324
814.8,320
814.918,314
815.037,343
815.156,313
815.274,316
815.393,318
815.512,333
815.631,319
815.749,335
815.868,331
815.987,329
816.105,326
816.224,327
816.343,325
816.461,330
816.58,339
816.698,321
816.817,333
816.936,329
817.055,317
817.173,339
817.292,325
817.41,341
817.529,324
817.648,324
817.766,336
817.885,332
818.004,324
818.122,319
818.241,326
818.359,333
818.478,329
818.597,332
818.715,333
818.834,317
818.953,321
819.071,325
819.19,320
819.308,333
819.427,325
819.546,333
819.664,325
819.783,311
819.901,328
820.02,324
820.138,329
820.257,323
820.376,315
820.494,327
820.613,328
820.731,336
820.85,321
820.969,327
821.087,325
821.206,323
821.324,320
821.443,324
821.561,326
821.68,322
821.798,314
821.917,325
822.035,301
822.154,319
822.273,333
822.391,310
822.51,317
822.628,319
822.747,321
822.865,324
822.984,315
823.102,322
823.221,307
823.339,315
823.458,330
823.576,305
823.695,308
823.813,318
823.932,318
824.05,314
824.169,310
824.287,328
824.406,329
824.524,310
824.643,319
824.761,313
824.88,307
824.998,319
825.117,330
825.235,306
825.354,304
825.472,316
825.591,314
825.709,315
825.828,301
825.946,320
826.064,307
826.183,321
826.301,308
826.42,317
826.538,321
826.657,327
826.775,316
826.894,323
827.012,328
827.13,326
827.249,325
827.367,319
827.486,325
827.604,325
827.723,322
827.841,315
827.959,324
828.078,325
828.196,317
828.315,324
828.433,313
828.552,325
828.67,315
828.788,319
828.907,311
829.025,326
829.143,330
829.262,311
829.38,325
829.499,321
829.617,306
829.735,326
829.854,312
829.972,332
830.091,311
830.209,322
830.327,320
830.446,330
830.564,316
830.682,329
830.801,314
830.919,312
831.037,326
831.156,309
831.274,307
831.392,319
831.511,317
831.629,343
831.747,312
831.866,320
831.984,309
832.102,339
832.221,330
832.339,329
832.457,319
832.576,318
832.694,327
832.812,332
832.93,316
833.049,326
833.167,317
833.285,319
833.404,315
833.522,310
833.64,325
833.759,326
833.877,326
833.995,323
834.113,307
834.232,321
834.35,316
834.468,317
834.586,318
834.705,324
834.823,326
834.941,328
835.059,316
835.178,327
835.296,312
835.414,313
835.532,329
835.651,326
835.769,319
835.887,318
836.005,309
836.124,323
836.242,314
836.36,315
836.478,328
836.596,316
836.715,318
836.833,316
836.951,323
837.069,313
837.188,311
837.306,323
837.424,322
837.542,320
837.66,318
837.779,329
837.897,320
838.015,325
838.133,311
838.251,325
838.369,320
838.487,311
838.606,320
838.724,318
838.842,315
838.96,324
839.078,315
839.196,329
839.315,319
839.433,317
839.551,324
839.669,328
839.787,318
839.905,322
840.023,319
840.142,308
840.26,320
840.378,320
840.496,331
840.614,332
840.732,309
840.85,326
840.968,310
841.087,328
841.205,311
841.323,337
841.441,330
841.559,327
841.677,317
841.795,318
841.913,326
842.031,333
842.149,312
842.267,331
842.385,312
842.504,321
842.622,328
842.74,322
842.858,312
842.976,321
843.094,327
843.212,319
843.33,325
843.448,322
843.566,325
843.684,331
843.802,312
843.92,318
844.038,312
844.156,326
844.274,310
844.392,336
844.51,311
844.628,312
844.746,324
844.864,331
844.982,303
845.1,321
845.218,326
845.336,333
845.454,310
845.572,343
845.69,316
845.808,328
845.926,318
846.044,332
846.162,322
846.28,314
846.398,316
846.516,323
846.634,309
846.752,314
846.87,316
846.988,332
847.106,318
847.224,317
847.342,323
847.46,326
847.578,318
847.696,330
847.814,312
847.932,316
848.05,311
848.168,315
848.285,321
848.403,307
848.521,316
848.639,322
848.757,316
848.875,304
848.993,320
849.111,318
849.229,316
849.347,333
849.465,326
849.582,322
849.7,340
849.818,327
849.936,326
850.054,324
850.172,323
850.29,328
850.408,309
850.525,322
850.643,312
850.761,316
850.879,317
850.997,315
851.115,331
851.233,317
851.35,320
851.468,336
851.586,315
851.704,325
851.822,320
851.94,315
852.057,321
852.175,334
852.293,327
852.411,316
852.529,323
852.647,325
852.764,315
852.882,306
853.0,328
853.118,316
853.236,308
853.353,305
853.471,311
853.589,323
853.707,315
853.824,329
853.942,321
854.06,318
854.178,328
854.296,326
854.413,310
854.531,333
854.649,316
854.767,335
854.884,325
855.002,333
855.12,319
855.238,323
855.355,324
855.473,314
855.591,326
855.708,335
855.826,318
855.944,327
856.062,321
856.179,317
856.297,312
856.415,327
856.532,322
856.65,321
856.768,324
856.886,312
857.003,319
857.121,334
857.239,316
857.356,316
857.474,310
857.592,334
857.709,323
857.827,319
857.945,324
858.062,315
858.18,319
858.298,329
858.415,334
858.533,332
858.651,306
858.768,304
858.886,320
859.003,317
859.121,321
859.239,325
859.356,325
859.474,327
859.592,317
859.709,325
859.827,308
859.944,324
860.062,308
860.18,325
860.297,313
860.415,325
860.532,319
860.65,325
860.768,330
860.885,330
861.003,314
861.12,334
861.238,312
861.356,321
861.473,320
861.591,329
861.708,316
861.826,305
861.943,310
862.061,312
862.178,320
862.296,314
862.414,320
862.531,314
862.649,329
862.766,296
862.884,315
863.001,319
863.119,309
863.236,324
863.354,319
863.471,331
863.589,305
863.706,318
863.824,316
863.941,306
864.059,322
864.176,325
864.294,304
864.411,311
864.529,313
864.646,321
864.764,333
864.881,314
864.999,333
865.116,329
865.233,318
865.351,318
865.468,309
865.586,331
865.703,313
865.821,316
865.938,332
866.056,324
866.173,325
866.29,311
866.408,313
866.525,316
866.643,307
866.76,319
866.878,328
866.995,330
867.112,329
867.23,312
867.347,306
867.465,333
867.582,332
867.699,330
867.817,317
867.934,325
868.051,322
868.169,312
868.286,307
868.404,326
868.521,316
868.638,327
868.756,316
868.873,322
868.99,312
869.108,313
869.225,307
869.342,312
869.46,325
869.577,308
869.694,323
869.812,332
869.929,311
870.046,315
870.164,313
870.281,319
870.398,330
870.516,323
870.633,323
870.75,322
870.867,330
870.985,326
871.102,307
871.219,344
871.337,317
871.454,327
871.571,334
871.688,323
871.806,312
871.923,318
872.04,323
872.157,322
872.275,317
872.392,337
872.509,314
872.626,331
872.744,325
872.861,323
872.978,332
873.095,323
873.213,304
873.33,331
873.447,325
873.564,312
873.681,308
873.799,340
873.916,316
874.033,334
874.15,324
874.267,313
874.385,326
874.502,327
874.619,319
874.736,324
874.853,309
874.97,318
875.088,325
875.205,328
875.322,318
875.439,324
875.556,321
875.673,315
875.791,318
875.908,318
876.025,324
876.142,324
876.259,303
876.376,316
876.493,318
876.61,320
876.728,325
876.845,323
876.962,319
877.079,345
877.196,317
877.313,328
877.43,321
877.547,333
877.664,335
877.781,316
877.898,318
878.016,320
878.133,326
878.25,328
878.367,305
878.484,322
878.601,313
878.718,324
878.835,315
878.952,318
879.069,333
879.186,327
879.303,326
879.42,323
879.537,316
879.654,323
879.771,315
879.888,318
880.005,323
880.122,317
880.239,311
880.356,317
880.473,318
880.59,313
880.707,324
880.824,331
880.941,300
881.058,331
881.175,305
881.292,319
881.409,314
881.526,321
881.643,323
881.76,317
881.877,306
881.994,331
882.111,324
882.228,322
882.345,329
882.462,322
882.579,299
882.696,326
882.812,312
882.929,317
883.046,319
883.163,332
883.28,302
883.397,326
883.514,323
883.631,317
883.748,318
883.865,323
883.982,322
884.098,327
884.215,319
884.332,316
884.449,314
884.566,343
884.683,318
884.8,327
884.916,321
885.033,320
885.15,314
885.267,325
885.384,321
885.501,317
885.617,319
885.734,324
885.851,324
885.968,331
886.085,322
886.202,327
886.318,312
886.435,321
886.552,325
886.669,323
886.786,316
886.902,324
887.019,316
887.136,307
887.253,324
887.369,326
887.486,301
887.603,329
887.72,322
887.837,334
887.953,315
888.07,336
888.187,320
888.304,322
888.42,314
888.537,312
888.654,317
888.77,309
888.887,315
889.004,334
889.121,313
889.237,318
889.354,306
889.471,312
889.587,310
889.704,319
889.821,329
889.938,320
890.054,319
890.171,316
890.288,297
890.404,313
890.521,328
890.638,304
890.754,311
890.871,320
890.988,312
891.104,307
891.221,320
891.337,322
891.454,323
891.571,311
891.687,312
891.804,319
891.921,321
892.037,331
892.154,320
892.27,330
892.387,327
892.504,323
892.62,309
892.737,325
892.854,328
892.97,325
893.087,318
893.203,319
893.32,320
893.436,320
893.553,321
893.67,321
893.786,312
893.903,330
894.019,299
894.136,316
894.252,314
894.369,318
894.485,324
894.602,323
894.718,310
894.835,327
894.951,316
895.068,325
895.184,325
895.301,314
895.417,310
895.534,310
895.65,315
895.767,307
895.883,324
896.0,321
896.116,313
896.233,323
896.349,311
896.466,326
896.582,314
896.699,328
896.815,313
896.932,331
897.048,308
897.165,319
897.281,318
897.397,328
897.514,304
897.63,317
897.747,316
897.863,324
897.979,313
898.096,329
898.212,308
898.329,322
898.445,312
898.561,308
898.678,320
898.794,322
898.911,314
899.027,320
899.143,321
899.26,323
899.376,327
899.492,321
899.609,313
899.725,330
899.842,314
899.958,319
900.074,335
900.191,319
900.307,316
900.423,314
900.539,309
900.656,326
900.772,302
900.888,325
901.005,315
901.121,319
901.237,302
901.354,317
901.47,331
901.586,322
901.703,318
901.819,327
901.935,314
902.051,325
902.168,323
902.284,321
902.4,313
902.516,320
902.633,309
902.749,316
902.865,309
902.981,329
903.098,317
903.214,312
903.33,321
903.446,324
903.562,320
903.679,315
903.795,320
903.911,315
904.027,336
904.143,329
904.26,302
904.376,325
904.492,322
904.608,322
904.724,310
904.841,308
904.957,315
905.073,313
905.189,317
905.305,328
905.421,314
905.538,318
905.654,312
905.77,322
905.886,312
906.002,324
906.118,306
906.234,315
906.35,314
906.466,325
906.583,310
906.699,323
906.815,317
906.931,311
907.047,314
907.163,319
907.279,321
907.395,313
907.511,309
907.627,304
907.743,310
907.859,337
907.976,325
908.092,323
908.208,306
908.324,308
908.44,319
908.556,322
908.672,314
908.788,328
908.904,310
909.02,310
909.136,318
909.252,310
909.368,308
909.484,317
909.6,313
909.716,312
909.832,310
909.948,320
910.064,297
910.18,321
910.296,321
910.412,305
910.528,329
910.644,319
910.76,314
910.875,317
910.991,307
911.107,335
911.223,307
911.339,315
911.455,317
911.571,312
911.687,312
911.803,311
911.919,321
912.035,326
912.151,310
912.267,318
912.382,317
912.498,319
912.614,291
912.73,317
912.846,312
792.446,335
792.565,378
792.684,420
792.803,410
792.922,354
793.041,334
793.16,351
793.279,352
793.398,344
793.518,335
793.637,352
793.756,352
793.875,363
793.994,372
794.113,379
794.232,356
794.351,344
794.47,350
794.589,328
794.708,343
794.827,336
794.946,346
795.066,364
795.185,352
795.304,347
795.423,332
795.542,334
795.661,342
795.78,333
795.899,335
796.018,335
796.137,348
796.256,330
796.375,351
796.494,342
796.613,322
796.732,333
796.851,331
796.97,333
797.089,341
797.208,342
797.327,326
797.446,345
797.565,328
797.684,325
797.803,336
797.922,328
798.041,332
798.16,321
798.279,336
798.398,343
798.517,322
798.636,348
798.755,329
798.874,339
798.993,328
799.112,344
799.231,339
799.35,330
799.469,327
799.588,338
799.707,332
799.826,337
799.945,314
800.064,336
800.183,340
800.302,329
800.421,333
800.54,330
800.659,327
800.778,322
800.897,344
801.016,329
801.135,325
801.254,333
801.373,329
801.492,339
801.611,334
801.729,323
801.848,340
801.967,311
802.086,329
802.205,328
802.324,324
802.443,323
802.562,325
802.681,329
802.8,327
802.919,322
803.038,325
803.157,331
803.276,320
803.394,314
803.513,329
803.632,337
803.751,332
803.87,334
803.989,343
804.108,329
804.227,320
804.346,311
804.465,338
804.583,332
804.702,331
804.821,334
804.94,334
805.059,321
805.178,335
805.297,322
805.416,332
805.535,333
805.653,322
805.772,331
805.891,318
806.01,350
806.129,341
806.248,316
806.367,324
806.485,327
806.604,335
806.723,327
806.842,338
806.961,336
807.08,314
807.198,334
807.317,328
807.436,321
807.555,327
807.674,334
807.793,323
807.912,327
808.03,321
808.149,321
808.268,330
808.387,323
808.506,332
808.624,330
808.743,324
808.862,338
808.981,321
809.1,315
809.219,319
809.337,323
809.456,326
809.575,328
809.694,326
809.812,318
809.931,325
810.05,340
810.169,340
810.288,332
810.406,336
810.525,326
810.644,319
810.763,330
810.882,327
811.0,317
811.119,329
811.238,320
811.357,337
811.475,327
811.594,335
811.713,342
811.832,334
811.95,315
812.069,338
812.188,320
812.307,337
812.425,318
812.544,325
812.663,342
812.782,326
812.9,347
813.019,328
813.138,338
813.257,333
813.375,330
813.494,328
813.613,324
813.731,322
813.85,326
813.969,315
814.088,310
814.206,321
814.325,330
814.444,321
814.562,317
814.681,333
814.8,311
814.918,318
815.037,320
815.156,324
815.274,335
815.393,317
815.512,312
815.631,327
815.749,328
815.868,317
815.987,330
816.105,330
816.224,327
816.343,332
816.461,323
816.58,340
816.698,333
816.817,343
816.936,325
817.055,337
817.173,323
817.292,325
817.41,338
817.529,332
817.648,330
817.766,318
817.885,315
818.004,325
818.122,316
818.241,329
818.359,319
818.478,320
818.597,315
818.715,320
818.834,318
818.953,329
819.071,339
819.19,330
819.308,324
819.427,326
819.546,324
819.664,318
819.783,314
819.901,329
820.02,333
820.138,328
820.257,318
820.376,324
820.494,323
820.613,310
820.731,303
820.85,329
820.969,333
821.087,324
821.206,328
821.324,332
821.443,320
821.561,324
821.68,321
821.798,332
821.917,315
822.035,315
822.154,338
822.273,323
822.391,312
822.51,316
822.628,323
822.747,316
822.865,330
822.984,321
823.102,323
823.221,316
823.339,320
823.458,327
823.576,324
823.695,304
823.813,321
823.932,322
824.05,311
824.169,307
824.287,320
824.406,321
824.524,334
824.643,329
824.761,324
824.88,327
824.998,325
825.117,319
825.235,324
825.354,333
825.472,311
825.591,328
825.709,320
825.828,327
825.946,313
826.064,313
826.183,311
826.301,336
826.42,309
826.538,312
826.657,324
826.775,320
826.894,324
827.012,301
827.13,329
827.249,317
827.367,311
827.486,319
827.604,312
827.723,329
827.841,322
827.959,319
828.078,317
828.196,321
828.315,323
828.433,327
828.552,317
828.67,313
828.788,336
828.907,332
829.025,328
829.143,338
829.262,321
829.38,322
829.499,325
829.617,322
829.735,324
829.854,326
829.972,320
830.091,328
830.209,316
830.327,328
830.446,318
830.564,319
830.682,311
830.801,325
830.919,313
831.037,321
831.156,305
831.274,322
831.392,306
831.511,324
831.629,316
831.747,329
831.866,315
831.984,335
832.102,313
832.221,315
832.339,306
832.457,315
832.576,313
832.694,322
832.812,316
832.93,303
833.049,316
833.167,331
833.285,315
833.404,312
833.522,326
833.64,304
833.759,316
833.877,303
833.995,321
834.113,325
834.232,322
834.35,323
834.468,327
834.586,325
834.705,316
834.823,316
834.941,331
835.059,328
835.178,317
835.296,316
835.414,320
835.532,330
835.651,331
835.769,319
835.887,327
836.005,318
836.124,314
836.242,322
836.36,314
836.478,316
836.596,313
836.715,330
836.833,322
836.951,332
837.069,308
837.188,323
837.306,322
837.424,316
837.542,314
837.66,312
837.779,308
837.897,323
838.015,321
838.133,318
838.251,328
838.369,318
838.487,321
838.606,329
838.724,334
838.842,316
838.96,312
839.078,319
839.196,316
839.315,331
839.433,321
839.551,320
839.669,313
839.787,313
839.905,313
840.023,325
840.142,326
840.26,330
840.378,334
840.496,326
840.614,322
840.732,315
840.85,336
840.968,323
841.087,329
841.205,323
841.323,327
841.441,316
841.559,314
841.677,327
841.795,334
841.913,329
842.031,319
842.149,309
842.267,327
842.385,331
842.504,313
842.622,308
842.74,318
842.858,322
842.976,318
843.094,317
843.212,329
843.33,320
843.448,332
843.566,327
843.684,323
843.802,317
843.92,314
844.038,311
844.156,323
844.274,308
844.392,313
844.51,327
844.628,320
844.746,323
844.864,334
844.982,320
845.1,331
845.218,328
845.336,327
845.454,329
845.572,312
845.69,331
845.808,316
845.926,316
846.044,313
846.162,316
846.28,324
846.398,327
846.516,314
846.634,308
846.752,317
846.87,320
846.988,327
847.106,335
847.224,320
847.342,323
847.46,335
847.578,323
847.696,335
847.814,310
847.932,310
848.05,331
848.168,314
848.285,317
848.403,321
848.521,317
848.639,319
848.757,319
848.875,321
848.993,320
849.111,329
849.229,317
849.347,307
849.465,307
849.582,326
849.7,313
849.818,335
849.936,334
850.054,325
850.172,318
850.29,323
850.408,320
850.525,321
850.643,320
850.761,321
850.879,320
850.997,332
851.115,325
851.233,306
851.35,299
851.468,324
851.586,335
851.704,318
851.822,323
851.94,319
852.057,328
852.175,329
852.293,312
852.411,322
852.529,321
852.647,326
852.764,316
852.882,317
853.0,321
853.118,326
853.236,329
853.353,319
853.471,319
853.589,316
853.707,322
853.824,321
853.942,316
854.06,315
854.178,325
854.296,324
854.413,323
854.531,328
854.649,321
854.767,327
854.884,321
855.002,317
855.12,318
855.238,318
855.355,321
855.473,314
855.591,318
855.708,328
855.826,317
855.944,316
856.062,322
856.179,332
856.297,319
856.415,319
856.532,326
856.65,328
856.768,321
856.886,313
857.003,319
857.121,316
857.239,322
857.356,318
857.474,323
857.592,319
857.709,312
857.827,332
857.945,321
858.062,312
858.18,324
858.298,317
858.415,327
858.533,327
858.651,323
858.768,320
858.886,320
859.003,304
859.121,327
859.239,328
859.356,316
859.474,326
859.592,326
859.709,320
859.827,323
859.944,317
860.062,323
860.18,315
860.297,308
860.415,324
860.532,314
860.65,311
860.768,330
860.885,324
861.003,323
861.12,329
861.238,315
861.356,324
861.473,312
861.591,317
861.708,318
861.826,320
861.943,318
862.061,312
862.178,330
862.296,323
862.414,318
862.531,314
862.649,326
862.766,327
862.884,322
863.001,321
863.119,326
863.236,322
863.354,315
863.471,319
863.589,326
863.706,321
863.824,328
863.941,330
864.059,321
864.176,328
864.294,323
864.411,288
864.529,319
864.646,317
864.764,312
864.881,311
864.999,310
865.116,305
865.233,326
865.351,323
865.468,302
865.586,294
865.703,334
865.821,305
865.938,307
866.056,324
866.173,324
866.29,328
866.408,313
866.525,319
866.643,332
866.76,318
866.878,324
866.995,324
867.112,333
867.23,317
867.347,327
867.465,328
867.582,314
867.699,327
867.817,320
867.934,322
868.051,314
868.169,329
868.286,320
868.404,301
868.521,310
868.638,324
868.756,322
868.873,311
868.99,330
869.108,312
869.225,318
869.342,299
869.46,311
869.577,328
869.694,327
869.812,316
869.929,323
870.046,308
870.164,326
870.281,318
870.398,335
870.516,315
870.633,331
870.75,319
870.867,313
870.985,335
871.102,339
871.219,321
871.337,334
871.454,327
871.571,339
871.688,325
871.806,318
871.923,324
872.04,324
872.157,324
872.275,320
872.392,328
872.509,330
872.626,312
872.744,330
872.861,315
872.978,324
873.095,323
873.213,329
873.33,317
873.447,322
873.564,309
873.681,312
873.799,318
873.916,327
874.033,317
874.15,315
874.267,314
874.385,310
874.502,322
874.619,323
874.736,319
874.853,308
874.97,320
875.088,330
875.205,318
875.322,320
875.439,328
875.556,325
875.673,337
875.791,312
875.908,313
876.025,325
876.142,306
876.259,324
876.376,323
876.493,313
876.61,331
876.728,319
876.845,331
876.962,310
877.079,323
877.196,323
877.313,327
877.43,324
877.547,326
877.664,309
877.781,315
877.898,322
878.016,323
878.133,326
878.25,322
878.367,316
878.484,316
878.601,327
878.718,308
878.835,327
878.952,312
879.069,312
879.186,313
879.303,316
879.42,321
879.537,316
879.654,314
879.771,319
879.888,325
880.005,314
880.122,324
880.239,323
880.356,316
880.473,329
880.59,314
880.707,325
880.824,312
880.941,337
881.058,309
881.175,315
881.292,313
881.409,314
881.526,316
881.643,334
881.76,316
881.877,313
881.994,303
882.111,311
882.228,313
882.345,323
882.462,328
882.579,316
882.696,326
882.812,319
882.929,311
883.046,327
883.163,319
883.28,313
883.397,312
883.514,309
883.631,322
883.748,317
883.865,321
883.982,330
884.098,318
884.215,317
884.332,322
884.449,326
884.566,329
884.683,324
884.8,313
884.916,320
885.033,320
885.15,316
885.267,322
885.384,329
885.501,323
885.617,337
885.734,320
885.851,319
885.968,322
886.085,334
886.202,321
886.318,338
886.435,317
886.552,329
886.669,322
886.786,324
886.902,325
887.019,323
887.136,321
887.253,321
887.369,322
887.486,319
887.603,318
887.72,313
887.837,318
887.953,321
888.07,306
888.187,322
888.304,313
888.42,331
888.537,315
888.654,320
888.77,329
888.887,318
889.004,313
889.121,323
889.237,316
889.354,316
889.471,312
889.587,321
889.704,310
889.821,320
889.938,318
890.054,319
890.171,301
890.288,327
890.404,314
890.521,320
890.638,318
890.754,313
890.871,327
890.988,323
891.104,313
891.221,317
891.337,326
891.454,322
891.571,302
891.687,324
891.804,322
891.921,319
892.037,317
892.154,332
892.27,320
892.387,309
892.504,310
892.62,320
892.737,308
892.854,323
892.97,326
893.087,323
893.203,324
893.32,313
893.436,328
893.553,329
893.67,315
893.786,310
893.903,308
894.019,327
894.136,321
894.252,326
894.369,321
894.485,321
894.602,310
894.718,329
894.835,327
894.951,324
895.068,324
895.184,316
895.301,323
895.417,323
895.534,318
895.65,323
895.767,307
895.883,318
896.0,324
896.116,317
896.233,320
896.349,328
896.466,313
896.582,316
896.699,312
896.815,329
896.932,309
897.048,318
897.165,318
897.281,325
897.397,325
897.514,318
897.63,306
897.747,325
897.863,320
897.979,326
898.096,317
898.212,314
898.329,317
898.445,319
898.561,328
898.678,320
898.794,327
898.911,334
899.027,313
899.143,319
899.26,318
899.376,326
899.492,317
899.609,320
899.725,308
899.842,311
899.958,319
900.074,320
900.191,321
900.307,325
900.423,305
900.539,318
900.656,300
900.772,315
900.888,319
901.005,315
901.121,320
901.237,321
901.354,323
901.47,321
901.586,313
901.703,318
901.819,317
901.935,325
902.051,319
902.168,334
902.284,305
902.4,322
902.516,319
902.633,324
902.749,317
902.865,325
902.981,320
903.098,319
903.214,321
903.33,328
903.446,333
903.562,336
903.679,318
903.795,319
903.911,312
904.027,322
904.143,309
904.26,315
904.376,319
904.492,325
904.608,325
904.724,325
904.841,315
904.957,322
905.073,327
905.189,330
905.305,316
905.421,324
905.538,319
905.654,317
905.77,317
905.886,303
906.002,315
906.118,323
906.234,302
906.35,324
906.466,330
906.583,333
906.699,324
906.815,322
906.931,314
907.047,320
907.163,302
907.279,321
907.395,314
907.511,329
907.627,311
907.743,325
907.859,329
907.976,308
908.092,313
908.208,314
908.324,321
908.44,315
908.556,313
908.672,310
908.788,306
908.904,320
909.02,319
909.136,323
909.252,313
909.368,323
909.484,313
909.6,330
909.716,307
909.832,328
909.948,305
910.064,317
910.18,327
910.296,324
910.412,322
910.528,324
910.644,321
910.76,317
910.875,318
910.991,307
911.107,308
911.223,330
911.339,329
911.455,324
911.571,315
911.687,315
911.803,326
911.919,321
912.035,314
912.151,314
912.267,318
912.382,314
912.498,328
912.614,297
912.73,307
912.846,314
792.446,357
792.565,369
792.684,432
792.803,412
792.922,359
793.041,356
793.16,336
793.279,347
793.398,352
793.518,333
793.637,341
793.756,350
793.875,375
793.994,358
794.113,372
794.232,337
794.351,352
794.47,352
794.589,328
794.708,337
794.827,338
794.946,337
795.066,352
795.185,347
795.304,337
795.423,336
795.542,349
795.661,343
795.78,340
795.899,325
796.018,336
796.137,346
796.256,353
796.375,321
796.494,335
796.613,341
796.732,346
796.851,339
796.97,340
797.089,341
797.208,333
797.327,337
797.446,339
797.565,334
797.684,319
797.803,329
797.922,335
798.041,327
798.16,340
798.279,340
798.398,330
798.517,343
798.636,330
798.755,337
798.874,332
798.993,324
799.112,340
799.231,326
799.35,343
799.469,322
799.588,328
799.707,344
799.826,329
799.945,343
800.064,333
800.183,332
800.302,330
800.421,335
800.54,339
800.659,338
800.778,326
800.897,334
801.016,333
801.135,326
801.254,329
801.373,321
801.492,327
801.611,336
801.729,323
801.848,324
801.967,343
802.086,319
802.205,336
802.324,337
802.443,340
802.562,315
802.681,325
802.8,330
802.919,331
803.038,331
803.157,316
803.276,337
803.394,331
803.513,321
803.632,334
803.751,326
803.87,334
803.989,328
804.108,321
804.227,322
804.346,329
804.465,334
804.583,323
804.702,312
804.821,324
804.94,340
805.059,345
805.178,315
805.297,332
805.416,332
805.535,325
805.653,334
805.772,328
805.891,337
806.01,343
806.129,330
806.248,338
806.367,322
806.485,348
806.604,328
806.723,334
806.842,337
806.961,328
807.08,307
807.198,339
807.317,317
807.436,338
807.555,334
807.674,338
807.793,330
807.912,333
808.03,321
808.149,338
808.268,327
808.387,314
808.506,322
808.624,335
808.743,334
808.862,339
808.981,309
809.1,335
809.219,324
809.337,325
809.456,323
809.575,333
809.694,342
809.812,342
809.931,327
810.05,334
810.169,331
810.288,324
810.406,322
810.525,324
810.644,337
810.763,332
810.882,322
811.0,322
811.119,322
811.238,332
811.357,332
811.475,330
811.594,330
811.713,341
811.832,339
811.95,326
812.069,328
812.188,344
812.307,329
812.425,315
812.544,341
812.663,336
812.782,327
812.9,348
813.019,322
813.138,333
813.257,329
813.375,326
813.494,325
813.613,333
813.731,317
813.85,336
813.969,340
814.088,315
814.206,333
814.325,309
814.444,327
814.562,330
814.681,329
814.8,332
814.918,329
815.037,334
815.156,324
815.274,334
815.393,336
815.512,320
815.631,332
815.749,337
815.868,329
815.987,350
816.105,329
816.224,324
816.343,337
816.461,326
816.58,322
816.698,337
816.817,332
816.936,343
817.055,325
817.173,329
817.292,321
817.41,332
817.529,326
817.648,334
817.766,328
817.885,347
818.004,319
818.122,339
818.241,321
818.359,323
818.478,326
818.597,321
818.715,337
818.834,310
818.953,313
819.071,328
819.19,307
819.308,329
819.427,319
819.546,309
819.664,327
819.783,315
819.901,308
820.02,333
820.138,330
820.257,334
820.376,305
820.494,324
820.613,318
820.731,325
820.85,312
820.969,321
821.087,316
821.206,329
821.324,315
821.443,334
821.561,328
821.68,329
821.798,318
821.917,331
822.035,315
822.154,316
822.273,322
822.391,331
822.51,310
822.628,320
822.747,321
822.865,318
822.984,326
823.102,313
823.221,309
823.339,323
823.458,311
823.576,308
823.695,326
823.813,340
823.932,313
824.05,326
824.169,324
824.287,326
824.406,334
824.524,320
824.643,320
824.761,318
824.88,329
824.998,329
825.117,323
825.235,321
825.354,336
825.472,328
825.591,325
825.709,312
825.828,311
825.946,322
826.064,313
826.183,309
826.301,327
826.42,326
826.538,312
826.657,325
826.775,319
826.894,326
827.012,339
827.13,323
827.249,312
827.367,337
827.486,313
827.604,316
827.723,311
827.841,331
827.959,310
828.078,315
828.196,319
828.315,323
828.433,317
828.552,325
828.67,300
828.788,325
828.907,322
829.025,307
829.143,315
829.262,324
829.38,324
829.499,327
829.617,316
829.735,332
829.854,311
829.972,305
830.091,316
830.209,317
830.327,314
830.446,325
830.564,305
830.682,324
830.801,321
830.919,317
831.037,317
831.156,340
831.274,314
831.392,324
831.511,320
831.629,315
831.747,316
831.866,325
831.984,317
832.102,312
832.221,320
832.339,318
832.457,311
832.576,323
832.694,326
832.812,323
832.93,314
833.049,324
833.167,313
833.285,319
833.404,317
833.522,335
833.64,315
833.759,331
833.877,323
833.995,344
834.113,316
834.232,325
834.35,312
834.468,320
834.586,304
834.705,326
834.823,297
834.941,322
835.059,323
835.178,326
835.296,321
835.414,313
835.532,320
835.651,317
835.769,312
835.887,319
836.005,327
836.124,323
836.242,313
836.36,319
836.478,310
836.596,336
836.715,310
836.833,327
836.951,312
837.069,329
837.188,313
837.306,335
837.424,316
837.542,325
837.66,322
837.779,315
837.897,305
838.015,327
838.133,325
838.251,314
838.369,317
838.487,315
838.606,328
838.724,329
838.842,309
838.96,330
839.078,321
839.196,325
839.315,310
839.433,315
839.551,310
839.669,323
839.787,323
839.905,322
840.023,323
840.142,326
840.26,326
840.378,310
840.496,317
840.614,323
840.732,326
840.85,321
840.968,339
841.087,325
841.205,329
841.323,332
841.441,324
841.559,324
841.677,315
841.795,343
841.913,326
842.031,327
842.149,326
842.267,335
842.385,328
842.504,331
842.622,324
842.74,333
842.858,318
842.976,337
843.094,316
843.212,327
843.33,332
843.448,328
843.566,320
843.684,309
843.802,308
843.92,323
844.038,333
844.156,321
844.274,309
844.392,326
844.51,314
844.628,328
844.746,315
844.864,337
844.982,313
845.1,329
845.218,317
845.336,329
845.454,316
845.572,318
845.69,323
845.808,320
845.926,304
846.044,318
846.162,325
846.28,319
846.398,311
846.516,327
846.634,314
846.752,323
846.87,313
846.988,328
847.106,322
847.224,324
847.342,301
847.46,331
847.578,325
847.696,321
847.814,332
847.932,323
848.05,331
848.168,319
848.285,320
848.403,328
848.521,311
848.639,328
848.757,327
848.875,328
848.993,313
849.111,326
849.229,313
849.347,315
849.465,331
849.582,327
849.7,323
849.818,325
849.936,307
850.054,333
850.172,318
850.29,311
850.408,332
850.525,327
850.643,315
850.761,318
850.879,312
850.997,327
851.115,305
851.233,331
851.35,314
851.468,320
851.586,329
851.704,315
851.822,316
851.94,309
852.057,306
852.175,315
852.293,315
852.411,327
852.529,322
852.647,298
852.764,324
852.882,331
853.0,310
853.118,325
853.236,319
853.353,323
853.471,319
853.589,332
853.707,340
853.824,340
853.942,310
854.06,334
854.178,323
854.296,317
854.413,322
854.531,330
854.649,307
854.767,324
854.884,327
855.002,332
855.12,321
855.238,318
855.355,334
855.473,321
855.591,313
855.708,320
855.826,321
855.944,335
856.062,325
856.179,316
856.297,316
856.415,337
856.532,330
856.65,317
856.768,317
856.886,322
857.003,320
857.121,321
857.239,320
857.356,327
857.474,336
857.592,322
857.709,332
857.827,321
857.945,323
858.062,325
858.18,323
858.298,324
858.415,328
858.533,326
858.651,329
858.768,323
858.886,327
859.003,330
859.121,318
859.239,335
859.356,327
859.474,326
859.592,318
859.709,316
859.827,315
859.944,334
860.062,318
860.18,333
860.297,317
860.415,320
860.532,310
860.65,333
860.768,329
860.885,323
861.003,322
861.12,329
861.238,327
861.356,324
861.473,327
861.591,315
861.708,318
861.826,328
861.943,319
862.061,319
862.178,315
862.296,315
862.414,325
862.531,321
862.649,323
862.766,334
862.884,324
863.001,325
863.119,321
863.236,315
863.354,319
863.471,308
863.589,322
863.706,326
863.824,328
863.941,314
864.059,325
864.176,327
864.294,320
864.411,319
864.529,319
864.646,319
864.764,311
864.881,325
864.999,304
865.116,318
865.233,326
865.351,327
865.468,313
865.586,323
865.703,319
865.821,319
865.938,320
866.056,328
866.173,307
866.29,320
866.408,307
866.525,322
866.643,318
866.76,324
866.878,327
866.995,339
867.112,311
867.23,320
867.347,328
867.465,320
867.582,316
867.699,318
867.817,331
867.934,327
868.051,329
868.169,313
868.286,312
868.404,327
868.521,321
868.638,317
868.756,311
868.873,317
868.99,314
869.108,324
869.225,319
869.342,306
869.46,345
869.577,319
869.694,313
869.812,318
869.929,321
870.046,304
870.164,293
870.281,316
870.398,326
870.516,325
870.633,321
870.75,325
870.867,309
870.985,324
871.102,330
871.219,336
871.337,315
871.454,316
871.571,316
871.688,345
871.806,334
871.923,324
872.04,327
872.157,334
872.275,319
872.392,332
872.509,337
872.626,330
872.744,319
872.861,335
872.978,326
873.095,319
873.213,316
873.33,327
873.447,332
873.564,326
873.681,313
873.799,329
873.916,327
874.033,327
874.15,319
874.267,335
874.385,324
874.502,308
874.619,315
874.736,328
874.853,313
874.97,327
875.088,323
875.205,311
875.322,326
875.439,331
875.556,308
875.673,316
875.791,325
875.908,316
876.025,310
876.142,327
876.259,315
876.376,315
876.493,320
876.61,319
876.728,309
876.845,320
876.962,312
877.079,328
877.196,318
877.313,322
877.43,305
877.547,322
877.664,319
877.781,321
877.898,307
878.016,327
878.133,331
878.25,327
878.367,332
878.484,310
878.601,321
878.718,331
878.835,333
878.952,318
879.069,319
879.186,319
879.303,315
879.42,322
879.537,321
879.654,330
879.771,314
879.888,324
880.005,313
880.122,319
880.239,316
880.356,318
880.473,327
880.59,328
880.707,323
880.824,322
880.941,319
881.058,322
881.175,326
881.292,318
881.409,314
881.526,322
881.643,326
881.76,320
881.877,311
881.994,318
882.111,325
882.228,319
882.345,324
882.462,323
882.579,321
882.696,317
882.812,316
882.929,331
883.046,318
883.163,318
883.28,320
883.397,317
883.514,321
883.631,322
883.748,306
883.865,329
883.982,306
884.098,316
884.215,328
884.332,326
884.449,319
884.566,313
884.683,318
884.8,322
884.916,324
885.033,333
885.15,316
885.267,326
885.384,330
885.501,325
885.617,328
885.734,320
885.851,321
885.968,323
886.085,323
886.202,334
886.318,321
886.435,331
886.552,322
886.669,327
886.786,324
886.902,321
887.019,320
887.136,334
887.253,317
887.369,330
887.486,308
887.603,334
887.72,312
887.837,326
887.953,319
888.07,322
888.187,324
888.304,329
888.42,306
888.537,325
888.654,308
888.77,336
888.887,309
889.004,316
889.121,310
889.237,324
889.354,326
889.471,333
889.587,310
889.704,313
889.821,304
889.938,319
890.054,327
890.171,322
890.288,329
890.404,320
890.521,306
890.638,323
890.754,311
890.871,321
890.988,300
891.104,319
891.221,312
891.337,322
891.454,326
891.571,314
891.687,325
891.804,326
891.921,309
892.037,331
892.154,303
892.27,315
892.387,312
892.504,316
892.62,321
892.737,328
892.854,320
892.97,315
893.087,314
893.203,330
893.32,321
893.436,327
893.553,317
893.67,315
893.786,310
893.903,313
894.019,317
894.136,319
894.252,320
894.369,314
894.485,314
894.602,317
894.718,318
894.835,319
894.951,314
895.068,319
895.184,316
895.301,322
895.417,327
895.534,332
895.65,304
895.767,320
895.883,306
896.0,324
896.116,318
896.233,313
896.349,311
896.466,319
896.582,310
896.699,317
896.815,322
896.932,329
897.048,312
897.165,323
897.281,308
897.397,318
897.514,304
897.63,333
897.747,315
897.863,320
897.979,304
898.096,329
898.212,324
898.329,321
898.445,320
898.561,308
898.678,320
898.794,314
898.911,307
899.027,328
899.143,320
899.26,329
899.376,318
899.492,325
899.609,310
899.725,312
899.842,319
899.958,323
900.074,302
900.191,333
900.307,325
900.423,329
900.539,325
900.656,321
900.772,318
900.888,309
901.005,330
901.121,326
901.237,308
901.354,328
901.47,305
901.586,315
901.703,331
901.819,325
901.935,317
902.051,328
902.168,318
902.284,318
902.4,316
902.516,315
902.633,302
902.749,331
902.865,328
902.981,332
903.098,308
903.214,307
903.33,325
903.446,340
903.562,319
903.679,338
903.795,310
903.911,336
904.027,326
904.143,331
904.26,315
904.376,320
904.492,321
904.608,332
904.724,308
904.841,326
904.957,303
905.073,343
905.189,310
905.305,316
905.421,322
905.538,324
905.654,319
905.77,330
905.886,310
906.002,313
906.118,316
906.234,328
906.35,318
906.466,304
906.583,316
906.699,315
906.815,304
906.931,306
907.047,302
907.163,322
907.279,315
907.395,328
907.511,327
907.627,315
907.743,319
907.859,325
907.976,312
908.092,327
908.208,321
908.324,321
908.44,321
908.556,317
908.672,328
908.788,327
908.904,318
909.02,330
909.136,317
909.252,322
909.368,320
909.484,309
909.6,320
909.716,326
909.832,311
909.948,321
910.064,321
910.18,321
910.296,316
910.412,337
910.528,309
910.644,318
910.76,321
910.875,330
910.991,320
911.107,307
911.223,318
911.339,328
911.455,316
911.571,330
911.687,302
911.803,324
911.919,317
912.035,326
912.151,301
912.267,308
912.382,321
912.498,322
912.614,325
912.73,314
912.846,306
