792.446,321
792.565,349
792.684,402
792.803,386
792.922,333
793.041,322
793.16,327
793.279,348
793.398,333
793.518,310
793.637,332
793.756,339
793.875,343
793.994,343
794.113,330
794.232,319
794.351,342
794.47,329
794.589,321
794.708,323
794.827,332
794.946,331
795.066,324
795.185,339
795.304,329
795.423,328
795.542,334
795.661,318
795.78,332
795.899,337
796.018,323
796.137,324
796.256,338
796.375,333
796.494,313
796.613,328
796.732,337
796.851,323
796.97,329
797.089,337
797.208,320
797.327,331
797.446,321
797.565,318
797.684,341
797.803,335
797.922,333
798.041,330
798.16,327
798.279,323
798.398,328
798.517,326
798.636,338
798.755,339
798.874,320
798.993,317
799.112,343
799.231,329
799.35,319
799.469,320
799.588,325
799.707,342
799.826,318
799.945,334
800.064,323
800.183,330
800.302,342
800.421,312
800.54,322
800.659,330
800.778,307
800.897,330
801.016,329
801.135,326
801.254,314
801.373,323
801.492,333
801.611,313
801.729,327
801.848,317
801.967,321
802.086,312
802.205,340
802.324,317
802.443,316
802.562,310
802.681,334
802.8,313
802.919,331
803.038,320
803.157,320
803.276,327
803.394,330
803.513,329
803.632,331
803.751,324
803.87,327
803.989,322
804.108,331
804.227,324
804.346,326
804.465,327
804.583,335
804.702,323
804.821,329
804.94,313
805.059,342
805.178,318
805.297,331
805.416,339
805.535,320
805.653,314
805.772,324
805.891,309
806.01,324
806.129,316
806.248,332
806.367,338
806.485,323
806.604,321
806.723,330
806.842,326
806.961,333
807.08,337
807.198,331
807.317,328
807.436,332
807.555,338
807.674,336
807.793,335
807.912,318
808.03,333
808.149,331
808.268,323
808.387,322
808.506,336
808.624,344
808.743,318
808.862,315
808.981,331
809.1,336
809.219,327
809.337,335
809.456,320
809.575,336
809.694,317
809.812,334
809.931,327
810.05,329
810.169,320
810.288,331
810.406,345
810.525,322
810.644,321
810.763,328
810.882,332
811.0,332
811.119,322
811.238,326
811.357,320
811.475,323
811.594,331
811.713,332
811.832,332
811.95,341
812.069,343
812.188,324
812.307,331
812.425,323
812.544,330
812.663,328
812.782,316
812.9,330
813.019,339
813.138,329
813.257,327
813.375,343
813.494,316
813.613,328
813.731,348
813.85,322
813.969,336
814.088,328
814.206,328
814.325,339
814.444,314
814.562,315
814.681,322
814.8,343
814.918,335
815.037,329
815.156,320
815.274,328
815.393,323
815.512,321
815.631,337
815.749,327
815.868,331
815.987,340
816.105,338
816.224,349
816.343,331
816.461,352
816.58,330
816.698,340
816.817,321
816.936,325
817.055,325
817.173,347
817.292,331
817.41,328
817.529,336
817.648,327
817.766,321
817.885,323
818.004,328
818.122,339
818.241,320
818.359,322
818.478,317
818.597,317
818.715,330
818.834,317
818.953,321
819.071,316
819.19,304
819.308,316
819.427,325
819.546,322
819.664,323
819.783,323
819.901,312
820.02,325
820.138,310
820.257,315
820.376,326
820.494,308
820.613,326
820.731,318
820.85,314
820.969,319
821.087,317
821.206,306
821.324,329
821.443,332
821.561,304
821.68,312
821.798,321
821.917,319
822.035,320
822.154,310
822.273,312
822.391,318
822.51,315
822.628,319
822.747,318
822.865,321
822.984,325
823.102,312
823.221,317
823.339,325
823.458,315
823.576,320
823.695,301
823.813,322
823.932,315
824.05,320
824.169,309
824.287,325
824.406,327
824.524,314
824.643,312
824.761,323
824.88,327
824.998,329
825.117,316
825.235,330
825.354,316
825.472,311
825.591,312
825.709,327
825.828,326
825.946,328
826.064,324
826.183,325
826.301,319
826.42,327
826.538,317
826.657,310
826.775,329
826.894,315
827.012,315
827.13,317
827.249,327
827.367,318
827.486,327
827.604,332
827.723,310
827.841,310
827.959,318
828.078,336
828.196,328
828.315,321
828.433,314
828.552,328
828.67,305
828.788,339
828.907,317
829.025,317
829.143,304
829.262,313
829.38,320
829.499,322
829.617,299
829.735,318
829.854,305
829.972,318
830.091,315
830.209,315
830.327,313
830.446,313
830.564,316
830.682,320
830.801,313
830.919,320
831.037,318
831.156,316
831.274,321
831.392,321
831.511,319
831.629,311
831.747,318
831.866,319
831.984,315
832.102,327
832.221,316
832.339,302
832.457,305
832.576,303
832.694,336
832.812,312
832.93,315
833.049,323
833.167,306
833.285,313
833.404,310
833.522,331
833.64,319
833.759,303
833.877,312
833.995,316
834.113,319
834.232,311
834.35,312
834.468,319
834.586,298
834.705,314
834.823,315
834.941,318
835.059,319
835.178,311
835.296,316
835.414,330
835.532,319
835.651,320
835.769,308
835.887,329
836.005,307
836.124,324
836.242,315
836.36,316
836.478,304
836.596,328
836.715,321
836.833,308
836.951,317
837.069,316
837.188,325
837.306,311
837.424,312
837.542,311
837.66,315
837.779,316
837.897,316
838.015,311
838.133,313
838.251,326
838.369,314
838.487,329
838.606,316
838.724,322
838.842,305
838.96,334
839.078,316
839.196,317
839.315,307
839.433,318
839.551,306
839.669,310
839.787,319
839.905,319
840.023,309
840.142,332
840.26,315
840.378,312
840.496,326
840.614,320
840.732,316
840.85,324
840.968,319
841.087,302
841.205,308
841.323,307
841.441,317
841.559,318
841.677,313
841.795,310
841.913,309
842.031,314
842.149,323
842.267,332
842.385,310
842.504,325
842.622,326
842.74,321
842.858,326
842.976,314
843.094,313
843.212,313
843.33,301
843.448,320
843.566,313
843.684,314
843.802,308
843.92,308
844.038,308
844.156,318
844.274,303
844.392,314
844.51,314
844.628,314
844.746,314
844.864,317
844.982,304
845.1,317
845.218,305
845.336,327
845.454,315
845.572,310
845.69,307
845.808,311
845.926,313
846.044,307
846.162,309
846.28,313
846.398,324
846.516,314
846.634,310
846.752,305
846.87,313
846.988,312
847.106,316
847.224,312
847.342,298
847.46,325
847.578,302
847.696,322
847.814,306
847.932,316
848.05,327
848.168,323
848.285,313
848.403,326
848.521,318
848.639,316
848.757,306
848.875,311
848.993,293
849.111,320
849.229,313
849.347,313
849.465,323
849.582,315
849.7,293
849.818,319
849.936,331
850.054,320
850.172,307
850.29,312
850.408,319
850.525,325
850.643,333
850.761,314
850.879,315
850.997,310
851.115,307
851.233,313
851.35,320
851.468,324
851.586,301
851.704,320
851.822,312
851.94,314
852.057,315
852.175,313
852.293,306
852.411,314
852.529,318
852.647,313
852.764,316
852.882,314
853.0,305
853.118,316
853.236,309
853.353,310
853.471,313
853.589,321
853.707,311
853.824,316
853.942,314
854.06,331
854.178,318
854.296,324
854.413,316
854.531,316
854.649,316
854.767,304
854.884,311
855.002,326
855.12,315
855.238,321
855.355,329
855.473,321
855.591,314
855.708,316
855.826,310
855.944,327
856.062,314
856.179,313
856.297,316
856.415,321
856.532,306
856.65,321
856.768,322
856.886,308
857.003,319
857.121,316
857.239,313
857.356,307
857.474,324
857.592,320
857.709,310
857.827,320
857.945,308
858.062,332
858.18,318
858.298,318
858.415,313
858.533,315
858.651,320
858.768,324
858.886,320
859.003,316
859.121,300
859.239,327
859.356,315
859.474,327
859.592,300
859.709,326
859.827,311
859.944,319
860.062,318
860.18,315
860.297,320
860.415,321
860.532,322
860.65,314
860.768,323
860.885,311
861.003,310
861.12,309
861.238,325
861.356,317
861.473,317
861.591,322
861.708,318
861.826,315
861.943,310
862.061,313
862.178,309
862.296,322
862.414,317
862.531,323
862.649,315
862.766,319
862.884,307
863.001,317
863.119,307
863.236,321
863.354,304
863.471,314
863.589,315
863.706,328
863.824,295
863.941,317
864.059,317
864.176,326
864.294,318
864.411,325
864.529,306
864.646,308
864.764,310
864.881,320
864.999,313
865.116,314
865.233,308
865.351,320
865.468,312
865.586,318
865.703,317
865.821,328
865.938,300
866.056,318
866.173,311
866.29,322
866.408,302
866.525,310
866.643,311
866.76,325
866.878,318
866.995,309
867.112,309
867.23,314
867.347,302
867.465,320
867.582,311
867.699,312
867.817,307
867.934,323
868.051,323
868.169,326
868.286,311
868.404,318
868.521,306
868.638,324
868.756,317
868.873,325
868.99,307
869.108,324
869.225,317
869.342,316
869.46,327
869.577,305
869.694,311
869.812,326
869.929,324
870.046,326
870.164,306
870.281,301
870.398,322
870.516,330
870.633,317
870.75,318
870.867,306
870.985,317
871.102,302
871.219,310
871.337,317
871.454,314
871.571,305
871.688,325
871.806,322
871.923,326
872.04,303
872.157,325
872.275,292
872.392,322
872.509,316
872.626,308
872.744,311
872.861,320
872.978,315
873.095,307
873.213,312
873.33,323
873.447,302
873.564,317
873.681,324
873.799,325
873.916,305
874.033,322
874.15,313
874.267,307
874.385,312
874.502,307
874.619,320
874.736,323
874.853,301
874.97,317
875.088,308
875.205,308
875.322,311
875.439,317
875.556,310
875.673,322
875.791,317
875.908,301
876.025,319
876.142,311
876.259,320
876.376,311
876.493,313
876.61,320
876.728,300
876.845,316
876.962,301
877.079,320
877.196,307
877.313,319
877.43,314
877.547,319
877.664,308
877.781,313
877.898,302
878.016,322
878.133,302
878.25,322
878.367,311
878.484,327
878.601,317
878.718,313
878.835,317
878.952,310
879.069,311
879.186,324
879.303,305
879.42,315
879.537,295
879.654,304
879.771,319
879.888,316
880.005,316
880.122,306
880.239,310
880.356,318
880.473,316
880.59,312
880.707,306
880.824,312
880.941,308
881.058,304
881.175,308
881.292,314
881.409,324
881.526,333
881.643,307
881.76,317
881.877,310
881.994,327
882.111,330
882.228,309
882.345,317
882.462,313
882.579,303
882.696,316
882.812,320
882.929,321
883.046,318
883.163,318
883.28,305
883.397,325
883.514,314
883.631,314
883.748,302
883.865,322
883.982,315
884.098,323
884.215,310
884.332,328
884.449,309
884.566,315
884.683,314
884.8,323
884.916,299
885.033,322
885.15,307
885.267,319
885.384,313
885.501,315
885.617,312
885.734,319
885.851,304
885.968,325
886.085,315
886.202,319
886.318,299
886.435,317
886.552,332
886.669,323
886.786,323
886.902,308
887.019,322
887.136,313
887.253,313
887.369,311
887.486,307
887.603,321
887.72,306
887.837,314
887.953,329
888.07,320
888.187,323
888.304,309
888.42,312
888.537,323
888.654,319
888.77,305
888.887,317
889.004,319
889.121,320
889.237,318
889.354,323
889.471,309
889.587,293
889.704,306
889.821,296
889.938,316
890.054,306
890.171,324
890.288,310
890.404,317
890.521,307
890.638,319
890.754,315
890.871,316
890.988,319
891.104,310
891.221,312
891.337,321
891.454,315
891.571,321
891.687,318
891.804,311
891.921,303
892.037,326
892.154,297
892.27,327
892.387,315
892.504,326
892.62,311
892.737,321
892.854,315
892.97,309
893.087,311
893.203,333
893.32,295
893.436,326
893.553,315
893.67,322
893.786,316
893.903,316
894.019,307
894.136,331
894.252,304
894.369,321
894.485,302
894.602,321
894.718,315
894.835,313
894.951,330
895.068,308
895.184,307
895.301,325
895.417,319
895.534,327
895.65,310
895.767,331
895.883,299
896.0,315
896.116,311
896.233,319
896.349,315
896.466,313
896.582,320
896.699,325
896.815,308
896.932,324
897.048,304
897.165,330
897.281,316
897.397,318
897.514,313
897.63,318
897.747,313
897.863,328
897.979,317
898.096,320
898.212,312
898.329,315
898.445,305
898.561,306
898.678,320
898.794,321
898.911,315
899.027,322
899.143,309
899.26,315
899.376,317
899.492,311
899.609,310
899.725,313
899.842,315
899.958,318
900.074,328
900.191,313
900.307,328
900.423,316
900.539,327
900.656,329
900.772,317
900.888,313
901.005,313
901.121,317
901.237,321
901.354,315
901.47,318
901.586,319
901.703,324
901.819,321
901.935,300
902.051,330
902.168,316
902.284,321
902.4,313
902.516,332
902.633,303
902.749,327
902.865,302
902.981,314
903.098,310
903.214,331
903.33,312
903.446,316
903.562,321
903.679,305
903.795,310
903.911,312
904.027,316
904.143,330
904.26,319
904.376,323
904.492,319
904.608,311
904.724,299
904.841,322
904.957,317
905.073,312
905.189,303
905.305,320
905.421,310
905.538,318
905.654,309
905.77,306
905.886,302
906.002,312
906.118,312
906.234,323
906.35,303
906.466,318
906.583,312
906.699,320
906.815,306
906.931,317
907.047,300
907.163,327
907.279,317
907.395,340
907.511,309
907.627,307
907.743,314
907.859,315
907.976,322
908.092,316
908.208,301
908.324,320
908.44,325
908.556,337
908.672,312
908.788,322
908.904,324
909.02,310
909.136,335
909.252,325
909.368,307
909.484,311
909.6,313
909.716,329
909.832,323
909.948,311
910.064,317
910.18,314
910.296,321
910.412,320
910.528,290
910.644,328
910.76,308
910.875,322
910.991,307
911.107,313
911.223,316
911.339,300
911.455,312
911.571,313
911.687,314
911.803,314
911.919,314
912.035,334
912.151,314
912.267,317
912.382,320
912.498,308
912.614,302
912.73,325
912.846,309
792.446,306
792.565,339
792.684,396
792.803,386
792.922,337
793.041,322
793.16,316
793.279,329
793.398,331
793.518,307
793.637,326
793.756,329
793.875,350
793.994,334
794.113,328
794.232,314
794.351,331
794.47,331
794.589,326
794.708,340
794.827,343
794.946,332
795.066,330
795.185,324
795.304,335
795.423,323
795.542,322
795.661,327
795.78,332
795.899,321
796.018,336
796.137,325
796.256,336
796.375,328
796.494,339
796.613,330
796.732,328
796.851,323
796.97,334
797.089,313
797.208,348
797.327,327
797.446,322
797.565,327
797.684,345
797.803,321
797.922,320
798.041,332
798.16,343
798.279,319
798.398,337
798.517,332
798.636,334
798.755,340
798.874,335
798.993,325
799.112,325
799.231,330
799.35,339
799.469,335
799.588,331
799.707,321
799.826,336
799.945,321
800.064,336
800.183,323
800.302,319
800.421,331
800.54,321
800.659,310
800.778,335
800.897,323
801.016,332
801.135,330
801.254,317
801.373,331
801.492,324
801.611,327
801.729,337
801.848,328
801.967,333
802.086,332
802.205,330
802.324,336
802.443,344
802.562,314
802.681,328
802.8,325
802.919,320
803.038,321
803.157,339
803.276,334
803.394,327
803.513,323
803.632,339
803.751,327
803.87,329
803.989,324
804.108,324
804.227,320
804.346,346
804.465,332
804.583,324
804.702,317
804.821,336
804.94,334
805.059,325
805.178,324
805.297,320
805.416,334
805.535,331
805.653,338
805.772,345
805.891,331
806.01,334
806.129,313
806.248,333
806.367,331
806.485,325
806.604,324
806.723,332
806.842,320
806.961,325
807.08,326
807.198,342
807.317,320
807.436,327
807.555,341
807.674,325
807.793,336
807.912,322
808.03,313
808.149,336
808.268,326
808.387,331
808.506,330
808.624,345
808.743,329
808.862,338
808.981,325
809.1,338
809.219,327
809.337,338
809.456,316
809.575,352
809.694,320
809.812,321
809.931,321
810.05,318
810.169,329
810.288,340
810.406,325
810.525,330
810.644,325
810.763,328
810.882,313
811.0,343
811.119,336
811.238,332
811.357,319
811.475,329
811.594,327
811.713,333
811.832,327
811.95,332
812.069,343
812.188,330
812.307,339
812.425,335
812.544,328
812.663,331
812.782,336
812.9,343
813.019,333
813.138,349
813.257,318
813.375,339
813.494,319
813.613,326
813.731,335
813.85,339
813.969,325
814.088,337
814.206,334
814.325,335
814.444,314
814.562,322
814.681,326
814.8,332
814.918,325
815.037,327
815.156,328
815.274,333
815.393,331
815.512,335
815.631,317
815.749,341
815.868,323
815.987,336
816.105,325
816.224,322
816.343,316
816.461,325
816.58,333
816.698,333
816.817,342
816.936,340
817.055,328
817.173,341
817.292,329
817.41,322
817.529,315
817.648,325
817.766,327
817.885,333
818.004,319
818.122,335
818.241,316
818.359,340
818.478,318
818.597,323
818.715,314
818.834,328
818.953,304
819.071,328
819.19,305
819.308,332
819.427,322
819.546,323
819.664,318
819.783,337
819.901,314
820.02,312
820.138,323
820.257,317
820.376,305
820.494,325
820.613,320
820.731,310
820.85,329
820.969,311
821.087,328
821.206,328
821.324,319
821.443,329
821.561,312
821.68,329
821.798,316
821.917,318
822.035,313
822.154,324
822.273,316
822.391,319
822.51,324
822.628,307
822.747,307
822.865,326
822.984,304
823.102,330
823.221,315
823.339,314
823.458,312
823.576,324
823.695,303
823.813,320
823.932,307
824.05,313
824.169,307
824.287,301
824.406,307
824.524,320
824.643,316
824.761,323
824.88,314
824.998,303
825.117,324
825.235,326
825.354,314
825.472,315
825.591,321
825.709,326
825.828,317
825.946,323
826.064,310
826.183,302
826.301,318
826.42,325
826.538,302
826.657,318
826.775,321
826.894,316
827.012,312
827.13,309
827.249,320
827.367,322
827.486,320
827.604,319
827.723,311
827.841,323
827.959,313
828.078,306
828.196,313
828.315,318
828.433,309
828.552,310
828.67,307
828.788,299
828.907,318
829.025,312
829.143,317
829.262,321
829.38,319
829.499,318
829.617,308
829.735,317
829.854,302
829.972,322
830.091,319
830.209,318
830.327,325
830.446,330
830.564,318
830.682,324
830.801,313
830.919,319
831.037,314
831.156,324
831.274,309
831.392,318
831.511,308
831.629,322
831.747,317
831.866,331
831.984,323
832.102,339
832.221,318
832.339,342
832.457,316
832.576,317
832.694,318
832.812,311
832.93,301
833.049,314
833.167,310
833.285,330
833.404,315
833.522,324
833.64,323
833.759,313
833.877,310
833.995,320
834.113,319
834.232,314
834.35,315
834.468,315
834.586,320
834.705,317
834.823,310
834.941,304
835.059,325
835.178,318
835.296,304
835.414,322
835.532,308
835.651,318
835.769,308
835.887,326
836.005,317
836.124,321
836.242,312
836.36,308
836.478,314
836.596,319
836.715,320
836.833,326
836.951,307
837.069,326
837.188,319
837.306,318
837.424,310
837.542,310
837.66,323
837.779,331
837.897,314
838.015,313
838.133,306
838.251,312
838.369,319
838.487,326
838.606,322
838.724,328
838.842,316
838.96,316
839.078,322
839.196,322
839.315,311
839.433,315
839.551,325
839.669,323
839.787,299
839.905,318
840.023,314
840.142,310
840.26,306
840.378,316
840.496,313
840.614,329
840.732,315
840.85,328
840.968,310
841.087,321
841.205,317
841.323,325
841.441,311
841.559,329
841.677,312
841.795,327
841.913,321
842.031,315
842.149,312
842.267,330
842.385,318
842.504,332
842.622,321
842.74,320
842.858,309
842.976,322
843.094,311
843.212,320
843.33,311
843.448,316
843.566,317
843.684,331
843.802,310
843.92,319
844.038,319
844.156,320
844.274,323
844.392,294
844.51,326
844.628,330
844.746,314
844.864,314
844.982,310
845.1,323
845.218,295
845.336,323
845.454,323
845.572,312
845.69,311
845.808,314
845.926,316
846.044,317
846.162,318
846.28,327
846.398,312
846.516,318
846.634,310
846.752,314
846.87,315
846.988,315
847.106,320
847.224,315
847.342,327
847.46,317
847.578,313
847.696,332
847.814,321
847.932,307
848.05,313
848.168,312
848.285,309
848.403,321
848.521,306
848.639,315
848.757,316
848.875,332
848.993,314
849.111,311
849.229,319
849.347,319
849.465,322
849.582,320
849.7,297
849.818,306
849.936,303
850.054,314
850.172,307
850.29,319
850.408,315
850.525,329
850.643,314
850.761,312
850.879,309
850.997,304
851.115,318
851.233,316
851.35,312
851.468,319
851.586,322
851.704,310
851.822,324
851.94,325
852.057,312
852.175,332
852.293,305
852.411,309
852.529,316
852.647,311
852.764,309
852.882,321
853.0,310
853.118,328
853.236,310
853.353,319
853.471,332
853.589,306
853.707,310
853.824,317
853.942,320
854.06,330
854.178,307
854.296,320
854.413,313
854.531,317
854.649,310
854.767,317
854.884,309
855.002,324
855.12,318
855.238,313
855.355,330
855.473,326
855.591,317
855.708,310
855.826,292
855.944,311
856.062,323
856.179,316
856.297,310
856.415,312
856.532,318
856.65,320
856.768,318
856.886,311
857.003,298
857.121,308
857.239,316
857.356,319
857.474,318
857.592,313
857.709,315
857.827,313
857.945,319
858.062,305
858.18,309
858.298,320
858.415,312
858.533,309
858.651,317
858.768,323
858.886,312
859.003,314
859.121,317
859.239,316
859.356,314
859.474,319
859.592,305
859.709,324
859.827,316
859.944,324
860.062,304
860.18,320
860.297,318
860.415,315
860.532,315
860.65,312
860.768,314
860.885,313
861.003,305
861.12,320
861.238,314
861.356,317
861.473,308
861.591,329
861.708,308
861.826,326
861.943,310
862.061,325
862.178,318
862.296,323
862.414,318
862.531,304
862.649,308
862.766,325
862.884,314
863.001,322
863.119,320
863.236,321
863.354,320
863.471,317
863.589,318
863.706,325
863.824,306
863.941,313
864.059,308
864.176,319
864.294,298
864.411,314
864.529,302
864.646,325
864.764,329
864.881,316
864.999,311
865.116,310
865.233,316
865.351,319
865.468,308
865.586,299
865.703,317
865.821,303
865.938,319
866.056,319
866.173,316
866.29,316
866.408,301
866.525,318
866.643,312
866.76,321
866.878,310
866.995,324
867.112,317
867.23,321
867.347,311
867.465,313
867.582,308
867.699,326
867.817,314
867.934,317
868.051,323
868.169,321
868.286,306
868.404,319
868.521,331
868.638,325
868.756,309
868.873,326
868.99,302
869.108,316
869.225,318
869.342,318
869.46,322
869.577,311
869.694,311
869.812,319
869.929,322
870.046,326
870.164,314
870.281,311
870.398,327
870.516,320
870.633,319
870.75,315
870.867,309
870.985,307
871.102,308
871.219,303
871.337,313
871.454,318
871.571,325
871.688,314
871.806,320
871.923,322
872.04,310
872.157,322
872.275,325
872.392,323
872.509,318
872.626,314
872.744,315
872.861,322
872.978,320
873.095,315
873.213,305
873.33,310
873.447,313
873.564,311
873.681,312
873.799,321
873.916,301
874.033,310
874.15,312
874.267,310
874.385,320
874.502,319
874.619,314
874.736,311
874.853,317
874.97,305
875.088,308
875.205,315
875.322,322
875.439,316
875.556,302
875.673,319
875.791,316
875.908,316
876.025,303
876.142,318
876.259,306
876.376,310
876.493,315
876.61,313
876.728,308
876.845,310
876.962,325
877.079,330
877.196,319
877.313,313
877.43,316
877.547,302
877.664,309
877.781,316
877.898,308
878.016,312
878.133,315
878.25,319
878.367,319
878.484,313
878.601,312
878.718,318
878.835,305
878.952,315
879.069,308
879.186,319
879.303,305
879.42,314
879.537,310
879.654,314
879.771,323
879.888,315
880.005,317
880.122,323
880.239,311
880.356,328
880.473,315
880.59,316
880.707,313
880.824,312
880.941,284
881.058,317
881.175,320
881.292,325
881.409,321
881.526,324
881.643,310
881.76,323
881.877,301
881.994,323
882.111,322
882.228,310
882.345,315
882.462,312
882.579,292
882.696,315
882.812,314
882.929,312
883.046,320
883.163,319
883.28,307
883.397,320
883.514,305
883.631,321
883.748,324
883.865,311
883.982,299
884.098,330
884.215,309
884.332,316
884.449,310
884.566,321
884.683,318
884.8,320
884.916,315
885.033,322
885.15,308
885.267,320
885.384,315
885.501,325
885.617,302
885.734,323
885.851,312
885.968,311
886.085,317
886.202,332
886.318,310
886.435,314
886.552,322
886.669,328
886.786,302
886.902,325
887.019,309
887.136,315
887.253,300
887.369,312
887.486,295
887.603,324
887.72,325
887.837,315
887.953,313
888.07,326
888.187,313
888.304,319
888.42,304
888.537,304
888.654,318
888.77,333
888.887,304
889.004,308
889.121,317
889.237,315
889.354,302
889.471,309
889.587,323
889.704,293
889.821,310
889.938,307
890.054,312
890.171,331
890.288,321
890.404,312
890.521,317
890.638,313
890.754,312
890.871,317
890.988,313
891.104,321
891.221,306
891.337,298
891.454,318
891.571,318
891.687,316
891.804,312
891.921,311
892.037,325
892.154,319
892.27,311
892.387,310
892.504,309
892.62,310
892.737,313
892.854,312
892.97,331
893.087,315
893.203,317
893.32,304
893.436,324
893.553,309
893.67,313
893.786,310
893.903,315
894.019,304
894.136,319
894.252,307
894.369,316
894.485,304
894.602,325
894.718,318
894.835,318
894.951,309
895.068,317
895.184,312
895.301,325
895.417,317
895.534,314
895.65,318
895.767,314
895.883,308
896.0,313
896.116,320
896.233,314
896.349,328
896.466,327
896.582,318
896.699,308
896.815,316
896.932,315
897.048,330
897.165,309
897.281,320
897.397,327
897.514,303
897.63,310
897.747,302
897.863,314
897.979,317
898.096,321
898.212,316
898.329,311
898.445,315
898.561,306
898.678,313
898.794,317
898.911,308
899.027,327
899.143,317
899.26,324
899.376,318
899.492,312
899.609,311
899.725,317
899.842,319
899.958,319
900.074,317
900.191,322
900.307,300
900.423,326
900.539,312
900.656,315
900.772,316
900.888,315
901.005,313
901.121,310
901.237,304
901.354,315
901.47,311
901.586,311
901.703,305
901.819,327
901.935,312
902.051,327
902.168,305
902.284,319
902.4,303
902.516,324
902.633,306
902.749,322
902.865,317
902.981,318
903.098,306
903.214,325
903.33,312
903.446,311
903.562,302
903.679,328
903.795,315
903.911,318
904.027,310
904.143,315
904.26,319
904.376,302
904.492,317
904.608,320
904.724,306
904.841,323
904.957,310
905.073,318
905.189,319
905.305,313
905.421,329
905.538,327
905.654,317
905.77,307
905.886,319
906.002,319
906.118,316
906.234,320
906.35,325
906.466,314
906.583,318
906.699,318
906.815,315
906.931,323
907.047,305
907.163,318
907.279,318
907.395,316
907.511,294
907.627,321
907.743,316
907.859,304
907.976,310
908.092,310
908.208,315
908.324,318
908.44,312
908.556,321
908.672,302
908.788,321
908.904,307
909.02,317
909.136,313
909.252,332
909.368,318
909.484,316
909.6,324
909.716,317
909.832,320
909.948,327
910.064,312
910.18,340
910.296,314
910.412,312
910.528,322
910.644,330
910.76,334
910.875,308
910.991,316
911.107,312
911.223,318
911.339,315
911.455,310
911.571,321
911.687,319
911.803,317
911.919,298
912.035,312
912.151,326
912.267,326
912.382,312
912.498,309
912.614,321
912.73,300
912.846,319
792.446,331
792.565,354
792.684,385
792.803,379
792.922,331
793.041,310
793.16,319
793.279,332
793.398,331
793.518,315
793.637,316
793.756,330
793.875,333
793.994,359
794.113,322
794.232,332
794.351,321
794.47,332
794.589,328
794.708,324
794.827,333
794.946,323
795.066,343
795.185,325
795.304,348
795.423,334
795.542,335
795.661,334
795.78,319
795.899,324
796.018,354
796.137,309
796.256,330
796.375,331
796.494,331
796.613,332
796.732,338
796.851,337
796.97,322
797.089,331
797.208,341
797.327,323
797.446,325
797.565,333
797.684,331
797.803,326
797.922,336
798.041,318
798.16,328
798.279,323
798.398,321
798.517,322
798.636,337
798.755,330
798.874,337
798.993,331
799.112,320
799.231,330
799.35,341
799.469,341
799.588,339
799.707,318
799.826,321
799.945,336
800.064,339
800.183,327
800.302,344
800.421,332
800.54,325
800.659,329
800.778,326
800.897,338
801.016,331
801.135,326
801.254,312
801.373,336
801.492,319
801.611,319
801.729,324
801.848,334
801.967,316
802.086,332
802.205,336
802.324,334
802.443,328
802.562,327
802.681,326
802.8,330
802.919,333
803.038,312
803.157,329
803.276,344
803.394,326
803.513,326
803.632,327
803.751,326
803.87,317
803.989,331
804.108,312
804.227,324
804.346,329
804.465,329
804.583,330
804.702,334
804.821,320
804.94,339
805.059,312
805.178,322
805.297,326
805.416,328
805.535,319
805.653,335
805.772,328
805.891,332
806.01,336
806.129,349
806.248,335
806.367,331
806.485,339
806.604,322
806.723,340
806.842,332
806.961,331
807.08,354
807.198,329
807.317,327
807.436,317
807.555,322
807.674,317
807.793,324
807.912,324
808.03,322
808.149,334
808.268,339
808.387,315
808.506,336
808.624,329
808.743,323
808.862,324
808.981,325
809.1,326
809.219,332
809.337,328
809.456,319
809.575,327
809.694,330
809.812,334
809.931,326
810.05,324
810.169,335
810.288,323
810.406,337
810.525,316
810.644,350
810.763,322
810.882,342
811.0,339
811.119,336
811.238,332
811.357,333
811.475,333
811.594,326
811.713,328
811.832,330
811.95,335
812.069,334
812.188,331
812.307,318
812.425,328
812.544,336
812.663,320
812.782,331
812.9,326
813.019,336
813.138,320
813.257,326
813.375,335
813.494,338
813.613,332
813.731,332
813.85,330
813.969,341
814.088,327
814.206,320
814.325,324
814.444,323
814.562,332
814.681,328
814.8,322
814.918,317
815.037,329
815.156,336
815.274,327
815.393,332
815.512,321
815.631,334
815.749,330
815.868,320
815.987,322
816.105,326
816.224,328
816.343,339
816.461,335
816.58,335
816.698,331
816.817,322
816.936,329
817.055,330
817.173,339
817.292,321
817.41,338
817.529,331
817.648,329
817.766,326
817.885,322
818.004,331
818.122,332
818.241,317
818.359,328
818.478,328
818.597,327
818.715,301
818.834,309
818.953,319
819.071,327
819.19,311
819.308,320
819.427,335
819.546,319
819.664,321
819.783,313
819.901,311
820.02,307
820.138,311
820.257,318
820.376,320
820.494,316
820.613,322
820.731,322
820.85,330
820.969,327
821.087,315
821.206,310
821.324,319
821.443,319
821.561,316
821.68,333
821.798,312
821.917,312
822.035,320
822.154,319
822.273,333
822.391,307
822.51,331
822.628,319
822.747,324
822.865,322
822.984,318
823.102,315
823.221,325
823.339,327
823.458,330
823.576,301
823.695,307
823.813,324
823.932,319
824.05,319
824.169,333
824.287,331
824.406,322
824.524,315
824.643,324
824.761,322
824.88,321
824.998,318
825.117,314
825.235,309
825.354,328
825.472,320
825.591,313
825.709,316
825.828,310
825.946,311
826.064,312
826.183,308
826.301,331
826.42,314
826.538,316
826.657,318
826.775,312
826.894,331
827.012,317
827.13,321
827.249,311
827.367,322
827.486,317
827.604,327
827.723,314
827.841,327
827.959,313
828.078,310
828.196,320
828.315,314
828.433,329
828.552,307
828.67,315
828.788,328
828.907,315
829.025,321
829.143,318
829.262,325
829.38,319
829.499,322
829.617,315
829.735,317
829.854,318
829.972,314
830.091,318
830.209,318
830.327,312
830.446,313
830.564,311
830.682,295
830.801,309
830.919,313
831.037,321
831.156,304
831.274,315
831.392,328
831.511,313
831.629,323
831.747,333
831.866,321
831.984,324
832.102,303
832.221,323
832.339,316
832.457,332
832.576,323
832.694,324
832.812,309
832.93,322
833.049,312
833.167,333
833.285,311
833.404,329
833.522,320
833.64,321
833.759,322
833.877,322
833.995,317
834.113,324
834.232,306
834.35,330
834.468,318
834.586,312
834.705,318
834.823,318
834.941,317
835.059,308
835.178,313
835.296,327
835.414,322
835.532,310
835.651,322
835.769,317
835.887,308
836.005,309
836.124,321
836.242,319
836.36,307
836.478,316
836.596,317
836.715,315
836.833,316
836.951,334
837.069,317
837.188,311
837.306,321
837.424,321
837.542,331
837.66,309
837.779,313
837.897,316
838.015,304
838.133,321
838.251,311
838.369,308
838.487,325
838.606,310
838.724,320
838.842,318
838.96,314
839.078,318
839.196,318
839.315,322
839.433,315
839.551,329
839.669,325
839.787,326
839.905,317
840.023,317
840.142,302
840.26,325
840.378,299
840.496,318
840.614,316
840.732,331
840.85,321
840.968,304
841.087,326
841.205,320
841.323,324
841.441,331
841.559,328
841.677,314
841.795,317
841.913,329
842.031,327
842.149,308
842.267,323
842.385,313
842.504,314
842.622,319
842.74,328
842.858,323
842.976,314
843.094,310
843.212,312
843.33,320
843.448,313
843.566,321
843.684,306
843.802,311
843.92,327
844.038,325
844.156,325
844.274,312
844.392,316
844.51,321
844.628,324
844.746,307
844.864,320
844.982,325
845.1,323
845.218,316
845.336,323
845.454,318
845.572,320
845.69,307
845.808,317
845.926,319
846.044,319
846.162,321
846.28,306
846.398,322
846.516,303
846.634,325
846.752,303
846.87,306
846.988,329
847.106,312
847.224,303
847.342,306
847.46,327
847.578,323
847.696,314
847.814,318
847.932,320
848.05,322
848.168,314
848.285,313
848.403,310
848.521,314
848.639,331
848.757,313
848.875,318
848.993,317
849.111,321
849.229,312
849.347,319
849.465,312
849.582,310
849.7,309
849.818,315
849.936,328
850.054,298
850.172,318
850.29,320
850.408,330
850.525,326
850.643,330
850.761,321
850.879,309
850.997,311
851.115,328
851.233,322
851.35,302
851.468,317
851.586,315
851.704,313
851.822,326
851.94,307
852.057,329
852.175,308
852.293,325
852.411,307
852.529,317
852.647,317
852.764,310
852.882,327
853.0,324
853.118,313
853.236,316
853.353,310
853.471,322
853.589,311
853.707,322
853.824,326
853.942,320
854.06,322
854.178,321
854.296,317
854.413,313
854.531,320
854.649,334
854.767,308
854.884,317
855.002,315
855.12,304
855.238,319
855.355,317
855.473,300
855.591,317
855.708,308
855.826,323
855.944,311
856.062,313
856.179,318
856.297,314
856.415,319
856.532,317
856.65,307
856.768,301
856.886,308
857.003,326
857.121,325
857.239,322
857.356,322
857.474,318
857.592,315
857.709,325
857.827,313
857.945,301
858.062,295
858.18,324
858.298,329
858.415,305
858.533,312
858.651,314
858.768,316
858.886,335
859.003,317
859.121,320
859.239,312
859.356,316
859.474,315
859.592,312
859.709,316
859.827,322
859.944,320
860.062,314
860.18,319
860.297,320
860.415,306
860.532,334
860.65,302
860.768,304
860.885,311
861.003,309
861.12,316
861.238,308
861.356,302
861.473,317
861.591,328
861.708,319
861.826,316
861.943,318
862.061,314
862.178,324
862.296,298
862.414,311
862.531,309
862.649,313
862.766,318
862.884,309
863.001,319
863.119,326
863.236,332
863.354,318
863.471,322
863.589,298
863.706,306
863.824,305
863.941,308
864.059,337
864.176,315
864.294,318
864.411,311
864.529,322
864.646,306
864.764,323
864.881,306
864.999,324
865.116,305
865.233,323
865.351,315
865.468,315
865.586,321
865.703,310
865.821,317
865.938,344
866.056,319
866.173,314
866.29,313
866.408,317
866.525,313
866.643,316
866.76,324
866.878,325
866.995,316
867.112,325
867.23,323
867.347,317
867.465,323
867.582,316
867.699,317
867.817,307
867.934,315
868.051,314
868.169,329
868.286,328
868.404,317
868.521,317
868.638,321
868.756,324
868.873,307
868.99,314
869.108,327
869.225,318
869.342,307
869.46,316
869.577,312
869.694,316
869.812,319
869.929,314
870.046,319
870.164,316
870.281,312
870.398,316
870.516,316
870.633,321
870.75,306
870.867,312
870.985,315
871.102,317
871.219,308
871.337,308
871.454,325
871.571,317
871.688,318
871.806,329
871.923,318
872.04,319
872.157,300
872.275,303
872.392,320
872.509,333
872.626,326
872.744,312
872.861,311
872.978,338
873.095,314
873.213,319
873.33,316
873.447,324
873.564,318
873.681,317
873.799,313
873.916,325
874.033,319
874.15,312
874.267,307
874.385,317
874.502,314
874.619,321
874.736,312
874.853,308
874.97,322
875.088,320
875.205,311
875.322,316
875.439,314
875.556,316
875.673,312
875.791,320
875.908,311
876.025,311
876.142,308
876.259,321
876.376,326
876.493,323
876.61,309
876.728,311
876.845,316
876.962,305
877.079,317
877.196,322
877.313,321
877.43,322
877.547,307
877.664,310
877.781,311
877.898,317
878.016,306
878.133,316
878.25,322
878.367,310
878.484,318
878.601,326
878.718,314
878.835,316
878.952,306
879.069,317
879.186,311
879.303,324
879.42,311
879.537,320
879.654,314
879.771,310
879.888,328
880.005,322
880.122,313
880.239,312
880.356,326
880.473,322
880.59,315
880.707,318
880.824,325
880.941,316
881.058,313
881.175,325
881.292,316
881.409,314
881.526,293
881.643,320
881.76,320
881.877,315
881.994,321
882.111,306
882.228,311
882.345,310
882.462,303
882.579,317
882.696,302
882.812,322
882.929,309
883.046,315
883.163,329
883.28,327
883.397,315
883.514,327
883.631,306
883.748,306
883.865,294
883.982,316
884.098,326
884.215,321
884.332,303
884.449,301
884.566,309
884.683,316
884.8,305
884.916,326
885.033,312
885.15,323
885.267,324
885.384,323
885.501,318
885.617,311
885.734,319
885.851,303
885.968,313
886.085,304
886.202,324
886.318,312
886.435,311
886.552,316
886.669,300
886.786,319
886.902,301
887.019,311
887.136,315
887.253,307
887.369,315
887.486,311
887.603,309
887.72,320
887.837,315
887.953,322
888.07,316
888.187,324
888.304,312
888.42,315
888.537,323
888.654,321
888.77,318
888.887,315
889.004,311
889.121,317
889.237,316
889.354,312
889.471,316
889.587,321
889.704,309
889.821,318
889.938,304
890.054,312
890.171,308
890.288,318
890.404,313
890.521,307
890.638,322
890.754,315
890.871,316
890.988,335
891.104,319
891.221,319
891.337,319
891.454,331
891.571,314
891.687,312
891.804,317
891.921,313
892.037,310
892.154,326
892.27,294
892.387,325
892.504,322
892.62,312
892.737,318
892.854,317
892.97,320
893.087,316
893.203,308
893.32,306
893.436,313
893.553,329
893.67,307
893.786,323
893.903,314
894.019,320
894.136,315
894.252,322
894.369,313
894.485,315
894.602,321
894.718,307
894.835,319
894.951,311
895.068,310
895.184,322
895.301,316
895.417,322
895.534,323
895.65,323
895.767,323
895.883,317
896.0,314
896.116,310
896.233,328
896.349,318
896.466,307
896.582,318
896.699,324
896.815,324
896.932,320
897.048,318
897.165,322
897.281,326
897.397,320
897.514,329
897.63,315
897.747,320
897.863,312
897.979,325
898.096,323
898.212,311
898.329,317
898.445,311
898.561,319
898.678,317
898.794,313
898.911,317
899.027,315
899.143,312
899.26,304
899.376,293
899.492,329
899.609,312
899.725,312
899.842,329
899.958,310
900.074,315
900.191,308
900.307,320
900.423,303
900.539,318
900.656,307
900.772,318
900.888,309
901.005,319
901.121,302
901.237,311
901.354,332
901.47,315
901.586,324
901.703,323
901.819,304
901.935,309
902.051,306
902.168,297
902.284,302
902.4,310
902.516,316
902.633,326
902.749,308
902.865,316
902.981,317
903.098,312
903.214,319
903.33,313
903.446,321
903.562,314
903.679,306
903.795,318
903.911,316
904.027,317
904.143,317
904.26,318
904.376,306
904.492,323
904.608,314
904.724,313
904.841,309
904.957,337
905.073,315
905.189,314
905.305,312
905.421,324
905.538,316
905.654,312
905.77,314
905.886,322
906.002,307
906.118,322
906.234,294
906.35,329
906.466,308
906.583,315
906.699,315
906.815,320
906.931,329
907.047,300
907.163,310
907.279,333
907.395,306
907.511,316
907.627,324
907.743,325
907.859,316
907.976,330
908.092,309
908.208,318
908.324,328
908.44,315
908.556,309
908.672,325
908.788,317
908.904,323
909.02,330
909.136,326
909.252,309
909.368,311
909.484,306
909.6,313
909.716,330
909.832,321
909.948,317
910.064,302
910.18,308
910.296,319
910.412,311
910.528,329
910.644,325
910.76,324
910.875,314
910.991,313
911.107,317
911.223,312
911.339,317
911.455,320
911.571,314
911.687,330
911.803,318
911.919,322
912.035,325
912.151,316
912.267,315
912.382,315
912.498,294
912.614,316
912.73,313
912.846,324
