792.446,1834
792.565,1797
792.684,1804
792.803,1789
792.922,1740
793.041,1720
793.16,1741
793.279,1707
793.398,1692
793.518,1695
793.637,1706
793.756,1682
793.875,1697
793.994,1684
794.113,1681
794.232,1607
794.351,1658
794.47,1661
794.589,1626
794.708,1622
794.827,1650
794.946,1637
795.066,1608
795.185,1636
795.304,1611
795.423,1614
795.542,1591
795.661,1633
795.78,1583
795.899,1613
796.018,1557
796.137,1568
796.256,1583
796.375,1577
796.494,1547
796.613,1562
796.732,1593
796.851,1596
796.97,1555
797.089,1574
797.208,1530
797.327,1575
797.446,1557
797.565,1564
797.684,1527
797.803,1551
797.922,1489
798.041,1591
798.16,1560
798.279,1559
798.398,1535
798.517,1545
798.636,1525
798.755,1545
798.874,1525
798.993,1508
799.112,1495
799.231,1550
799.35,1488
799.469,1569
799.588,1545
799.707,1532
799.826,1501
799.945,1546
800.064,1542
800.183,1575
800.302,1597
800.421,1507
800.54,1531
800.659,1556
800.778,1509
800.897,1558
801.016,1533
801.135,1515
801.254,1524
801.373,1525
801.492,1555
801.611,1527
801.729,1563
801.848,1469
801.967,1505
802.086,1485
802.205,1499
802.324,1531
802.443,1537
802.562,1522
802.681,1499
802.8,1510
802.919,1506
803.038,1472
803.157,1518
803.276,1544
803.394,1543
803.513,1467
803.632,1551
803.751,1497
803.87,1521
803.989,1501
804.108,1464
804.227,1514
804.346,1513
804.465,1472
804.583,1499
804.702,1501
804.821,1474
804.94,1519
805.059,1531
805.178,1476
805.297,1505
805.416,1479
805.535,1496
805.653,1503
805.772,1516
805.891,1507
806.01,1520
806.129,1508
806.248,1492
806.367,1497
806.485,1524
806.604,1507
806.723,1520
806.842,1490
806.961,1478
807.08,1484
807.198,1507
807.317,1478
807.436,1482
807.555,1519
807.674,1495
807.793,1514
807.912,1488
808.03,1468
808.149,1510
808.268,1523
808.387,1493
808.506,1497
808.624,1473
808.743,1460
808.862,1465
808.981,1458
809.1,1495
809.219,1513
809.337,1479
809.456,1469
809.575,1480
809.694,1496
809.812,1432
809.931,1441
810.05,1475
810.169,1511
810.288,1488
810.406,1487
810.525,1456
810.644,1486
810.763,1479
810.882,1513
811.0,1484
811.119,1520
811.238,1486
811.357,1458
811.475,1499
811.594,1454
811.713,1495
811.832,1480
811.95,1471
812.069,1447
812.188,1488
812.307,1513
812.425,1442
812.544,1502
812.663,1494
812.782,1482
812.9,1501
813.019,1465
813.138,1467
813.257,1505
813.375,1452
813.494,1456
813.613,1466
813.731,1464
813.85,1447
813.969,1430
814.088,1486
814.206,1459
814.325,1457
814.444,1437
814.562,1471
814.681,1466
814.8,1488
814.918,1467
815.037,1480
815.156,1464
815.274,1444
815.393,1466
815.512,1484
815.631,1479
815.749,1445
815.868,1438
815.987,1442
816.105,1466
816.224,1465
816.343,1457
816.461,1435
816.58,1506
816.698,1423
816.817,1433
816.936,1435
817.055,1435
817.173,1429
817.292,1471
817.41,1446
817.529,1420
817.648,1460
817.766,1437
817.885,1442
818.004,1414
818.122,1471
818.241,1416
818.359,1465
818.478,1386
818.597,1446
818.715,1412
818.834,1424
818.953,1388
819.071,1402
819.19,1436
819.308,1390
819.427,1389
819.546,1407
819.664,1442
819.783,1415
819.901,1407
820.02,1378
820.138,1399
820.257,1410
820.376,1412
820.494,1400
820.613,1401
820.731,1398
820.85,1410
820.969,1390
821.087,1382
821.206,1385
821.324,1363
821.443,1440
821.561,1381
821.68,1384
821.798,1405
821.917,1378
822.035,1380
822.154,1390
822.273,1396
822.391,1397
822.51,1324
822.628,1402
822.747,1398
822.865,1379
822.984,1369
823.102,1378
823.221,1357
823.339,1373
823.458,1349
823.576,1426
823.695,1388
823.813,1391
823.932,1356
824.05,1370
824.169,1423
824.287,1357
824.406,1361
824.524,1397
824.643,1348
824.761,1365
824.88,1390
824.998,1372
825.117,1378
825.235,1374
825.354,1372
825.472,1359
825.591,1380
825.709,1342
825.828,1365
825.946,1337
826.064,1351
826.183,1377
826.301,1391
826.42,1329
826.538,1297
826.657,1316
826.775,1377
826.894,1380
827.012,1364
827.13,1365
827.249,1396
827.367,1344
827.486,1392
827.604,1329
827.723,1345
827.841,1342
827.959,1347
828.078,1368
828.196,1315
828.315,1337
828.433,1318
828.552,1338
828.67,1311
828.788,1332
828.907,1339
829.025,1277
829.143,1384
829.262,1354
829.38,1357
829.499,1323
829.617,1325
829.735,1344
829.854,1325
829.972,1323
830.091,1326
830.209,1335
830.327,1317
830.446,1321
830.564,1327
830.682,1296
830.801,1323
830.919,1335
831.037,1330
831.156,1349
831.274,1343
831.392,1342
831.511,1369
831.629,1334
831.747,1334
831.866,1306
831.984,1338
832.102,1335
832.221,1343
832.339,1320
832.457,1312
832.576,1349
832.694,1381
832.812,1312
832.93,1365
833.049,1315
833.167,1287
833.285,1366
833.404,1362
833.522,1343
833.64,1318
833.759,1349
833.877,1326
833.995,1337
834.113,1347
834.232,1395
834.35,1316
834.468,1343
834.586,1323
834.705,1352
834.823,1362
834.941,1336
835.059,1338
835.178,1368
835.296,1314
835.414,1314
835.532,1306
835.651,1306
835.769,1330
835.887,1314
836.005,1293
836.124,1312
836.242,1336
836.36,1333
836.478,1277
836.596,1356
836.715,1311
836.833,1285
836.951,1322
837.069,1381
837.188,1341
837.306,1288
837.424,1344
837.542,1360
837.66,1310
837.779,1339
837.897,1346
838.015,1325
838.133,1289
838.251,1343
838.369,1313
838.487,1347
838.606,1353
838.724,1332
838.842,1354
838.96,1334
839.078,1327
839.196,1321
839.315,1325
839.433,1335
839.551,1318
839.669,1292
839.787,1308
839.905,1346
840.023,1326
840.142,1335
840.26,1298
840.378,1328
840.496,1336
840.614,1329
840.732,1318
840.85,1337
840.968,1349
841.087,1331
841.205,1321
841.323,1290
841.441,1326
841.559,1339
841.677,1345
841.795,1316
841.913,1304
842.031,1316
842.149,1353
842.267,1280
842.385,1341
842.504,1347
842.622,1265
842.74,1319
842.858,1339
842.976,1305
843.094,1324
843.212,1295
843.33,1331
843.448,1317
843.566,1310
843.684,1318
843.802,1335
843.92,1317
844.038,1291
844.156,1287
844.274,1335
844.392,1299
844.51,1299
844.628,1341
844.746,1296
844.864,1342
844.982,1338
845.1,1320
845.218,1312
845.336,1281
845.454,1330
845.572,1315
845.69,1318
845.808,1301
845.926,1297
846.044,1316
846.162,1320
846.28,1309
846.398,1279
846.516,1287
846.634,1336
846.752,1320
846.87,1306
846.988,1278
847.106,1312
847.224,1329
847.342,1323
847.46,1297
847.578,1317
847.696,1313
847.814,1328
847.932,1323
848.05,1296
848.168,1304
848.285,1297
848.403,1309
848.521,1296
848.639,1304
848.757,1350
848.875,1294
848.993,1288
849.111,1274
849.229,1322
849.347,1295
849.465,1333
849.582,1325
849.7,1293
849.818,1307
849.936,1286
850.054,1319
850.172,1321
850.29,1303
850.408,1299
850.525,1296
850.643,1326
850.761,1305
850.879,1257
850.997,1328
851.115,1250
851.233,1281
851.35,1330
851.468,1316
851.586,1310
851.704,1312
851.822,1319
851.94,1314
852.057,1313
852.175,1346
852.293,1311
852.411,1266
852.529,1335
852.647,1333
852.764,1330
852.882,1309
853.0,1314
853.118,1327
853.236,1345
853.353,1309
853.471,1317
853.589,1277
853.707,1317
853.824,1324
853.942,1305
854.06,1290
854.178,1286
854.296,1333
854.413,1349
854.531,1336
854.649,1326
854.767,1322
854.884,1331
855.002,1312
855.12,1324
855.238,1292
855.355,1287
855.473,1334
855.591,1303
855.708,1344
855.826,1339
855.944,1331
856.062,1271
856.179,1276
856.297,1336
856.415,1267
856.532,1285
856.65,1309
856.768,1299
856.886,1308
857.003,1316
857.121,1333
857.239,1337
857.356,1298
857.474,1278
857.592,1297
857.709,1306
857.827,1281
857.945,1329
858.062,1302
858.18,1331
858.298,1280
858.415,1338
858.533,1325
858.651,1324
858.768,1309
858.886,1255
859.003,1324
859.121,1323
859.239,1326
859.356,1339
859.474,1325
859.592,1322
859.709,1290
859.827,1307
859.944,1330
860.062,1333
860.18,1305
860.297,1345
860.415,1316
860.532,1292
860.65,1316
860.768,1312
860.885,1289
861.003,1255
861.12,1333
861.238,1303
861.356,1317
861.473,1336
861.591,1328
861.708,1344
861.826,1306
861.943,1297
862.061,1319
862.178,1314
862.296,1322
862.414,1328
862.531,1289
862.649,1322
862.766,1321
862.884,1305
863.001,1288
863.119,1349
863.236,1339
863.354,1335
863.471,1337
863.589,1310
863.706,1331
863.824,1348
863.941,1310
864.059,1329
864.176,1311
864.294,1317
864.411,1322
864.529,1313
864.646,1304
864.764,1318
864.881,1297
864.999,1328
865.116,1343
865.233,1339
865.351,1303
865.468,1317
865.586,1301
865.703,1296
865.821,1305
865.938,1323
866.056,1309
866.173,1271
866.29,1320
866.408,1250
866.525,1318
866.643,1304
866.76,1297
866.878,1330
866.995,1306
867.112,1301
867.23,1305
867.347,1290
867.465,1297
867.582,1342
867.699,1322
867.817,1294
867.934,1326
868.051,1289
868.169,1292
868.286,1316
868.404,1317
868.521,1274
868.638,1309
868.756,1302
868.873,1305
868.99,1371
869.108,1330
869.225,1334
869.342,1332
869.46,1333
869.577,1303
869.694,1342
869.812,1296
869.929,1302
870.046,1303
870.164,1373
870.281,1325
870.398,1311
870.516,1375
870.633,1332
870.75,1340
870.867,1314
870.985,1298
871.102,1266
871.219,1302
871.337,1279
871.454,1334
871.571,1320
871.688,1305
871.806,1334
871.923,1319
872.04,1339
872.157,1337
872.275,1304
872.392,1316
872.509,1296
872.626,1323
872.744,1347
872.861,1308
872.978,1305
873.095,1302
873.213,1341
873.33,1316
873.447,1295
873.564,1327
873.681,1335
873.799,1287
873.916,1353
874.033,1305
874.15,1298
874.267,1332
874.385,1318
874.502,1323
874.619,1321
874.736,1338
874.853,1308
874.97,1318
875.088,1324
875.205,1335
875.322,1340
875.439,1330
875.556,1317
875.673,1332
875.791,1316
875.908,1326
876.025,1311
876.142,1298
876.259,1316
876.376,1282
876.493,1322
876.61,1302
876.728,1386
876.845,1319
876.962,1328
877.079,1335
877.196,1354
877.313,1341
877.43,1290
877.547,1327
877.664,1325
877.781,1332
877.898,1339
878.016,1300
878.133,1306
878.25,1325
878.367,1296
878.484,1292
878.601,1299
878.718,1352
878.835,1326
878.952,1294
879.069,1348
879.186,1287
879.303,1313
879.42,1326
879.537,1294
879.654,1302
879.771,1346
879.888,1270
880.005,1317
880.122,1334
880.239,1322
880.356,1331
880.473,1311
880.59,1339
880.707,1317
880.824,1317
880.941,1301
881.058,1313
881.175,1313
881.292,1334
881.409,1322
881.526,1306
881.643,1336
881.76,1294
881.877,1300
881.994,1318
882.111,1364
882.228,1309
882.345,1302
882.462,1308
882.579,1318
882.696,1310
882.812,1296
882.929,1330
883.046,1332
883.163,1309
883.28,1306
883.397,1319
883.514,1336
883.631,1351
883.748,1337
883.865,1343
883.982,1334
884.098,1331
884.215,1299
884.332,1338
884.449,1344
884.566,1323
884.683,1332
884.8,1323
884.916,1352
885.033,1306
885.15,1298
885.267,1367
885.384,1376
885.501,1355
885.617,1384
885.734,1327
885.851,1343
885.968,1314
886.085,1328
886.202,1369
886.318,1353
886.435,1387
886.552,1317
886.669,1342
886.786,1351
886.902,1379
887.019,1354
887.136,1303
887.253,1343
887.369,1407
887.486,1344
887.603,1356
887.72,1342
887.837,1309
887.953,1348
888.07,1338
888.187,1336
888.304,1364
888.42,1295
888.537,1349
888.654,1313
888.77,1340
888.887,1310
889.004,1326
889.121,1302
889.237,1348
889.354,1335
889.471,1331
889.587,1338
889.704,1334
889.821,1305
889.938,1314
890.054,1316
890.171,1334
890.288,1348
890.404,1367
890.521,1353
890.638,1338
890.754,1328
890.871,1318
890.988,1328
891.104,1382
891.221,1313
891.337,1361
891.454,1345
891.571,1326
891.687,1351
891.804,1338
891.921,1328
892.037,1403
892.154,1286
892.27,1368
892.387,1376
892.504,1347
892.62,1361
892.737,1353
892.854,1378
892.97,1348
893.087,1364
893.203,1332
893.32,1318
893.436,1374
893.553,1339
893.67,1346
893.786,1369
893.903,1346
894.019,1319
894.136,1352
894.252,1375
894.369,1320
894.485,1356
894.602,1322
894.718,1364
894.835,1370
894.951,1339
895.068,1372
895.184,1308
895.301,1372
895.417,1316
895.534,1335
895.65,1352
895.767,1308
895.883,1346
896.0,1328
896.116,1373
896.233,1366
896.349,1354
896.466,1359
896.582,1360
896.699,1313
896.815,1374
896.932,1324
897.048,1345
897.165,1336
897.281,1355
897.397,1350
897.514,1347
897.63,1348
897.747,1359
897.863,1365
897.979,1357
898.096,1346
898.212,1329
898.329,1389
898.445,1370
898.561,1342
898.678,1359
898.794,1347
898.911,1335
899.027,1367
899.143,1378
899.26,1380
899.376,1372
899.492,1388
899.609,1320
899.725,1361
899.842,1381
899.958,1364
900.074,1376
900.191,1355
900.307,1338
900.423,1366
900.539,1326
900.656,1329
900.772,1351
900.888,1351
901.005,1302
901.121,1345
901.237,1382
901.354,1350
901.47,1337
901.586,1341
901.703,1388
901.819,1334
901.935,1400
902.051,1344
902.168,1374
902.284,1407
902.4,1376
902.516,1373
902.633,1376
902.749,1360
902.865,1407
902.981,1388
903.098,1401
903.214,1351
903.33,1365
903.446,1362
903.562,1392
903.679,1336
903.795,1378
903.911,1391
904.027,1376
904.143,1397
904.26,1333
904.376,1387
904.492,1392
904.608,1435
904.724,1351
904.841,1402
904.957,1354
905.073,1389
905.189,1356
905.305,1384
905.421,1362
905.538,1348
905.654,1344
905.77,1388
905.886,1364
906.002,1359
906.118,1373
906.234,1343
906.35,1382
906.466,1372
906.583,1369
906.699,1355
906.815,1368
906.931,1353
907.047,1396
907.163,1345
907.279,1400
907.395,1373
907.511,1407
907.627,1344
907.743,1381
907.859,1379
907.976,1378
908.092,1361
908.208,1346
908.324,1395
908.44,1397
908.556,1348
908.672,1353
908.788,1390
908.904,1333
909.02,1386
909.136,1409
909.252,1383
909.368,1407
909.484,1375
909.6,1373
909.716,1362
909.832,1376
909.948,1379
910.064,1399
910.18,1402
910.296,1394
910.412,1384
910.528,1422
910.644,1375
910.76,1370
910.875,1383
910.991,1376
911.107,1335
911.223,1398
911.339,1365
911.455,1404
911.571,1403
911.687,1358
911.803,1374
911.919,1363
912.035,1386
912.151,1369
912.267,1355
912.382,1381
912.498,1362
912.614,1343
912.73,1373
912.846,1339
792.446,1819
792.565,1821
792.684,1886
792.803,1725
792.922,1744
793.041,1697
793.16,1730
793.279,1759
793.398,1770
793.518,1778
793.637,1683
793.756,1779
793.875,1705
793.994,1728
794.113,1690
794.232,1645
794.351,1693
794.47,1709
794.589,1641
794.708,1665
794.827,1650
794.946,1664
795.066,1649
795.185,1632
795.304,1642
795.423,1596
795.542,1690
795.661,1652
795.78,1648
795.899,1582
796.018,1635
796.137,1598
796.256,1636
796.375,1656
796.494,1619
796.613,1618
796.732,1599
796.851,1583
796.97,1597
797.089,1593
797.208,1557
797.327,1606
797.446,1581
797.565,1588
797.684,1603
797.803,1540
797.922,1563
798.041,1609
798.16,1556
798.279,1570
798.398,1566
798.517,1589
798.636,1599
798.755,1570
798.874,1596
798.993,1571
799.112,1537
799.231,1553
799.35,1555
799.469,1506
799.588,1541
799.707,1561
799.826,1542
799.945,1561
800.064,1566
800.183,1520
800.302,1569
800.421,1538
800.54,1547
800.659,1546
800.778,1545
800.897,1504
801.016,1533
801.135,1564
801.254,1535
801.373,1591
801.492,1576
801.611,1539
801.729,1517
801.848,1567
801.967,1537
802.086,1567
802.205,1525
802.324,1511
802.443,1562
802.562,1490
802.681,1551
802.8,1543
802.919,1520
803.038,1540
803.157,1543
803.276,1544
803.394,1566
803.513,1541
803.632,1526
803.751,1543
803.87,1527
803.989,1540
804.108,1551
804.227,1532
804.346,1570
804.465,1545
804.583,1562
804.702,1562
804.821,1525
804.94,1495
805.059,1531
805.178,1563
805.297,1578
805.416,1517
805.535,1569
805.653,1524
805.772,1594
805.891,1513
806.01,1499
806.129,1516
806.248,1535
806.367,1562
806.485,1523
806.604,1591
806.723,1511
806.842,1524
806.961,1524
807.08,1525
807.198,1532
807.317,1542
807.436,1555
807.555,1547
807.674,1530
807.793,1548
807.912,1502
808.03,1568
808.149,1484
808.268,1511
808.387,1543
808.506,1526
808.624,1532
808.743,1504
808.862,1520
808.981,1482
809.1,1560
809.219,1527
809.337,1478
809.456,1514
809.575,1503
809.694,1532
809.812,1504
809.931,1545
810.05,1518
810.169,1524
810.288,1506
810.406,1520
810.525,1522
810.644,1480
810.763,1500
810.882,1522
811.0,1526
811.119,1492
811.238,1480
811.357,1527
811.475,1511
811.594,1552
811.713,1473
811.832,1504
811.95,1529
812.069,1546
812.188,1512
812.307,1493
812.425,1523
812.544,1510
812.663,1514
812.782,1515
812.9,1500
813.019,1468
813.138,1555
813.257,1473
813.375,1495
813.494,1492
813.613,1476
813.731,1498
813.85,1486
813.969,1494
814.088,1501
814.206,1449
814.325,1518
814.444,1513
814.562,1491
814.681,1520
814.8,1473
814.918,1483
815.037,1504
815.156,1513
815.274,1515
815.393,1504
815.512,1461
815.631,1489
815.749,1457
815.868,1491
815.987,1490
816.105,1439
816.224,1491
816.343,1501
816.461,1476
816.58,1500
816.698,1470
816.817,1424
816.936,1498
817.055,1516
817.173,1475
817.292,1466
817.41,1456
817.529,1460
817.648,1524
817.766,1466
817.885,1451
818.004,1440
818.122,1456
818.241,1427
818.359,1382
818.478,1439
818.597,1478
818.715,1418
818.834,1419
818.953,1385
819.071,1391
819.19,1423
819.308,1422
819.427,1439
819.546,1407
819.664,1437
819.783,1416
819.901,1442
820.02,1444
820.138,1405
820.257,1433
820.376,1407
820.494,1437
820.613,1396
820.731,1423
820.85,1401
820.969,1433
821.087,1372
821.206,1437
821.324,1390
821.443,1439
821.561,1389
821.68,1418
821.798,1404
821.917,1425
822.035,1437
822.154,1410
822.273,1389
822.391,1389
822.51,1372
822.628,1409
822.747,1426
822.865,1363
822.984,1364
823.102,1414
823.221,1368
823.339,1385
823.458,1416
823.576,1408
823.695,1417
823.813,1383
823.932,1384
824.05,1376
824.169,1377
824.287,1385
824.406,1420
824.524,1441
824.643,1407
824.761,1407
824.88,1398
824.998,1386
825.117,1377
825.235,1392
825.354,1357
825.472,1362
825.591,1386
825.709,1428
825.828,1358
825.946,1386
826.064,1321
826.183,1395
826.301,1358
826.42,1419
826.538,1400
826.657,1381
826.775,1363
826.894,1364
827.012,1376
827.13,1413
827.249,1370
827.367,1371
827.486,1419
827.604,1370
827.723,1363
827.841,1347
827.959,1356
828.078,1372
828.196,1373
828.315,1337
828.433,1331
828.552,1329
828.67,1365
828.788,1361
828.907,1343
829.025,1354
829.143,1413
829.262,1354
829.38,1374
829.499,1373
829.617,1331
829.735,1343
829.854,1386
829.972,1382
830.091,1350
830.209,1390
830.327,1340
830.446,1351
830.564,1353
830.682,1381
830.801,1368
830.919,1344
831.037,1302
831.156,1371
831.274,1372
831.392,1344
831.511,1361
831.629,1417
831.747,1344
831.866,1344
831.984,1365
832.102,1331
832.221,1351
832.339,1364
832.457,1390
832.576,1337
832.694,1348
832.812,1342
832.93,1371
833.049,1344
833.167,1382
833.285,1370
833.404,1362
833.522,1370
833.64,1314
833.759,1387
833.877,1338
833.995,1326
834.113,1338
834.232,1331
834.35,1328
834.468,1349
834.586,1319
834.705,1347
834.823,1345
834.941,1369
835.059,1334
835.178,1358
835.296,1396
835.414,1303
835.532,1351
835.651,1377
835.769,1363
835.887,1364
836.005,1323
836.124,1317
836.242,1341
836.36,1330
836.478,1336
836.596,1338
836.715,1366
836.833,1367
836.951,1304
837.069,1346
837.188,1320
837.306,1332
837.424,1355
837.542,1324
837.66,1327
837.779,1304
837.897,1332
838.015,1396
838.133,1320
838.251,1372
838.369,1350
838.487,1352
838.606,1355
838.724,1340
838.842,1370
838.96,1377
839.078,1353
839.196,1317
839.315,1336
839.433,1377
839.551,1346
839.669,1356
839.787,1347
839.905,1355
840.023,1339
840.142,1313
840.26,1375
840.378,1341
840.496,1328
840.614,1379
840.732,1351
840.85,1292
840.968,1344
841.087,1316
841.205,1350
841.323,1330
841.441,1366
841.559,1371
841.677,1347
841.795,1363
841.913,1323
842.031,1324
842.149,1322
842.267,1347
842.385,1349
842.504,1339
842.622,1309
842.74,1338
842.858,1333
842.976,1316
843.094,1372
843.212,1351
843.33,1318
843.448,1349
843.566,1336
843.684,1348
843.802,1307
843.92,1343
844.038,1363
844.156,1340
844.274,1330
844.392,1348
844.51,1353
844.628,1361
844.746,1318
844.864,1330
844.982,1329
845.1,1341
845.218,1339
845.336,1261
845.454,1327
845.572,1344
845.69,1325
845.808,1325
845.926,1325
846.044,1288
846.162,1299
846.28,1333
846.398,1288
846.516,1377
846.634,1337
846.752,1315
846.87,1331
846.988,1331
847.106,1338
847.224,1336
847.342,1337
847.46,1328
847.578,1350
847.696,1356
847.814,1304
847.932,1339
848.05,1309
848.168,1302
848.285,1308
848.403,1317
848.521,1303
848.639,1328
848.757,1326
848.875,1312
848.993,1318
849.111,1295
849.229,1318
849.347,1322
849.465,1350
849.582,1327
849.7,1325
849.818,1369
849.936,1333
850.054,1353
850.172,1362
850.29,1311
850.408,1330
850.525,1331
850.643,1341
850.761,1363
850.879,1354
850.997,1314
851.115,1394
851.233,1356
851.35,1350
851.468,1388
851.586,1295
851.704,1349
851.822,1318
851.94,1314
852.057,1315
852.175,1333
852.293,1323
852.411,1312
852.529,1358
852.647,1351
852.764,1334
852.882,1387
853.0,1314
853.118,1306
853.236,1343
853.353,1376
853.471,1317
853.589,1305
853.707,1322
853.824,1358
853.942,1345
854.06,1354
854.178,1318
854.296,1334
854.413,1361
854.531,1345
854.649,1304
854.767,1331
854.884,1363
855.002,1333
855.12,1363
855.238,1360
855.355,1343
855.473,1322
855.591,1314
855.708,1360
855.826,1340
855.944,1384
856.062,1296
856.179,1325
856.297,1343
856.415,1350
856.532,1348
856.65,1317
856.768,1323
856.886,1344
857.003,1331
857.121,1309
857.239,1404
857.356,1339
857.474,1315
857.592,1302
857.709,1304
857.827,1339
857.945,1341
858.062,1339
858.18,1298
858.298,1352
858.415,1353
858.533,1332
858.651,1322
858.768,1373
858.886,1347
859.003,1330
859.121,1353
859.239,1308
859.356,1329
859.474,1334
859.592,1271
859.709,1331
859.827,1325
859.944,1302
860.062,1318
860.18,1341
860.297,1317
860.415,1331
860.532,1326
860.65,1332
860.768,1322
860.885,1343
861.003,1310
861.12,1352
861.238,1331
861.356,1352
861.473,1306
861.591,1341
861.708,1346
861.826,1304
861.943,1340
862.061,1349
862.178,1347
862.296,1313
862.414,1328
862.531,1310
862.649,1347
862.766,1353
862.884,1320
863.001,1348
863.119,1378
863.236,1330
863.354,1339
863.471,1326
863.589,1311
863.706,1302
863.824,1320
863.941,1323
864.059,1362
864.176,1361
864.294,1363
864.411,1356
864.529,1333
864.646,1342
864.764,1305
864.881,1325
864.999,1368
865.116,1335
865.233,1334
865.351,1318
865.468,1314
865.586,1356
865.703,1332
865.821,1381
865.938,1329
866.056,1300
866.173,1370
866.29,1336
866.408,1298
866.525,1336
866.643,1361
866.76,1325
866.878,1331
866.995,1346
867.112,1342
867.23,1352
867.347,1317
867.465,1324
867.582,1349
867.699,1392
867.817,1360
867.934,1324
868.051,1313
868.169,1349
868.286,1355
868.404,1354
868.521,1329
868.638,1355
868.756,1308
868.873,1352
868.99,1326
869.108,1343
869.225,1325
869.342,1321
869.46,1353
869.577,1358
869.694,1331
869.812,1365
869.929,1292
870.046,1375
870.164,1360
870.281,1321
870.398,1329
870.516,1342
870.633,1375
870.75,1350
870.867,1344
870.985,1361
871.102,1389
871.219,1346
871.337,1382
871.454,1332
871.571,1358
871.688,1328
871.806,1354
871.923,1362
872.04,1313
872.157,1347
872.275,1328
872.392,1366
872.509,1346
872.626,1356
872.744,1364
872.861,1347
872.978,1316
873.095,1315
873.213,1338
873.33,1353
873.447,1316
873.564,1318
873.681,1371
873.799,1316
873.916,1310
874.033,1362
874.15,1309
874.267,1369
874.385,1326
874.502,1333
874.619,1333
874.736,1370
874.853,1343
874.97,1371
875.088,1315
875.205,1345
875.322,1349
875.439,1364
875.556,1327
875.673,1391
875.791,1326
875.908,1377
876.025,1351
876.142,1352
876.259,1342
876.376,1374
876.493,1298
876.61,1366
876.728,1360
876.845,1320
876.962,1371
877.079,1352
877.196,1370
877.313,1327
877.43,1332
877.547,1388
877.664,1354
877.781,1362
877.898,1337
878.016,1351
878.133,1349
878.25,1338
878.367,1344
878.484,1382
878.601,1365
878.718,1377
878.835,1331
878.952,1374
879.069,1349
879.186,1350
879.303,1367
879.42,1304
879.537,1341
879.654,1305
879.771,1330
879.888,1333
880.005,1368
880.122,1349
880.239,1348
880.356,1365
880.473,1346
880.59,1335
880.707,1354
880.824,1317
880.941,1319
881.058,1355
881.175,1338
881.292,1328
881.409,1324
881.526,1333
881.643,1345
881.76,1351
881.877,1350
881.994,1335
882.111,1324
882.228,1349
882.345,1383
882.462,1330
882.579,1343
882.696,1318
882.812,1391
882.929,1326
883.046,1357
883.163,1333
883.28,1328
883.397,1355
883.514,1311
883.631,1382
883.748,1317
883.865,1327
883.982,1333
884.098,1326
884.215,1339
884.332,1364
884.449,1370
884.566,1405
884.683,1384
884.8,1356
884.916,1358
885.033,1377
885.15,1367
885.267,1386
885.384,1406
885.501,1390
885.617,1369
885.734,1381
885.851,1341
885.968,1411
886.085,1378
886.202,1392
886.318,1382
886.435,1414
886.552,1348
886.669,1425
886.786,1383
886.902,1371
887.019,1346
887.136,1368
887.253,1381
887.369,1395
887.486,1350
887.603,1408
887.72,1387
887.837,1362
887.953,1344
888.07,1357
888.187,1407
888.304,1340
888.42,1369
888.537,1390
888.654,1364
888.77,1376
888.887,1351
889.004,1383
889.121,1373
889.237,1371
889.354,1383
889.471,1366
889.587,1349
889.704,1384
889.821,1367
889.938,1353
890.054,1381
890.171,1354
890.288,1373
890.404,1340
890.521,1370
890.638,1359
890.754,1365
890.871,1421
890.988,1362
891.104,1377
891.221,1349
891.337,1341
891.454,1341
891.571,1384
891.687,1382
891.804,1398
891.921,1342
892.037,1369
892.154,1359
892.27,1364
892.387,1399
892.504,1372
892.62,1373
892.737,1408
892.854,1381
892.97,1364
893.087,1377
893.203,1402
893.32,1368
893.436,1382
893.553,1402
893.67,1370
893.786,1379
893.903,1332
894.019,1395
894.136,1388
894.252,1371
894.369,1413
894.485,1392
894.602,1405
894.718,1432
894.835,1376
894.951,1383
895.068,1351
895.184,1358
895.301,1373
895.417,1383
895.534,1341
895.65,1371
895.767,1362
895.883,1381
896.0,1372
896.116,1401
896.233,1387
896.349,1404
896.466,1386
896.582,1335
896.699,1392
896.815,1419
896.932,1356
897.048,1408
897.165,1375
897.281,1393
897.397,1367
897.514,1398
897.63,1384
897.747,1375
897.863,1376
897.979,1383
898.096,1403
898.212,1359
898.329,1372
898.445,1382
898.561,1396
898.678,1381
898.794,1393
898.911,1380
899.027,1336
899.143,1394
899.26,1415
899.376,1403
899.492,1388
899.609,1378
899.725,1381
899.842,1405
899.958,1429
900.074,1380
900.191,1435
900.307,1371
900.423,1389
900.539,1361
900.656,1403
900.772,1399
900.888,1401
901.005,1359
901.121,1365
901.237,1356
901.354,1408
901.47,1384
901.586,1398
901.703,1413
901.819,1372
901.935,1413
902.051,1435
902.168,1392
902.284,1411
902.4,1448
902.516,1390
902.633,1399
902.749,1445
902.865,1419
902.981,1406
903.098,1419
903.214,1410
903.33,1421
903.446,1426
903.562,1430
903.679,1422
903.795,1412
903.911,1406
904.027,1414
904.143,1409
904.26,1404
904.376,1397
904.492,1395
904.608,1398
904.724,1401
904.841,1404
904.957,1419
905.073,1369
905.189,1370
905.305,1443
905.421,1416
905.538,1398
905.654,1403
905.77,1392
905.886,1372
906.002,1389
906.118,1427
906.234,1426
906.35,1403
906.466,1414
906.583,1417
906.699,1400
906.815,1406
906.931,1417
907.047,1378
907.163,1373
907.279,1390
907.395,1389
907.511,1418
907.627,1429
907.743,1376
907.859,1411
907.976,1426
908.092,1375
908.208,1402
908.324,1462
908.44,1409
908.556,1404
908.672,1435
908.788,1381
908.904,1395
909.02,1421
909.136,1388
909.252,1420
909.368,1407
909.484,1409
909.6,1422
909.716,1367
909.832,1429
909.948,1365
910.064,1370
910.18,1445
910.296,1412
910.412,1421
910.528,1393
910.644,1417
910.76,1391
910.875,1433
910.991,1438
911.107,1404
911.223,1449
911.339,1431
911.455,1444
911.571,1362
911.687,1418
911.803,1416
911.919,1404
912.035,1456
912.151,1450
912.267,1468
912.382,1377
912.498,1449
912.614,1414
912.73,1379
912.846,1400
792.446,1847
792.565,1861
792.684,1821
792.803,1784
792.922,1733
793.041,1732
793.16,1719
793.279,1740
793.398,1751
793.518,1688
793.637,1736
793.756,1711
793.875,1750
793.994,1728
794.113,1746
794.232,1654
794.351,1725
794.47,1712
794.589,1699
794.708,1648
794.827,1668
794.946,1647
795.066,1637
795.185,1683
795.304,1675
795.423,1698
795.542,1677
795.661,1693
795.78,1680
795.899,1612
796.018,1634
796.137,1623
796.256,1618
796.375,1609
796.494,1605
796.613,1623
796.732,1612
796.851,1620
796.97,1572
797.089,1588
797.208,1563
797.327,1624
797.446,1625
797.565,1584
797.684,1583
797.803,1600
797.922,1549
798.041,1586
798.16,1533
798.279,1593
798.398,1595
798.517,1601
798.636,1591
798.755,1563
798.874,1593
798.993,1587
799.112,1584
799.231,1597
799.35,1594
799.469,1556
799.588,1584
799.707,1547
799.826,1563
799.945,1559
800.064,1565
800.183,1570
800.302,1556
800.421,1565
800.54,1561
800.659,1546
800.778,1550
800.897,1574
801.016,1534
801.135,1539
801.254,1592
801.373,1603
801.492,1600
801.611,1579
801.729,1551
801.848,1567
801.967,1582
802.086,1535
802.205,1602
802.324,1511
802.443,1586
802.562,1557
802.681,1529
802.8,1563
802.919,1570
803.038,1569
803.157,1545
803.276,1531
803.394,1577
803.513,1605
803.632,1558
803.751,1488
803.87,1570
803.989,1508
804.108,1605
804.227,1529
804.346,1562
804.465,1531
804.583,1532
804.702,1572
804.821,1514
804.94,1554
805.059,1547
805.178,1550
805.297,1514
805.416,1578
805.535,1531
805.653,1564
805.772,1573
805.891,1526
806.01,1559
806.129,1530
806.248,1548
806.367,1515
806.485,1581
806.604,1535
806.723,1537
806.842,1536
806.961,1485
807.08,1509
807.198,1540
807.317,1516
807.436,1540
807.555,1529
807.674,1497
807.793,1559
807.912,1529
808.03,1526
808.149,1538
808.268,1540
808.387,1572
808.506,1515
808.624,1543
808.743,1520
808.862,1519
808.981,1518
809.1,1514
809.219,1541
809.337,1532
809.456,1538
809.575,1527
809.694,1513
809.812,1544
809.931,1511
810.05,1538
810.169,1529
810.288,1543
810.406,1494
810.525,1517
810.644,1496
810.763,1488
810.882,1504
811.0,1516
811.119,1520
811.238,1518
811.357,1509
811.475,1526
811.594,1481
811.713,1530
811.832,1517
811.95,1487
812.069,1527
812.188,1500
812.307,1547
812.425,1489
812.544,1548
812.663,1534
812.782,1507
812.9,1508
813.019,1480
813.138,1527
813.257,1542
813.375,1555
813.494,1533
813.613,1537
813.731,1511
813.85,1539
813.969,1484
814.088,1504
814.206,1524
814.325,1504
814.444,1474
814.562,1498
814.681,1495
814.8,1502
814.918,1537
815.037,1506
815.156,1473
815.274,1518
815.393,1465
815.512,1494
815.631,1452
815.749,1480
815.868,1460
815.987,1494
816.105,1508
816.224,1502
816.343,1494
816.461,1483
816.58,1482
816.698,1487
816.817,1489
816.936,1449
817.055,1460
817.173,1492
817.292,1442
817.41,1518
817.529,1431
817.648,1503
817.766,1421
817.885,1498
818.004,1484
818.122,1505
818.241,1503
818.359,1435
818.478,1462
818.597,1438
818.715,1466
818.834,1486
818.953,1448
819.071,1415
819.19,1450
819.308,1445
819.427,1427
819.546,1447
819.664,1387
819.783,1429
819.901,1437
820.02,1431
820.138,1425
820.257,1425
820.376,1387
820.494,1426
820.613,1477
820.731,1450
820.85,1435
820.969,1439
821.087,1400
821.206,1411
821.324,1448
821.443,1378
821.561,1465
821.68,1425
821.798,1408
821.917,1445
822.035,1428
822.154,1416
822.273,1387
822.391,1429
822.51,1428
822.628,1438
822.747,1415
822.865,1421
822.984,1402
823.102,1402
823.221,1392
823.339,1374
823.458,1399
823.576,1424
823.695,1388
823.813,1429
823.932,1396
824.05,1404
824.169,1432
824.287,1397
824.406,1413
824.524,1432
824.643,1392
824.761,1406
824.88,1416
824.998,1393
825.117,1412
825.235,1473
825.354,1392
825.472,1379
825.591,1387
825.709,1406
825.828,1376
825.946,1382
826.064,1440
826.183,1370
826.301,1382
826.42,1367
826.538,1401
826.657,1380
826.775,1365
826.894,1382
827.012,1382
827.13,1371
827.249,1372
827.367,1408
827.486,1397
827.604,1418
827.723,1382
827.841,1386
827.959,1378
828.078,1370
828.196,1370
828.315,1358
828.433,1375
828.552,1394
828.67,1359
828.788,1346
828.907,1374
829.025,1381
829.143,1393
829.262,1379
829.38,1331
829.499,1369
829.617,1395
829.735,1411
829.854,1382
829.972,1362
830.091,1341
830.209,1377
830.327,1340
830.446,1361
830.564,1378
830.682,1341
830.801,1376
830.919,1377
831.037,1366
831.156,1374
831.274,1373
831.392,1369
831.511,1334
831.629,1405
831.747,1390
831.866,1338
831.984,1374
832.102,1355
832.221,1364
832.339,1370
832.457,1321
832.576,1371
832.694,1330
832.812,1396
832.93,1348
833.049,1365
833.167,1374
833.285,1354
833.404,1407
833.522,1381
833.64,1353
833.759,1328
833.877,1374
833.995,1381
834.113,1362
834.232,1423
834.35,1365
834.468,1387
834.586,1305
834.705,1333
834.823,1355
834.941,1340
835.059,1379
835.178,1377
835.296,1324
835.414,1379
835.532,1383
835.651,1324
835.769,1269
835.887,1350
836.005,1389
836.124,1367
836.242,1332
836.36,1377
836.478,1391
836.596,1363
836.715,1380
836.833,1303
836.951,1363
837.069,1350
837.188,1350
837.306,1390
837.424,1335
837.542,1360
837.66,1374
837.779,1379
837.897,1370
838.015,1358
838.133,1337
838.251,1330
838.369,1364
838.487,1392
838.606,1388
838.724,1382
838.842,1342
838.96,1328
839.078,1342
839.196,1342
839.315,1345
839.433,1379
839.551,1353
839.669,1359
839.787,1347
839.905,1353
840.023,1312
840.142,1390
840.26,1385
840.378,1347
840.496,1335
840.614,1339
840.732,1366
840.85,1355
840.968,1358
841.087,1325
841.205,1355
841.323,1329
841.441,1364
841.559,1366
841.677,1330
841.795,1338
841.913,1326
842.031,1405
842.149,1373
842.267,1327
842.385,1373
842.504,1360
842.622,1367
842.74,1338
842.858,1340
842.976,1345
843.094,1347
843.212,1384
843.33,1367
843.448,1369
843.566,1345
843.684,1339
843.802,1324
843.92,1364
844.038,1368
844.156,1360
844.274,1347
844.392,1347
844.51,1372
844.628,1315
844.746,1312
844.864,1331
844.982,1328
845.1,1345
845.218,1316
845.336,1323
845.454,1395
845.572,1319
845.69,1321
845.808,1367
845.926,1340
846.044,1332
846.162,1347
846.28,1352
846.398,1323
846.516,1331
846.634,1317
846.752,1321
846.87,1321
846.988,1325
847.106,1343
847.224,1370
847.342,1325
847.46,1341
847.578,1319
847.696,1310
847.814,1317
847.932,1316
848.05,1337
848.168,1312
848.285,1338
848.403,1299
848.521,1363
848.639,1362
848.757,1360
848.875,1365
848.993,1345
849.111,1386
849.229,1341
849.347,1325
849.465,1331
849.582,1322
849.7,1321
849.818,1354
849.936,1334
850.054,1337
850.172,1372
850.29,1307
850.408,1337
850.525,1368
850.643,1340
850.761,1365
850.879,1351
850.997,1373
851.115,1320
851.233,1355
851.35,1364
851.468,1311
851.586,1329
851.704,1392
851.822,1322
851.94,1350
852.057,1353
852.175,1353
852.293,1332
852.411,1389
852.529,1363
852.647,1377
852.764,1331
852.882,1358
853.0,1328
853.118,1393
853.236,1354
853.353,1342
853.471,1339
853.589,1381
853.707,1306
853.824,1324
853.942,1387
854.06,1345
854.178,1358
854.296,1381
854.413,1363
854.531,1323
854.649,1310
854.767,1359
854.884,1336
855.002,1331
855.12,1362
855.238,1388
855.355,1333
855.473,1328
855.591,1340
855.708,1325
855.826,1336
855.944,1331
856.062,1371
856.179,1293
856.297,1343
856.415,1375
856.532,1360
856.65,1353
856.768,1360
856.886,1359
857.003,1333
857.121,1362
857.239,1364
857.356,1350
857.474,1332
857.592,1373
857.709,1335
857.827,1338
857.945,1342
858.062,1374
858.18,1347
858.298,1387
858.415,1323
858.533,1346
858.651,1343
858.768,1360
858.886,1364
859.003,1323
859.121,1370
859.239,1355
859.356,1325
859.474,1368
859.592,1374
859.709,1341
859.827,1332
859.944,1358
860.062,1329
860.18,1347
860.297,1375
860.415,1348
860.532,1356
860.65,1356
860.768,1341
860.885,1331
861.003,1342
861.12,1373
861.238,1348
861.356,1343
861.473,1340
861.591,1333
861.708,1351
861.826,1358
861.943,1325
862.061,1314
862.178,1301
862.296,1353
862.414,1352
862.531,1371
862.649,1358
862.766,1302
862.884,1352
863.001,1361
863.119,1354
863.236,1344
863.354,1357
863.471,1361
863.589,1321
863.706,1331
863.824,1362
863.941,1306
864.059,1345
864.176,1350
864.294,1347
864.411,1318
864.529,1321
864.646,1355
864.764,1345
864.881,1300
864.999,1356
865.116,1348
865.233,1357
865.351,1326
865.468,1345
865.586,1323
865.703,1343
865.821,1371
865.938,1315
866.056,1336
866.173,1359
866.29,1359
866.408,1343
866.525,1342
866.643,1327
866.76,1340
866.878,1328
866.995,1355
867.112,1361
867.23,1329
867.347,1319
867.465,1338
867.582,1314
867.699,1396
867.817,1324
867.934,1362
868.051,1321
868.169,1375
868.286,1325
868.404,1339
868.521,1375
868.638,1319
868.756,1373
868.873,1331
868.99,1323
869.108,1347
869.225,1336
869.342,1368
869.46,1349
869.577,1361
869.694,1365
869.812,1365
869.929,1322
870.046,1319
870.164,1332
870.281,1332
870.398,1362
870.516,1369
870.633,1303
870.75,1368
870.867,1357
870.985,1355
871.102,1368
871.219,1370
871.337,1358
871.454,1375
871.571,1384
871.688,1340
871.806,1388
871.923,1336
872.04,1350
872.157,1365
872.275,1356
872.392,1388
872.509,1368
872.626,1363
872.744,1354
872.861,1377
872.978,1363
873.095,1350
873.213,1358
873.33,1334
873.447,1369
873.564,1383
873.681,1341
873.799,1326
873.916,1338
874.033,1337
874.15,1396
874.267,1331
874.385,1340
874.502,1364
874.619,1329
874.736,1364
874.853,1349
874.97,1322
875.088,1351
875.205,1397
875.322,1362
875.439,1385
875.556,1372
875.673,1404
875.791,1373
875.908,1381
876.025,1351
876.142,1370
876.259,1360
876.376,1313
876.493,1378
876.61,1377
876.728,1354
876.845,1358
876.962,1343
877.079,1357
877.196,1331
877.313,1344
877.43,1355
877.547,1388
877.664,1353
877.781,1357
877.898,1357
878.016,1363
878.133,1339
878.25,1349
878.367,1362
878.484,1335
878.601,1363
878.718,1351
878.835,1352
878.952,1389
879.069,1358
879.186,1400
879.303,1301
879.42,1346
879.537,1389
879.654,1375
879.771,1323
879.888,1345
880.005,1355
880.122,1334
880.239,1337
880.356,1347
880.473,1384
880.59,1345
880.707,1356
880.824,1363
880.941,1336
881.058,1360
881.175,1350
881.292,1372
881.409,1330
881.526,1333
881.643,1337
881.76,1355
881.877,1375
881.994,1386
882.111,1356
882.228,1361
882.345,1363
882.462,1333
882.579,1353
882.696,1343
882.812,1346
882.929,1343
883.046,1392
883.163,1372
883.28,1338
883.397,1349
883.514,1362
883.631,1352
883.748,1367
883.865,1343
883.982,1348
884.098,1358
884.215,1369
884.332,1405
884.449,1323
884.566,1401
884.683,1369
884.8,1391
884.916,1350
885.033,1385
885.15,1362
885.267,1387
885.384,1404
885.501,1382
885.617,1363
885.734,1382
885.851,1394
885.968,1389
886.085,1390
886.202,1407
886.318,1414
886.435,1417
886.552,1377
886.669,1386
886.786,1388
886.902,1385
887.019,1401
887.136,1420
887.253,1406
887.369,1396
887.486,1370
887.603,1342
887.72,1416
887.837,1401
887.953,1410
888.07,1369
888.187,1382
888.304,1383
888.42,1377
888.537,1362
888.654,1387
888.77,1361
888.887,1369
889.004,1369
889.121,1367
889.237,1370
889.354,1392
889.471,1423
889.587,1371
889.704,1410
889.821,1375
889.938,1390
890.054,1373
890.171,1388
890.288,1383
890.404,1363
890.521,1411
890.638,1406
890.754,1394
890.871,1391
890.988,1407
891.104,1355
891.221,1397
891.337,1409
891.454,1389
891.571,1413
891.687,1415
891.804,1353
891.921,1421
892.037,1390
892.154,1376
892.27,1385
892.387,1367
892.504,1361
892.62,1405
892.737,1399
892.854,1386
892.97,1395
893.087,1379
893.203,1403
893.32,1379
893.436,1393
893.553,1402
893.67,1381
893.786,1407
893.903,1392
894.019,1373
894.136,1360
894.252,1405
894.369,1377
894.485,1411
894.602,1409
894.718,1384
894.835,1415
894.951,1362
895.068,1441
895.184,1375
895.301,1392
895.417,1402
895.534,1407
895.65,1436
895.767,1429
895.883,1372
896.0,1383
896.116,1343
896.233,1392
896.349,1391
896.466,1389
896.582,1357
896.699,1390
896.815,1419
896.932,1352
897.048,1378
897.165,1395
897.281,1428
897.397,1418
897.514,1389
897.63,1396
897.747,1400
897.863,1418
897.979,1410
898.096,1373
898.212,1399
898.329,1411
898.445,1428
898.561,1377
898.678,1388
898.794,1398
898.911,1392
899.027,1420
899.143,1403
899.26,1381
899.376,1395
899.492,1388
899.609,1416
899.725,1386
899.842,1393
899.958,1376
900.074,1445
900.191,1401
900.307,1384
900.423,1401
900.539,1421
900.656,1429
900.772,1386
900.888,1398
901.005,1436
901.121,1413
901.237,1399
901.354,1430
901.47,1396
901.586,1371
901.703,1407
901.819,1450
901.935,1390
902.051,1438
902.168,1427
902.284,1431
902.4,1415
902.516,1416
902.633,1428
902.749,1399
902.865,1444
902.981,1378
903.098,1443
903.214,1447
903.33,1414
903.446,1426
903.562,1437
903.679,1425
903.795,1439
903.911,1463
904.027,1419
904.143,1460
904.26,1404
904.376,1447
904.492,1391
904.608,1481
904.724,1388
904.841,1452
904.957,1420
905.073,1426
905.189,1434
905.305,1415
905.421,1462
905.538,1409
905.654,1432
905.77,1419
905.886,1392
906.002,1400
906.118,1398
906.234,1426
906.35,1453
906.466,1435
906.583,1397
906.699,1478
906.815,1412
906.931,1422
907.047,1389
907.163,1373
907.279,1408
907.395,1421
907.511,1399
907.627,1410
907.743,1404
907.859,1413
907.976,1427
908.092,1446
908.208,1400
908.324,1423
908.44,1447
908.556,1412
908.672,1403
908.788,1425
908.904,1425
909.02,1398
909.136,1441
909.252,1446
909.368,1425
909.484,1425
909.6,1441
909.716,1446
909.832,1392
909.948,1408
910.064,1431
910.18,1443
910.296,1453
910.412,1436
910.528,1454
910.644,1444
910.76,1398
910.875,1430
910.991,1463
911.107,1413
911.223,1429
911.339,1418
911.455,1440
911.571,1422
911.687,1480
911.803,1410
911.919,1441
912.035,1451
912.151,1470
912.267,1440
912.382,1428
912.498,1375
912.614,1452
912.73,1429
912.846,1449
