792.446,301
792.565,344
792.684,404
792.803,381
792.922,328
793.041,315
793.16,320
793.279,332
793.398,329
793.518,307
793.637,318
793.756,328
793.875,348
793.994,342
794.113,330
794.232,334
794.351,326
794.47,314
794.589,342
794.708,330
794.827,325
794.946,338
795.066,344
795.185,329
795.304,330
795.423,335
795.542,332
795.661,322
795.78,328
795.899,334
796.018,321
796.137,332
796.256,328
796.375,318
796.494,324
796.613,322
796.732,337
796.851,328
796.97,326
797.089,322
797.208,322
797.327,328
797.446,333
797.565,335
797.684,322
797.803,306
797.922,320
798.041,336
798.16,324
798.279,344
798.398,326
798.517,323
798.636,319
798.755,322
798.874,337
798.993,317
799.112,314
799.231,319
799.35,312
799.469,329
799.588,317
799.707,321
799.826,328
799.945,327
800.064,321
800.183,319
800.302,332
800.421,339
800.54,314
800.659,329
800.778,324
800.897,325
801.016,334
801.135,320
801.254,318
801.373,328
801.492,322
801.611,327
801.729,330
801.848,346
801.967,327
802.086,337
802.205,320
802.324,322
802.443,305
802.562,315
802.681,332
802.8,314
802.919,323
803.038,326
803.157,321
803.276,319
803.394,324
803.513,315
803.632,322
803.751,333
803.87,325
803.989,322
804.108,325
804.227,327
804.346,321
804.465,324
804.583,325
804.702,323
804.821,316
804.94,316
805.059,326
805.178,327
805.297,327
805.416,324
805.535,312
805.653,339
805.772,336
805.891,333
806.01,310
806.129,335
806.248,321
806.367,341
806.485,317
806.604,334
806.723,322
806.842,327
806.961,323
807.08,333
807.198,314
807.317,333
807.436,320
807.555,331
807.674,323
807.793,322
807.912,324
808.03,324
808.149,337
808.268,314
808.387,316
808.506,330
808.624,321
808.743,322
808.862,312
808.981,311
809.1,318
809.219,326
809.337,325
809.456,327
809.575,318
809.694,320
809.812,324
809.931,321
810.05,326
810.169,309
810.288,316
810.406,336
810.525,322
810.644,331
810.763,319
810.882,340
811.0,321
811.119,323
811.238,319
811.357,321
811.475,309
811.594,325
811.713,310
811.832,316
811.95,316
812.069,311
812.188,314
812.307,312
812.425,331
812.544,321
812.663,330
812.782,326
812.9,315
813.019,323
813.138,317
813.257,329
813.375,319
813.494,317
813.613,323
813.731,326
813.85,321
813.969,316
814.088,323
814.206,320
814.325,322
814.444,321
814.562,318
814.681,324
814.8,325
814.918,325
815.037,325
815.156,331
815.274,314
815.393,319
815.512,325
815.631,310
815.749,322
815.868,322
815.987,318
816.105,324
816.224,313
816.343,339
816.461,318
816.58,316
816.698,334
816.817,311
816.936,329
817.055,325
817.173,315
817.292,318
817.41,334
817.529,320
817.648,319
817.766,312
817.885,320
818.004,329
818.122,331
818.241,317
818.359,318
818.478,319
818.597,307
818.715,331
818.834,321
818.953,322
819.071,312
819.19,317
819.308,312
819.427,310
819.546,322
819.664,324
819.783,318
819.901,331
820.02,312
820.138,326
820.257,314
820.376,323
820.494,318
820.613,337
820.731,313
820.85,321
820.969,326
821.087,341
821.206,312
821.324,321
821.443,329
821.561,315
821.68,326
821.798,325
821.917,313
822.035,311
822.154,314
822.273,324
822.391,321
822.51,314
822.628,301
822.747,313
822.865,318
822.984,317
823.102,313
823.221,322
823.339,322
823.458,325
823.576,321
823.695,316
823.813,316
823.932,315
824.05,322
824.169,317
824.287,322
824.406,311
824.524,302
824.643,318
824.761,327
824.88,324
824.998,311
825.117,309
825.235,311
825.354,326
825.472,317
825.591,322
825.709,325
825.828,313
825.946,313
826.064,308
826.183,316
826.301,323
826.42,311
826.538,315
826.657,326
826.775,313
826.894,303
827.012,325
827.13,318
827.249,309
827.367,328
827.486,306
827.604,322
827.723,320
827.841,329
827.959,331
828.078,310
828.196,327
828.315,332
828.433,307
828.552,312
828.67,320
828.788,316
828.907,316
829.025,325
829.143,314
829.262,322
829.38,330
829.499,308
829.617,321
829.735,323
829.854,309
829.972,320
830.091,328
830.209,324
830.327,308
830.446,312
830.564,334
830.682,310
830.801,314
830.919,317
831.037,331
831.156,330
831.274,312
831.392,328
831.511,315
831.629,320
831.747,312
831.866,310
831.984,317
832.102,317
832.221,311
832.339,304
832.457,308
832.576,312
832.694,313
832.812,295
832.93,325
833.049,309
833.167,326
833.285,320
833.404,325
833.522,322
833.64,323
833.759,316
833.877,326
833.995,323
834.113,323
834.232,311
834.35,325
834.468,313
834.586,307
834.705,313
834.823,306
834.941,314
835.059,320
835.178,311
835.296,308
835.414,322
835.532,327
835.651,306
835.769,322
835.887,324
836.005,314
836.124,317
836.242,320
836.36,300
836.478,321
836.596,317
836.715,296
836.833,324
836.951,323
837.069,319
837.188,318
837.306,314
837.424,322
837.542,310
837.66,333
837.779,308
837.897,312
838.015,313
838.133,306
838.251,322
838.369,332
838.487,323
838.606,322
838.724,311
838.842,318
838.96,324
839.078,323
839.196,313
839.315,323
839.433,320
839.551,316
839.669,327
839.787,321
839.905,323
840.023,326
840.142,315
840.26,318
840.378,330
840.496,332
840.614,323
840.732,321
840.85,311
840.968,315
841.087,313
841.205,315
841.323,307
841.441,319
841.559,325
841.677,313
841.795,309
841.913,328
842.031,331
842.149,315
842.267,323
842.385,332
842.504,302
842.622,323
842.74,328
842.858,322
842.976,329
843.094,325
843.212,322
843.33,323
843.448,309
843.566,317
843.684,332
843.802,319
843.92,320
844.038,313
844.156,321
844.274,328
844.392,312
844.51,322
844.628,319
844.746,331
844.864,320
844.982,301
845.1,315
845.218,330
845.336,308
845.454,315
845.572,315
845.69,320
845.808,303
845.926,328
846.044,319
846.162,310
846.28,317
846.398,308
846.516,324
846.634,317
846.752,318
846.87,316
846.988,315
847.106,320
847.224,317
847.342,305
847.46,309
847.578,317
847.696,325
847.814,315
847.932,303
848.05,305
848.168,301
848.285,324
848.403,323
848.521,318
848.639,309
848.757,312
848.875,313
848.993,323
849.111,315
849.229,313
849.347,308
849.465,329
849.582,295
849.7,322
849.818,321
849.936,316
850.054,308
850.172,321
850.29,324
850.408,328
850.525,305
850.643,327
850.761,326
850.879,325
850.997,321
851.115,326
851.233,315
851.35,314
851.468,326
851.586,324
851.704,322
851.822,318
851.94,312
852.057,324
852.175,331
852.293,324
852.411,309
852.529,324
852.647,312
852.764,320
852.882,319
853.0,329
853.118,303
853.236,307
853.353,319
853.471,316
853.589,323
853.707,323
853.824,312
853.942,315
854.06,322
854.178,320
854.296,321
854.413,316
854.531,314
854.649,315
854.767,315
854.884,323
855.002,321
855.12,313
855.238,319
855.355,330
855.473,312
855.591,307
855.708,323
855.826,314
855.944,328
856.062,310
856.179,322
856.297,319
856.415,315
856.532,318
856.65,320
856.768,310
856.886,305
857.003,305
857.121,321
857.239,313
857.356,310
857.474,312
857.592,315
857.709,314
857.827,313
857.945,315
858.062,310
858.18,314
858.298,326
858.415,309
858.533,316
858.651,305
858.768,311
858.886,312
859.003,315
859.121,318
859.239,316
859.356,317
859.474,327
859.592,319
859.709,322
859.827,308
859.944,321
860.062,316
860.18,307
860.297,322
860.415,324
860.532,309
860.65,332
860.768,319
860.885,300
861.003,318
861.12,322
861.238,319
861.356,319
861.473,322
861.591,315
861.708,315
861.826,321
861.943,316
862.061,316
862.178,315
862.296,311
862.414,313
862.531,313
862.649,316
862.766,319
862.884,317
863.001,318
863.119,310
863.236,305
863.354,305
863.471,308
863.589,325
863.706,311
863.824,311
863.941,307
864.059,322
864.176,324
864.294,332
864.411,310
864.529,310
864.646,314
864.764,329
864.881,314
864.999,312
865.116,320
865.233,312
865.351,310
865.468,322
865.586,312
865.703,307
865.821,313
865.938,316
866.056,333
866.173,302
866.29,317
866.408,320
866.525,307
866.643,317
866.76,314
866.878,315
866.995,317
867.112,304
867.23,313
867.347,306
867.465,314
867.582,317
867.699,313
867.817,317
867.934,317
868.051,311
868.169,305
868.286,317
868.404,314
868.521,311
868.638,307
868.756,320
868.873,320
868.99,331
869.108,323
869.225,312
869.342,315
869.46,310
869.577,325
869.694,310
869.812,315
869.929,310
870.046,300
870.164,311
870.281,320
870.398,325
870.516,304
870.633,324
870.75,332
870.867,310
870.985,321
871.102,315
871.219,331
871.337,313
871.454,314
871.571,308
871.688,326
871.806,308
871.923,327
872.04,320
872.157,321
872.275,312
872.392,308
872.509,321
872.626,300
872.744,302
872.861,301
872.978,326
873.095,312
873.213,328
873.33,313
873.447,315
873.564,317
873.681,315
873.799,313
873.916,327
874.033,308
874.15,321
874.267,304
874.385,314
874.502,309
874.619,326
874.736,310
874.853,312
874.97,309
875.088,322
875.205,315
875.322,324
875.439,301
875.556,307
875.673,310
875.791,307
875.908,318
876.025,318
876.142,310
876.259,327
876.376,307
876.493,308
876.61,323
876.728,317
876.845,321
876.962,330
877.079,308
877.196,316
877.313,305
877.43,318
877.547,312
877.664,313
877.781,309
877.898,320
878.016,321
878.133,314
878.25,322
878.367,314
878.484,310
878.601,324
878.718,313
878.835,309
878.952,318
879.069,313
879.186,313
879.303,309
879.42,320
879.537,320
879.654,313
879.771,328
879.888,323
880.005,320
880.122,302
880.239,321
880.356,315
880.473,316
880.59,324
880.707,312
880.824,314
880.941,313
881.058,312
881.175,320
881.292,320
881.409,306
881.526,316
881.643,321
881.76,315
881.877,317
881.994,321
882.111,316
882.228,316
882.345,313
882.462,327
882.579,320
882.696,319
882.812,322
882.929,327
883.046,320
883.163,320
883.28,323
883.397,309
883.514,328
883.631,314
883.748,310
883.865,314
883.982,310
884.098,308
884.215,316
884.332,318
884.449,307
884.566,334
884.683,328
884.8,313
884.916,314
885.033,312
885.15,329
885.267,321
885.384,315
885.501,308
885.617,325
885.734,318
885.851,320
885.968,321
886.085,323
886.202,322
886.318,338
886.435,315
886.552,317
886.669,316
886.786,327
886.902,312
887.019,302
887.136,313
887.253,328
887.369,311
887.486,313
887.603,316
887.72,325
887.837,298
887.953,336
888.07,318
888.187,324
888.304,317
888.42,311
888.537,318
888.654,323
888.77,312
888.887,316
889.004,324
889.121,324
889.237,319
889.354,321
889.471,324
889.587,324
889.704,325
889.821,317
889.938,325
890.054,304
890.171,320
890.288,315
890.404,310
890.521,322
890.638,300
890.754,315
890.871,320
890.988,314
891.104,317
891.221,315
891.337,328
891.454,320
891.571,316
891.687,323
891.804,301
891.921,322
892.037,326
892.154,305
892.27,315
892.387,321
892.504,310
892.62,321
892.737,300
892.854,323
892.97,317
893.087,315
893.203,309
893.32,322
893.436,303
893.553,315
893.67,314
893.786,309
893.903,324
894.019,316
894.136,299
894.252,319
894.369,324
894.485,327
894.602,317
894.718,326
894.835,312
894.951,308
895.068,315
895.184,320
895.301,311
895.417,314
895.534,321
895.65,316
895.767,316
895.883,311
896.0,298
896.116,324
896.233,310
896.349,331
896.466,327
896.582,317
896.699,319
896.815,312
896.932,337
897.048,329
897.165,318
897.281,313
897.397,315
897.514,320
897.63,309
897.747,326
897.863,310
897.979,320
898.096,317
898.212,320
898.329,307
898.445,315
898.561,305
898.678,314
898.794,325
898.911,316
899.027,320
899.143,310
899.26,324
899.376,323
899.492,314
899.609,312
899.725,314
899.842,304
899.958,308
900.074,316
900.191,311
900.307,312
900.423,316
900.539,304
900.656,306
900.772,329
900.888,319
901.005,322
901.121,313
901.237,308
901.354,308
901.47,332
901.586,313
901.703,313
901.819,320
901.935,323
902.051,324
902.168,315
902.284,317
902.4,309
902.516,319
902.633,326
902.749,319
902.865,306
902.981,317
903.098,317
903.214,311
903.33,322
903.446,316
903.562,316
903.679,312
903.795,309
903.911,311
904.027,304
904.143,318
904.26,318
904.376,322
904.492,314
904.608,309
904.724,317
904.841,318
904.957,308
905.073,303
905.189,319
905.305,319
905.421,314
905.538,305
905.654,321
905.77,320
905.886,318
906.002,319
906.118,324
906.234,317
906.35,327
906.466,316
906.583,319
906.699,319
906.815,310
906.931,320
907.047,306
907.163,316
907.279,313
907.395,317
907.511,319
907.627,308
907.743,323
907.859,315
907.976,322
908.092,306
908.208,323
908.324,326
908.44,318
908.556,312
908.672,326
908.788,311
908.904,307
909.02,309
909.136,321
909.252,309
909.368,318
909.484,316
909.6,326
909.716,312
909.832,322
909.948,316
910.064,319
910.18,325
910.296,319
910.412,315
910.528,306
910.644,317
910.76,312
910.875,320
910.991,324
911.107,307
911.223,318
911.339,332
911.455,314
911.571,316
911.687,321
911.803,316
911.919,317
912.035,321
912.151,318
912.267,311
912.382,313
912.498,305
912.614,327
912.73,303
912.846,316
792.446,304
792.565,346
792.684,401
792.803,375
792.922,342
793.041,316
793.16,308
793.279,345
793.398,341
793.518,321
793.637,320
793.756,330
793.875,347
793.994,342
794.113,327
794.232,326
794.351,325
794.47,336
794.589,323
794.708,322
794.827,335
794.946,333
795.066,331
795.185,321
795.304,322
795.423,333
795.542,326
795.661,345
795.78,326
795.899,323
796.018,336
796.137,331
796.256,315
796.375,333
796.494,333
796.613,340
796.732,334
796.851,312
796.97,329
797.089,312
797.208,322
797.327,329
797.446,313
797.565,307
797.684,325
797.803,311
797.922,329
798.041,328
798.16,330
798.279,318
798.398,323
798.517,320
798.636,330
798.755,327
798.874,322
798.993,343
799.112,323
799.231,321
799.35,334
799.469,318
799.588,334
799.707,322
799.826,321
799.945,323
800.064,323
800.183,318
800.302,316
800.421,327
800.54,319
800.659,325
800.778,315
800.897,322
801.016,329
801.135,313
801.254,316
801.373,320
801.492,310
801.611,328
801.729,315
801.848,318
801.967,330
802.086,325
802.205,332
802.324,332
802.443,330
802.562,336
802.681,326
802.8,322
802.919,313
803.038,328
803.157,324
803.276,336
803.394,317
803.513,325
803.632,328
803.751,328
803.87,321
803.989,322
804.108,314
804.227,325
804.346,324
804.465,321
804.583,314
804.702,323
804.821,321
804.94,313
805.059,310
805.178,317
805.297,321
805.416,323
805.535,321
805.653,328
805.772,330
805.891,318
806.01,328
806.129,328
806.248,328
806.367,329
806.485,324
806.604,337
806.723,316
806.842,312
806.961,320
807.08,314
807.198,321
807.317,317
807.436,305
807.555,324
807.674,311
807.793,322
807.912,329
808.03,331
808.149,333
808.268,317
808.387,327
808.506,324
808.624,313
808.743,314
808.862,323
808.981,315
809.1,326
809.219,319
809.337,323
809.456,328
809.575,322
809.694,327
809.812,316
809.931,318
810.05,320
810.169,327
810.288,332
810.406,315
810.525,334
810.644,329
810.763,321
810.882,319
811.0,342
811.119,319
811.238,317
811.357,314
811.475,314
811.594,325
811.713,320
811.832,329
811.95,336
812.069,336
812.188,317
812.307,321
812.425,322
812.544,322
812.663,320
812.782,321
812.9,314
813.019,318
813.138,320
813.257,322
813.375,317
813.494,321
813.613,330
813.731,338
813.85,320
813.969,320
814.088,303
814.206,323
814.325,323
814.444,318
814.562,317
814.681,322
814.8,305
814.918,321
815.037,318
815.156,324
815.274,330
815.393,334
815.512,307
815.631,319
815.749,317
815.868,326
815.987,318
816.105,315
816.224,313
816.343,306
816.461,313
816.58,307
816.698,324
816.817,322
816.936,318
817.055,325
817.173,308
817.292,320
817.41,320
817.529,321
817.648,330
817.766,320
817.885,317
818.004,317
818.122,324
818.241,326
818.359,327
818.478,325
818.597,315
818.715,327
818.834,323
818.953,320
819.071,313
819.19,303
819.308,322
819.427,326
819.546,311
819.664,324
819.783,310
819.901,328
820.02,322
820.138,315
820.257,310
820.376,331
820.494,336
820.613,321
820.731,332
820.85,329
820.969,315
821.087,321
821.206,307
821.324,324
821.443,318
821.561,326
821.68,326
821.798,317
821.917,313
822.035,315
822.154,319
822.273,305
822.391,310
822.51,323
822.628,319
822.747,320
822.865,322
822.984,332
823.102,315
823.221,315
823.339,330
823.458,320
823.576,318
823.695,328
823.813,305
823.932,322
824.05,318
824.169,324
824.287,310
824.406,310
824.524,318
824.643,320
824.761,316
824.88,323
824.998,309
825.117,325
825.235,321
825.354,319
825.472,313
825.591,324
825.709,320
825.828,310
825.946,312
826.064,325
826.183,324
826.301,315
826.42,312
826.538,311
826.657,310
826.775,317
826.894,314
827.012,326
827.13,311
827.249,318
827.367,321
827.486,329
827.604,305
827.723,329
827.841,322
827.959,337
828.078,320
828.196,318
828.315,325
828.433,318
828.552,323
828.67,324
828.788,316
828.907,317
829.025,323
829.143,307
829.262,322
829.38,311
829.499,320
829.617,334
829.735,304
829.854,320
829.972,304
830.091,316
830.209,325
830.327,315
830.446,320
830.564,313
830.682,324
830.801,318
830.919,332
831.037,329
831.156,301
831.274,321
831.392,322
831.511,306
831.629,308
831.747,325
831.866,311
831.984,330
832.102,317
832.221,317
832.339,318
832.457,322
832.576,325
832.694,316
832.812,318
832.93,319
833.049,319
833.167,328
833.285,307
833.404,320
833.522,311
833.64,325
833.759,324
833.877,321
833.995,310
834.113,305
834.232,314
834.35,313
834.468,310
834.586,318
834.705,300
834.823,317
834.941,319
835.059,317
835.178,310
835.296,311
835.414,317
835.532,326
835.651,316
835.769,314
835.887,309
836.005,320
836.124,303
836.242,318
836.36,317
836.478,334
836.596,324
836.715,335
836.833,311
836.951,328
837.069,314
837.188,324
837.306,303
837.424,329
837.542,317
837.66,332
837.779,308
837.897,314
838.015,320
838.133,331
838.251,307
838.369,317
838.487,306
838.606,319
838.724,324
838.842,314
838.96,320
839.078,325
839.196,316
839.315,325
839.433,309
839.551,319
839.669,320
839.787,315
839.905,322
840.023,315
840.142,329
840.26,321
840.378,318
840.496,340
840.614,316
840.732,323
840.85,309
840.968,312
841.087,325
841.205,326
841.323,306
841.441,329
841.559,306
841.677,321
841.795,317
841.913,313
842.031,322
842.149,316
842.267,315
842.385,308
842.504,313
842.622,321
842.74,321
842.858,321
842.976,316
843.094,329
843.212,308
843.33,322
843.448,320
843.566,326
843.684,321
843.802,317
843.92,312
844.038,319
844.156,324
844.274,316
844.392,323
844.51,319
844.628,316
844.746,318
844.864,323
844.982,325
845.1,305
845.218,297
845.336,314
845.454,316
845.572,312
845.69,322
845.808,317
845.926,340
846.044,321
846.162,325
846.28,313
846.398,317
846.516,318
846.634,310
846.752,308
846.87,317
846.988,317
847.106,317
847.224,321
847.342,314
847.46,312
847.578,316
847.696,300
847.814,312
847.932,322
848.05,313
848.168,313
848.285,316
848.403,310
848.521,310
848.639,306
848.757,313
848.875,318
848.993,323
849.111,336
849.229,307
849.347,317
849.465,329
849.582,306
849.7,316
849.818,317
849.936,315
850.054,328
850.172,323
850.29,311
850.408,316
850.525,320
850.643,313
850.761,323
850.879,314
850.997,320
851.115,314
851.233,316
851.35,319
851.468,320
851.586,313
851.704,326
851.822,321
851.94,315
852.057,309
852.175,320
852.293,325
852.411,312
852.529,335
852.647,313
852.764,317
852.882,323
853.0,323
853.118,326
853.236,311
853.353,298
853.471,307
853.589,307
853.707,322
853.824,315
853.942,326
854.06,302
854.178,328
854.296,317
854.413,318
854.531,319
854.649,317
854.767,317
854.884,324
855.002,317
855.12,325
855.238,322
855.355,306
855.473,303
855.591,317
855.708,322
855.826,322
855.944,324
856.062,316
856.179,316
856.297,322
856.415,304
856.532,313
856.65,311
856.768,337
856.886,318
857.003,318
857.121,307
857.239,303
857.356,321
857.474,310
857.592,318
857.709,316
857.827,309
857.945,322
858.062,309
858.18,328
858.298,312
858.415,328
858.533,327
858.651,322
858.768,313
858.886,314
859.003,314
859.121,305
859.239,309
859.356,320
859.474,309
859.592,317
859.709,332
859.827,319
859.944,314
860.062,308
860.18,321
860.297,322
860.415,305
860.532,321
860.65,302
860.768,317
860.885,301
861.003,323
861.12,315
861.238,322
861.356,315
861.473,325
861.591,322
861.708,325
861.826,320
861.943,320
862.061,313
862.178,314
862.296,313
862.414,304
862.531,324
862.649,313
862.766,315
862.884,321
863.001,320
863.119,325
863.236,313
863.354,322
863.471,324
863.589,311
863.706,303
863.824,313
863.941,316
864.059,314
864.176,311
864.294,314
864.411,302
864.529,314
864.646,313
864.764,313
864.881,318
864.999,322
865.116,312
865.233,326
865.351,310
865.468,317
865.586,312
865.703,317
865.821,320
865.938,318
866.056,322
866.173,309
866.29,302
866.408,310
866.525,325
866.643,317
866.76,329
866.878,321
866.995,316
867.112,317
867.23,320
867.347,313
867.465,312
867.582,327
867.699,312
867.817,325
867.934,313
868.051,319
868.169,322
868.286,320
868.404,319
868.521,303
868.638,311
868.756,325
868.873,312
868.99,319
869.108,309
869.225,326
869.342,321
869.46,317
869.577,315
869.694,303
869.812,315
869.929,315
870.046,313
870.164,311
870.281,312
870.398,327
870.516,308
870.633,333
870.75,307
870.867,322
870.985,314
871.102,322
871.219,311
871.337,317
871.454,310
871.571,328
871.688,311
871.806,317
871.923,327
872.04,314
872.157,318
872.275,331
872.392,317
872.509,327
872.626,321
872.744,318
872.861,316
872.978,322
873.095,314
873.213,321
873.33,328
873.447,321
873.564,318
873.681,324
873.799,324
873.916,318
874.033,319
874.15,317
874.267,320
874.385,313
874.502,313
874.619,312
874.736,314
874.853,326
874.97,308
875.088,332
875.205,310
875.322,319
875.439,305
875.556,321
875.673,309
875.791,319
875.908,315
876.025,314
876.142,304
876.259,325
876.376,310
876.493,326
876.61,322
876.728,330
876.845,321
876.962,315
877.079,322
877.196,336
877.313,321
877.43,306
877.547,325
877.664,316
877.781,303
877.898,313
878.016,315
878.133,314
878.25,299
878.367,318
878.484,318
878.601,313
878.718,313
878.835,323
878.952,309
879.069,318
879.186,307
879.303,329
879.42,316
879.537,320
879.654,318
879.771,320
879.888,311
880.005,318
880.122,324
880.239,320
880.356,305
880.473,315
880.59,326
880.707,305
880.824,304
880.941,328
881.058,317
881.175,321
881.292,323
881.409,319
881.526,321
881.643,310
881.76,317
881.877,318
881.994,319
882.111,315
882.228,315
882.345,314
882.462,311
882.579,310
882.696,316
882.812,318
882.929,319
883.046,314
883.163,314
883.28,318
883.397,324
883.514,326
883.631,305
883.748,318
883.865,314
883.982,316
884.098,322
884.215,325
884.332,325
884.449,332
884.566,328
884.683,315
884.8,310
884.916,318
885.033,299
885.15,321
885.267,320
885.384,333
885.501,320
885.617,314
885.734,323
885.851,304
885.968,311
886.085,308
886.202,326
886.318,322
886.435,317
886.552,317
886.669,314
886.786,318
886.902,323
887.019,315
887.136,315
887.253,330
887.369,322
887.486,310
887.603,314
887.72,322
887.837,309
887.953,317
888.07,324
888.187,315
888.304,323
888.42,323
888.537,327
888.654,309
888.77,316
888.887,312
889.004,311
889.121,316
889.237,314
889.354,323
889.471,329
889.587,306
889.704,317
889.821,324
889.938,314
890.054,311
890.171,317
890.288,322
890.404,325
890.521,301
890.638,323
890.754,318
890.871,322
890.988,313
891.104,307
891.221,316
891.337,308
891.454,330
891.571,314
891.687,308
891.804,305
891.921,317
892.037,312
892.154,333
892.27,320
892.387,326
892.504,307
892.62,328
892.737,309
892.854,321
892.97,326
893.087,312
893.203,320
893.32,321
893.436,307
893.553,334
893.67,303
893.786,324
893.903,314
894.019,305
894.136,330
894.252,296
894.369,320
894.485,309
894.602,319
894.718,313
894.835,302
894.951,324
895.068,308
895.184,315
895.301,318
895.417,308
895.534,313
895.65,315
895.767,317
895.883,320
896.0,308
896.116,326
896.233,337
896.349,322
896.466,309
896.582,331
896.699,300
896.815,316
896.932,328
897.048,303
897.165,307
897.281,340
897.397,314
897.514,318
897.63,320
897.747,315
897.863,302
897.979,315
898.096,315
898.212,321
898.329,306
898.445,326
898.561,301
898.678,304
898.794,311
898.911,321
899.027,313
899.143,322
899.26,310
899.376,328
899.492,312
899.609,322
899.725,307
899.842,304
899.958,311
900.074,316
900.191,315
900.307,318
900.423,315
900.539,326
900.656,304
900.772,326
900.888,313
901.005,320
901.121,301
901.237,311
901.354,327
901.47,320
901.586,298
901.703,320
901.819,308
901.935,326
902.051,313
902.168,319
902.284,314
902.4,327
902.516,313
902.633,317
902.749,317
902.865,323
902.981,303
903.098,316
903.214,313
903.33,315
903.446,310
903.562,320
903.679,330
903.795,317
903.911,312
904.027,325
904.143,315
904.26,330
904.376,323
904.492,320
904.608,317
904.724,315
904.841,315
904.957,311
905.073,306
905.189,312
905.305,304
905.421,316
905.538,322
905.654,320
905.77,328
905.886,326
906.002,320
906.118,326
906.234,316
906.35,313
906.466,313
906.583,323
906.699,311
906.815,299
906.931,325
907.047,311
907.163,311
907.279,321
907.395,319
907.511,315
907.627,322
907.743,329
907.859,318
907.976,317
908.092,308
908.208,311
908.324,318
908.44,314
908.556,315
908.672,312
908.788,316
908.904,321
909.02,294
909.136,318
909.252,308
909.368,312
909.484,317
909.6,321
909.716,301
909.832,320
909.948,309
910.064,313
910.18,306
910.296,310
910.412,311
910.528,310
910.644,306
910.76,319
910.875,316
910.991,322
911.107,314
911.223,322
911.339,302
911.455,318
911.571,321
911.687,322
911.803,319
911.919,305
912.035,309
912.151,319
912.267,311
912.382,320
912.498,315
912.614,320
912.73,309
912.846,315
792.446,305
792.565,343
792.684,393
792.803,375
792.922,312
793.041,314
793.16,316
793.279,331
793.398,325
793.518,305
793.637,328
793.756,330
793.875,350
793.994,341
794.113,341
794.232,332
794.351,321
794.47,327
794.589,316
794.708,323
794.827,334
794.946,337
795.066,341
795.185,333
795.304,335
795.423,331
795.542,324
795.661,323
795.78,320
795.899,329
796.018,327
796.137,324
796.256,331
796.375,323
796.494,329
796.613,324
796.732,318
796.851,338
796.97,333
797.089,325
797.208,327
797.327,330
797.446,320
797.565,322
797.684,317
797.803,331
797.922,313
798.041,321
798.16,335
798.279,321
798.398,336
798.517,323
798.636,322
798.755,328
798.874,333
798.993,328
799.112,318
799.231,328
799.35,332
799.469,321
799.588,325
799.707,325
799.826,322
799.945,336
800.064,325
800.183,316
800.302,329
800.421,317
800.54,319
800.659,321
800.778,334
800.897,328
801.016,335
801.135,321
801.254,321
801.373,313
801.492,319
801.611,318
801.729,321
801.848,323
801.967,311
802.086,348
802.205,313
802.324,322
802.443,332
802.562,323
802.681,317
802.8,306
802.919,330
803.038,330
803.157,327
803.276,320
803.394,326
803.513,320
803.632,324
803.751,308
803.87,334
803.989,326
804.108,322
804.227,327
804.346,306
804.465,318
804.583,329
804.702,327
804.821,319
804.94,331
805.059,323
805.178,330
805.297,334
805.416,324
805.535,315
805.653,326
805.772,307
805.891,339
806.01,317
806.129,327
806.248,320
806.367,325
806.485,319
806.604,326
806.723,316
806.842,309
806.961,307
807.08,317
807.198,327
807.317,325
807.436,329
807.555,309
807.674,317
807.793,322
807.912,316
808.03,327
808.149,314
808.268,318
808.387,327
808.506,326
808.624,321
808.743,317
808.862,315
808.981,322
809.1,327
809.219,320
809.337,324
809.456,325
809.575,320
809.694,321
809.812,320
809.931,323
810.05,324
810.169,325
810.288,304
810.406,322
810.525,333
810.644,327
810.763,331
810.882,317
811.0,321
811.119,318
811.238,314
811.357,318
811.475,325
811.594,323
811.713,329
811.832,319
811.95,328
812.069,334
812.188,318
812.307,321
812.425,310
812.544,322
812.663,320
812.782,313
812.9,319
813.019,339
813.138,330
813.257,327
813.375,321
813.494,322
813.613,303
813.731,330
813.85,309
813.969,323
814.088,317
814.206,322
814.325,332
814.444,314
814.562,328
814.681,320
814.8,318
814.918,318
815.037,316
815.156,331
815.274,316
815.393,316
815.512,323
815.631,334
815.749,324
815.868,325
815.987,324
816.105,325
816.224,328
816.343,307
816.461,323
816.58,320
816.698,314
816.817,322
816.936,336
817.055,317
817.173,323
817.292,305
817.41,320
817.529,325
817.648,314
817.766,318
817.885,323
818.004,331
818.122,312
818.241,318
818.359,311
818.478,324
818.597,319
818.715,316
818.834,320
818.953,321
819.071,319
819.19,326
819.308,314
819.427,320
819.546,328
819.664,326
819.783,302
819.901,328
820.02,316
820.138,312
820.257,332
820.376,317
820.494,321
820.613,308
820.731,328
820.85,313
820.969,303
821.087,328
821.206,313
821.324,321
821.443,313
821.561,322
821.68,322
821.798,324
821.917,304
822.035,317
822.154,327
822.273,326
822.391,324
822.51,314
822.628,321
822.747,329
822.865,308
822.984,330
823.102,321
823.221,315
823.339,324
823.458,307
823.576,316
823.695,313
823.813,323
823.932,308
824.05,313
824.169,327
824.287,315
824.406,323
824.524,309
824.643,325
824.761,319
824.88,316
824.998,312
825.117,318
825.235,300
825.354,311
825.472,314
825.591,334
825.709,313
825.828,321
825.946,326
826.064,320
826.183,320
826.301,310
826.42,314
826.538,316
826.657,315
826.775,316
826.894,319
827.012,326
827.13,321
827.249,326
827.367,310
827.486,312
827.604,308
827.723,329
827.841,312
827.959,316
828.078,321
828.196,316
828.315,310
828.433,322
828.552,327
828.67,298
828.788,316
828.907,314
829.025,315
829.143,325
829.262,306
829.38,319
829.499,301
829.617,323
829.735,319
829.854,322
829.972,310
830.091,325
830.209,306
830.327,325
830.446,321
830.564,326
830.682,307
830.801,310
830.919,313
831.037,315
831.156,330
831.274,324
831.392,316
831.511,328
831.629,311
831.747,318
831.866,320
831.984,326
832.102,319
832.221,317
832.339,317
832.457,319
832.576,326
832.694,318
832.812,321
832.93,325
833.049,319
833.167,314
833.285,301
833.404,322
833.522,307
833.64,317
833.759,316
833.877,312
833.995,312
834.113,328
834.232,325
834.35,314
834.468,313
834.586,319
834.705,311
834.823,312
834.941,323
835.059,327
835.178,315
835.296,320
835.414,305
835.532,310
835.651,320
835.769,314
835.887,322
836.005,325
836.124,307
836.242,312
836.36,314
836.478,317
836.596,317
836.715,316
836.833,329
836.951,310
837.069,312
837.188,311
837.306,305
837.424,322
837.542,314
837.66,315
837.779,325
837.897,322
838.015,316
838.133,313
838.251,311
838.369,311
838.487,314
838.606,321
838.724,316
838.842,316
838.96,320
839.078,314
839.196,313
839.315,309
839.433,307
839.551,308
839.669,321
839.787,319
839.905,317
840.023,324
840.142,323
840.26,320
840.378,325
840.496,330
840.614,311
840.732,307
840.85,318
840.968,319
841.087,310
841.205,324
841.323,321
841.441,316
841.559,319
841.677,327
841.795,313
841.913,325
842.031,309
842.149,319
842.267,320
842.385,321
842.504,308
842.622,318
842.74,326
842.858,332
842.976,295
843.094,322
843.212,312
843.33,320
843.448,300
843.566,319
843.684,321
843.802,325
843.92,313
844.038,324
844.156,315
844.274,318
844.392,320
844.51,323
844.628,315
844.746,316
844.864,328
844.982,321
845.1,339
845.218,323
845.336,318
845.454,320
845.572,326
845.69,328
845.808,296
845.926,307
846.044,311
846.162,331
846.28,310
846.398,304
846.516,307
846.634,319
846.752,311
846.87,305
846.988,315
847.106,311
847.224,308
847.342,315
847.46,324
847.578,313
847.696,319
847.814,307
847.932,314
848.05,320
848.168,319
848.285,304
848.403,313
848.521,313
848.639,324
848.757,326
848.875,311
848.993,324
849.111,328
849.229,325
849.347,315
849.465,315
849.582,310
849.7,334
849.818,326
849.936,315
850.054,307
850.172,320
850.29,314
850.408,330
850.525,321
850.643,307
850.761,296
850.879,326
850.997,313
851.115,314
851.233,307
851.35,318
851.468,327
851.586,320
851.704,294
851.822,313
851.94,323
852.057,316
852.175,315
852.293,310
852.411,295
852.529,320
852.647,316
852.764,321
852.882,312
853.0,312
853.118,324
853.236,312
853.353,323
853.471,318
853.589,317
853.707,328
853.824,318
853.942,316
854.06,318
854.178,307
854.296,318
854.413,312
854.531,316
854.649,314
854.767,316
854.884,311
855.002,303
855.12,308
855.238,323
855.355,305
855.473,317
855.591,327
855.708,322
855.826,321
855.944,312
856.062,320
856.179,315
856.297,324
856.415,307
856.532,332
856.65,311
856.768,332
856.886,318
857.003,319
857.121,320
857.239,317
857.356,310
857.474,314
857.592,317
857.709,312
857.827,321
857.945,325
858.062,320
858.18,314
858.298,325
858.415,320
858.533,321
858.651,318
858.768,314
858.886,313
859.003,315
859.121,309
859.239,316
859.356,314
859.474,308
859.592,317
859.709,309
859.827,308
859.944,313
860.062,312
860.18,310
860.297,324
860.415,326
860.532,326
860.65,309
860.768,320
860.885,321
861.003,319
861.12,304
861.238,313
861.356,320
861.473,322
861.591,314
861.708,317
861.826,323
861.943,320
862.061,313
862.178,314
862.296,315
862.414,316
862.531,320
862.649,318
862.766,314
862.884,305
863.001,325
863.119,308
863.236,306
863.354,314
863.471,316
863.589,324
863.706,308
863.824,317
863.941,307
864.059,324
864.176,318
864.294,318
864.411,299
864.529,318
864.646,311
864.764,314
864.881,317
864.999,322
865.116,327
865.233,321
865.351,306
865.468,320
865.586,310
865.703,326
865.821,307
865.938,322
866.056,318
866.173,316
866.29,330
866.408,319
866.525,319
866.643,317
866.76,304
866.878,318
866.995,304
867.112,317
867.23,320
867.347,323
867.465,317
867.582,320
867.699,314
867.817,322
867.934,325
868.051,325
868.169,314
868.286,320
868.404,311
868.521,314
868.638,310
868.756,327
868.873,317
868.99,313
869.108,322
869.225,318
869.342,315
869.46,308
869.577,325
869.694,306
869.812,312
869.929,317
870.046,313
870.164,314
870.281,311
870.398,317
870.516,312
870.633,315
870.75,309
870.867,307
870.985,309
871.102,317
871.219,322
871.337,313
871.454,309
871.571,322
871.688,315
871.806,322
871.923,320
872.04,305
872.157,323
872.275,331
872.392,314
872.509,311
872.626,303
872.744,317
872.861,317
872.978,325
873.095,313
873.213,312
873.33,321
873.447,322
873.564,308
873.681,318
873.799,315
873.916,320
874.033,312
874.15,318
874.267,334
874.385,317
874.502,319
874.619,316
874.736,308
874.853,331
874.97,308
875.088,326
875.205,317
875.322,322
875.439,316
875.556,321
875.673,308
875.791,328
875.908,325
876.025,304
876.142,313
876.259,323
876.376,317
876.493,327
876.61,315
876.728,311
876.845,309
876.962,328
877.079,318
877.196,307
877.313,312
877.43,322
877.547,317
877.664,322
877.781,321
877.898,317
878.016,321
878.133,314
878.25,314
878.367,312
878.484,322
878.601,316
878.718,307
878.835,321
878.952,302
879.069,312
879.186,318
879.303,320
879.42,320
879.537,307
879.654,318
879.771,322
879.888,312
880.005,311
880.122,320
880.239,310
880.356,322
880.473,322
880.59,313
880.707,316
880.824,307
880.941,321
881.058,304
881.175,310
881.292,322
881.409,340
881.526,326
881.643,318
881.76,293
881.877,319
881.994,311
882.111,315
882.228,321
882.345,312
882.462,328
882.579,307
882.696,313
882.812,313
882.929,319
883.046,312
883.163,307
883.28,323
883.397,312
883.514,312
883.631,311
883.748,318
883.865,320
883.982,321
884.098,308
884.215,315
884.332,309
884.449,326
884.566,321
884.683,315
884.8,323
884.916,317
885.033,331
885.15,303
885.267,311
885.384,311
885.501,313
885.617,311
885.734,314
885.851,313
885.968,313
886.085,322
886.202,324
886.318,317
886.435,302
886.552,304
886.669,316
886.786,316
886.902,319
887.019,302
887.136,321
887.253,321
887.369,317
887.486,322
887.603,318
887.72,312
887.837,330
887.953,335
888.07,326
888.187,313
888.304,317
888.42,311
888.537,305
888.654,319
888.77,314
888.887,319
889.004,307
889.121,320
889.237,330
889.354,311
889.471,321
889.587,320
889.704,311
889.821,319
889.938,305
890.054,311
890.171,304
890.288,321
890.404,327
890.521,319
890.638,318
890.754,313
890.871,304
890.988,313
891.104,314
891.221,327
891.337,309
891.454,324
891.571,316
891.687,317
891.804,318
891.921,322
892.037,313
892.154,309
892.27,314
892.387,323
892.504,312
892.62,305
892.737,304
892.854,315
892.97,307
893.087,325
893.203,310
893.32,319
893.436,311
893.553,320
893.67,316
893.786,321
893.903,311
894.019,304
894.136,322
894.252,308
894.369,315
894.485,313
894.602,311
894.718,318
894.835,317
894.951,316
895.068,317
895.184,313
895.301,314
895.417,317
895.534,312
895.65,318
895.767,314
895.883,326
896.0,306
896.116,317
896.233,329
896.349,313
896.466,318
896.582,326
896.699,322
896.815,330
896.932,319
897.048,324
897.165,307
897.281,316
897.397,318
897.514,307
897.63,309
897.747,316
897.863,319
897.979,316
898.096,319
898.212,312
898.329,306
898.445,322
898.561,315
898.678,313
898.794,309
898.911,307
899.027,310
899.143,322
899.26,315
899.376,321
899.492,306
899.609,329
899.725,316
899.842,317
899.958,333
900.074,330
900.191,318
900.307,318
900.423,318
900.539,315
900.656,314
900.772,319
900.888,307
901.005,305
901.121,316
901.237,314
901.354,308
901.47,322
901.586,317
901.703,308
901.819,311
901.935,329
902.051,314
902.168,311
902.284,319
902.4,317
902.516,320
902.633,323
902.749,305
902.865,322
902.981,299
903.098,321
903.214,320
903.33,324
903.446,326
903.562,322
903.679,318
903.795,312
903.911,306
904.027,322
904.143,320
904.26,314
904.376,317
904.492,313
904.608,319
904.724,309
904.841,325
904.957,303
905.073,298
905.189,308
905.305,321
905.421,325
905.538,319
905.654,317
905.77,306
905.886,317
906.002,317
906.118,327
906.234,322
906.35,303
906.466,303
906.583,331
906.699,311
906.815,320
906.931,309
907.047,319
907.163,311
907.279,316
907.395,299
907.511,315
907.627,315
907.743,329
907.859,320
907.976,328
908.092,328
908.208,304
908.324,322
908.44,335
908.556,313
908.672,323
908.788,310
908.904,312
909.02,326
909.136,303
909.252,315
909.368,310
909.484,330
909.6,317
909.716,324
909.832,310
909.948,300
910.064,318
910.18,307
910.296,318
910.412,314
910.528,326
910.644,308
910.76,322
910.875,310
910.991,316
911.107,303
911.223,314
911.339,321
911.455,318
911.571,312
911.687,317
911.803,306
911.919,322
912.035,319
912.151,310
912.267,308
912.382,317
912.498,315
912.614,307
912.73,305
912.846,311
