792.446,12672.0
792.565,12498.0
792.684,12540.4
792.803,12562.4
792.922,12455.2
793.041,12512.4
793.16,12505.4
793.279,12569.8
793.398,12656.2
793.518,12519.4
793.637,12463.0
793.756,12472.8
793.875,12456.2
793.994,12411.0
794.113,12383.4
794.232,12371.6
794.351,12308.4
794.47,12309.4
794.589,12288.8
794.708,12270.8
794.827,12227.6
794.946,12263.6
795.066,12277.4
795.185,12283.8
795.304,12306.6
795.423,12264.6
795.542,12181.2
795.661,12239.4
795.78,12148.0
795.899,12281.4
796.018,12297.6
796.137,12262.0
796.256,12214.2
796.375,12154.4
796.494,12167.8
796.613,12098.8
796.732,12125.2
796.851,12106.8
796.97,12108.8
797.089,12190.2
797.208,12163.6
797.327,12163.4
797.446,12149.8
797.565,12219.8
797.684,12169.6
797.803,12136.6
797.922,12155.2
798.041,12168.4
798.16,12134.4
798.279,12113.2
798.398,12098.2
798.517,12043.0
798.636,11973.4
798.755,12006.6
798.874,11969.2
798.993,12019.8
799.112,12096.6
799.231,11924.8
799.35,12010.6
799.469,11943.6
799.588,12172.4
799.707,12150.6
799.826,12057.8
799.945,11877.2
800.064,11998.2
800.183,11935.4
800.302,11901.6
800.421,11969.8
800.54,11987.2
800.659,11931.2
800.778,12085.8
800.897,12002.4
801.016,11887.6
801.135,11868.2
801.254,11924.2
801.373,11951.4
801.492,12015.8
801.611,11928.4
801.729,11951.4
801.848,11916.0
801.967,11961.4
802.086,11902.2
802.205,11980.0
802.324,11960.2
802.443,12020.4
802.562,12074.0
802.681,12088.2
802.8,12105.0
802.919,12062.8
803.038,12034.0
803.157,12132.2
803.276,12041.2
803.394,11933.0
803.513,11858.4
803.632,11888.2
803.751,11896.2
803.87,11966.0
803.989,12065.8
804.108,12110.8
804.227,12102.8
804.346,12104.8
804.465,12070.4
804.583,12099.0
804.702,12145.6
804.821,12068.2
804.94,12125.0
805.059,12113.2
805.178,12121.4
805.297,12155.4
805.416,12241.4
805.535,12169.0
805.653,12139.6
805.772,12161.6
805.891,12144.0
806.01,12154.0
806.129,12121.8
806.248,12098.8
806.367,12141.6
806.485,12093.6
806.604,12195.6
806.723,12176.6
806.842,12184.4
806.961,12137.8
807.08,12149.8
807.198,12157.6
807.317,12171.2
807.436,12153.2
807.555,12177.2
807.674,12181.2
807.793,12138.2
807.912,12161.2
808.03,12306.4
808.149,12220.8
808.268,12230.2
808.387,12278.8
808.506,12245.6
808.624,12206.8
808.743,12208.6
808.862,12304.2
808.981,12330.2
809.1,12292.4
809.219,12300.4
809.337,12342.2
809.456,12231.2
809.575,12160.0
809.694,12187.4
809.812,12137.6
809.931,12232.0
810.05,12082.2
810.169,12033.2
810.288,11974.2
810.406,11918.8
810.525,11929.2
810.644,11852.4
810.763,11924.8
810.882,11887.2
811.0,11936.4
811.119,11988.0
811.238,11906.6
811.357,11862.6
811.475,11833.0
811.594,11930.2
811.713,11962.6
811.832,11976.2
811.95,11932.0
812.069,11757.4
812.188,11781.2
812.307,11741.6
812.425,11631.4
812.544,11661.0
812.663,11637.0
812.782,11693.8
812.9,11655.0
813.019,11651.8
813.138,11601.8
813.257,11593.8
813.375,11442.2
813.494,11560.8
813.613,11533.0
813.731,11567.8
813.85,11486.8
813.969,11438.4
814.088,11458.0
814.206,11389.2
814.325,11378.0
814.444,11386.6
814.562,11366.8
814.681,11362.8
814.8,11367.0
814.918,11369.8
815.037,11401.2
815.156,11308.6
815.274,11408.4
815.393,11376.0
815.512,11367.2
815.631,11328.2
815.749,11357.0
815.868,11365.6
815.987,11325.6
816.105,11353.8
816.224,11400.2
816.343,11345.8
816.461,11467.4
816.58,11551.6
816.698,11452.0
816.817,11361.6
816.936,11378.4
817.055,11361.8
817.173,11363.8
817.292,11355.2
817.41,11306.0
817.529,11281.2
817.648,11388.2
817.766,11286.2
817.885,11324.2
818.004,11223.6
818.122,11233.2
818.241,11213.4
818.359,11205.0
818.478,11275.2
818.597,11190.0
818.715,11156.8
818.834,11144.8
818.953,11169.8
819.071,11112.0
819.19,11121.4
819.308,11143.0
819.427,11098.8
819.546,11078.2
819.664,11131.6
819.783,11081.0
819.901,11042.6
820.02,11031.4
820.138,11018.4
820.257,10980.4
820.376,10862.8
820.494,10923.2
820.613,10915.4
820.731,10890.0
820.85,10913.8
820.969,10851.0
821.087,10847.4
821.206,10937.6
821.324,10963.2
821.443,10939.0
821.561,10951.6
821.68,10917.6
821.798,10860.0
821.917,10763.6
822.035,10859.6
822.154,10880.4
822.273,10775.8
822.391,10757.0
822.51,10816.4
822.628,10847.0
822.747,10857.6
822.865,10930.2
822.984,10857.4
823.102,10871.2
823.221,10850.6
823.339,10795.0
823.458,10769.0
823.576,10789.8
823.695,10758.6
823.813,10747.0
823.932,10728.4
824.05,10703.0
824.169,10761.2
824.287,10762.8
824.406,10791.8
824.524,10821.0
824.643,10743.6
824.761,10668.0
824.88,10662.2
824.998,10636.2
825.117,10612.0
825.235,10674.4
825.354,10587.4
825.472,10529.2
825.591,10516.2
825.709,10459.2
825.828,10483.2
825.946,10447.6
826.064,10439.8
826.183,10499.0
826.301,10434.4
826.42,10487.6
826.538,10524.4
826.657,10405.6
826.775,10381.2
826.894,10417.4
827.012,10308.8
827.13,10347.2
827.249,10301.8
827.367,10420.2
827.486,10319.8
827.604,10271.6
827.723,10228.6
827.841,10153.4
827.959,10153.2
828.078,10125.2
828.196,10166.8
828.315,10124.4
828.433,10171.2
828.552,10154.6
828.67,10226.8
828.788,10193.0
828.907,10225.0
829.025,10150.4
829.143,10121.0
829.262,10024.4
829.38,10021.6
829.499,10061.6
829.617,10059.0
829.735,10095.0
829.854,10012.0
829.972,10003.8
830.091,9932.0
830.209,9969.2
830.327,10017.2
830.446,9980.2
830.564,10007.0
830.682,9922.6
830.801,9943.8
830.919,10011.2
831.037,9958.8
831.156,9879.8
831.274,9948.4
831.392,9900.0
831.511,9840.4
831.629,9910.0
831.747,9947.0
831.866,9931.4
831.984,9883.0
832.102,9922.0
832.221,9800.6
832.339,9923.6
832.457,9876.0
832.576,9885.4
832.694,9838.4
832.812,9864.6
832.93,9796.2
833.049,9733.0
833.167,9722.6
833.285,9664.8
833.404,9704.6
833.522,9718.6
833.64,9798.8
833.759,9763.8
833.877,9752.6
833.995,9701.2
834.113,9695.8
834.232,9703.8
834.35,9680.4
834.468,9728.8
834.586,9675.0
834.705,9685.8
834.823,9668.8
834.941,9731.4
835.059,9605.4
835.178,9593.6
835.296,9557.8
835.414,9631.8
835.532,9592.6
835.651,9564.0
835.769,9501.6
835.887,9534.2
836.005,9524.6
836.124,9606.0
836.242,9496.6
836.36,9445.0
836.478,9409.0
836.596,9397.0
836.715,9431.0
836.833,9461.8
836.951,9472.2
837.069,9555.0
837.188,9489.0
837.306,9561.6
837.424,9503.2
837.542,9472.0
837.66,9373.2
837.779,9440.0
837.897,9423.0
838.015,9378.2
838.133,9383.4
838.251,9298.6
838.369,9421.6
838.487,9330.8
838.606,9368.2
838.724,9377.0
838.842,9360.6
838.96,9362.8
839.078,9294.2
839.196,9321.6
839.315,9298.4
839.433,9292.8
839.551,9261.4
839.669,9193.4
839.787,9079.0
839.905,9135.6
840.023,9131.2
840.142,9071.4
840.26,9116.6
840.378,8997.8
840.496,8972.6
840.614,8905.8
840.732,8885.6
840.85,8844.2
840.968,8921.0
841.087,8927.6
841.205,8891.0
841.323,8838.4
841.441,8851.0
841.559,8838.0
841.677,8833.4
841.795,8796.0
841.913,8855.8
842.031,8792.4
842.149,8821.0
842.267,8763.8
842.385,8806.0
842.504,8869.4
842.622,8753.4
842.74,8825.6
842.858,8860.6
842.976,8862.8
843.094,8818.2
843.212,8826.6
843.33,8852.4
843.448,8804.0
843.566,8734.8
843.684,8849.8
843.802,8820.8
843.92,8767.8
844.038,8787.2
844.156,8690.6
844.274,8715.6
844.392,8726.4
844.51,8786.0
844.628,8709.0
844.746,8677.2
844.864,8729.6
844.982,8661.0
845.1,8597.6
845.218,8606.8
845.336,8655.2
845.454,8660.4
845.572,8684.0
845.69,8665.8
845.808,8624.2
845.926,8584.2
846.044,8641.0
846.162,8590.4
846.28,8596.8
846.398,8621.6
846.516,8627.4
846.634,9460.2
846.752,8619.6
846.87,8611.4
846.988,8611.0
847.106,8601.0
847.224,8637.8
847.342,8594.2
847.46,8641.0
847.578,8630.4
847.696,8618.6
847.814,8614.6
847.932,8695.2
848.05,8665.4
848.168,8675.2
848.285,8675.6
848.403,8636.0
848.521,8656.4
848.639,8636.6
848.757,8711.0
848.875,8602.6
848.993,8553.0
849.111,8644.6
849.229,8569.8
849.347,8504.6
849.465,8497.6
849.582,8486.4
849.7,8494.0
849.818,8475.0
849.936,8405.0
850.054,8484.2
850.172,8399.0
850.29,8461.2
850.408,8433.2
850.525,8508.4
850.643,8429.4
850.761,8471.0
850.879,8500.2
850.997,8448.6
851.115,8443.0
851.233,8415.2
851.35,8358.4
851.468,8255.6
851.586,8320.8
851.704,8313.4
851.822,8258.2
851.94,8293.8
852.057,8344.4
852.175,8348.2
852.293,8346.2
852.411,8397.0
852.529,8335.0
852.647,8264.2
852.764,8284.4
852.882,8374.4
853.0,8405.2
853.118,8367.2
853.236,8313.4
853.353,8378.6
853.471,8306.2
853.589,8322.4
853.707,8334.0
853.824,8360.2
853.942,8357.0
854.06,8310.4
854.178,8275.0
854.296,8313.0
854.413,8303.8
854.531,8276.4
854.649,8371.2
854.767,8365.6
854.884,8377.0
855.002,8380.0
855.12,8391.6
855.238,8378.4
855.355,8362.0
855.473,8273.4
855.591,8305.2
855.708,8278.8
855.826,8231.4
855.944,8306.0
856.062,8289.4
856.179,8314.6
856.297,8265.0
856.415,8373.8
856.532,8237.0
856.65,8262.0
856.768,8222.4
856.886,8285.8
857.003,8300.6
857.121,8201.0
857.239,8240.8
857.356,8277.2
857.474,8190.8
857.592,8153.0
857.709,8230.2
857.827,8190.6
857.945,8154.8
858.062,8270.4
858.18,8180.8
858.298,8175.2
858.415,8182.6
858.533,8184.4
858.651,8211.0
858.768,8118.0
858.886,8118.8
859.003,8205.0
859.121,8127.4
859.239,8134.0
859.356,8101.2
859.474,8128.4
859.592,8069.4
859.709,8104.6
859.827,8027.4
859.944,8037.6
860.062,8005.2
860.18,7922.4
860.297,7975.6
860.415,7959.0
860.532,7847.4
860.65,7905.2
860.768,7913.8
860.885,7920.2
861.003,7870.0
861.12,7945.6
861.238,7927.4
861.356,7856.4
861.473,7854.4
861.591,7829.2
861.708,7870.2
861.826,7836.0
861.943,7757.6
862.061,7751.2
862.178,7740.6
862.296,7732.4
862.414,7708.6
862.531,7727.4
862.649,7668.8
862.766,7693.8
862.884,7741.8
863.001,7680.8
863.119,7701.8
863.236,7737.4
863.354,7763.4
863.471,7760.8
863.589,7747.8
863.706,7750.8
863.824,7729.4
863.941,7712.4
864.059,7736.6
864.176,7735.0
864.294,7652.0
864.411,7670.8
864.529,7588.6
864.646,7663.2
864.764,7578.8
864.881,7597.0
864.999,7577.2
865.116,7621.0
865.233,7569.8
865.351,7588.2
865.468,7626.6
865.586,7629.0
865.703,7629.2
865.821,7607.0
865.938,7623.6
866.056,7630.2
866.173,7631.2
866.29,7670.4
866.408,7652.0
866.525,7697.0
866.643,7616.4
866.76,7591.6
866.878,7566.4
866.995,7570.8
867.112,7525.4
867.23,7529.6
867.347,7572.8
867.465,7523.2
867.582,7471.4
867.699,7553.2
867.817,7507.6
867.934,7542.8
868.051,7581.8
868.169,7567.0
868.286,7625.0
868.404,7574.4
868.521,7641.8
868.638,7653.4
868.756,7625.8
868.873,7500.4
868.99,7548.8
869.108,7525.4
869.225,7499.2
869.342,7478.8
869.46,7455.4
869.577,7414.2
869.694,7371.6
869.812,7359.2
869.929,7348.8
870.046,7351.0
870.164,7339.0
870.281,7355.4
870.398,7301.0
870.516,7411.8
870.633,7399.0
870.75,7377.4
870.867,7377.8
870.985,7427.8
871.102,7387.6
871.219,7425.0
871.337,7533.6
871.454,7454.6
871.571,7445.4
871.688,7436.4
871.806,7472.4
871.923,7466.8
872.04,7384.8
872.157,7370.6
872.275,7352.0
872.392,7345.0
872.509,7333.4
872.626,7350.4
872.744,7380.2
872.861,7395.8
872.978,7378.0
873.095,7458.4
873.213,7314.2
873.33,7305.4
873.447,7312.6
873.564,7346.0
873.681,7284.6
873.799,7259.2
873.916,7244.6
874.033,7242.2
874.15,7241.6
874.267,7254.4
874.385,7273.2
874.502,7259.2
874.619,7326.6
874.736,7315.6
874.853,7340.6
874.97,7391.0
875.088,7393.4
875.205,7384.6
875.322,7434.2
875.439,7408.6
875.556,7443.8
875.673,7439.8
875.791,7399.6
875.908,7447.8
876.025,7302.8
876.142,7330.8
876.259,7323.6
876.376,7339.4
876.493,7323.0
876.61,7295.8
876.728,7359.6
876.845,7367.2
876.962,7377.8
877.079,7392.2
877.196,7461.4
877.313,7463.8
877.43,7429.8
877.547,7499.0
877.664,7528.8
877.781,7597.4
877.898,7503.0
878.016,7485.2
878.133,7519.4
878.25,7489.8
878.367,7451.4
878.484,7461.4
878.601,7466.6
878.718,7439.6
878.835,7475.4
878.952,7452.4
879.069,7409.8
879.186,7413.2
879.303,7491.2
879.42,7471.6
879.537,7459.2
879.654,7382.8
879.771,7369.2
879.888,7387.2
880.005,7316.8
880.122,7226.2
880.239,7236.8
880.356,7260.4
880.473,7259.0
880.59,8151.4
880.707,7199.4
880.824,7214.8
880.941,7198.6
881.058,7280.2
881.175,7324.0
881.292,7314.2
881.409,7312.8
881.526,7265.6
881.643,7299.6
881.76,7331.2
881.877,7251.4
881.994,7209.0
882.111,7229.4
882.228,7145.2
882.345,7140.2
882.462,7111.4
882.579,7100.4
882.696,7064.2
882.812,7053.4
882.929,6978.6
883.046,7076.2
883.163,7017.4
883.28,7041.6
883.397,7050.0
883.514,7118.0
883.631,7097.0
883.748,7079.8
883.865,7088.4
883.982,7135.6
884.098,7041.6
884.215,6985.6
884.332,7008.4
884.449,7007.4
884.566,6984.8
884.683,7024.4
884.8,6962.0
884.916,7056.0
885.033,6946.8
885.15,6937.2
885.267,6945.2
885.384,6951.6
885.501,6941.6
885.617,6910.2
885.734,6957.8
885.851,6947.8
885.968,6885.2
886.085,6885.6
886.202,6915.6
886.318,7002.4
886.435,6933.4
886.552,6917.2
886.669,6891.6
886.786,6857.6
886.902,6800.2
887.019,6744.4
887.136,6858.2
887.253,6833.0
887.369,6793.0
887.486,6744.6
887.603,6709.4
887.72,6750.2
887.837,6751.4
887.953,6764.4
888.07,6732.6
888.187,6791.0
888.304,6768.4
888.42,6789.0
888.537,6821.6
888.654,6887.4
888.77,6811.0
888.887,6788.2
889.004,6804.0
889.121,6835.2
889.237,6767.0
889.354,6713.8
889.471,6718.0
889.587,6719.0
889.704,6642.2
889.821,6582.8
889.938,6654.6
890.054,6666.8
890.171,6595.4
890.288,6577.0
890.404,6567.8
890.521,6642.4
890.638,6601.0
890.754,6598.8
890.871,6667.2
890.988,6693.8
891.104,6656.4
891.221,6656.2
891.337,6674.4
891.454,6646.0
891.571,6650.4
891.687,6600.0
891.804,6576.2
891.921,6523.0
892.037,6526.6
892.154,6495.2
892.27,6486.6
892.387,6526.2
892.504,6462.6
892.62,6402.4
892.737,6415.4
892.854,6425.8
892.97,6438.6
893.087,6386.6
893.203,6456.8
893.32,6482.0
893.436,6515.8
893.553,6510.8
893.67,6492.8
893.786,6473.8
893.903,6453.8
894.019,6467.8
894.136,6411.6
894.252,6443.8
894.369,6369.0
894.485,6383.6
894.602,6349.0
894.718,6384.4
894.835,6401.8
894.951,6391.0
895.068,6423.2
895.184,6493.4
895.301,6462.0
895.417,6469.4
895.534,6454.4
895.65,6485.6
895.767,6439.0
895.883,6407.2
896.0,6400.2
896.116,6413.2
896.233,6306.4
896.349,6266.0
896.466,6252.6
896.582,6277.6
896.699,6253.2
896.815,6281.6
896.932,6262.0
897.048,6285.2
897.165,6259.4
897.281,6257.8
897.397,6242.2
897.514,6324.8
897.63,6435.2
897.747,6338.0
897.863,6250.0
897.979,6324.2
898.096,6332.4
898.212,6214.4
898.329,6232.2
898.445,6240.2
898.561,6234.8
898.678,6114.6
898.794,6109.8
898.911,6088.0
899.027,6091.2
899.143,6085.4
899.26,6052.8
899.376,6060.4
899.492,6080.6
899.609,6027.2
899.725,6082.4
899.842,6064.0
899.958,6149.8
900.074,6054.6
900.191,6084.4
900.307,6163.0
900.423,6195.6
900.539,6076.8
900.656,6039.0
900.772,6059.6
900.888,6098.0
901.005,6035.4
901.121,5994.8
901.237,6020.6
901.354,6029.2
901.47,5970.6
901.586,5929.2
901.703,5858.4
901.819,5911.0
901.935,5891.8
902.051,5885.4
902.168,5844.4
902.284,5893.8
902.4,5846.0
902.516,5859.4
902.633,5861.0
902.749,5935.8
902.865,5987.8
902.981,5998.2
903.098,5987.8
903.214,6035.2
903.33,5999.4
903.446,5998.8
903.562,5941.6
903.679,5951.0
903.795,5959.8
903.911,5896.8
904.027,5858.2
904.143,5884.4
904.26,5911.0
904.376,5883.8
904.492,5856.8
904.608,5821.0
904.724,5806.6
904.841,5818.4
904.957,5797.2
905.073,5829.0
905.189,5882.0
905.305,5885.4
905.421,5906.6
905.538,5953.4
905.654,5909.0
905.77,5882.6
905.886,5912.0
906.002,5850.2
906.118,6011.0
906.234,6004.0
906.35,5810.6
906.466,5829.4
906.583,5803.2
906.699,5781.2
906.815,5778.6
906.931,5763.2
907.047,5709.6
907.163,5764.2
907.279,5752.6
907.395,5718.8
907.511,5710.6
907.627,5775.4
907.743,5801.0
907.859,5760.0
907.976,5798.0
908.092,5817.4
908.208,5814.0
908.324,5807.8
908.44,5832.0
908.556,5767.2
908.672,5793.2
908.788,5694.4
908.904,5680.2
909.02,5666.2
909.136,5676.4
909.252,5623.6
909.368,5615.2
909.484,5658.2
909.6,5648.0
909.716,5637.8
909.832,5600.0
909.948,5645.0
910.064,5615.0
910.18,5610.4
910.296,5598.0
910.412,5637.4
910.528,5674.4
910.644,5664.2
910.76,5659.6
910.875,5699.0
910.991,5695.4
911.107,5684.6
911.223,5623.2
911.339,5657.4
911.455,5633.6
911.571,5601.4
911.687,5570.6
911.803,5538.4
911.919,5530.0
912.035,5519.2
912.151,5483.6
912.267,5491.4
912.382,5516.2
912.498,5476.4
912.614,5541.0
912.73,5477.4
912.846,5523.0
