792.446,568
792.565,575
792.684,619
792.803,609
792.922,553
793.041,555
793.16,572
793.279,548
793.398,566
793.518,532
793.637,543
793.756,552
793.875,550
793.994,548
794.113,530
794.232,564
794.351,519
794.47,561
794.589,529
794.708,514
794.827,507
794.946,545
795.066,542
795.185,539
795.304,535
795.423,528
795.542,532
795.661,535
795.78,534
795.899,529
796.018,506
796.137,518
796.256,525
796.375,532
796.494,529
796.613,537
796.732,537
796.851,529
796.97,519
797.089,531
797.208,524
797.327,525
797.446,520
797.565,520
797.684,526
797.803,505
797.922,512
798.041,530
798.16,512
798.279,524
798.398,502
798.517,515
798.636,510
798.755,514
798.874,523
798.993,533
799.112,530
799.231,517
799.35,521
799.469,511
799.588,523
799.707,514
799.826,505
799.945,511
800.064,514
800.183,513
800.302,526
800.421,519
800.54,505
800.659,510
800.778,534
800.897,507
801.016,509
801.135,533
801.254,501
801.373,493
801.492,521
801.611,506
801.729,516
801.848,509
801.967,534
802.086,523
802.205,524
802.324,524
802.443,529
802.562,512
802.681,504
802.8,502
802.919,506
803.038,507
803.157,519
803.276,490
803.394,544
803.513,530
803.632,532
803.751,521
803.87,519
803.989,504
804.108,535
804.227,523
804.346,531
804.465,520
804.583,517
804.702,523
804.821,515
804.94,517
805.059,532
805.178,530
805.297,521
805.416,508
805.535,546
805.653,534
805.772,536
805.891,520
806.01,533
806.129,517
806.248,532
806.367,522
806.485,544
806.604,523
806.723,541
806.842,519
806.961,531
807.08,535
807.198,532
807.317,536
807.436,526
807.555,522
807.674,526
807.793,525
807.912,519
808.03,515
808.149,523
808.268,536
808.387,522
808.506,519
808.624,512
808.743,525
808.862,515
808.981,517
809.1,540
809.219,508
809.337,525
809.456,523
809.575,533
809.694,532
809.812,527
809.931,541
810.05,534
810.169,500
810.288,524
810.406,513
810.525,528
810.644,517
810.763,561
810.882,525
811.0,529
811.119,522
811.238,541
811.357,531
811.475,520
811.594,523
811.713,555
811.832,520
811.95,528
812.069,518
812.188,522
812.307,523
812.425,537
812.544,528
812.663,535
812.782,533
812.9,528
813.019,546
813.138,523
813.257,519
813.375,514
813.494,532
813.613,559
813.731,530
813.85,520
813.969,535
814.088,536
814.206,513
814.325,511
814.444,505
814.562,523
814.681,502
814.8,535
814.918,490
815.037,523
815.156,528
815.274,532
815.393,518
815.512,550
815.631,498
815.749,545
815.868,512
815.987,518
816.105,517
816.224,517
816.343,488
816.461,530
816.58,516
816.698,526
816.817,520
816.936,517
817.055,508
817.173,542
817.292,533
817.41,484
817.529,529
817.648,529
817.766,501
817.885,519
818.004,511
818.122,487
818.241,473
818.359,504
818.478,496
818.597,477
818.715,474
818.834,478
818.953,486
819.071,502
819.19,477
819.308,491
819.427,471
819.546,489
819.664,482
819.783,483
819.901,489
820.02,465
820.138,479
820.257,457
820.376,473
820.494,485
820.613,454
820.731,472
820.85,468
820.969,449
821.087,466
821.206,471
821.324,463
821.443,474
821.561,483
821.68,465
821.798,444
821.917,463
822.035,468
822.154,471
822.273,463
822.391,465
822.51,449
822.628,451
822.747,463
822.865,472
822.984,459
823.102,483
823.221,464
823.339,468
823.458,459
823.576,465
823.695,458
823.813,453
823.932,467
824.05,463
824.169,456
824.287,462
824.406,471
824.524,469
824.643,451
824.761,467
824.88,476
824.998,468
825.117,461
825.235,468
825.354,463
825.472,452
825.591,460
825.709,465
825.828,462
825.946,464
826.064,454
826.183,453
826.301,462
826.42,449
826.538,467
826.657,453
826.775,457
826.894,464
827.012,434
827.13,447
827.249,445
827.367,449
827.486,446
827.604,436
827.723,457
827.841,463
827.959,446
828.078,475
828.196,446
828.315,454
828.433,445
828.552,451
828.67,426
828.788,458
828.907,455
829.025,447
829.143,454
829.262,450
829.38,459
829.499,461
829.617,438
829.735,462
829.854,447
829.972,455
830.091,446
830.209,454
830.327,456
830.446,451
830.564,457
830.682,461
830.801,436
830.919,454
831.037,456
831.156,459
831.274,461
831.392,442
831.511,470
831.629,426
831.747,435
831.866,461
831.984,457
832.102,454
832.221,471
832.339,451
832.457,424
832.576,455
832.694,460
832.812,452
832.93,450
833.049,455
833.167,437
833.285,435
833.404,444
833.522,458
833.64,447
833.759,462
833.877,457
833.995,444
834.113,456
834.232,454
834.35,465
834.468,432
834.586,442
834.705,439
834.823,439
834.941,452
835.059,449
835.178,437
835.296,464
835.414,459
835.532,446
835.651,446
835.769,453
835.887,443
836.005,434
836.124,464
836.242,451
836.36,455
836.478,463
836.596,460
836.715,469
836.833,452
836.951,456
837.069,470
837.188,439
837.306,446
837.424,447
837.542,444
837.66,461
837.779,473
837.897,444
838.015,423
838.133,450
838.251,467
838.369,458
838.487,454
838.606,432
838.724,457
838.842,450
838.96,460
839.078,450
839.196,455
839.315,448
839.433,466
839.551,460
839.669,451
839.787,443
839.905,467
840.023,446
840.142,443
840.26,446
840.378,472
840.496,463
840.614,444
840.732,445
840.85,438
840.968,428
841.087,454
841.205,453
841.323,464
841.441,437
841.559,459
841.677,441
841.795,437
841.913,449
842.031,482
842.149,453
842.267,461
842.385,434
842.504,428
842.622,448
842.74,440
842.858,442
842.976,438
843.094,437
843.212,460
843.33,455
843.448,468
843.566,442
843.684,440
843.802,435
843.92,463
844.038,444
844.156,448
844.274,437
844.392,454
844.51,446
844.628,429
844.746,450
844.864,449
844.982,457
845.1,450
845.218,455
845.336,445
845.454,446
845.572,446
845.69,440
845.808,460
845.926,438
846.044,452
846.162,438
846.28,439
846.398,434
846.516,447
846.634,444
846.752,448
846.87,465
846.988,445
847.106,457
847.224,448
847.342,444
847.46,435
847.578,454
847.696,438
847.814,444
847.932,451
848.05,426
848.168,450
848.285,453
848.403,454
848.521,453
848.639,477
848.757,434
848.875,454
848.993,445
849.111,451
849.229,444
849.347,457
849.465,459
849.582,428
849.7,446
849.818,460
849.936,438
850.054,461
850.172,447
850.29,451
850.408,456
850.525,464
850.643,441
850.761,437
850.879,450
850.997,462
851.115,446
851.233,447
851.35,451
851.468,459
851.586,428
851.704,454
851.822,441
851.94,479
852.057,466
852.175,442
852.293,455
852.411,455
852.529,423
852.647,442
852.764,455
852.882,455
853.0,437
853.118,459
853.236,444
853.353,449
853.471,436
853.589,451
853.707,439
853.824,465
853.942,445
854.06,423
854.178,433
854.296,448
854.413,425
854.531,439
854.649,418
854.767,449
854.884,440
855.002,450
855.12,430
855.238,445
855.355,454
855.473,460
855.591,444
855.708,464
855.826,455
855.944,428
856.062,448
856.179,452
856.297,429
856.415,438
856.532,443
856.65,472
856.768,445
856.886,457
857.003,437
857.121,441
857.239,447
857.356,456
857.474,437
857.592,461
857.709,450
857.827,463
857.945,448
858.062,452
858.18,447
858.298,434
858.415,454
858.533,436
858.651,446
858.768,474
858.886,437
859.003,463
859.121,434
859.239,458
859.356,447
859.474,451
859.592,451
859.709,460
859.827,440
859.944,426
860.062,439
860.18,438
860.297,448
860.415,444
860.532,434
860.65,444
860.768,425
860.885,455
861.003,435
861.12,439
861.238,458
861.356,454
861.473,443
861.591,444
861.708,447
861.826,446
861.943,448
862.061,451
862.178,442
862.296,456
862.414,441
862.531,443
862.649,442
862.766,447
862.884,425
863.001,456
863.119,449
863.236,433
863.354,461
863.471,443
863.589,427
863.706,466
863.824,444
863.941,444
864.059,441
864.176,452
864.294,450
864.411,444
864.529,430
864.646,437
864.764,454
864.881,452
864.999,461
865.116,466
865.233,463
865.351,455
865.468,450
865.586,444
865.703,454
865.821,448
865.938,449
866.056,465
866.173,452
866.29,449
866.408,437
866.525,454
866.643,439
866.76,441
866.878,418
866.995,460
867.112,428
867.23,453
867.347,443
867.465,442
867.582,461
867.699,453
867.817,457
867.934,440
868.051,455
868.169,461
868.286,463
868.404,464
868.521,445
868.638,450
868.756,441
868.873,448
868.99,450
869.108,464
869.225,431
869.342,473
869.46,453
869.577,457
869.694,454
869.812,449
869.929,449
870.046,446
870.164,450
870.281,456
870.398,456
870.516,451
870.633,442
870.75,453
870.867,437
870.985,429
871.102,430
871.219,452
871.337,427
871.454,448
871.571,444
871.688,456
871.806,453
871.923,454
872.04,458
872.157,439
872.275,462
872.392,440
872.509,443
872.626,454
872.744,460
872.861,438
872.978,451
873.095,456
873.213,450
873.33,458
873.447,452
873.564,463
873.681,443
873.799,458
873.916,427
874.033,427
874.15,443
874.267,447
874.385,455
874.502,455
874.619,451
874.736,445
874.853,439
874.97,461
875.088,437
875.205,455
875.322,434
875.439,455
875.556,455
875.673,460
875.791,441
875.908,445
876.025,439
876.142,451
876.259,444
876.376,438
876.493,457
876.61,439
876.728,463
876.845,451
876.962,428
877.079,458
877.196,464
877.313,448
877.43,419
877.547,433
877.664,458
877.781,450
877.898,450
878.016,455
878.133,432
878.25,466
878.367,459
878.484,455
878.601,445
878.718,447
878.835,439
878.952,455
879.069,433
879.186,453
879.303,439
879.42,439
879.537,422
879.654,456
879.771,446
879.888,454
880.005,452
880.122,434
880.239,444
880.356,442
880.473,442
880.59,447
880.707,441
880.824,466
880.941,443
881.058,455
881.175,443
881.292,459
881.409,444
881.526,454
881.643,442
881.76,445
881.877,442
881.994,456
882.111,464
882.228,454
882.345,457
882.462,449
882.579,448
882.696,476
882.812,431
882.929,436
883.046,432
883.163,450
883.28,459
883.397,448
883.514,458
883.631,462
883.748,444
883.865,455
883.982,438
884.098,458
884.215,453
884.332,466
884.449,442
884.566,442
884.683,446
884.8,455
884.916,437
885.033,457
885.15,447
885.267,451
885.384,454
885.501,459
885.617,458
885.734,463
885.851,452
885.968,455
886.085,457
886.202,468
886.318,432
886.435,448
886.552,473
886.669,452
886.786,460
886.902,470
887.019,453
887.136,456
887.253,467
887.369,456
887.486,438
887.603,458
887.72,452
887.837,450
887.953,449
888.07,453
888.187,452
888.304,447
888.42,437
888.537,452
888.654,438
888.77,444
888.887,460
889.004,452
889.121,448
889.237,468
889.354,451
889.471,453
889.587,443
889.704,471
889.821,441
889.938,463
890.054,452
890.171,460
890.288,467
890.404,448
890.521,448
890.638,451
890.754,449
890.871,454
890.988,446
891.104,443
891.221,446
891.337,452
891.454,457
891.571,447
891.687,445
891.804,438
891.921,462
892.037,479
892.154,439
892.27,458
892.387,452
892.504,449
892.62,444
892.737,459
892.854,447
892.97,446
893.087,453
893.203,440
893.32,459
893.436,463
893.553,449
893.67,473
893.786,463
893.903,472
894.019,451
894.136,451
894.252,450
894.369,474
894.485,452
894.602,477
894.718,460
894.835,459
894.951,448
895.068,457
895.184,456
895.301,477
895.417,473
895.534,470
895.65,463
895.767,473
895.883,448
896.0,463
896.116,440
896.233,472
896.349,452
896.466,447
896.582,470
896.699,458
896.815,456
896.932,457
897.048,430
897.165,469
897.281,457
897.397,451
897.514,459
897.63,470
897.747,463
897.863,477
897.979,445
898.096,458
898.212,455
898.329,459
898.445,459
898.561,471
898.678,458
898.794,471
898.911,432
899.027,467
899.143,473
899.26,458
899.376,454
899.492,451
899.609,439
899.725,469
899.842,468
899.958,452
900.074,475
900.191,464
900.307,454
900.423,458
900.539,463
900.656,472
900.772,449
900.888,462
901.005,467
901.121,446
901.237,471
901.354,472
901.47,441
901.586,452
901.703,478
901.819,479
901.935,454
902.051,464
902.168,456
902.284,484
902.4,460
902.516,468
902.633,457
902.749,462
902.865,454
902.981,470
903.098,449
903.214,470
903.33,436
903.446,456
903.562,457
903.679,465
903.795,467
903.911,472
904.027,449
904.143,457
904.26,462
904.376,462
904.492,455
904.608,478
904.724,465
904.841,461
904.957,482
905.073,468
905.189,449
905.305,449
905.421,462
905.538,471
905.654,465
905.77,449
905.886,444
906.002,474
906.118,459
906.234,472
906.35,450
906.466,476
906.583,445
906.699,460
906.815,481
906.931,459
907.047,469
907.163,461
907.279,431
907.395,462
907.511,443
907.627,489
907.743,466
907.859,461
907.976,474
908.092,471
908.208,475
908.324,458
908.44,460
908.556,466
908.672,463
908.788,467
908.904,443
909.02,462
909.136,461
909.252,433
909.368,450
909.484,445
909.6,451
909.716,465
909.832,454
909.948,474
910.064,460
910.18,464
910.296,447
910.412,469
910.528,461
910.644,466
910.76,454
910.875,474
910.991,443
911.107,491
911.223,456
911.339,458
911.455,468
911.571,461
911.687,451
911.803,462
911.919,472
912.035,449
912.151,464
912.267,467
912.382,454
912.498,455
912.614,450
912.73,473
912.846,488
792.446,564
792.565,583
792.684,629
792.803,602
792.922,560
793.041,541
793.16,538
793.279,555
793.398,547
793.518,529
793.637,527
793.756,566
793.875,570
793.994,571
794.113,531
794.232,539
794.351,549
794.47,554
794.589,546
794.708,545
794.827,539
794.946,544
795.066,518
795.185,537
795.304,544
795.423,534
795.542,529
795.661,533
795.78,534
795.899,524
796.018,530
796.137,528
796.256,544
796.375,543
796.494,525
796.613,525
796.732,521
796.851,507
796.97,532
797.089,543
797.208,539
797.327,518
797.446,518
797.565,517
797.684,531
797.803,513
797.922,539
798.041,517
798.16,528
798.279,519
798.398,525
798.517,527
798.636,508
798.755,517
798.874,510
798.993,518
799.112,526
799.231,525
799.35,519
799.469,515
799.588,522
799.707,517
799.826,545
799.945,520
800.064,520
800.183,523
800.302,524
800.421,506
800.54,511
800.659,518
800.778,523
800.897,509
801.016,522
801.135,496
801.254,516
801.373,520
801.492,537
801.611,509
801.729,515
801.848,506
801.967,521
802.086,521
802.205,509
802.324,540
802.443,522
802.562,526
802.681,548
802.8,531
802.919,512
803.038,510
803.157,543
803.276,510
803.394,542
803.513,525
803.632,512
803.751,530
803.87,530
803.989,503
804.108,506
804.227,518
804.346,518
804.465,530
804.583,538
804.702,528
804.821,514
804.94,532
805.059,518
805.178,524
805.297,515
805.416,523
805.535,533
805.653,505
805.772,531
805.891,517
806.01,532
806.129,516
806.248,524
806.367,507
806.485,537
806.604,527
806.723,527
806.842,513
806.961,527
807.08,520
807.198,542
807.317,526
807.436,527
807.555,493
807.674,524
807.793,531
807.912,544
808.03,540
808.149,528
808.268,517
808.387,541
808.506,524
808.624,527
808.743,514
808.862,529
808.981,520
809.1,545
809.219,521
809.337,537
809.456,530
809.575,530
809.694,523
809.812,522
809.931,518
810.05,521
810.169,550
810.288,529
810.406,518
810.525,528
810.644,526
810.763,520
810.882,554
811.0,533
811.119,528
811.238,548
811.357,516
811.475,516
811.594,539
811.713,502
811.832,519
811.95,533
812.069,512
812.188,531
812.307,523
812.425,551
812.544,515
812.663,524
812.782,520
812.9,527
813.019,536
813.138,553
813.257,531
813.375,539
813.494,519
813.613,537
813.731,534
813.85,550
813.969,534
814.088,544
814.206,518
814.325,531
814.444,514
814.562,519
814.681,526
814.8,517
814.918,535
815.037,530
815.156,539
815.274,517
815.393,524
815.512,518
815.631,503
815.749,533
815.868,535
815.987,516
816.105,495
816.224,529
816.343,533
816.461,520
816.58,512
816.698,521
816.817,522
816.936,537
817.055,514
817.173,539
817.292,509
817.41,520
817.529,516
817.648,510
817.766,512
817.885,519
818.004,494
818.122,509
818.241,484
818.359,497
818.478,498
818.597,485
818.715,489
818.834,494
818.953,499
819.071,493
819.19,474
819.308,475
819.427,463
819.546,516
819.664,482
819.783,480
819.901,491
820.02,479
820.138,494
820.257,477
820.376,484
820.494,479
820.613,472
820.731,482
820.85,449
820.969,474
821.087,482
821.206,468
821.324,473
821.443,458
821.561,457
821.68,488
821.798,466
821.917,483
822.035,468
822.154,474
822.273,457
822.391,477
822.51,455
822.628,458
822.747,451
822.865,475
822.984,458
823.102,469
823.221,468
823.339,453
823.458,450
823.576,486
823.695,483
823.813,459
823.932,476
824.05,481
824.169,481
824.287,480
824.406,466
824.524,468
824.643,460
824.761,481
824.88,470
824.998,452
825.117,481
825.235,473
825.354,454
825.472,464
825.591,470
825.709,472
825.828,462
825.946,481
826.064,460
826.183,443
826.301,455
826.42,461
826.538,455
826.657,460
826.775,466
826.894,461
827.012,475
827.13,443
827.249,438
827.367,467
827.486,454
827.604,465
827.723,458
827.841,459
827.959,462
828.078,469
828.196,436
828.315,454
828.433,450
828.552,456
828.67,458
828.788,460
828.907,441
829.025,426
829.143,455
829.262,459
829.38,442
829.499,458
829.617,451
829.735,472
829.854,452
829.972,439
830.091,453
830.209,468
830.327,456
830.446,452
830.564,444
830.682,462
830.801,448
830.919,458
831.037,451
831.156,450
831.274,463
831.392,477
831.511,450
831.629,447
831.747,448
831.866,473
831.984,462
832.102,454
832.221,463
832.339,439
832.457,436
832.576,464
832.694,443
832.812,448
832.93,455
833.049,446
833.167,465
833.285,451
833.404,444
833.522,460
833.64,450
833.759,446
833.877,461
833.995,452
834.113,470
834.232,470
834.35,451
834.468,450
834.586,462
834.705,473
834.823,451
834.941,479
835.059,443
835.178,439
835.296,454
835.414,454
835.532,462
835.651,455
835.769,450
835.887,473
836.005,441
836.124,448
836.242,449
836.36,461
836.478,441
836.596,477
836.715,461
836.833,453
836.951,448
837.069,479
837.188,448
837.306,461
837.424,463
837.542,448
837.66,435
837.779,475
837.897,451
838.015,456
838.133,460
838.251,459
838.369,466
838.487,463
838.606,456
838.724,451
838.842,440
838.96,465
839.078,449
839.196,468
839.315,455
839.433,452
839.551,475
839.669,460
839.787,473
839.905,451
840.023,442
840.142,472
840.26,481
840.378,460
840.496,460
840.614,464
840.732,454
840.85,455
840.968,461
841.087,446
841.205,443
841.323,455
841.441,423
841.559,444
841.677,451
841.795,448
841.913,440
842.031,472
842.149,440
842.267,467
842.385,464
842.504,443
842.622,440
842.74,458
842.858,450
842.976,433
843.094,458
843.212,463
843.33,441
843.448,453
843.566,436
843.684,456
843.802,433
843.92,455
844.038,433
844.156,443
844.274,446
844.392,450
844.51,452
844.628,448
844.746,458
844.864,454
844.982,436
845.1,452
845.218,459
845.336,452
845.454,466
845.572,431
845.69,441
845.808,457
845.926,444
846.044,461
846.162,435
846.28,451
846.398,442
846.516,442
846.634,443
846.752,448
846.87,439
846.988,446
847.106,446
847.224,449
847.342,449
847.46,447
847.578,434
847.696,449
847.814,440
847.932,438
848.05,451
848.168,441
848.285,469
848.403,465
848.521,452
848.639,457
848.757,440
848.875,448
848.993,444
849.111,458
849.229,457
849.347,442
849.465,454
849.582,460
849.7,433
849.818,459
849.936,434
850.054,438
850.172,460
850.29,463
850.408,436
850.525,438
850.643,453
850.761,451
850.879,459
850.997,442
851.115,444
851.233,463
851.35,447
851.468,478
851.586,438
851.704,423
851.822,460
851.94,450
852.057,441
852.175,458
852.293,449
852.411,461
852.529,447
852.647,456
852.764,446
852.882,438
853.0,446
853.118,461
853.236,449
853.353,450
853.471,436
853.589,447
853.707,454
853.824,452
853.942,478
854.06,450
854.178,434
854.296,470
854.413,445
854.531,457
854.649,447
854.767,441
854.884,451
855.002,454
855.12,449
855.238,436
855.355,442
855.473,458
855.591,442
855.708,444
855.826,457
855.944,456
856.062,459
856.179,447
856.297,431
856.415,442
856.532,444
856.65,464
856.768,440
856.886,470
857.003,445
857.121,453
857.239,453
857.356,460
857.474,455
857.592,447
857.709,453
857.827,458
857.945,459
858.062,442
858.18,440
858.298,458
858.415,448
858.533,461
858.651,464
858.768,458
858.886,454
859.003,471
859.121,446
859.239,459
859.356,434
859.474,443
859.592,447
859.709,473
859.827,462
859.944,457
860.062,430
860.18,449
860.297,462
860.415,435
860.532,433
860.65,470
860.768,446
860.885,452
861.003,458
861.12,454
861.238,445
861.356,445
861.473,447
861.591,447
861.708,445
861.826,438
861.943,431
862.061,442
862.178,434
862.296,444
862.414,450
862.531,441
862.649,438
862.766,456
862.884,423
863.001,462
863.119,436
863.236,453
863.354,449
863.471,447
863.589,456
863.706,462
863.824,450
863.941,430
864.059,467
864.176,474
864.294,445
864.411,453
864.529,451
864.646,415
864.764,444
864.881,439
864.999,460
865.116,462
865.233,457
865.351,447
865.468,461
865.586,448
865.703,437
865.821,444
865.938,442
866.056,435
866.173,469
866.29,448
866.408,454
866.525,455
866.643,462
866.76,462
866.878,444
866.995,461
867.112,444
867.23,456
867.347,460
867.465,442
867.582,436
867.699,458
867.817,445
867.934,440
868.051,445
868.169,449
868.286,446
868.404,458
868.521,452
868.638,457
868.756,436
868.873,442
868.99,431
869.108,453
869.225,455
869.342,448
869.46,451
869.577,450
869.694,441
869.812,469
869.929,458
870.046,463
870.164,464
870.281,472
870.398,448
870.516,450
870.633,436
870.75,459
870.867,432
870.985,468
871.102,459
871.219,467
871.337,439
871.454,467
871.571,450
871.688,449
871.806,460
871.923,468
872.04,451
872.157,435
872.275,448
872.392,445
872.509,453
872.626,467
872.744,439
872.861,464
872.978,450
873.095,448
873.213,456
873.33,441
873.447,454
873.564,454
873.681,439
873.799,458
873.916,463
874.033,452
874.15,445
874.267,445
874.385,443
874.502,440
874.619,435
874.736,462
874.853,442
874.97,458
875.088,466
875.205,461
875.322,453
875.439,459
875.556,462
875.673,465
875.791,432
875.908,453
876.025,466
876.142,475
876.259,470
876.376,448
876.493,450
876.61,442
876.728,440
876.845,463
876.962,446
877.079,448
877.196,465
877.313,475
877.43,460
877.547,458
877.664,448
877.781,450
877.898,457
878.016,457
878.133,443
878.25,475
878.367,453
878.484,466
878.601,462
878.718,450
878.835,437
878.952,471
879.069,460
879.186,459
879.303,449
879.42,453
879.537,420
879.654,441
879.771,447
879.888,454
880.005,446
880.122,443
880.239,438
880.356,453
880.473,455
880.59,460
880.707,455
880.824,464
880.941,451
881.058,453
881.175,475
881.292,464
881.409,446
881.526,445
881.643,447
881.76,446
881.877,453
881.994,456
882.111,447
882.228,448
882.345,450
882.462,463
882.579,449
882.696,461
882.812,438
882.929,438
883.046,463
883.163,473
883.28,448
883.397,451
883.514,445
883.631,446
883.748,440
883.865,464
883.982,464
884.098,454
884.215,451
884.332,459
884.449,447
884.566,454
884.683,448
884.8,458
884.916,463
885.033,464
885.15,463
885.267,443
885.384,446
885.501,473
885.617,448
885.734,460
885.851,450
885.968,452
886.085,461
886.202,461
886.318,430
886.435,461
886.552,456
886.669,463
886.786,436
886.902,446
887.019,448
887.136,458
887.253,443
887.369,451
887.486,453
887.603,465
887.72,462
887.837,461
887.953,461
888.07,455
888.187,447
888.304,459
888.42,468
888.537,457
888.654,453
888.77,445
888.887,448
889.004,453
889.121,447
889.237,462
889.354,461
889.471,447
889.587,453
889.704,463
889.821,431
889.938,458
890.054,462
890.171,455
890.288,448
890.404,459
890.521,430
890.638,457
890.754,455
890.871,443
890.988,459
891.104,479
891.221,434
891.337,460
891.454,456
891.571,459
891.687,446
891.804,451
891.921,453
892.037,466
892.154,455
892.27,470
892.387,452
892.504,461
892.62,462
892.737,455
892.854,435
892.97,454
893.087,463
893.203,462
893.32,446
893.436,469
893.553,462
893.67,456
893.786,459
893.903,460
894.019,467
894.136,466
894.252,459
894.369,466
894.485,446
894.602,462
894.718,480
894.835,461
894.951,456
895.068,458
895.184,453
895.301,466
895.417,461
895.534,464
895.65,451
895.767,457
895.883,456
896.0,469
896.116,452
896.233,469
896.349,444
896.466,479
896.582,454
896.699,465
896.815,459
896.932,458
897.048,455
897.165,476
897.281,447
897.397,457
897.514,454
897.63,474
897.747,456
897.863,468
897.979,454
898.096,466
898.212,467
898.329,449
898.445,465
898.561,459
898.678,476
898.794,454
898.911,462
899.027,463
899.143,438
899.26,477
899.376,451
899.492,459
899.609,460
899.725,471
899.842,450
899.958,460
900.074,459
900.191,468
900.307,453
900.423,456
900.539,438
900.656,468
900.772,469
900.888,453
901.005,482
901.121,456
901.237,458
901.354,478
901.47,452
901.586,466
901.703,465
901.819,472
901.935,436
902.051,449
902.168,453
902.284,464
902.4,464
902.516,477
902.633,460
902.749,466
902.865,451
902.981,450
903.098,469
903.214,473
903.33,460
903.446,457
903.562,449
903.679,475
903.795,480
903.911,467
904.027,491
904.143,466
904.26,462
904.376,459
904.492,464
904.608,464
904.724,454
904.841,462
904.957,464
905.073,479
905.189,455
905.305,468
905.421,444
905.538,481
905.654,481
905.77,463
905.886,457
906.002,476
906.118,455
906.234,458
906.35,473
906.466,468
906.583,469
906.699,463
906.815,445
906.931,472
907.047,455
907.163,466
907.279,463
907.395,468
907.511,463
907.627,479
907.743,470
907.859,453
907.976,466
908.092,489
908.208,478
908.324,488
908.44,459
908.556,456
908.672,460
908.788,454
908.904,468
909.02,480
909.136,462
909.252,473
909.368,455
909.484,474
909.6,471
909.716,461
909.832,463
909.948,454
910.064,467
910.18,482
910.296,473
910.412,470
910.528,481
910.644,473
910.76,457
910.875,477
910.991,476
911.107,462
911.223,456
911.339,471
911.455,455
911.571,473
911.687,481
911.803,497
911.919,459
912.035,475
912.151,440
912.267,455
912.382,472
912.498,448
912.614,473
912.73,450
912.846,467
792.446,587
792.565,583
792.684,609
792.803,620
792.922,561
793.041,559
793.16,551
793.279,560
793.398,556
793.518,556
793.637,544
793.756,564
793.875,573
793.994,566
794.113,549
794.232,526
794.351,538
794.47,518
794.589,523
794.708,534
794.827,525
794.946,539
795.066,550
795.185,534
795.304,516
795.423,527
795.542,533
795.661,544
795.78,546
795.899,545
796.018,547
796.137,531
796.256,532
796.375,537
796.494,521
796.613,536
796.732,525
796.851,540
796.97,533
797.089,515
797.208,514
797.327,526
797.446,541
797.565,531
797.684,520
797.803,521
797.922,513
798.041,526
798.16,516
798.279,505
798.398,514
798.517,514
798.636,534
798.755,529
798.874,513
798.993,497
799.112,526
799.231,532
799.35,535
799.469,514
799.588,508
799.707,517
799.826,516
799.945,513
800.064,508
800.183,498
800.302,517
800.421,520
800.54,521
800.659,533
800.778,528
800.897,541
801.016,509
801.135,531
801.254,523
801.373,525
801.492,533
801.611,520
801.729,511
801.848,536
801.967,514
802.086,526
802.205,522
802.324,514
802.443,515
802.562,511
802.681,531
802.8,519
802.919,528
803.038,523
803.157,529
803.276,532
803.394,518
803.513,540
803.632,538
803.751,522
803.87,514
803.989,525
804.108,502
804.227,516
804.346,512
804.465,500
804.583,526
804.702,512
804.821,530
804.94,514
805.059,523
805.178,529
805.297,547
805.416,525
805.535,539
805.653,524
805.772,506
805.891,530
806.01,530
806.129,551
806.248,549
806.367,503
806.485,544
806.604,534
806.723,536
806.842,529
806.961,534
807.08,504
807.198,524
807.317,531
807.436,543
807.555,535
807.674,516
807.793,532
807.912,535
808.03,534
808.149,543
808.268,536
808.387,538
808.506,520
808.624,533
808.743,525
808.862,525
808.981,524
809.1,530
809.219,548
809.337,537
809.456,527
809.575,535
809.694,535
809.812,535
809.931,534
810.05,538
810.169,549
810.288,542
810.406,545
810.525,533
810.644,540
810.763,535
810.882,529
811.0,520
811.119,535
811.238,538
811.357,519
811.475,525
811.594,543
811.713,518
811.832,546
811.95,535
812.069,542
812.188,532
812.307,546
812.425,519
812.544,557
812.663,520
812.782,534
812.9,520
813.019,522
813.138,503
813.257,544
813.375,518
813.494,551
813.613,538
813.731,531
813.85,519
813.969,542
814.088,518
814.206,526
814.325,525
814.444,536
814.562,517
814.681,520
814.8,523
814.918,518
815.037,526
815.156,524
815.274,519
815.393,537
815.512,522
815.631,536
815.749,533
815.868,544
815.987,523
816.105,512
816.224,501
816.343,516
816.461,547
816.58,536
816.698,545
816.817,534
816.936,521
817.055,508
817.173,533
817.292,530
817.41,506
817.529,495
817.648,534
817.766,511
817.885,497
818.004,505
818.122,483
818.241,516
818.359,499
818.478,507
818.597,476
818.715,476
818.834,493
818.953,505
819.071,476
819.19,474
819.308,481
819.427,477
819.546,490
819.664,489
819.783,488
819.901,474
820.02,473
820.138,482
820.257,486
820.376,489
820.494,466
820.613,485
820.731,494
820.85,466
820.969,472
821.087,439
821.206,480
821.324,466
821.443,478
821.561,476
821.68,463
821.798,455
821.917,470
822.035,479
822.154,468
822.273,454
822.391,457
822.51,455
822.628,466
822.747,463
822.865,463
822.984,454
823.102,458
823.221,452
823.339,466
823.458,477
823.576,478
823.695,481
823.813,471
823.932,457
824.05,462
824.169,479
824.287,473
824.406,483
824.524,472
824.643,457
824.761,480
824.88,479
824.998,439
825.117,475
825.235,476
825.354,469
825.472,461
825.591,458
825.709,473
825.828,482
825.946,442
826.064,453
826.183,467
826.301,463
826.42,467
826.538,478
826.657,470
826.775,454
826.894,455
827.012,449
827.13,462
827.249,464
827.367,460
827.486,466
827.604,462
827.723,463
827.841,461
827.959,467
828.078,461
828.196,469
828.315,461
828.433,450
828.552,459
828.67,454
828.788,444
828.907,456
829.025,448
829.143,458
829.262,476
829.38,428
829.499,455
829.617,469
829.735,460
829.854,442
829.972,451
830.091,463
830.209,473
830.327,447
830.446,459
830.564,469
830.682,458
830.801,470
830.919,457
831.037,449
831.156,472
831.274,458
831.392,467
831.511,454
831.629,448
831.747,454
831.866,441
831.984,438
832.102,474
832.221,451
832.339,448
832.457,473
832.576,449
832.694,447
832.812,460
832.93,449
833.049,462
833.167,460
833.285,454
833.404,462
833.522,465
833.64,456
833.759,433
833.877,466
833.995,457
834.113,444
834.232,469
834.35,437
834.468,446
834.586,462
834.705,449
834.823,478
834.941,438
835.059,474
835.178,463
835.296,456
835.414,442
835.532,438
835.651,448
835.769,453
835.887,448
836.005,477
836.124,446
836.242,468
836.36,465
836.478,454
836.596,460
836.715,455
836.833,453
836.951,473
837.069,474
837.188,447
837.306,468
837.424,481
837.542,432
837.66,458
837.779,482
837.897,443
838.015,462
838.133,460
838.251,441
838.369,446
838.487,449
838.606,481
838.724,479
838.842,463
838.96,457
839.078,466
839.196,463
839.315,464
839.433,461
839.551,454
839.669,463
839.787,465
839.905,446
840.023,453
840.142,482
840.26,458
840.378,453
840.496,464
840.614,449
840.732,469
840.85,442
840.968,449
841.087,457
841.205,473
841.323,439
841.441,450
841.559,453
841.677,483
841.795,447
841.913,464
842.031,448
842.149,459
842.267,431
842.385,442
842.504,475
842.622,443
842.74,460
842.858,449
842.976,449
843.094,459
843.212,476
843.33,461
843.448,461
843.566,463
843.684,453
843.802,457
843.92,453
844.038,457
844.156,430
844.274,466
844.392,442
844.51,461
844.628,437
844.746,436
844.864,454
844.982,453
845.1,458
845.218,458
845.336,443
845.454,460
845.572,456
845.69,446
845.808,452
845.926,432
846.044,449
846.162,419
846.28,469
846.398,458
846.516,458
846.634,458
846.752,461
846.87,462
846.988,466
847.106,455
847.224,437
847.342,470
847.46,473
847.578,451
847.696,452
847.814,461
847.932,455
848.05,440
848.168,446
848.285,452
848.403,451
848.521,451
848.639,450
848.757,450
848.875,436
848.993,441
849.111,432
849.229,439
849.347,452
849.465,458
849.582,458
849.7,464
849.818,458
849.936,452
850.054,439
850.172,451
850.29,450
850.408,463
850.525,465
850.643,457
850.761,453
850.879,468
850.997,462
851.115,458
851.233,462
851.35,474
851.468,449
851.586,450
851.704,448
851.822,438
851.94,459
852.057,448
852.175,453
852.293,437
852.411,450
852.529,454
852.647,444
852.764,471
852.882,433
853.0,464
853.118,449
853.236,450
853.353,456
853.471,444
853.589,432
853.707,439
853.824,463
853.942,446
854.06,425
854.178,440
854.296,456
854.413,467
854.531,456
854.649,460
854.767,467
854.884,442
855.002,456
855.12,453
855.238,472
855.355,446
855.473,444
855.591,464
855.708,450
855.826,462
855.944,460
856.062,436
856.179,461
856.297,448
856.415,468
856.532,447
856.65,456
856.768,439
856.886,461
857.003,443
857.121,451
857.239,458
857.356,448
857.474,449
857.592,456
857.709,453
857.827,450
857.945,462
858.062,438
858.18,439
858.298,455
858.415,441
858.533,448
858.651,442
858.768,435
858.886,447
859.003,449
859.121,471
859.239,446
859.356,442
859.474,465
859.592,460
859.709,445
859.827,454
859.944,452
860.062,437
860.18,456
860.297,437
860.415,478
860.532,456
860.65,439
860.768,452
860.885,462
861.003,455
861.12,433
861.238,443
861.356,447
861.473,429
861.591,462
861.708,455
861.826,445
861.943,435
862.061,436
862.178,446
862.296,430
862.414,454
862.531,442
862.649,436
862.766,445
862.884,450
863.001,442
863.119,454
863.236,450
863.354,458
863.471,446
863.589,446
863.706,457
863.824,456
863.941,444
864.059,465
864.176,422
864.294,455
864.411,437
864.529,463
864.646,480
864.764,439
864.881,454
864.999,454
865.116,463
865.233,462
865.351,442
865.468,444
865.586,451
865.703,459
865.821,453
865.938,448
866.056,449
866.173,441
866.29,455
866.408,457
866.525,444
866.643,455
866.76,434
866.878,456
866.995,457
867.112,458
867.23,458
867.347,448
867.465,447
867.582,432
867.699,440
867.817,447
867.934,441
868.051,462
868.169,465
868.286,449
868.404,435
868.521,458
868.638,452
868.756,452
868.873,454
868.99,459
869.108,436
869.225,453
869.342,460
869.46,463
869.577,456
869.694,455
869.812,456
869.929,456
870.046,443
870.164,449
870.281,443
870.398,466
870.516,456
870.633,467
870.75,444
870.867,451
870.985,455
871.102,475
871.219,453
871.337,468
871.454,453
871.571,461
871.688,457
871.806,459
871.923,461
872.04,445
872.157,447
872.275,474
872.392,430
872.509,455
872.626,443
872.744,452
872.861,459
872.978,434
873.095,446
873.213,460
873.33,444
873.447,454
873.564,448
873.681,448
873.799,453
873.916,433
874.033,442
874.15,456
874.267,475
874.385,446
874.502,447
874.619,459
874.736,452
874.853,464
874.97,466
875.088,451
875.205,440
875.322,443
875.439,464
875.556,462
875.673,446
875.791,450
875.908,457
876.025,459
876.142,447
876.259,468
876.376,451
876.493,448
876.61,465
876.728,457
876.845,462
876.962,472
877.079,451
877.196,469
877.313,437
877.43,458
877.547,449
877.664,467
877.781,443
877.898,480
878.016,440
878.133,444
878.25,449
878.367,465
878.484,449
878.601,444
878.718,452
878.835,451
878.952,473
879.069,440
879.186,462
879.303,457
879.42,439
879.537,451
879.654,456
879.771,465
879.888,470
880.005,468
880.122,449
880.239,439
880.356,458
880.473,447
880.59,463
880.707,461
880.824,449
880.941,440
881.058,439
881.175,482
881.292,440
881.409,441
881.526,451
881.643,448
881.76,463
881.877,463
881.994,448
882.111,443
882.228,457
882.345,453
882.462,452
882.579,456
882.696,449
882.812,461
882.929,434
883.046,453
883.163,457
883.28,470
883.397,448
883.514,447
883.631,465
883.748,455
883.865,477
883.982,450
884.098,435
884.215,430
884.332,466
884.449,450
884.566,446
884.683,468
884.8,458
884.916,451
885.033,450
885.15,459
885.267,454
885.384,457
885.501,450
885.617,435
885.734,456
885.851,455
885.968,464
886.085,448
886.202,472
886.318,435
886.435,458
886.552,468
886.669,469
886.786,463
886.902,478
887.019,457
887.136,462
887.253,455
887.369,458
887.486,459
887.603,453
887.72,446
887.837,470
887.953,465
888.07,461
888.187,473
888.304,450
888.42,428
888.537,460
888.654,465
888.77,447
888.887,442
889.004,470
889.121,478
889.237,459
889.354,463
889.471,453
889.587,458
889.704,468
889.821,461
889.938,466
890.054,479
890.171,458
890.288,460
890.404,458
890.521,451
890.638,461
890.754,464
890.871,470
890.988,459
891.104,471
891.221,455
891.337,460
891.454,461
891.571,475
891.687,463
891.804,462
891.921,452
892.037,462
892.154,476
892.27,458
892.387,464
892.504,476
892.62,472
892.737,442
892.854,455
892.97,458
893.087,473
893.203,455
893.32,466
893.436,439
893.553,468
893.67,426
893.786,464
893.903,460
894.019,465
894.136,466
894.252,471
894.369,462
894.485,457
894.602,453
894.718,460
894.835,474
894.951,478
895.068,475
895.184,483
895.301,452
895.417,470
895.534,479
895.65,473
895.767,459
895.883,458
896.0,466
896.116,467
896.233,440
896.349,458
896.466,437
896.582,465
896.699,465
896.815,462
896.932,467
897.048,471
897.165,446
897.281,456
897.397,471
897.514,466
897.63,449
897.747,464
897.863,459
897.979,455
898.096,460
898.212,468
898.329,459
898.445,457
898.561,461
898.678,475
898.794,454
898.911,462
899.027,455
899.143,461
899.26,460
899.376,473
899.492,454
899.609,457
899.725,464
899.842,462
899.958,468
900.074,462
900.191,451
900.307,459
900.423,462
900.539,478
900.656,471
900.772,457
900.888,448
901.005,477
901.121,439
901.237,487
901.354,475
901.47,475
901.586,465
901.703,453
901.819,465
901.935,474
902.051,442
902.168,459
902.284,477
902.4,471
902.516,448
902.633,481
902.749,469
902.865,465
902.981,465
903.098,475
903.214,448
903.33,452
903.446,458
903.562,472
903.679,478
903.795,471
903.911,474
904.027,466
904.143,452
904.26,486
904.376,485
904.492,462
904.608,476
904.724,455
904.841,473
904.957,463
905.073,475
905.189,474
905.305,467
905.421,486
905.538,465
905.654,464
905.77,463
905.886,479
906.002,499
906.118,466
906.234,460
906.35,484
906.466,451
906.583,462
906.699,460
906.815,450
906.931,473
907.047,470
907.163,472
907.279,471
907.395,463
907.511,456
907.627,479
907.743,470
907.859,472
907.976,463
908.092,448
908.208,476
908.324,478
908.44,478
908.556,472
908.672,469
908.788,466
908.904,471
909.02,476
909.136,468
909.252,458
909.368,465
909.484,456
909.6,471
909.716,456
909.832,473
909.948,446
910.064,461
910.18,468
910.296,466
910.412,475
910.528,469
910.644,469
910.76,465
910.875,476
910.991,461
911.107,464
911.223,493
911.339,466
911.455,467
911.571,476
911.687,470
911.803,474
911.919,472
912.035,471
912.151,459
912.267,469
912.382,488
912.498,499
912.614,459
912.73,463
912.846,464
