792.446,305
792.565,346
792.684,379
792.803,366
792.922,317
793.041,311
793.16,324
793.279,322
793.398,328
793.518,308
793.637,300
793.756,326
793.875,339
793.994,324
794.113,330
794.232,313
794.351,325
794.47,315
794.589,321
794.708,318
794.827,323
794.946,309
795.066,325
795.185,326
795.304,323
795.423,320
795.542,318
795.661,313
795.78,323
795.899,326
796.018,320
796.137,322
796.256,310
796.375,322
796.494,308
796.613,320
796.732,332
796.851,317
796.97,325
797.089,318
797.208,323
797.327,309
797.446,323
797.565,317
797.684,323
797.803,316
797.922,323
798.041,322
798.16,331
798.279,318
798.398,326
798.517,318
798.636,338
798.755,322
798.874,322
798.993,327
799.112,325
799.231,314
799.35,317
799.469,320
799.588,314
799.707,323
799.826,311
799.945,320
800.064,322
800.183,305
800.302,304
800.421,323
800.54,320
800.659,316
800.778,324
800.897,311
801.016,314
801.135,302
801.254,324
801.373,322
801.492,325
801.611,329
801.729,330
801.848,322
801.967,323
802.086,324
802.205,326
802.324,319
802.443,318
802.562,315
802.681,324
802.8,323
802.919,312
803.038,331
803.157,332
803.276,312
803.394,327
803.513,317
803.632,321
803.751,322
803.87,330
803.989,321
804.108,332
804.227,312
804.346,327
804.465,317
804.583,329
804.702,319
804.821,314
804.94,314
805.059,323
805.178,327
805.297,312
805.416,328
805.535,325
805.653,317
805.772,317
805.891,309
806.01,324
806.129,317
806.248,322
806.367,321
806.485,309
806.604,312
806.723,335
806.842,312
806.961,328
807.08,304
807.198,315
807.317,300
807.436,323
807.555,317
807.674,319
807.793,325
807.912,324
808.03,305
808.149,334
808.268,324
808.387,319
808.506,301
808.624,324
808.743,311
808.862,322
808.981,311
809.1,336
809.219,320
809.337,326
809.456,307
809.575,327
809.694,305
809.812,328
809.931,311
810.05,326
810.169,311
810.288,312
810.406,329
810.525,315
810.644,327
810.763,320
810.882,326
811.0,327
811.119,317
811.238,312
811.357,325
811.475,324
811.594,329
811.713,315
811.832,314
811.95,326
812.069,304
812.188,321
812.307,318
812.425,312
812.544,315
812.663,318
812.782,318
812.9,324
813.019,307
813.138,316
813.257,316
813.375,312
813.494,318
813.613,313
813.731,325
813.85,325
813.969,310
814.088,325
814.206,306
814.325,320
814.444,309
814.562,316
814.681,313
814.8,325
814.918,332
815.037,321
815.156,316
815.274,323
815.393,311
815.512,328
815.631,311
815.749,319
815.868,318
815.987,314
816.105,304
816.224,328
816.343,320
816.461,329
816.58,321
816.698,307
816.817,313
816.936,323
817.055,311
817.173,314
817.292,309
817.41,333
817.529,306
817.648,333
817.766,312
817.885,307
818.004,312
818.122,324
818.241,315
818.359,316
818.478,321
818.597,318
818.715,319
818.834,314
818.953,305
819.071,330
819.19,314
819.308,332
819.427,311
819.546,329
819.664,318
819.783,334
819.901,322
820.02,323
820.138,311
820.257,325
820.376,309
820.494,337
820.613,316
820.731,312
820.85,318
820.969,326
821.087,322
821.206,325
821.324,308
821.443,317
821.561,307
821.68,321
821.798,321
821.917,315
822.035,320
822.154,313
822.273,320
822.391,332
822.51,310
822.628,340
822.747,317
822.865,323
822.984,318
823.102,316
823.221,329
823.339,321
823.458,303
823.576,320
823.695,313
823.813,333
823.932,317
824.05,330
824.169,315
824.287,328
824.406,307
824.524,340
824.643,326
824.761,321
824.88,312
824.998,330
825.117,313
825.235,327
825.354,307
825.472,303
825.591,320
825.709,321
825.828,313
825.946,328
826.064,320
826.183,309
826.301,306
826.42,310
826.538,319
826.657,310
826.775,313
826.894,316
827.012,316
827.13,323
827.249,302
827.367,307
827.486,314
827.604,322
827.723,319
827.841,319
827.959,319
828.078,321
828.196,322
828.315,321
828.433,311
828.552,312
828.67,321
828.788,319
828.907,316
829.025,313
829.143,315
829.262,306
829.38,310
829.499,323
829.617,312
829.735,328
829.854,309
829.972,316
830.091,322
830.209,342
830.327,300
830.446,314
830.564,316
830.682,323
830.801,316
830.919,314
831.037,323
831.156,329
831.274,320
831.392,325
831.511,309
831.629,316
831.747,316
831.866,315
831.984,312
832.102,327
832.221,306
832.339,317
832.457,307
832.576,319
832.694,315
832.812,305
832.93,309
833.049,315
833.167,310
833.285,313
833.404,315
833.522,320
833.64,302
833.759,309
833.877,307
833.995,329
834.113,304
834.232,332
834.35,306
834.468,309
834.586,318
834.705,315
834.823,320
834.941,312
835.059,311
835.178,310
835.296,309
835.414,323
835.532,321
835.651,316
835.769,314
835.887,329
836.005,306
836.124,314
836.242,321
836.36,311
836.478,308
836.596,326
836.715,316
836.833,317
836.951,311
837.069,318
837.188,319
837.306,324
837.424,314
837.542,319
837.66,313
837.779,322
837.897,305
838.015,318
838.133,314
838.251,316
838.369,325
838.487,325
838.606,314
838.724,319
838.842,322
838.96,324
839.078,301
839.196,320
839.315,305
839.433,327
839.551,315
839.669,317
839.787,313
839.905,320
840.023,312
840.142,319
840.26,315
840.378,331
840.496,313
840.614,319
840.732,316
840.85,322
840.968,316
841.087,313
841.205,311
841.323,310
841.441,315
841.559,324
841.677,315
841.795,320
841.913,316
842.031,325
842.149,311
842.267,317
842.385,322
842.504,326
842.622,321
842.74,337
842.858,322
842.976,317
843.094,310
843.212,321
843.33,318
843.448,301
843.566,323
843.684,321
843.802,310
843.92,320
844.038,320
844.156,319
844.274,321
844.392,318
844.51,308
844.628,315
844.746,322
844.864,318
844.982,306
845.1,325
845.218,306
845.336,322
845.454,314
845.572,317
845.69,316
845.808,312
845.926,306
846.044,322
846.162,309
846.28,310
846.398,320
846.516,328
846.634,322
846.752,305
846.87,316
846.988,319
847.106,324
847.224,323
847.342,312
847.46,306
847.578,311
847.696,306
847.814,332
847.932,308
848.05,295
848.168,328
848.285,310
848.403,322
848.521,323
848.639,314
848.757,317
848.875,323
848.993,323
849.111,322
849.229,316
849.347,323
849.465,313
849.582,323
849.7,315
849.818,313
849.936,314
850.054,313
850.172,317
850.29,317
850.408,309
850.525,315
850.643,313
850.761,323
850.879,323
850.997,312
851.115,314
851.233,313
851.35,319
851.468,309
851.586,309
851.704,315
851.822,309
851.94,300
852.057,312
852.175,302
852.293,311
852.411,312
852.529,318
852.647,318
852.764,318
852.882,322
853.0,323
853.118,307
853.236,312
853.353,325
853.471,308
853.589,323
853.707,323
853.824,311
853.942,323
854.06,326
854.178,308
854.296,321
854.413,311
854.531,326
854.649,302
854.767,321
854.884,320
855.002,316
855.12,312
855.238,320
855.355,324
855.473,308
855.591,311
855.708,318
855.826,314
855.944,324
856.062,319
856.179,322
856.297,317
856.415,315
856.532,319
856.65,322
856.768,311
856.886,325
857.003,329
857.121,314
857.239,326
857.356,319
857.474,306
857.592,317
857.709,312
857.827,325
857.945,306
858.062,315
858.18,326
858.298,317
858.415,309
858.533,310
858.651,307
858.768,319
858.886,301
859.003,326
859.121,303
859.239,322
859.356,312
859.474,332
859.592,308
859.709,314
859.827,308
859.944,313
860.062,305
860.18,318
860.297,316
860.415,328
860.532,301
860.65,330
860.768,315
860.885,311
861.003,318
861.12,310
861.238,325
861.356,316
861.473,306
861.591,317
861.708,311
861.826,313
861.943,312
862.061,319
862.178,313
862.296,314
862.414,308
862.531,316
862.649,313
862.766,322
862.884,311
863.001,326
863.119,310
863.236,319
863.354,304
863.471,326
863.589,323
863.706,326
863.824,310
863.941,315
864.059,321
864.176,307
864.294,306
864.411,314
864.529,310
864.646,299
864.764,313
864.881,319
864.999,305
865.116,317
865.233,320
865.351,319
865.468,312
865.586,315
865.703,323
865.821,328
865.938,321
866.056,317
866.173,327
866.29,293
866.408,321
866.525,317
866.643,325
866.76,314
866.878,318
866.995,306
867.112,324
867.23,333
867.347,313
867.465,318
867.582,326
867.699,313
867.817,313
867.934,327
868.051,309
868.169,310
868.286,299
868.404,322
868.521,311
868.638,314
868.756,320
868.873,324
868.99,320
869.108,324
869.225,316
869.342,308
869.46,322
869.577,319
869.694,311
869.812,313
869.929,300
870.046,322
870.164,313
870.281,316
870.398,308
870.516,316
870.633,317
870.75,315
870.867,311
870.985,318
871.102,315
871.219,318
871.337,315
871.454,320
871.571,306
871.688,311
871.806,318
871.923,314
872.04,319
872.157,337
872.275,321
872.392,313
872.509,317
872.626,315
872.744,322
872.861,334
872.978,311
873.095,316
873.213,304
873.33,312
873.447,306
873.564,313
873.681,317
873.799,332
873.916,303
874.033,322
874.15,314
874.267,324
874.385,309
874.502,327
874.619,310
874.736,308
874.853,315
874.97,309
875.088,320
875.205,312
875.322,313
875.439,304
875.556,313
875.673,332
875.791,306
875.908,301
876.025,302
876.142,315
876.259,314
876.376,317
876.493,323
876.61,332
876.728,303
876.845,317
876.962,315
877.079,320
877.196,320
877.313,314
877.43,324
877.547,325
877.664,333
877.781,324
877.898,315
878.016,322
878.133,306
878.25,322
878.367,315
878.484,309
878.601,315
878.718,311
878.835,334
878.952,314
879.069,321
879.186,314
879.303,317
879.42,338
879.537,309
879.654,311
879.771,315
879.888,326
880.005,302
880.122,319
880.239,311
880.356,318
880.473,303
880.59,318
880.707,311
880.824,319
880.941,315
881.058,322
881.175,309
881.292,316
881.409,308
881.526,322
881.643,328
881.76,327
881.877,315
881.994,313
882.111,323
882.228,312
882.345,308
882.462,316
882.579,329
882.696,322
882.812,303
882.929,324
883.046,314
883.163,314
883.28,315
883.397,310
883.514,315
883.631,319
883.748,312
883.865,325
883.982,305
884.098,318
884.215,317
884.332,310
884.449,324
884.566,306
884.683,313
884.8,323
884.916,298
885.033,319
885.15,315
885.267,326
885.384,320
885.501,314
885.617,327
885.734,320
885.851,318
885.968,308
886.085,315
886.202,325
886.318,293
886.435,316
886.552,315
886.669,312
886.786,311
886.902,311
887.019,316
887.136,323
887.253,313
887.369,331
887.486,315
887.603,317
887.72,324
887.837,315
887.953,300
888.07,320
888.187,310
888.304,321
888.42,305
888.537,314
888.654,303
888.77,315
888.887,303
889.004,316
889.121,312
889.237,335
889.354,317
889.471,315
889.587,307
889.704,328
889.821,305
889.938,320
890.054,323
890.171,312
890.288,323
890.404,321
890.521,309
890.638,328
890.754,326
890.871,308
890.988,329
891.104,322
891.221,314
891.337,314
891.454,317
891.571,322
891.687,325
891.804,307
891.921,318
892.037,324
892.154,306
892.27,317
892.387,315
892.504,325
892.62,317
892.737,319
892.854,311
892.97,314
893.087,307
893.203,324
893.32,304
893.436,330
893.553,315
893.67,328
893.786,310
893.903,308
894.019,318
894.136,318
894.252,312
894.369,306
894.485,332
894.602,314
894.718,310
894.835,321
894.951,308
895.068,306
895.184,316
895.301,330
895.417,317
895.534,332
895.65,323
895.767,324
895.883,317
896.0,323
896.116,320
896.233,320
896.349,310
896.466,335
896.582,304
896.699,334
896.815,326
896.932,323
897.048,320
897.165,325
897.281,306
897.397,325
897.514,321
897.63,316
897.747,304
897.863,330
897.979,321
898.096,310
898.212,310
898.329,312
898.445,320
898.561,328
898.678,317
898.794,306
898.911,305
899.027,340
899.143,314
899.26,325
899.376,307
899.492,312
899.609,322
899.725,315
899.842,304
899.958,332
900.074,312
900.191,317
900.307,317
900.423,322
900.539,312
900.656,319
900.772,320
900.888,321
901.005,315
901.121,321
901.237,296
901.354,324
901.47,322
901.586,323
901.703,312
901.819,323
901.935,316
902.051,311
902.168,318
902.284,313
902.4,317
902.516,322
902.633,316
902.749,322
902.865,313
902.981,313
903.098,308
903.214,332
903.33,313
903.446,316
903.562,309
903.679,319
903.795,314
903.911,312
904.027,329
904.143,333
904.26,323
904.376,318
904.492,325
904.608,333
904.724,322
904.841,327
904.957,312
905.073,325
905.189,311
905.305,314
905.421,311
905.538,325
905.654,313
905.77,315
905.886,317
906.002,319
906.118,315
906.234,311
906.35,321
906.466,331
906.583,308
906.699,319
906.815,323
906.931,306
907.047,294
907.163,321
907.279,310
907.395,330
907.511,316
907.627,312
907.743,324
907.859,312
907.976,313
908.092,316
908.208,317
908.324,324
908.44,328
908.556,315
908.672,313
908.788,320
908.904,311
909.02,325
909.136,306
909.252,321
909.368,305
909.484,317
909.6,296
909.716,328
909.832,308
909.948,326
910.064,294
910.18,303
910.296,322
910.412,313
910.528,327
910.644,324
910.76,313
910.875,326
910.991,317
911.107,324
911.223,303
911.339,321
911.455,327
911.571,326
911.687,321
911.803,322
911.919,315
912.035,320
912.151,316
912.267,317
912.382,307
912.498,311
912.614,315
912.73,316
912.846,311
792.446,303
792.565,344
792.684,386
792.803,364
792.922,326
793.041,306
793.16,318
793.279,324
793.398,311
793.518,317
793.637,309
793.756,335
793.875,326
793.994,333
794.113,323
794.232,314
794.351,329
794.47,298
794.589,324
794.708,323
794.827,322
794.946,329
795.066,313
795.185,333
795.304,321
795.423,326
795.542,319
795.661,310
795.78,335
795.899,314
796.018,333
796.137,330
796.256,334
796.375,319
796.494,320
796.613,328
796.732,330
796.851,307
796.97,328
797.089,309
797.208,338
797.327,315
797.446,314
797.565,328
797.684,312
797.803,321
797.922,332
798.041,305
798.16,330
798.279,314
798.398,320
798.517,305
798.636,335
798.755,324
798.874,326
798.993,326
799.112,322
799.231,320
799.35,328
799.469,321
799.588,326
799.707,314
799.826,340
799.945,318
800.064,329
800.183,311
800.302,327
800.421,324
800.54,324
800.659,314
800.778,315
800.897,322
801.016,322
801.135,335
801.254,319
801.373,335
801.492,333
801.611,322
801.729,311
801.848,327
801.967,312
802.086,330
802.205,315
802.324,334
802.443,322
802.562,314
802.681,312
802.8,325
802.919,334
803.038,324
803.157,335
803.276,327
803.394,320
803.513,317
803.632,315
803.751,333
803.87,309
803.989,315
804.108,316
804.227,326
804.346,312
804.465,306
804.583,317
804.702,329
804.821,317
804.94,317
805.059,324
805.178,327
805.297,327
805.416,320
805.535,316
805.653,323
805.772,323
805.891,323
806.01,315
806.129,309
806.248,306
806.367,314
806.485,329
806.604,330
806.723,324
806.842,317
806.961,327
807.08,309
807.198,324
807.317,311
807.436,325
807.555,313
807.674,326
807.793,317
807.912,316
808.03,314
808.149,322
808.268,298
808.387,308
808.506,325
808.624,310
808.743,322
808.862,304
808.981,322
809.1,308
809.219,321
809.337,315
809.456,319
809.575,310
809.694,304
809.812,323
809.931,316
810.05,317
810.169,328
810.288,321
810.406,321
810.525,309
810.644,318
810.763,319
810.882,319
811.0,320
811.119,316
811.238,324
811.357,316
811.475,323
811.594,322
811.713,309
811.832,322
811.95,308
812.069,310
812.188,328
812.307,327
812.425,314
812.544,323
812.663,318
812.782,323
812.9,312
813.019,322
813.138,323
813.257,324
813.375,316
813.494,315
813.613,319
813.731,318
813.85,310
813.969,316
814.088,317
814.206,329
814.325,315
814.444,324
814.562,313
814.681,320
814.8,327
814.918,322
815.037,323
815.156,307
815.274,311
815.393,328
815.512,331
815.631,315
815.749,312
815.868,314
815.987,333
816.105,309
816.224,314
816.343,316
816.461,331
816.58,326
816.698,316
816.817,315
816.936,318
817.055,326
817.173,320
817.292,327
817.41,330
817.529,316
817.648,311
817.766,318
817.885,316
818.004,322
818.122,320
818.241,317
818.359,315
818.478,330
818.597,319
818.715,319
818.834,313
818.953,322
819.071,323
819.19,318
819.308,317
819.427,322
819.546,334
819.664,317
819.783,322
819.901,319
820.02,327
820.138,325
820.257,315
820.376,325
820.494,306
820.613,312
820.731,325
820.85,327
820.969,309
821.087,301
821.206,323
821.324,326
821.443,323
821.561,311
821.68,309
821.798,319
821.917,319
822.035,330
822.154,324
822.273,315
822.391,320
822.51,327
822.628,315
822.747,320
822.865,318
822.984,322
823.102,315
823.221,325
823.339,317
823.458,322
823.576,313
823.695,327
823.813,320
823.932,326
824.05,329
824.169,319
824.287,310
824.406,325
824.524,310
824.643,331
824.761,327
824.88,312
824.998,316
825.117,328
825.235,321
825.354,328
825.472,325
825.591,304
825.709,316
825.828,320
825.946,314
826.064,318
826.183,317
826.301,311
826.42,328
826.538,322
826.657,326
826.775,310
826.894,318
827.012,316
827.13,311
827.249,321
827.367,310
827.486,326
827.604,312
827.723,305
827.841,314
827.959,315
828.078,323
828.196,323
828.315,300
828.433,322
828.552,331
828.67,315
828.788,315
828.907,332
829.025,316
829.143,314
829.262,303
829.38,326
829.499,329
829.617,321
829.735,328
829.854,307
829.972,320
830.091,333
830.209,333
830.327,315
830.446,318
830.564,320
830.682,307
830.801,305
830.919,307
831.037,314
831.156,317
831.274,299
831.392,322
831.511,324
831.629,325
831.747,319
831.866,320
831.984,325
832.102,320
832.221,311
832.339,318
832.457,320
832.576,301
832.694,313
832.812,299
832.93,319
833.049,320
833.167,314
833.285,324
833.404,325
833.522,319
833.64,323
833.759,315
833.877,324
833.995,321
834.113,323
834.232,318
834.35,319
834.468,318
834.586,324
834.705,298
834.823,314
834.941,316
835.059,310
835.178,312
835.296,318
835.414,326
835.532,319
835.651,302
835.769,319
835.887,310
836.005,297
836.124,315
836.242,312
836.36,325
836.478,328
836.596,308
836.715,309
836.833,325
836.951,323
837.069,308
837.188,322
837.306,307
837.424,314
837.542,301
837.66,307
837.779,319
837.897,322
838.015,314
838.133,328
838.251,316
838.369,314
838.487,317
838.606,327
838.724,310
838.842,317
838.96,314
839.078,317
839.196,313
839.315,313
839.433,330
839.551,316
839.669,320
839.787,312
839.905,323
840.023,321
840.142,308
840.26,307
840.378,313
840.496,319
840.614,319
840.732,307
840.85,323
840.968,305
841.087,311
841.205,328
841.323,316
841.441,312
841.559,305
841.677,320
841.795,306
841.913,304
842.031,313
842.149,315
842.267,322
842.385,314
842.504,315
842.622,331
842.74,304
842.858,321
842.976,312
843.094,312
843.212,311
843.33,307
843.448,317
843.566,310
843.684,309
843.802,304
843.92,310
844.038,312
844.156,322
844.274,308
844.392,321
844.51,307
844.628,318
844.746,312
844.864,313
844.982,321
845.1,319
845.218,330
845.336,314
845.454,315
845.572,303
845.69,310
845.808,319
845.926,312
846.044,312
846.162,329
846.28,318
846.398,308
846.516,314
846.634,314
846.752,319
846.87,319
846.988,318
847.106,321
847.224,310
847.342,320
847.46,321
847.578,312
847.696,320
847.814,311
847.932,313
848.05,341
848.168,305
848.285,322
848.403,297
848.521,321
848.639,324
848.757,304
848.875,311
848.993,318
849.111,331
849.229,314
849.347,311
849.465,305
849.582,316
849.7,311
849.818,296
849.936,325
850.054,310
850.172,320
850.29,313
850.408,325
850.525,308
850.643,312
850.761,316
850.879,310
850.997,321
851.115,320
851.233,320
851.35,323
851.468,319
851.586,331
851.704,323
851.822,303
851.94,303
852.057,318
852.175,321
852.293,322
852.411,309
852.529,322
852.647,311
852.764,324
852.882,314
853.0,316
853.118,317
853.236,316
853.353,317
853.471,329
853.589,316
853.707,322
853.824,315
853.942,313
854.06,293
854.178,315
854.296,309
854.413,320
854.531,316
854.649,311
854.767,314
854.884,302
855.002,314
855.12,309
855.238,309
855.355,307
855.473,319
855.591,313
855.708,323
855.826,313
855.944,309
856.062,316
856.179,321
856.297,303
856.415,319
856.532,321
856.65,322
856.768,336
856.886,317
857.003,318
857.121,307
857.239,310
857.356,310
857.474,315
857.592,310
857.709,311
857.827,318
857.945,332
858.062,305
858.18,313
858.298,322
858.415,316
858.533,323
858.651,315
858.768,315
858.886,293
859.003,313
859.121,313
859.239,314
859.356,324
859.474,319
859.592,324
859.709,316
859.827,313
859.944,313
860.062,318
860.18,317
860.297,313
860.415,322
860.532,315
860.65,313
860.768,325
860.885,318
861.003,317
861.12,322
861.238,318
861.356,312
861.473,322
861.591,317
861.708,319
861.826,315
861.943,315
862.061,315
862.178,313
862.296,318
862.414,321
862.531,306
862.649,303
862.766,312
862.884,320
863.001,317
863.119,325
863.236,300
863.354,317
863.471,320
863.589,325
863.706,310
863.824,321
863.941,324
864.059,313
864.176,319
864.294,316
864.411,318
864.529,324
864.646,322
864.764,311
864.881,304
864.999,315
865.116,308
865.233,308
865.351,302
865.468,323
865.586,313
865.703,313
865.821,314
865.938,317
866.056,319
866.173,319
866.29,321
866.408,304
866.525,308
866.643,323
866.76,318
866.878,316
866.995,321
867.112,316
867.23,312
867.347,322
867.465,296
867.582,326
867.699,317
867.817,318
867.934,319
868.051,318
868.169,313
868.286,311
868.404,311
868.521,315
868.638,329
868.756,306
868.873,312
868.99,331
869.108,316
869.225,326
869.342,316
869.46,318
869.577,307
869.694,319
869.812,316
869.929,315
870.046,327
870.164,306
870.281,321
870.398,319
870.516,315
870.633,311
870.75,311
870.867,314
870.985,317
871.102,302
871.219,307
871.337,303
871.454,330
871.571,311
871.688,310
871.806,314
871.923,318
872.04,322
872.157,318
872.275,324
872.392,323
872.509,306
872.626,321
872.744,313
872.861,300
872.978,319
873.095,302
873.213,322
873.33,316
873.447,315
873.564,315
873.681,314
873.799,320
873.916,312
874.033,312
874.15,320
874.267,315
874.385,305
874.502,324
874.619,314
874.736,305
874.853,308
874.97,324
875.088,308
875.205,309
875.322,337
875.439,305
875.556,330
875.673,307
875.791,322
875.908,320
876.025,325
876.142,323
876.259,306
876.376,298
876.493,322
876.61,309
876.728,326
876.845,312
876.962,307
877.079,316
877.196,320
877.313,327
877.43,321
877.547,328
877.664,309
877.781,315
877.898,329
878.016,318
878.133,314
878.25,309
878.367,313
878.484,307
878.601,320
878.718,313
878.835,314
878.952,311
879.069,312
879.186,321
879.303,313
879.42,314
879.537,295
879.654,304
879.771,320
879.888,315
880.005,319
880.122,304
880.239,305
880.356,303
880.473,321
880.59,313
880.707,317
880.824,326
880.941,326
881.058,309
881.175,318
881.292,308
881.409,315
881.526,318
881.643,325
881.76,317
881.877,303
881.994,309
882.111,313
882.228,307
882.345,318
882.462,316
882.579,311
882.696,321
882.812,334
882.929,311
883.046,317
883.163,319
883.28,309
883.397,320
883.514,327
883.631,312
883.748,308
883.865,309
883.982,312
884.098,314
884.215,333
884.332,310
884.449,324
884.566,321
884.683,325
884.8,319
884.916,322
885.033,305
885.15,317
885.267,322
885.384,308
885.501,324
885.617,314
885.734,314
885.851,316
885.968,321
886.085,320
886.202,314
886.318,312
886.435,313
886.552,312
886.669,319
886.786,318
886.902,309
887.019,313
887.136,307
887.253,320
887.369,315
887.486,320
887.603,319
887.72,333
887.837,316
887.953,318
888.07,329
888.187,315
888.304,321
888.42,312
888.537,314
888.654,298
888.77,306
888.887,328
889.004,313
889.121,320
889.237,316
889.354,306
889.471,315
889.587,304
889.704,323
889.821,319
889.938,310
890.054,321
890.171,335
890.288,315
890.404,299
890.521,314
890.638,325
890.754,319
890.871,308
890.988,302
891.104,316
891.221,314
891.337,322
891.454,324
891.571,318
891.687,319
891.804,303
891.921,307
892.037,317
892.154,317
892.27,310
892.387,321
892.504,336
892.62,317
892.737,322
892.854,316
892.97,319
893.087,315
893.203,307
893.32,326
893.436,309
893.553,330
893.67,310
893.786,317
893.903,309
894.019,328
894.136,304
894.252,317
894.369,309
894.485,327
894.602,317
894.718,304
894.835,301
894.951,328
895.068,308
895.184,309
895.301,315
895.417,320
895.534,312
895.65,322
895.767,319
895.883,302
896.0,317
896.116,326
896.233,323
896.349,326
896.466,303
896.582,320
896.699,313
896.815,322
896.932,308
897.048,317
897.165,321
897.281,313
897.397,317
897.514,306
897.63,314
897.747,320
897.863,308
897.979,318
898.096,329
898.212,321
898.329,320
898.445,321
898.561,314
898.678,312
898.794,322
898.911,320
899.027,312
899.143,305
899.26,317
899.376,316
899.492,330
899.609,315
899.725,297
899.842,319
899.958,313
900.074,319
900.191,307
900.307,322
900.423,314
900.539,306
900.656,301
900.772,315
900.888,304
901.005,326
901.121,314
901.237,321
901.354,316
901.47,320
901.586,314
901.703,324
901.819,324
901.935,328
902.051,320
902.168,324
902.284,317
902.4,319
902.516,312
902.633,315
902.749,321
902.865,317
902.981,325
903.098,319
903.214,314
903.33,319
903.446,306
903.562,325
903.679,319
903.795,299
903.911,321
904.027,312
904.143,322
904.26,322
904.376,311
904.492,330
904.608,305
904.724,320
904.841,320
904.957,312
905.073,323
905.189,318
905.305,322
905.421,323
905.538,324
905.654,313
905.77,324
905.886,322
906.002,317
906.118,330
906.234,320
906.35,306
906.466,303
906.583,311
906.699,307
906.815,334
906.931,313
907.047,331
907.163,319
907.279,311
907.395,315
907.511,323
907.627,325
907.743,320
907.859,314
907.976,310
908.092,315
908.208,322
908.324,321
908.44,311
908.556,315
908.672,319
908.788,322
908.904,325
909.02,311
909.136,312
909.252,302
909.368,327
909.484,316
909.6,314
909.716,318
909.832,327
909.948,322
910.064,317
910.18,303
910.296,312
910.412,319
910.528,321
910.644,305
910.76,310
910.875,318
910.991,321
911.107,313
911.223,330
911.339,311
911.455,306
911.571,302
911.687,335
911.803,323
911.919,326
912.035,316
912.151,317
912.267,306
912.382,324
912.498,313
912.614,320
912.73,308
912.846,325
792.446,303
792.565,327
792.684,376
792.803,365
792.922,330
793.041,300
793.16,298
793.279,328
793.398,324
793.518,303
793.637,321
793.756,320
793.875,342
793.994,332
794.113,319
794.232,338
794.351,319
794.47,329
794.589,324
794.708,316
794.827,321
794.946,323
795.066,339
795.185,323
795.304,326
795.423,316
795.542,328
795.661,324
795.78,319
795.899,317
796.018,312
796.137,333
796.256,315
796.375,326
796.494,321
796.613,330
796.732,313
796.851,338
796.97,314
797.089,309
797.208,333
797.327,316
797.446,327
797.565,302
797.684,326
797.803,324
797.922,312
798.041,327
798.16,321
798.279,325
798.398,311
798.517,320
798.636,316
798.755,310
798.874,308
798.993,324
799.112,310
799.231,314
799.35,327
799.469,332
799.588,319
799.707,314
799.826,326
799.945,329
800.064,314
800.183,323
800.302,311
800.421,310
800.54,312
800.659,326
800.778,310
800.897,315
801.016,329
801.135,313
801.254,331
801.373,312
801.492,331
801.611,320
801.729,323
801.848,323
801.967,308
802.086,327
802.205,324
802.324,325
802.443,334
802.562,311
802.681,319
802.8,305
802.919,309
803.038,327
803.157,327
803.276,313
803.394,319
803.513,311
803.632,323
803.751,328
803.87,313
803.989,318
804.108,315
804.227,319
804.346,326
804.465,316
804.583,321
804.702,325
804.821,322
804.94,309
805.059,318
805.178,325
805.297,307
805.416,326
805.535,318
805.653,320
805.772,322
805.891,319
806.01,322
806.129,314
806.248,317
806.367,316
806.485,324
806.604,325
806.723,321
806.842,306
806.961,327
807.08,303
807.198,328
807.317,321
807.436,329
807.555,319
807.674,321
807.793,307
807.912,316
808.03,329
808.149,316
808.268,304
808.387,305
808.506,323
808.624,314
808.743,316
808.862,318
808.981,309
809.1,321
809.219,329
809.337,316
809.456,307
809.575,324
809.694,317
809.812,319
809.931,326
810.05,309
810.169,311
810.288,318
810.406,314
810.525,326
810.644,324
810.763,316
810.882,322
811.0,317
811.119,313
811.238,294
811.357,319
811.475,315
811.594,319
811.713,317
811.832,319
811.95,316
812.069,319
812.188,315
812.307,324
812.425,319
812.544,313
812.663,322
812.782,329
812.9,323
813.019,326
813.138,326
813.257,318
813.375,320
813.494,317
813.613,328
813.731,321
813.85,320
813.969,315
814.088,320
814.206,327
814.325,319
814.444,335
814.562,301
814.681,316
814.8,318
814.918,324
815.037,309
815.156,314
815.274,314
815.393,309
815.512,311
815.631,318
815.749,328
815.868,332
815.987,320
816.105,328
816.224,329
816.343,307
816.461,320
816.58,302
816.698,317
816.817,316
816.936,315
817.055,319
817.173,314
817.292,333
817.41,306
817.529,311
817.648,305
817.766,319
817.885,319
818.004,327
818.122,305
818.241,322
818.359,311
818.478,323
818.597,324
818.715,306
818.834,321
818.953,304
819.071,322
819.19,315
819.308,299
819.427,320
819.546,320
819.664,314
819.783,317
819.901,313
820.02,306
820.138,314
820.257,306
820.376,318
820.494,322
820.613,315
820.731,300
820.85,332
820.969,309
821.087,307
821.206,305
821.324,320
821.443,325
821.561,312
821.68,307
821.798,320
821.917,319
822.035,322
822.154,315
822.273,306
822.391,312
822.51,309
822.628,323
822.747,314
822.865,318
822.984,319
823.102,314
823.221,316
823.339,324
823.458,314
823.576,315
823.695,305
823.813,319
823.932,316
824.05,316
824.169,312
824.287,315
824.406,330
824.524,312
824.643,317
824.761,324
824.88,316
824.998,305
825.117,318
825.235,305
825.354,315
825.472,309
825.591,308
825.709,315
825.828,326
825.946,298
826.064,326
826.183,300
826.301,337
826.42,321
826.538,321
826.657,322
826.775,324
826.894,321
827.012,317
827.13,297
827.249,311
827.367,301
827.486,327
827.604,307
827.723,315
827.841,312
827.959,315
828.078,313
828.196,316
828.315,303
828.433,314
828.552,328
828.67,320
828.788,308
828.907,307
829.025,313
829.143,304
829.262,322
829.38,313
829.499,315
829.617,317
829.735,314
829.854,309
829.972,317
830.091,322
830.209,307
830.327,324
830.446,314
830.564,310
830.682,308
830.801,319
830.919,300
831.037,304
831.156,311
831.274,325
831.392,309
831.511,319
831.629,300
831.747,319
831.866,312
831.984,312
832.102,315
832.221,316
832.339,307
832.457,327
832.576,302
832.694,334
832.812,315
832.93,310
833.049,310
833.167,304
833.285,318
833.404,325
833.522,299
833.64,322
833.759,302
833.877,323
833.995,309
834.113,307
834.232,324
834.35,318
834.468,316
834.586,310
834.705,313
834.823,323
834.941,324
835.059,311
835.178,306
835.296,317
835.414,293
835.532,310
835.651,311
835.769,319
835.887,306
836.005,313
836.124,313
836.242,319
836.36,311
836.478,313
836.596,324
836.715,319
836.833,323
836.951,319
837.069,318
837.188,312
837.306,315
837.424,307
837.542,316
837.66,313
837.779,323
837.897,324
838.015,321
838.133,316
838.251,315
838.369,318
838.487,304
838.606,320
838.724,312
838.842,322
838.96,329
839.078,300
839.196,326
839.315,312
839.433,320
839.551,320
839.669,310
839.787,312
839.905,306
840.023,331
840.142,322
840.26,308
840.378,309
840.496,327
840.614,316
840.732,317
840.85,316
840.968,322
841.087,316
841.205,297
841.323,318
841.441,322
841.559,320
841.677,319
841.795,304
841.913,303
842.031,313
842.149,315
842.267,303
842.385,322
842.504,316
842.622,321
842.74,311
842.858,308
842.976,314
843.094,311
843.212,310
843.33,319
843.448,303
843.566,292
843.684,307
843.802,326
843.92,314
844.038,322
844.156,317
844.274,326
844.392,310
844.51,319
844.628,320
844.746,322
844.864,313
844.982,309
845.1,310
845.218,325
845.336,311
845.454,319
845.572,308
845.69,312
845.808,310
845.926,312
846.044,314
846.162,303
846.28,317
846.398,317
846.516,308
846.634,313
846.752,311
846.87,316
846.988,307
847.106,325
847.224,310
847.342,326
847.46,312
847.578,321
847.696,310
847.814,321
847.932,323
848.05,309
848.168,307
848.285,324
848.403,317
848.521,313
848.639,313
848.757,317
848.875,313
848.993,317
849.111,312
849.229,313
849.347,315
849.465,324
849.582,319
849.7,317
849.818,307
849.936,311
850.054,313
850.172,318
850.29,308
850.408,327
850.525,316
850.643,316
850.761,310
850.879,307
850.997,321
851.115,319
851.233,315
851.35,326
851.468,320
851.586,312
851.704,316
851.822,305
851.94,316
852.057,308
852.175,319
852.293,322
852.411,311
852.529,306
852.647,303
852.764,309
852.882,317
853.0,331
853.118,308
853.236,305
853.353,311
853.471,309
853.589,322
853.707,314
853.824,319
853.942,312
854.06,315
854.178,317
854.296,310
854.413,311
854.531,310
854.649,315
854.767,323
854.884,323
855.002,314
855.12,325
855.238,320
855.355,318
855.473,318
855.591,295
855.708,302
855.826,305
855.944,313
856.062,328
856.179,314
856.297,320
856.415,310
856.532,312
856.65,317
856.768,312
856.886,305
857.003,313
857.121,315
857.239,309
857.356,317
857.474,308
857.592,298
857.709,305
857.827,305
857.945,306
858.062,323
858.18,319
858.298,308
858.415,317
858.533,309
858.651,318
858.768,320
858.886,304
859.003,314
859.121,302
859.239,320
859.356,317
859.474,318
859.592,316
859.709,321
859.827,323
859.944,316
860.062,316
860.18,307
860.297,308
860.415,316
860.532,325
860.65,304
860.768,314
860.885,315
861.003,307
861.12,319
861.238,316
861.356,318
861.473,314
861.591,322
861.708,320
861.826,308
861.943,308
862.061,305
862.178,310
862.296,307
862.414,312
862.531,320
862.649,320
862.766,311
862.884,306
863.001,325
863.119,321
863.236,312
863.354,316
863.471,317
863.589,312
863.706,312
863.824,320
863.941,304
864.059,320
864.176,315
864.294,315
864.411,307
864.529,326
864.646,312
864.764,330
864.881,314
864.999,304
865.116,321
865.233,328
865.351,311
865.468,317
865.586,304
865.703,301
865.821,301
865.938,319
866.056,318
866.173,307
866.29,317
866.408,309
866.525,308
866.643,312
866.76,310
866.878,319
866.995,315
867.112,317
867.23,316
867.347,303
867.465,318
867.582,322
867.699,315
867.817,312
867.934,312
868.051,315
868.169,307
868.286,315
868.404,300
868.521,309
868.638,302
868.756,308
868.873,305
868.99,317
869.108,316
869.225,312
869.342,318
869.46,309
869.577,316
869.694,317
869.812,307
869.929,314
870.046,308
870.164,302
870.281,315
870.398,322
870.516,320
870.633,311
870.75,310
870.867,310
870.985,310
871.102,310
871.219,310
871.337,333
871.454,318
871.571,313
871.688,330
871.806,319
871.923,305
872.04,301
872.157,313
872.275,315
872.392,302
872.509,307
872.626,306
872.744,316
872.861,316
872.978,327
873.095,324
873.213,323
873.33,315
873.447,307
873.564,317
873.681,309
873.799,308
873.916,324
874.033,311
874.15,310
874.267,317
874.385,304
874.502,308
874.619,326
874.736,302
874.853,321
874.97,315
875.088,323
875.205,322
875.322,309
875.439,317
875.556,319
875.673,318
875.791,327
875.908,317
876.025,323
876.142,310
876.259,310
876.376,319
876.493,319
876.61,327
876.728,315
876.845,306
876.962,330
877.079,313
877.196,315
877.313,305
877.43,311
877.547,313
877.664,308
877.781,318
877.898,320
878.016,312
878.133,314
878.25,316
878.367,323
878.484,317
878.601,321
878.718,320
878.835,314
878.952,322
879.069,317
879.186,322
879.303,313
879.42,305
879.537,307
879.654,308
879.771,319
879.888,315
880.005,321
880.122,324
880.239,315
880.356,314
880.473,317
880.59,322
880.707,320
880.824,317
880.941,318
881.058,314
881.175,310
881.292,322
881.409,311
881.526,314
881.643,302
881.76,312
881.877,316
881.994,306
882.111,318
882.228,315
882.345,319
882.462,318
882.579,316
882.696,301
882.812,317
882.929,304
883.046,323
883.163,312
883.28,317
883.397,306
883.514,313
883.631,311
883.748,316
883.865,311
883.982,313
884.098,314
884.215,328
884.332,308
884.449,319
884.566,307
884.683,317
884.8,302
884.916,318
885.033,301
885.15,327
885.267,309
885.384,322
885.501,308
885.617,323
885.734,318
885.851,308
885.968,322
886.085,330
886.202,302
886.318,315
886.435,308
886.552,304
886.669,310
886.786,322
886.902,315
887.019,317
887.136,311
887.253,298
887.369,321
887.486,323
887.603,307
887.72,322
887.837,311
887.953,321
888.07,310
888.187,304
888.304,313
888.42,324
888.537,322
888.654,315
888.77,305
888.887,314
889.004,318
889.121,321
889.237,315
889.354,316
889.471,320
889.587,306
889.704,316
889.821,305
889.938,308
890.054,311
890.171,302
890.288,326
890.404,325
890.521,319
890.638,316
890.754,320
890.871,323
890.988,326
891.104,319
891.221,319
891.337,299
891.454,322
891.571,307
891.687,308
891.804,314
891.921,314
892.037,328
892.154,323
892.27,308
892.387,313
892.504,317
892.62,306
892.737,315
892.854,313
892.97,314
893.087,313
893.203,312
893.32,308
893.436,305
893.553,315
893.67,310
893.786,325
893.903,316
894.019,307
894.136,313
894.252,322
894.369,318
894.485,314
894.602,318
894.718,315
894.835,315
894.951,311
895.068,305
895.184,316
895.301,314
895.417,307
895.534,315
895.65,316
895.767,313
895.883,327
896.0,311
896.116,313
896.233,320
896.349,315
896.466,313
896.582,321
896.699,331
896.815,310
896.932,303
897.048,304
897.165,317
897.281,327
897.397,310
897.514,323
897.63,325
897.747,312
897.863,312
897.979,323
898.096,327
898.212,332
898.329,304
898.445,317
898.561,339
898.678,312
898.794,328
898.911,320
899.027,313
899.143,306
899.26,320
899.376,328
899.492,312
899.609,314
899.725,314
899.842,305
899.958,322
900.074,329
900.191,326
900.307,312
900.423,326
900.539,325
900.656,317
900.772,320
900.888,313
901.005,313
901.121,319
901.237,324
901.354,308
901.47,311
901.586,302
901.703,308
901.819,325
901.935,318
902.051,325
902.168,301
902.284,313
902.4,315
902.516,311
902.633,304
902.749,308
902.865,318
902.981,322
903.098,310
903.214,324
903.33,308
903.446,309
903.562,317
903.679,307
903.795,319
903.911,311
904.027,307
904.143,324
904.26,310
904.376,322
904.492,318
904.608,312
904.724,300
904.841,328
904.957,323
905.073,310
905.189,316
905.305,302
905.421,320
905.538,301
905.654,324
905.77,327
905.886,318
906.002,311
906.118,320
906.234,288
906.35,302
906.466,301
906.583,311
906.699,314
906.815,310
906.931,318
907.047,310
907.163,304
907.279,311
907.395,315
907.511,331
907.627,314
907.743,327
907.859,326
907.976,321
908.092,314
908.208,324
908.324,308
908.44,312
908.556,326
908.672,317
908.788,313
908.904,312
909.02,309
909.136,312
909.252,311
909.368,315
909.484,316
909.6,316
909.716,306
909.832,315
909.948,315
910.064,317
910.18,315
910.296,319
910.412,320
910.528,314
910.644,308
910.76,319
910.875,312
910.991,325
911.107,322
911.223,313
911.339,304
911.455,309
911.571,306
911.687,321
911.803,309
911.919,320
912.035,300
912.151,321
912.267,320
912.382,315
912.498,321
912.614,309
912.73,302
912.846,320
