792.446,1592
792.565,1582
792.684,1539
792.803,1609
792.922,1563
793.041,1493
793.16,1539
793.279,1516
793.398,1504
793.518,1556
793.637,1491
793.756,1521
793.875,1518
793.994,1526
794.113,1475
794.232,1496
794.351,1471
794.47,1556
794.589,1475
794.708,1503
794.827,1451
794.946,1515
795.066,1491
795.185,1457
795.304,1545
795.423,1485
795.542,1521
795.661,1472
795.78,1465
795.899,1429
796.018,1448
796.137,1470
796.256,1462
796.375,1432
796.494,1498
796.613,1473
796.732,1463
796.851,1467
796.97,1473
797.089,1443
797.208,1463
797.327,1469
797.446,1410
797.565,1450
797.684,1461
797.803,1463
797.922,1444
798.041,1471
798.16,1406
798.279,1473
798.398,1454
798.517,1455
798.636,1421
798.755,1425
798.874,1456
798.993,1439
799.112,1462
799.231,1440
799.35,1409
799.469,1482
799.588,1429
799.707,1416
799.826,1498
799.945,1462
800.064,1492
800.183,1423
800.302,1423
800.421,1466
800.54,1450
800.659,1436
800.778,1429
800.897,1444
801.016,1402
801.135,1465
801.254,1425
801.373,1428
801.492,1448
801.611,1435
801.729,1447
801.848,1432
801.967,1464
802.086,1425
802.205,1502
802.324,1409
802.443,1466
802.562,1496
802.681,1437
802.8,1448
802.919,1460
803.038,1432
803.157,1476
803.276,1425
803.394,1433
803.513,1444
803.632,1446
803.751,1454
803.87,1407
803.989,1440
804.108,1456
804.227,1437
804.346,1485
804.465,1450
804.583,1442
804.702,1451
804.821,1437
804.94,1478
805.059,1412
805.178,1447
805.297,1464
805.416,1417
805.535,1418
805.653,1461
805.772,1466
805.891,1483
806.01,1476
806.129,1454
806.248,1452
806.367,1438
806.485,1468
806.604,1386
806.723,1441
806.842,1452
806.961,1417
807.08,1430
807.198,1473
807.317,1409
807.436,1453
807.555,1419
807.674,1462
807.793,1431
807.912,1443
808.03,1455
808.149,1443
808.268,1457
808.387,1469
808.506,1424
808.624,1458
808.743,1424
808.862,1413
808.981,1466
809.1,1400
809.219,1485
809.337,1422
809.456,1452
809.575,1466
809.694,1470
809.812,1446
809.931,1431
810.05,1493
810.169,1478
810.288,1409
810.406,1409
810.525,1440
810.644,1449
810.763,1461
810.882,1445
811.0,1448
811.119,1396
811.238,1395
811.357,1444
811.475,1429
811.594,1436
811.713,1438
811.832,1419
811.95,1456
812.069,1453
812.188,1426
812.307,1449
812.425,1408
812.544,1415
812.663,1422
812.782,1462
812.9,1395
813.019,1431
813.138,1410
813.257,1411
813.375,1417
813.494,1417
813.613,1437
813.731,1405
813.85,1451
813.969,1408
814.088,1375
814.206,1433
814.325,1401
814.444,1423
814.562,1396
814.681,1418
814.8,1433
814.918,1392
815.037,1409
815.156,1426
815.274,1413
815.393,1419
815.512,1466
815.631,1386
815.749,1386
815.868,1371
815.987,1410
816.105,1390
816.224,1402
816.343,1447
816.461,1422
816.58,1401
816.698,1403
816.817,1415
816.936,1403
817.055,1391
817.173,1396
817.292,1376
817.41,1406
817.529,1345
817.648,1398
817.766,1366
817.885,1385
818.004,1378
818.122,1364
818.241,1340
818.359,1361
818.478,1340
818.597,1368
818.715,1380
818.834,1368
818.953,1358
819.071,1398
819.19,1376
819.308,1359
819.427,1350
819.546,1338
819.664,1319
819.783,1298
819.901,1360
820.02,1344
820.138,1350
820.257,1328
820.376,1338
820.494,1351
820.613,1309
820.731,1323
820.85,1278
820.969,1317
821.087,1352
821.206,1347
821.324,1316
821.443,1269
821.561,1310
821.68,1301
821.798,1298
821.917,1328
822.035,1293
822.154,1356
822.273,1308
822.391,1310
822.51,1293
822.628,1293
822.747,1292
822.865,1284
822.984,1327
823.102,1335
823.221,1291
823.339,1280
823.458,1300
823.576,1277
823.695,1310
823.813,1320
823.932,1329
824.05,1318
824.169,1319
824.287,1310
824.406,1271
824.524,1282
824.643,1277
824.761,1320
824.88,1303
824.998,1280
825.117,1290
825.235,1281
825.354,1283
825.472,1304
825.591,1313
825.709,1293
825.828,1296
825.946,1278
826.064,1274
826.183,1275
826.301,1296
826.42,1293
826.538,1304
826.657,1263
826.775,1261
826.894,1306
827.012,1266
827.13,1277
827.249,1301
827.367,1273
827.486,1298
827.604,1260
827.723,1294
827.841,1269
827.959,1281
828.078,1279
828.196,1269
828.315,1300
828.433,1283
828.552,1243
828.67,1249
828.788,1241
828.907,1282
829.025,1234
829.143,1225
829.262,1249
829.38,1297
829.499,1280
829.617,1276
829.735,1273
829.854,1290
829.972,1248
830.091,1281
830.209,1251
830.327,1269
830.446,1238
830.564,1224
830.682,1270
830.801,1274
830.919,1242
831.037,1269
831.156,1283
831.274,1316
831.392,1250
831.511,1247
831.629,1271
831.747,1251
831.866,1289
831.984,1263
832.102,1287
832.221,1252
832.339,1246
832.457,1260
832.576,1272
832.694,1248
832.812,1283
832.93,1244
833.049,1264
833.167,1252
833.285,1249
833.404,1309
833.522,1244
833.64,1254
833.759,1265
833.877,1254
833.995,1253
834.113,1234
834.232,1230
834.35,1236
834.468,1300
834.586,1267
834.705,1280
834.823,1254
834.941,1292
835.059,1276
835.178,1282
835.296,1235
835.414,1280
835.532,1287
835.651,1258
835.769,1276
835.887,1244
836.005,1317
836.124,1291
836.242,1294
836.36,1204
836.478,1262
836.596,1275
836.715,1294
836.833,1275
836.951,1279
837.069,1257
837.188,1303
837.306,1259
837.424,1275
837.542,1249
837.66,1246
837.779,1263
837.897,1250
838.015,1216
838.133,1254
838.251,1290
838.369,1265
838.487,1220
838.606,1281
838.724,1247
838.842,1272
838.96,1232
839.078,1259
839.196,1280
839.315,1251
839.433,1280
839.551,1296
839.669,1248
839.787,1244
839.905,1226
840.023,1255
840.142,1245
840.26,1253
840.378,1260
840.496,1245
840.614,1250
840.732,1281
840.85,1239
840.968,1247
841.087,1209
841.205,1274
841.323,1230
841.441,1250
841.559,1265
841.677,1242
841.795,1216
841.913,1252
842.031,1253
842.149,1283
842.267,1252
842.385,1253
842.504,1250
842.622,1244
842.74,1240
842.858,1220
842.976,1241
843.094,1219
843.212,1219
843.33,1247
843.448,1259
843.566,1217
843.684,1225
843.802,1236
843.92,1246
844.038,1263
844.156,1245
844.274,1229
844.392,1240
844.51,1285
844.628,1239
844.746,1260
844.864,1242
844.982,1238
845.1,1212
845.218,1232
845.336,1221
845.454,1270
845.572,1262
845.69,1199
845.808,1211
845.926,1239
846.044,1244
846.162,1236
846.28,1220
846.398,1250
846.516,1249
846.634,1251
846.752,1216
846.87,1251
846.988,1222
847.106,1225
847.224,1218
847.342,1233
847.46,1269
847.578,1210
847.696,1238
847.814,1202
847.932,1220
848.05,1293
848.168,1223
848.285,1206
848.403,1228
848.521,1238
848.639,1244
848.757,1231
848.875,1202
848.993,1272
849.111,1231
849.229,1219
849.347,1209
849.465,1232
849.582,1246
849.7,1183
849.818,1200
849.936,1221
850.054,1200
850.172,1253
850.29,1263
850.408,1236
850.525,1214
850.643,1245
850.761,1230
850.879,1222
850.997,1286
851.115,1241
851.233,1225
851.35,1250
851.468,1220
851.586,1231
851.704,1230
851.822,1275
851.94,1227
852.057,1259
852.175,1269
852.293,1224
852.411,1249
852.529,1221
852.647,1258
852.764,1242
852.882,1235
853.0,1235
853.118,1239
853.236,1234
853.353,1234
853.471,1245
853.589,1241
853.707,1207
853.824,1221
853.942,1256
854.06,1233
854.178,1237
854.296,1240
854.413,1231
854.531,1255
854.649,1221
854.767,1235
854.884,1230
855.002,1240
855.12,1245
855.238,1259
855.355,1231
855.473,1257
855.591,1258
855.708,1258
855.826,1216
855.944,1289
856.062,1232
856.179,1255
856.297,1270
856.415,1292
856.532,1224
856.65,1231
856.768,1239
856.886,1250
857.003,1274
857.121,1237
857.239,1225
857.356,1243
857.474,1222
857.592,1284
857.709,1231
857.827,1225
857.945,1258
858.062,1251
858.18,1263
858.298,1237
858.415,1256
858.533,1212
858.651,1252
858.768,1266
858.886,1249
859.003,1210
859.121,1256
859.239,1294
859.356,1240
859.474,1237
859.592,1246
859.709,1262
859.827,1247
859.944,1275
860.062,1263
860.18,1235
860.297,1265
860.415,1259
860.532,1229
860.65,1224
860.768,1248
860.885,1242
861.003,1274
861.12,1249
861.238,1257
861.356,1253
861.473,1236
861.591,1249
861.708,1278
861.826,1263
861.943,1244
862.061,1266
862.178,1259
862.296,1262
862.414,1273
862.531,1248
862.649,1232
862.766,1287
862.884,1292
863.001,1291
863.119,1233
863.236,1223
863.354,1255
863.471,1253
863.589,1242
863.706,1277
863.824,1251
863.941,1238
864.059,1240
864.176,1234
864.294,1279
864.411,1257
864.529,1238
864.646,1263
864.764,1248
864.881,1263
864.999,1243
865.116,1254
865.233,1226
865.351,1235
865.468,1227
865.586,1269
865.703,1235
865.821,1274
865.938,1255
866.056,1227
866.173,1273
866.29,1231
866.408,1268
866.525,1232
866.643,1254
866.76,1240
866.878,1232
866.995,1216
867.112,1266
867.23,1231
867.347,1278
867.465,1239
867.582,1271
867.699,1258
867.817,1249
867.934,1276
868.051,1264
868.169,1250
868.286,1278
868.404,1302
868.521,1253
868.638,1249
868.756,1266
868.873,1243
868.99,1257
869.108,1269
869.225,1254
869.342,1269
869.46,1262
869.577,1249
869.694,1268
869.812,1246
869.929,1253
870.046,1269
870.164,1288
870.281,1247
870.398,1263
870.516,1255
870.633,1271
870.75,1298
870.867,1284
870.985,1266
871.102,1228
871.219,1261
871.337,1291
871.454,1264
871.571,1310
871.688,1266
871.806,1220
871.923,1266
872.04,1280
872.157,1234
872.275,1281
872.392,1304
872.509,1284
872.626,1232
872.744,1228
872.861,1264
872.978,1230
873.095,1256
873.213,1250
873.33,1284
873.447,1265
873.564,1276
873.681,1302
873.799,1294
873.916,1290
874.033,1233
874.15,1278
874.267,1235
874.385,1275
874.502,1261
874.619,1262
874.736,1280
874.853,1274
874.97,1265
875.088,1312
875.205,1263
875.322,1270
875.439,1284
875.556,1276
875.673,1286
875.791,1256
875.908,1250
876.025,1234
876.142,1264
876.259,1277
876.376,1274
876.493,1236
876.61,1274
876.728,1289
876.845,1273
876.962,1247
877.079,1268
877.196,1305
877.313,1277
877.43,1293
877.547,1293
877.664,1260
877.781,1305
877.898,1259
878.016,1269
878.133,1273
878.25,1307
878.367,1227
878.484,1259
878.601,1254
878.718,1286
878.835,1311
878.952,1249
879.069,1289
879.186,1284
879.303,1247
879.42,1300
879.537,1251
879.654,1285
879.771,1311
879.888,1265
880.005,1250
880.122,1280
880.239,1294
880.356,1317
880.473,1260
880.59,1292
880.707,1307
880.824,1317
880.941,1277
881.058,1280
881.175,1292
881.292,1254
881.409,1258
881.526,1266
881.643,1285
881.76,1273
881.877,1285
881.994,1256
882.111,1289
882.228,1277
882.345,1279
882.462,1280
882.579,1305
882.696,1309
882.812,1279
882.929,1307
883.046,1271
883.163,1313
883.28,1301
883.397,1281
883.514,1321
883.631,1321
883.748,1236
883.865,1269
883.982,1306
884.098,1264
884.215,1269
884.332,1324
884.449,1299
884.566,1269
884.683,1274
884.8,1284
884.916,1281
885.033,1280
885.15,1289
885.267,1290
885.384,1302
885.501,1303
885.617,1285
885.734,1293
885.851,1291
885.968,1254
886.085,1253
886.202,1318
886.318,1296
886.435,1288
886.552,1296
886.669,1311
886.786,1312
886.902,1324
887.019,1299
887.136,1290
887.253,1279
887.369,1321
887.486,1308
887.603,1293
887.72,1297
887.837,1279
887.953,1338
888.07,1294
888.187,1313
888.304,1297
888.42,1275
888.537,1308
888.654,1279
888.77,1278
888.887,1316
889.004,1312
889.121,1331
889.237,1296
889.354,1291
889.471,1330
889.587,1272
889.704,1291
889.821,1285
889.938,1304
890.054,1290
890.171,1294
890.288,1305
890.404,1290
890.521,1286
890.638,1335
890.754,1326
890.871,1296
890.988,1315
891.104,1307
891.221,1304
891.337,1294
891.454,1308
891.571,1276
891.687,1328
891.804,1352
891.921,1316
892.037,1331
892.154,1331
892.27,1304
892.387,1370
892.504,1355
892.62,1301
892.737,1284
892.854,1314
892.97,1320
893.087,1341
893.203,1316
893.32,1338
893.436,1318
893.553,1353
893.67,1332
893.786,1328
893.903,1330
894.019,1385
894.136,1328
894.252,1272
894.369,1346
894.485,1337
894.602,1359
894.718,1333
894.835,1317
894.951,1326
895.068,1337
895.184,1354
895.301,1307
895.417,1354
895.534,1344
895.65,1314
895.767,1304
895.883,1337
896.0,1294
896.116,1342
896.233,1322
896.349,1363
896.466,1365
896.582,1320
896.699,1282
896.815,1333
896.932,1325
897.048,1326
897.165,1311
897.281,1314
897.397,1327
897.514,1308
897.63,1312
897.747,1299
897.863,1320
897.979,1327
898.096,1329
898.212,1322
898.329,1332
898.445,1344
898.561,1371
898.678,1303
898.794,1369
898.911,1328
899.027,1341
899.143,1352
899.26,1346
899.376,1345
899.492,1322
899.609,1307
899.725,1394
899.842,1319
899.958,1341
900.074,1343
900.191,1313
900.307,1306
900.423,1339
900.539,1345
900.656,1367
900.772,1373
900.888,1335
901.005,1327
901.121,1316
901.237,1327
901.354,1358
901.47,1370
901.586,1354
901.703,1320
901.819,1313
901.935,1350
902.051,1356
902.168,1353
902.284,1366
902.4,1361
902.516,1379
902.633,1333
902.749,1339
902.865,1347
902.981,1338
903.098,1334
903.214,1337
903.33,1283
903.446,1350
903.562,1315
903.679,1350
903.795,1346
903.911,1318
904.027,1345
904.143,1398
904.26,1366
904.376,1318
904.492,1363
904.608,1370
904.724,1351
904.841,1356
904.957,1320
905.073,1331
905.189,1320
905.305,1364
905.421,1338
905.538,1355
905.654,1350
905.77,1355
905.886,1335
906.002,1356
906.118,1385
906.234,1377
906.35,1336
906.466,1359
906.583,1352
906.699,1322
906.815,1378
906.931,1335
907.047,1366
907.163,1372
907.279,1342
907.395,1358
907.511,1347
907.627,1367
907.743,1380
907.859,1397
907.976,1345
908.092,1363
908.208,1325
908.324,1365
908.44,1370
908.556,1356
908.672,1394
908.788,1323
908.904,1387
909.02,1376
909.136,1331
909.252,1339
909.368,1353
909.484,1353
909.6,1392
909.716,1397
909.832,1396
909.948,1368
910.064,1332
910.18,1392
910.296,1368
910.412,1370
910.528,1353
910.644,1390
910.76,1395
910.875,1366
910.991,1381
911.107,1390
911.223,1391
911.339,1376
911.455,1399
911.571,1329
911.687,1357
911.803,1374
911.919,1337
912.035,1375
912.151,1336
912.267,1373
912.382,1351
912.498,1393
912.614,1434
912.73,1370
912.846,1371
792.446,1612
792.565,1621
792.684,1593
792.803,1615
792.922,1535
793.041,1560
793.16,1556
793.279,1560
793.398,1564
793.518,1555
793.637,1549
793.756,1556
793.875,1565
793.994,1569
794.113,1560
794.232,1576
794.351,1508
794.47,1500
794.589,1568
794.708,1477
794.827,1539
794.946,1492
795.066,1506
795.185,1470
795.304,1536
795.423,1503
795.542,1524
795.661,1535
795.78,1520
795.899,1544
796.018,1473
796.137,1512
796.256,1514
796.375,1529
796.494,1496
796.613,1500
796.732,1488
796.851,1482
796.97,1501
797.089,1467
797.208,1494
797.327,1490
797.446,1506
797.565,1508
797.684,1518
797.803,1522
797.922,1500
798.041,1520
798.16,1531
798.279,1482
798.398,1458
798.517,1505
798.636,1501
798.755,1469
798.874,1499
798.993,1494
799.112,1488
799.231,1462
799.35,1525
799.469,1485
799.588,1467
799.707,1486
799.826,1453
799.945,1511
800.064,1465
800.183,1448
800.302,1443
800.421,1513
800.54,1480
800.659,1465
800.778,1442
800.897,1486
801.016,1509
801.135,1456
801.254,1449
801.373,1495
801.492,1462
801.611,1495
801.729,1470
801.848,1478
801.967,1481
802.086,1488
802.205,1526
802.324,1475
802.443,1448
802.562,1496
802.681,1499
802.8,1473
802.919,1468
803.038,1508
803.157,1473
803.276,1465
803.394,1466
803.513,1468
803.632,1476
803.751,1439
803.87,1451
803.989,1493
804.108,1476
804.227,1500
804.346,1480
804.465,1476
804.583,1432
804.702,1484
804.821,1496
804.94,1489
805.059,1497
805.178,1516
805.297,1482
805.416,1499
805.535,1465
805.653,1471
805.772,1475
805.891,1483
806.01,1488
806.129,1485
806.248,1461
806.367,1472
806.485,1507
806.604,1505
806.723,1474
806.842,1508
806.961,1464
807.08,1468
807.198,1493
807.317,1470
807.436,1446
807.555,1472
807.674,1516
807.793,1503
807.912,1508
808.03,1496
808.149,1498
808.268,1456
808.387,1489
808.506,1486
808.624,1485
808.743,1490
808.862,1465
808.981,1491
809.1,1479
809.219,1498
809.337,1437
809.456,1487
809.575,1504
809.694,1480
809.812,1496
809.931,1490
810.05,1509
810.169,1476
810.288,1446
810.406,1469
810.525,1459
810.644,1462
810.763,1441
810.882,1493
811.0,1432
811.119,1519
811.238,1460
811.357,1481
811.475,1503
811.594,1430
811.713,1473
811.832,1410
811.95,1497
812.069,1488
812.188,1493
812.307,1446
812.425,1465
812.544,1480
812.663,1443
812.782,1479
812.9,1495
813.019,1472
813.138,1474
813.257,1469
813.375,1462
813.494,1472
813.613,1499
813.731,1418
813.85,1479
813.969,1491
814.088,1477
814.206,1436
814.325,1467
814.444,1432
814.562,1467
814.681,1482
814.8,1448
814.918,1478
815.037,1408
815.156,1466
815.274,1446
815.393,1502
815.512,1414
815.631,1449
815.749,1473
815.868,1445
815.987,1428
816.105,1450
816.224,1427
816.343,1480
816.461,1422
816.58,1432
816.698,1454
816.817,1409
816.936,1445
817.055,1445
817.173,1455
817.292,1436
817.41,1472
817.529,1452
817.648,1442
817.766,1381
817.885,1467
818.004,1412
818.122,1381
818.241,1386
818.359,1426
818.478,1413
818.597,1378
818.715,1397
818.834,1363
818.953,1378
819.071,1391
819.19,1358
819.308,1386
819.427,1354
819.546,1379
819.664,1381
819.783,1400
819.901,1312
820.02,1368
820.138,1364
820.257,1411
820.376,1350
820.494,1331
820.613,1354
820.731,1337
820.85,1367
820.969,1310
821.087,1316
821.206,1349
821.324,1365
821.443,1342
821.561,1334
821.68,1349
821.798,1332
821.917,1343
822.035,1344
822.154,1305
822.273,1346
822.391,1359
822.51,1358
822.628,1326
822.747,1303
822.865,1338
822.984,1317
823.102,1337
823.221,1313
823.339,1357
823.458,1342
823.576,1339
823.695,1292
823.813,1335
823.932,1313
824.05,1348
824.169,1341
824.287,1338
824.406,1356
824.524,1359
824.643,1328
824.761,1295
824.88,1338
824.998,1324
825.117,1297
825.235,1335
825.354,1334
825.472,1319
825.591,1306
825.709,1356
825.828,1272
825.946,1341
826.064,1321
826.183,1314
826.301,1290
826.42,1331
826.538,1330
826.657,1318
826.775,1294
826.894,1307
827.012,1271
827.13,1337
827.249,1310
827.367,1290
827.486,1291
827.604,1321
827.723,1306
827.841,1332
827.959,1318
828.078,1307
828.196,1332
828.315,1297
828.433,1300
828.552,1307
828.67,1289
828.788,1299
828.907,1280
829.025,1289
829.143,1305
829.262,1356
829.38,1284
829.499,1289
829.617,1331
829.735,1275
829.854,1303
829.972,1296
830.091,1303
830.209,1262
830.327,1305
830.446,1321
830.564,1301
830.682,1244
830.801,1269
830.919,1302
831.037,1334
831.156,1311
831.274,1287
831.392,1295
831.511,1292
831.629,1311
831.747,1301
831.866,1250
831.984,1290
832.102,1308
832.221,1276
832.339,1307
832.457,1280
832.576,1278
832.694,1315
832.812,1286
832.93,1264
833.049,1291
833.167,1292
833.285,1271
833.404,1265
833.522,1300
833.64,1294
833.759,1271
833.877,1233
833.995,1265
834.113,1243
834.232,1270
834.35,1277
834.468,1288
834.586,1313
834.705,1257
834.823,1268
834.941,1282
835.059,1312
835.178,1320
835.296,1304
835.414,1318
835.532,1277
835.651,1279
835.769,1284
835.887,1328
836.005,1335
836.124,1308
836.242,1272
836.36,1318
836.478,1291
836.596,1268
836.715,1289
836.833,1291
836.951,1260
837.069,1307
837.188,1253
837.306,1314
837.424,1255
837.542,1305
837.66,1255
837.779,1282
837.897,1304
838.015,1265
838.133,1293
838.251,1276
838.369,1288
838.487,1311
838.606,1274
838.724,1296
838.842,1247
838.96,1312
839.078,1270
839.196,1270
839.315,1268
839.433,1277
839.551,1292
839.669,1258
839.787,1283
839.905,1266
840.023,1297
840.142,1298
840.26,1274
840.378,1256
840.496,1273
840.614,1199
840.732,1240
840.85,1240
840.968,1282
841.087,1258
841.205,1267
841.323,1305
841.441,1285
841.559,1253
841.677,1294
841.795,1254
841.913,1303
842.031,1261
842.149,1242
842.267,1265
842.385,1286
842.504,1263
842.622,1230
842.74,1257
842.858,1263
842.976,1292
843.094,1250
843.212,1328
843.33,1251
843.448,1320
843.566,1269
843.684,1227
843.802,1259
843.92,1248
844.038,1281
844.156,1287
844.274,1271
844.392,1280
844.51,1291
844.628,1225
844.746,1256
844.864,1264
844.982,1245
845.1,1281
845.218,1250
845.336,1284
845.454,1272
845.572,1237
845.69,1259
845.808,1239
845.926,1257
846.044,1231
846.162,1264
846.28,1248
846.398,1276
846.516,1244
846.634,1233
846.752,1266
846.87,1240
846.988,1254
847.106,1278
847.224,1212
847.342,1245
847.46,1283
847.578,1265
847.696,1256
847.814,1265
847.932,1249
848.05,1267
848.168,1244
848.285,1326
848.403,1275
848.521,1253
848.639,1260
848.757,1261
848.875,1266
848.993,1246
849.111,1270
849.229,1234
849.347,1279
849.465,1282
849.582,1264
849.7,1260
849.818,1279
849.936,1249
850.054,1256
850.172,1277
850.29,1263
850.408,1254
850.525,1270
850.643,1304
850.761,1260
850.879,1224
850.997,1287
851.115,1270
851.233,1268
851.35,1267
851.468,1281
851.586,1280
851.704,1293
851.822,1279
851.94,1264
852.057,1280
852.175,1238
852.293,1280
852.411,1277
852.529,1256
852.647,1243
852.764,1262
852.882,1277
853.0,1275
853.118,1300
853.236,1273
853.353,1304
853.471,1262
853.589,1270
853.707,1292
853.824,1280
853.942,1264
854.06,1275
854.178,1289
854.296,1264
854.413,1225
854.531,1273
854.649,1299
854.767,1280
854.884,1270
855.002,1285
855.12,1271
855.238,1304
855.355,1297
855.473,1247
855.591,1305
855.708,1252
855.826,1281
855.944,1239
856.062,1275
856.179,1229
856.297,1256
856.415,1284
856.532,1274
856.65,1246
856.768,1312
856.886,1253
857.003,1266
857.121,1279
857.239,1227
857.356,1307
857.474,1283
857.592,1250
857.709,1267
857.827,1260
857.945,1269
858.062,1283
858.18,1276
858.298,1246
858.415,1266
858.533,1276
858.651,1241
858.768,1255
858.886,1284
859.003,1269
859.121,1259
859.239,1303
859.356,1260
859.474,1301
859.592,1244
859.709,1292
859.827,1226
859.944,1286
860.062,1281
860.18,1277
860.297,1293
860.415,1258
860.532,1264
860.65,1296
860.768,1283
860.885,1249
861.003,1283
861.12,1315
861.238,1295
861.356,1299
861.473,1270
861.591,1286
861.708,1280
861.826,1270
861.943,1272
862.061,1268
862.178,1294
862.296,1246
862.414,1293
862.531,1283
862.649,1269
862.766,1275
862.884,1262
863.001,1299
863.119,1265
863.236,1307
863.354,1276
863.471,1303
863.589,1263
863.706,1296
863.824,1252
863.941,1296
864.059,1314
864.176,1273
864.294,1254
864.411,1267
864.529,1277
864.646,1326
864.764,1286
864.881,1301
864.999,1286
865.116,1322
865.233,1271
865.351,1269
865.468,1306
865.586,1301
865.703,1282
865.821,1256
865.938,1284
866.056,1246
866.173,1285
866.29,1276
866.408,1322
866.525,1300
866.643,1289
866.76,1274
866.878,1245
866.995,1314
867.112,1284
867.23,1289
867.347,1280
867.465,1314
867.582,1280
867.699,1316
867.817,1270
867.934,1299
868.051,1314
868.169,1299
868.286,1290
868.404,1303
868.521,1303
868.638,1298
868.756,1304
868.873,1276
868.99,1318
869.108,1291
869.225,1318
869.342,1296
869.46,1288
869.577,1286
869.694,1255
869.812,1319
869.929,1290
870.046,1308
870.164,1300
870.281,1310
870.398,1292
870.516,1285
870.633,1321
870.75,1309
870.867,1300
870.985,1271
871.102,1248
871.219,1317
871.337,1288
871.454,1305
871.571,1285
871.688,1293
871.806,1312
871.923,1300
872.04,1295
872.157,1321
872.275,1286
872.392,1368
872.509,1296
872.626,1262
872.744,1307
872.861,1307
872.978,1289
873.095,1280
873.213,1282
873.33,1296
873.447,1286
873.564,1319
873.681,1300
873.799,1263
873.916,1263
874.033,1304
874.15,1299
874.267,1279
874.385,1296
874.502,1302
874.619,1303
874.736,1357
874.853,1301
874.97,1303
875.088,1309
875.205,1292
875.322,1291
875.439,1311
875.556,1265
875.673,1346
875.791,1288
875.908,1301
876.025,1308
876.142,1335
876.259,1298
876.376,1307
876.493,1280
876.61,1321
876.728,1263
876.845,1302
876.962,1308
877.079,1307
877.196,1302
877.313,1335
877.43,1319
877.547,1340
877.664,1306
877.781,1325
877.898,1338
878.016,1310
878.133,1295
878.25,1290
878.367,1266
878.484,1312
878.601,1323
878.718,1279
878.835,1339
878.952,1314
879.069,1337
879.186,1305
879.303,1279
879.42,1308
879.537,1276
879.654,1305
879.771,1267
879.888,1291
880.005,1310
880.122,1294
880.239,1309
880.356,1303
880.473,1324
880.59,1293
880.707,1289
880.824,1291
880.941,1332
881.058,1319
881.175,1305
881.292,1307
881.409,1263
881.526,1296
881.643,1291
881.76,1278
881.877,1333
881.994,1286
882.111,1277
882.228,1307
882.345,1314
882.462,1316
882.579,1317
882.696,1354
882.812,1280
882.929,1350
883.046,1325
883.163,1326
883.28,1324
883.397,1386
883.514,1298
883.631,1313
883.748,1303
883.865,1349
883.982,1315
884.098,1311
884.215,1345
884.332,1337
884.449,1296
884.566,1346
884.683,1309
884.8,1336
884.916,1298
885.033,1295
885.15,1304
885.267,1308
885.384,1306
885.501,1352
885.617,1344
885.734,1357
885.851,1347
885.968,1327
886.085,1270
886.202,1334
886.318,1332
886.435,1321
886.552,1357
886.669,1288
886.786,1352
886.902,1319
887.019,1309
887.136,1359
887.253,1360
887.369,1309
887.486,1348
887.603,1294
887.72,1301
887.837,1355
887.953,1333
888.07,1313
888.187,1308
888.304,1298
888.42,1356
888.537,1351
888.654,1312
888.77,1332
888.887,1334
889.004,1337
889.121,1311
889.237,1349
889.354,1324
889.471,1359
889.587,1320
889.704,1307
889.821,1343
889.938,1331
890.054,1301
890.171,1357
890.288,1340
890.404,1362
890.521,1356
890.638,1358
890.754,1319
890.871,1329
890.988,1338
891.104,1340
891.221,1354
891.337,1360
891.454,1372
891.571,1359
891.687,1344
891.804,1358
891.921,1315
892.037,1327
892.154,1347
892.27,1343
892.387,1355
892.504,1332
892.62,1395
892.737,1381
892.854,1335
892.97,1343
893.087,1344
893.203,1396
893.32,1352
893.436,1340
893.553,1366
893.67,1355
893.786,1318
893.903,1352
894.019,1346
894.136,1343
894.252,1367
894.369,1372
894.485,1373
894.602,1354
894.718,1385
894.835,1350
894.951,1315
895.068,1370
895.184,1367
895.301,1308
895.417,1352
895.534,1368
895.65,1340
895.767,1385
895.883,1321
896.0,1358
896.116,1362
896.233,1343
896.349,1353
896.466,1356
896.582,1341
896.699,1366
896.815,1332
896.932,1377
897.048,1342
897.165,1368
897.281,1384
897.397,1315
897.514,1389
897.63,1391
897.747,1365
897.863,1340
897.979,1358
898.096,1361
898.212,1352
898.329,1390
898.445,1364
898.561,1334
898.678,1403
898.794,1356
898.911,1363
899.027,1372
899.143,1370
899.26,1378
899.376,1373
899.492,1397
899.609,1342
899.725,1380
899.842,1348
899.958,1375
900.074,1370
900.191,1398
900.307,1349
900.423,1417
900.539,1353
900.656,1355
900.772,1329
900.888,1375
901.005,1374
901.121,1355
901.237,1347
901.354,1367
901.47,1405
901.586,1376
901.703,1403
901.819,1357
901.935,1353
902.051,1370
902.168,1375
902.284,1400
902.4,1393
902.516,1373
902.633,1375
902.749,1391
902.865,1414
902.981,1378
903.098,1397
903.214,1389
903.33,1429
903.446,1390
903.562,1395
903.679,1379
903.795,1418
903.911,1383
904.027,1386
904.143,1373
904.26,1366
904.376,1431
904.492,1351
904.608,1389
904.724,1430
904.841,1408
904.957,1398
905.073,1379
905.189,1352
905.305,1376
905.421,1412
905.538,1378
905.654,1408
905.77,1393
905.886,1403
906.002,1385
906.118,1372
906.234,1424
906.35,1382
906.466,1373
906.583,1363
906.699,1425
906.815,1403
906.931,1409
907.047,1376
907.163,1416
907.279,1382
907.395,1408
907.511,1366
907.627,1417
907.743,1374
907.859,1408
907.976,1387
908.092,1380
908.208,1391
908.324,1406
908.44,1397
908.556,1422
908.672,1412
908.788,1403
908.904,1410
909.02,1397
909.136,1405
909.252,1383
909.368,1415
909.484,1394
909.6,1404
909.716,1403
909.832,1394
909.948,1456
910.064,1402
910.18,1381
910.296,1375
910.412,1404
910.528,1398
910.644,1409
910.76,1441
910.875,1437
910.991,1410
911.107,1415
911.223,1449
911.339,1428
911.455,1420
911.571,1410
911.687,1414
911.803,1364
911.919,1410
912.035,1434
912.151,1394
912.267,1416
912.382,1414
912.498,1408
912.614,1398
912.73,1379
912.846,1425
792.446,1629
792.565,1631
792.684,1604
792.803,1641
792.922,1536
793.041,1542
793.16,1594
793.279,1580
793.398,1521
793.518,1538
793.637,1538
793.756,1553
793.875,1567
793.994,1597
794.113,1535
794.232,1559
794.351,1529
794.47,1529
794.589,1525
794.708,1539
794.827,1506
794.946,1518
795.066,1556
795.185,1506
795.304,1515
795.423,1543
795.542,1543
795.661,1548
795.78,1519
795.899,1527
796.018,1532
796.137,1518
796.256,1527
796.375,1536
796.494,1538
796.613,1539
796.732,1497
796.851,1490
796.97,1515
797.089,1510
797.208,1531
797.327,1479
797.446,1523
797.565,1511
797.684,1563
797.803,1506
797.922,1507
798.041,1509
798.16,1483
798.279,1518
798.398,1514
798.517,1488
798.636,1506
798.755,1499
798.874,1514
798.993,1483
799.112,1503
799.231,1524
799.35,1492
799.469,1500
799.588,1474
799.707,1521
799.826,1525
799.945,1512
800.064,1473
800.183,1497
800.302,1509
800.421,1495
800.54,1477
800.659,1496
800.778,1489
800.897,1494
801.016,1463
801.135,1510
801.254,1466
801.373,1466
801.492,1526
801.611,1511
801.729,1492
801.848,1481
801.967,1516
802.086,1450
802.205,1479
802.324,1471
802.443,1507
802.562,1483
802.681,1466
802.8,1503
802.919,1504
803.038,1449
803.157,1495
803.276,1508
803.394,1498
803.513,1526
803.632,1507
803.751,1502
803.87,1534
803.989,1508
804.108,1483
804.227,1480
804.346,1496
804.465,1516
804.583,1452
804.702,1474
804.821,1479
804.94,1496
805.059,1479
805.178,1506
805.297,1493
805.416,1449
805.535,1525
805.653,1483
805.772,1504
805.891,1500
806.01,1551
806.129,1519
806.248,1470
806.367,1487
806.485,1483
806.604,1497
806.723,1453
806.842,1490
806.961,1477
807.08,1491
807.198,1494
807.317,1484
807.436,1502
807.555,1463
807.674,1506
807.793,1515
807.912,1463
808.03,1512
808.149,1473
808.268,1458
808.387,1531
808.506,1447
808.624,1485
808.743,1475
808.862,1488
808.981,1487
809.1,1498
809.219,1445
809.337,1477
809.456,1439
809.575,1474
809.694,1502
809.812,1507
809.931,1499
810.05,1494
810.169,1495
810.288,1473
810.406,1496
810.525,1450
810.644,1472
810.763,1477
810.882,1516
811.0,1477
811.119,1498
811.238,1482
811.357,1472
811.475,1523
811.594,1489
811.713,1468
811.832,1461
811.95,1474
812.069,1485
812.188,1520
812.307,1440
812.425,1458
812.544,1481
812.663,1477
812.782,1535
812.9,1511
813.019,1491
813.138,1493
813.257,1462
813.375,1449
813.494,1472
813.613,1425
813.731,1507
813.85,1423
813.969,1481
814.088,1485
814.206,1429
814.325,1526
814.444,1490
814.562,1432
814.681,1463
814.8,1486
814.918,1460
815.037,1464
815.156,1507
815.274,1452
815.393,1475
815.512,1457
815.631,1439
815.749,1461
815.868,1392
815.987,1461
816.105,1444
816.224,1448
816.343,1423
816.461,1451
816.58,1458
816.698,1406
816.817,1444
816.936,1483
817.055,1472
817.173,1475
817.292,1426
817.41,1438
817.529,1424
817.648,1483
817.766,1377
817.885,1409
818.004,1409
818.122,1390
818.241,1395
818.359,1409
818.478,1437
818.597,1413
818.715,1415
818.834,1389
818.953,1377
819.071,1393
819.19,1399
819.308,1360
819.427,1345
819.546,1359
819.664,1399
819.783,1372
819.901,1371
820.02,1386
820.138,1340
820.257,1388
820.376,1339
820.494,1374
820.613,1367
820.731,1365
820.85,1355
820.969,1388
821.087,1328
821.206,1387
821.324,1346
821.443,1391
821.561,1356
821.68,1381
821.798,1349
821.917,1355
822.035,1346
822.154,1372
822.273,1317
822.391,1338
822.51,1369
822.628,1378
822.747,1357
822.865,1356
822.984,1317
823.102,1340
823.221,1317
823.339,1328
823.458,1391
823.576,1345
823.695,1331
823.813,1338
823.932,1355
824.05,1342
824.169,1374
824.287,1329
824.406,1412
824.524,1362
824.643,1319
824.761,1368
824.88,1302
824.998,1338
825.117,1347
825.235,1338
825.354,1358
825.472,1344
825.591,1309
825.709,1304
825.828,1363
825.946,1323
826.064,1318
826.183,1326
826.301,1324
826.42,1351
826.538,1287
826.657,1341
826.775,1329
826.894,1327
827.012,1314
827.13,1320
827.249,1311
827.367,1318
827.486,1354
827.604,1369
827.723,1321
827.841,1290
827.959,1352
828.078,1312
828.196,1305
828.315,1326
828.433,1285
828.552,1297
828.67,1314
828.788,1262
828.907,1313
829.025,1338
829.143,1316
829.262,1311
829.38,1315
829.499,1285
829.617,1321
829.735,1267
829.854,1318
829.972,1303
830.091,1317
830.209,1297
830.327,1289
830.446,1301
830.564,1343
830.682,1283
830.801,1295
830.919,1324
831.037,1284
831.156,1309
831.274,1321
831.392,1280
831.511,1253
831.629,1263
831.747,1267
831.866,1264
831.984,1293
832.102,1259
832.221,1292
832.339,1280
832.457,1283
832.576,1287
832.694,1294
832.812,1273
832.93,1294
833.049,1288
833.167,1333
833.285,1264
833.404,1342
833.522,1296
833.64,1320
833.759,1249
833.877,1298
833.995,1252
834.113,1277
834.232,1285
834.35,1322
834.468,1315
834.586,1324
834.705,1308
834.823,1288
834.941,1284
835.059,1333
835.178,1255
835.296,1340
835.414,1291
835.532,1294
835.651,1263
835.769,1277
835.887,1277
836.005,1316
836.124,1317
836.242,1289
836.36,1266
836.478,1281
836.596,1292
836.715,1294
836.833,1291
836.951,1306
837.069,1279
837.188,1316
837.306,1314
837.424,1299
837.542,1270
837.66,1282
837.779,1292
837.897,1299
838.015,1312
838.133,1318
838.251,1306
838.369,1290
838.487,1318
838.606,1328
838.724,1289
838.842,1276
838.96,1324
839.078,1293
839.196,1313
839.315,1320
839.433,1313
839.551,1288
839.669,1277
839.787,1284
839.905,1292
840.023,1251
840.142,1266
840.26,1281
840.378,1290
840.496,1284
840.614,1255
840.732,1292
840.85,1261
840.968,1254
841.087,1295
841.205,1291
841.323,1301
841.441,1309
841.559,1291
841.677,1284
841.795,1281
841.913,1302
842.031,1296
842.149,1302
842.267,1274
842.385,1247
842.504,1303
842.622,1236
842.74,1263
842.858,1288
842.976,1284
843.094,1251
843.212,1271
843.33,1274
843.448,1288
843.566,1269
843.684,1293
843.802,1254
843.92,1287
844.038,1287
844.156,1290
844.274,1290
844.392,1273
844.51,1297
844.628,1256
844.746,1263
844.864,1294
844.982,1292
845.1,1293
845.218,1302
845.336,1257
845.454,1251
845.572,1276
845.69,1228
845.808,1268
845.926,1283
846.044,1280
846.162,1262
846.28,1273
846.398,1240
846.516,1293
846.634,1237
846.752,1255
846.87,1278
846.988,1260
847.106,1284
847.224,1243
847.342,1313
847.46,1277
847.578,1296
847.696,1287
847.814,1210
847.932,1252
848.05,1267
848.168,1274
848.285,1291
848.403,1270
848.521,1249
848.639,1316
848.757,1258
848.875,1257
848.993,1284
849.111,1266
849.229,1269
849.347,1264
849.465,1280
849.582,1286
849.7,1263
849.818,1236
849.936,1282
850.054,1284
850.172,1301
850.29,1225
850.408,1282
850.525,1251
850.643,1250
850.761,1264
850.879,1277
850.997,1282
851.115,1282
851.233,1271
851.35,1312
851.468,1274
851.586,1276
851.704,1272
851.822,1294
851.94,1333
852.057,1277
852.175,1281
852.293,1238
852.411,1263
852.529,1256
852.647,1281
852.764,1301
852.882,1317
853.0,1296
853.118,1254
853.236,1289
853.353,1248
853.471,1250
853.589,1257
853.707,1270
853.824,1275
853.942,1235
854.06,1255
854.178,1307
854.296,1289
854.413,1281
854.531,1287
854.649,1245
854.767,1231
854.884,1254
855.002,1284
855.12,1277
855.238,1258
855.355,1285
855.473,1287
855.591,1301
855.708,1306
855.826,1274
855.944,1283
856.062,1254
856.179,1290
856.297,1289
856.415,1293
856.532,1322
856.65,1315
856.768,1270
856.886,1294
857.003,1324
857.121,1285
857.239,1281
857.356,1263
857.474,1288
857.592,1268
857.709,1260
857.827,1264
857.945,1255
858.062,1292
858.18,1285
858.298,1278
858.415,1271
858.533,1290
858.651,1288
858.768,1335
858.886,1321
859.003,1295
859.121,1269
859.239,1301
859.356,1300
859.474,1294
859.592,1290
859.709,1263
859.827,1314
859.944,1274
860.062,1319
860.18,1266
860.297,1298
860.415,1282
860.532,1305
860.65,1276
860.768,1265
860.885,1308
861.003,1246
861.12,1287
861.238,1288
861.356,1312
861.473,1290
861.591,1335
861.708,1266
861.826,1313
861.943,1281
862.061,1273
862.178,1291
862.296,1283
862.414,1256
862.531,1315
862.649,1251
862.766,1316
862.884,1273
863.001,1306
863.119,1316
863.236,1297
863.354,1333
863.471,1277
863.589,1279
863.706,1278
863.824,1279
863.941,1266
864.059,1299
864.176,1272
864.294,1282
864.411,1303
864.529,1286
864.646,1295
864.764,1265
864.881,1312
864.999,1339
865.116,1267
865.233,1323
865.351,1270
865.468,1326
865.586,1326
865.703,1321
865.821,1324
865.938,1301
866.056,1297
866.173,1290
866.29,1305
866.408,1303
866.525,1262
866.643,1287
866.76,1275
866.878,1274
866.995,1330
867.112,1290
867.23,1328
867.347,1281
867.465,1328
867.582,1284
867.699,1285
867.817,1276
867.934,1267
868.051,1293
868.169,1273
868.286,1315
868.404,1313
868.521,1315
868.638,1291
868.756,1303
868.873,1307
868.99,1305
869.108,1323
869.225,1301
869.342,1295
869.46,1268
869.577,1299
869.694,1289
869.812,1287
869.929,1277
870.046,1302
870.164,1310
870.281,1314
870.398,1277
870.516,1311
870.633,1304
870.75,1269
870.867,1332
870.985,1308
871.102,1274
871.219,1262
871.337,1350
871.454,1269
871.571,1290
871.688,1298
871.806,1266
871.923,1312
872.04,1296
872.157,1330
872.275,1300
872.392,1335
872.509,1293
872.626,1316
872.744,1286
872.861,1314
872.978,1317
873.095,1315
873.213,1307
873.33,1339
873.447,1322
873.564,1302
873.681,1273
873.799,1316
873.916,1321
874.033,1327
874.15,1274
874.267,1329
874.385,1303
874.502,1285
874.619,1300
874.736,1304
874.853,1287
874.97,1360
875.088,1312
875.205,1295
875.322,1313
875.439,1303
875.556,1299
875.673,1310
875.791,1343
875.908,1286
876.025,1305
876.142,1291
876.259,1302
876.376,1285
876.493,1299
876.61,1292
876.728,1340
876.845,1331
876.962,1282
877.079,1326
877.196,1316
877.313,1355
877.43,1338
877.547,1284
877.664,1321
877.781,1312
877.898,1309
878.016,1328
878.133,1316
878.25,1302
878.367,1372
878.484,1329
878.601,1300
878.718,1332
878.835,1310
878.952,1318
879.069,1317
879.186,1320
879.303,1279
879.42,1317
879.537,1333
879.654,1301
879.771,1337
879.888,1325
880.005,1310
880.122,1310
880.239,1313
880.356,1329
880.473,1328
880.59,1334
880.707,1330
880.824,1330
880.941,1344
881.058,1326
881.175,1358
881.292,1350
881.409,1350
881.526,1309
881.643,1319
881.76,1308
881.877,1301
881.994,1309
882.111,1340
882.228,1289
882.345,1351
882.462,1341
882.579,1310
882.696,1331
882.812,1331
882.929,1319
883.046,1301
883.163,1341
883.28,1335
883.397,1340
883.514,1351
883.631,1337
883.748,1291
883.865,1311
883.982,1295
884.098,1379
884.215,1315
884.332,1324
884.449,1291
884.566,1299
884.683,1307
884.8,1291
884.916,1360
885.033,1286
885.15,1310
885.267,1316
885.384,1286
885.501,1351
885.617,1369
885.734,1328
885.851,1349
885.968,1332
886.085,1334
886.202,1323
886.318,1359
886.435,1345
886.552,1341
886.669,1344
886.786,1330
886.902,1334
887.019,1352
887.136,1337
887.253,1362
887.369,1330
887.486,1343
887.603,1343
887.72,1365
887.837,1334
887.953,1364
888.07,1351
888.187,1358
888.304,1367
888.42,1370
888.537,1290
888.654,1368
888.77,1362
888.887,1356
889.004,1331
889.121,1353
889.237,1352
889.354,1349
889.471,1345
889.587,1291
889.704,1359
889.821,1360
889.938,1345
890.054,1375
890.171,1319
890.288,1398
890.404,1338
890.521,1356
890.638,1389
890.754,1347
890.871,1389
890.988,1353
891.104,1386
891.221,1361
891.337,1346
891.454,1382
891.571,1375
891.687,1377
891.804,1364
891.921,1353
892.037,1366
892.154,1358
892.27,1393
892.387,1366
892.504,1346
892.62,1379
892.737,1347
892.854,1337
892.97,1423
893.087,1364
893.203,1370
893.32,1319
893.436,1377
893.553,1361
893.67,1363
893.786,1387
893.903,1350
894.019,1393
894.136,1368
894.252,1340
894.369,1352
894.485,1391
894.602,1360
894.718,1389
894.835,1361
894.951,1388
895.068,1382
895.184,1333
895.301,1332
895.417,1381
895.534,1328
895.65,1370
895.767,1375
895.883,1372
896.0,1381
896.116,1404
896.233,1335
896.349,1399
896.466,1372
896.582,1355
896.699,1365
896.815,1362
896.932,1316
897.048,1403
897.165,1369
897.281,1363
897.397,1341
897.514,1387
897.63,1369
897.747,1387
897.863,1381
897.979,1361
898.096,1389
898.212,1387
898.329,1398
898.445,1393
898.561,1382
898.678,1369
898.794,1395
898.911,1333
899.027,1346
899.143,1367
899.26,1373
899.376,1398
899.492,1383
899.609,1354
899.725,1381
899.842,1390
899.958,1380
900.074,1366
900.191,1403
900.307,1390
900.423,1444
900.539,1356
900.656,1401
900.772,1368
900.888,1396
901.005,1393
901.121,1356
901.237,1390
901.354,1384
901.47,1393
901.586,1390
901.703,1410
901.819,1356
901.935,1338
902.051,1382
902.168,1403
902.284,1392
902.4,1406
902.516,1365
902.633,1397
902.749,1367
902.865,1385
902.981,1426
903.098,1414
903.214,1466
903.33,1341
903.446,1463
903.562,1376
903.679,1426
903.795,1377
903.911,1419
904.027,1394
904.143,1392
904.26,1414
904.376,1378
904.492,1397
904.608,1402
904.724,1408
904.841,1443
904.957,1406
905.073,1429
905.189,1396
905.305,1430
905.421,1419
905.538,1392
905.654,1411
905.77,1383
905.886,1373
906.002,1397
906.118,1402
906.234,1404
906.35,1414
906.466,1375
906.583,1387
906.699,1394
906.815,1421
906.931,1431
907.047,1433
907.163,1388
907.279,1422
907.395,1401
907.511,1401
907.627,1407
907.743,1364
907.859,1425
907.976,1431
908.092,1392
908.208,1405
908.324,1451
908.44,1415
908.556,1426
908.672,1416
908.788,1407
908.904,1441
909.02,1439
909.136,1411
909.252,1413
909.368,1389
909.484,1448
909.6,1401
909.716,1410
909.832,1440
909.948,1394
910.064,1422
910.18,1412
910.296,1449
910.412,1424
910.528,1458
910.644,1426
910.76,1436
910.875,1447
910.991,1406
911.107,1432
911.223,1408
911.339,1419
911.455,1446
911.571,1450
911.687,1467
911.803,1414
911.919,1426
912.035,1399
912.151,1418
912.267,1389
912.382,1389
912.498,1447
912.614,1452
912.73,1413
912.846,1424
