792.446,2163
792.565,2146
792.684,2183
792.803,2117
792.922,2114
793.041,2067
793.16,2062
793.279,2115
793.398,2083
793.518,2056
793.637,2076
793.756,2076
793.875,2075
793.994,2055
794.113,2038
794.232,2012
794.351,1955
794.47,2010
794.589,2004
794.708,2018
794.827,1991
794.946,1941
795.066,1960
795.185,1966
795.304,1935
795.423,1963
795.542,1972
795.661,1946
795.78,1882
795.899,1966
796.018,1945
796.137,1941
796.256,1941
796.375,1902
796.494,1944
796.613,1909
796.732,1949
796.851,1982
796.97,1940
797.089,1889
797.208,1900
797.327,1906
797.446,1892
797.565,1897
797.684,1936
797.803,1891
797.922,1897
798.041,1924
798.16,1875
798.279,1877
798.398,1915
798.517,1893
798.636,1913
798.755,1876
798.874,1846
798.993,1870
799.112,1907
799.231,1834
799.35,1898
799.469,1842
799.588,1865
799.707,1836
799.826,1882
799.945,1877
800.064,1915
800.183,1845
800.302,1889
800.421,1911
800.54,1862
800.659,1857
800.778,1861
800.897,1865
801.016,1876
801.135,1863
801.254,1877
801.373,1903
801.492,1876
801.611,1886
801.729,1878
801.848,1883
801.967,1945
802.086,1884
802.205,1911
802.324,1905
802.443,1930
802.562,1902
802.681,1947
802.8,1932
802.919,1980
803.038,1939
803.157,1938
803.276,1974
803.394,1901
803.513,1956
803.632,1944
803.751,1922
803.87,1940
803.989,2000
804.108,1929
804.227,1950
804.346,1974
804.465,1964
804.583,2008
804.702,2023
804.821,1956
804.94,1973
805.059,1949
805.178,1995
805.297,1951
805.416,2010
805.535,1988
805.653,1988
805.772,2022
805.891,1986
806.01,1977
806.129,1996
806.248,2035
806.367,2001
806.485,2029
806.604,2067
806.723,1990
806.842,2072
806.961,2017
807.08,2030
807.198,2012
807.317,2011
807.436,2013
807.555,2034
807.674,2047
807.793,2040
807.912,2042
808.03,2034
808.149,2051
808.268,2052
808.387,2017
808.506,2061
808.624,2097
808.743,2040
808.862,2023
808.981,2091
809.1,2068
809.219,2057
809.337,2085
809.456,2090
809.575,2095
809.694,2080
809.812,2107
809.931,2066
810.05,2102
810.169,2086
810.288,2095
810.406,2064
810.525,2092
810.644,2134
810.763,2080
810.882,2054
811.0,2063
811.119,2162
811.238,2098
811.357,2049
811.475,2045
811.594,2137
811.713,2067
811.832,2138
811.95,2104
812.069,2083
812.188,2119
812.307,2099
812.425,2109
812.544,2083
812.663,2090
812.782,2074
812.9,2084
813.019,2051
813.138,2127
813.257,2141
813.375,2132
813.494,2070
813.613,2054
813.731,2110
813.85,2086
813.969,2085
814.088,2074
814.206,2074
814.325,2030
814.444,2086
814.562,2036
814.681,2106
814.8,2105
814.918,2024
815.037,2073
815.156,2042
815.274,2074
815.393,2013
815.512,2042
815.631,2009
815.749,1983
815.868,1985
815.987,2016
816.105,2007
816.224,1990
816.343,1955
816.461,2035
816.58,2062
816.698,2052
816.817,2062
816.936,2049
817.055,2021
817.173,2046
817.292,1992
817.41,1944
817.529,1958
817.648,1971
817.766,1909
817.885,1810
818.004,1800
818.122,1803
818.241,1804
818.359,1695
818.478,1714
818.597,1680
818.715,1658
818.834,1625
818.953,1609
819.071,1591
819.19,1599
819.308,1557
819.427,1568
819.546,1570
819.664,1522
819.783,1519
819.901,1561
820.02,1490
820.138,1505
820.257,1453
820.376,1519
820.494,1520
820.613,1457
820.731,1479
820.85,1416
820.969,1481
821.087,1464
821.206,1460
821.324,1446
821.443,1479
821.561,1468
821.68,1460
821.798,1481
821.917,1495
822.035,1428
822.154,1439
822.273,1437
822.391,1472
822.51,1456
822.628,1432
822.747,1453
822.865,1417
822.984,1446
823.102,1398
823.221,1389
823.339,1412
823.458,1433
823.576,1433
823.695,1396
823.813,1448
823.932,1433
824.05,1456
824.169,1434
824.287,1471
824.406,1471
824.524,1477
824.643,1439
824.761,1453
824.88,1444
824.998,1450
825.117,1490
825.235,1402
825.354,1433
825.472,1442
825.591,1439
825.709,1448
825.828,1431
825.946,1399
826.064,1384
826.183,1399
826.301,1416
826.42,1404
826.538,1377
826.657,1385
826.775,1357
826.894,1363
827.012,1355
827.13,1360
827.249,1349
827.367,1391
827.486,1327
827.604,1351
827.723,1348
827.841,1299
827.959,1344
828.078,1353
828.196,1327
828.315,1328
828.433,1317
828.552,1334
828.67,1340
828.788,1373
828.907,1273
829.025,1336
829.143,1336
829.262,1333
829.38,1336
829.499,1298
829.617,1338
829.735,1309
829.854,1343
829.972,1335
830.091,1329
830.209,1320
830.327,1290
830.446,1331
830.564,1305
830.682,1339
830.801,1311
830.919,1339
831.037,1324
831.156,1293
831.274,1340
831.392,1280
831.511,1315
831.629,1293
831.747,1359
831.866,1305
831.984,1325
832.102,1312
832.221,1328
832.339,1307
832.457,1326
832.576,1293
832.694,1319
832.812,1327
832.93,1292
833.049,1339
833.167,1320
833.285,1334
833.404,1336
833.522,1349
833.64,1269
833.759,1279
833.877,1332
833.995,1334
834.113,1296
834.232,1327
834.35,1326
834.468,1293
834.586,1337
834.705,1345
834.823,1338
834.941,1284
835.059,1316
835.178,1336
835.296,1287
835.414,1306
835.532,1356
835.651,1303
835.769,1286
835.887,1363
836.005,1371
836.124,1346
836.242,1357
836.36,1349
836.478,1362
836.596,1378
836.715,1379
836.833,1344
836.951,1430
837.069,1412
837.188,1383
837.306,1384
837.424,1367
837.542,1394
837.66,1406
837.779,1343
837.897,1422
838.015,1388
838.133,1406
838.251,1378
838.369,1342
838.487,1371
838.606,1379
838.724,1395
838.842,1398
838.96,1354
839.078,1378
839.196,1367
839.315,1388
839.433,1378
839.551,1345
839.669,1335
839.787,1351
839.905,1339
840.023,1384
840.142,1302
840.26,1371
840.378,1362
840.496,1345
840.614,1361
840.732,1291
840.85,1351
840.968,1335
841.087,1337
841.205,1348
841.323,1323
841.441,1338
841.559,1318
841.677,1329
841.795,1340
841.913,1337
842.031,1316
842.149,1302
842.267,1291
842.385,1293
842.504,1287
842.622,1284
842.74,1309
842.858,1301
842.976,1275
843.094,1320
843.212,1308
843.33,1326
843.448,1317
843.566,1310
843.684,1276
843.802,1264
843.92,1298
844.038,1304
844.156,1281
844.274,1294
844.392,1312
844.51,1308
844.628,1263
844.746,1275
844.864,1276
844.982,1315
845.1,1260
845.218,1285
845.336,1266
845.454,1274
845.572,1281
845.69,1294
845.808,1250
845.926,1321
846.044,1257
846.162,1294
846.28,1272
846.398,1273
846.516,1287
846.634,1253
846.752,1279
846.87,1314
846.988,1284
847.106,1276
847.224,1271
847.342,1271
847.46,1244
847.578,1297
847.696,1305
847.814,1271
847.932,1281
848.05,1335
848.168,1320
848.285,1288
848.403,1280
848.521,1293
848.639,1273
848.757,1298
848.875,1290
848.993,1272
849.111,1290
849.229,1301
849.347,1270
849.465,1282
849.582,1273
849.7,1274
849.818,1269
849.936,1275
850.054,1259
850.172,1331
850.29,1288
850.408,1267
850.525,1298
850.643,1290
850.761,1278
850.879,1267
850.997,1306
851.115,1307
851.233,1296
851.35,1250
851.468,1282
851.586,1320
851.704,1289
851.822,1298
851.94,1282
852.057,1302
852.175,1283
852.293,1266
852.411,1271
852.529,1300
852.647,1293
852.764,1288
852.882,1271
853.0,1315
853.118,1285
853.236,1289
853.353,1301
853.471,1278
853.589,1257
853.707,1318
853.824,1296
853.942,1276
854.06,1287
854.178,1287
854.296,1303
854.413,1323
854.531,1332
854.649,1317
854.767,1285
854.884,1295
855.002,1297
855.12,1272
855.238,1292
855.355,1326
855.473,1245
855.591,1291
855.708,1285
855.826,1304
855.944,1321
856.062,1301
856.179,1311
856.297,1331
856.415,1289
856.532,1326
856.65,1332
856.768,1324
856.886,1292
857.003,1313
857.121,1266
857.239,1320
857.356,1320
857.474,1307
857.592,1303
857.709,1280
857.827,1307
857.945,1288
858.062,1275
858.18,1308
858.298,1317
858.415,1272
858.533,1292
858.651,1304
858.768,1321
858.886,1307
859.003,1286
859.121,1298
859.239,1286
859.356,1295
859.474,1252
859.592,1274
859.709,1294
859.827,1249
859.944,1292
860.062,1277
860.18,1269
860.297,1269
860.415,1277
860.532,1273
860.65,1307
860.768,1290
860.885,1257
861.003,1251
861.12,1272
861.238,1305
861.356,1276
861.473,1261
861.591,1216
861.708,1266
861.826,1325
861.943,1249
862.061,1266
862.178,1287
862.296,1260
862.414,1285
862.531,1262
862.649,1329
862.766,1296
862.884,1255
863.001,1278
863.119,1249
863.236,1265
863.354,1276
863.471,1286
863.589,1295
863.706,1298
863.824,1286
863.941,1270
864.059,1295
864.176,1274
864.294,1258
864.411,1281
864.529,1279
864.646,1289
864.764,1295
864.881,1287
864.999,1296
865.116,1334
865.233,1274
865.351,1253
865.468,1285
865.586,1316
865.703,1280
865.821,1284
865.938,1293
866.056,1291
866.173,1279
866.29,1301
866.408,1307
866.525,1282
866.643,1274
866.76,1272
866.878,1280
866.995,1297
867.112,1311
867.23,1311
867.347,1283
867.465,1299
867.582,1261
867.699,1255
867.817,1309
867.934,1282
868.051,1296
868.169,1274
868.286,1285
868.404,1314
868.521,1285
868.638,1278
868.756,1277
868.873,1294
868.99,1282
869.108,1282
869.225,1300
869.342,1299
869.46,1286
869.577,1311
869.694,1277
869.812,1279
869.929,1213
870.046,1242
870.164,1296
870.281,1275
870.398,1285
870.516,1288
870.633,1269
870.75,1297
870.867,1264
870.985,1281
871.102,1317
871.219,1275
871.337,1315
871.454,1255
871.571,1292
871.688,1281
871.806,1280
871.923,1317
872.04,1298
872.157,1274
872.275,1302
872.392,1284
872.509,1305
872.626,1306
872.744,1302
872.861,1266
872.978,1251
873.095,1262
873.213,1273
873.33,1293
873.447,1253
873.564,1288
873.681,1260
873.799,1270
873.916,1273
874.033,1277
874.15,1297
874.267,1310
874.385,1290
874.502,1282
874.619,1271
874.736,1276
874.853,1282
874.97,1280
875.088,1270
875.205,1260
875.322,1305
875.439,1282
875.556,1291
875.673,1266
875.791,1280
875.908,1288
876.025,1287
876.142,1294
876.259,1320
876.376,1258
876.493,1298
876.61,1265
876.728,1276
876.845,1272
876.962,1266
877.079,1337
877.196,1303
877.313,1305
877.43,1243
877.547,1276
877.664,1303
877.781,1300
877.898,1294
878.016,1290
878.133,1271
878.25,1277
878.367,1282
878.484,1259
878.601,1300
878.718,1282
878.835,1320
878.952,1346
879.069,1275
879.186,1274
879.303,1264
879.42,1274
879.537,1315
879.654,1286
879.771,1226
879.888,1296
880.005,1287
880.122,1278
880.239,1282
880.356,1257
880.473,1330
880.59,1264
880.707,1316
880.824,1265
880.941,1290
881.058,1262
881.175,1286
881.292,1279
881.409,1269
881.526,1310
881.643,1322
881.76,1273
881.877,1267
881.994,1330
882.111,1259
882.228,1291
882.345,1304
882.462,1319
882.579,1340
882.696,1301
882.812,1324
882.929,1224
883.046,1323
883.163,1297
883.28,1333
883.397,1298
883.514,1278
883.631,1280
883.748,1311
883.865,1328
883.982,1302
884.098,1261
884.215,1325
884.332,1317
884.449,1279
884.566,1273
884.683,1291
884.8,1285
884.916,1286
885.033,1289
885.15,1292
885.267,1295
885.384,1348
885.501,1325
885.617,1324
885.734,1310
885.851,1315
885.968,1326
886.085,1297
886.202,1304
886.318,1285
886.435,1320
886.552,1290
886.669,1270
886.786,1314
886.902,1283
887.019,1309
887.136,1335
887.253,1289
887.369,1322
887.486,1330
887.603,1284
887.72,1307
887.837,1306
887.953,1307
888.07,1327
888.187,1341
888.304,1307
888.42,1294
888.537,1288
888.654,1292
888.77,1320
888.887,1285
889.004,1292
889.121,1284
889.237,1290
889.354,1309
889.471,1320
889.587,1274
889.704,1317
889.821,1302
889.938,1322
890.054,1289
890.171,1327
890.288,1321
890.404,1346
890.521,1317
890.638,1323
890.754,1306
890.871,1328
890.988,1352
891.104,1335
891.221,1283
891.337,1320
891.454,1290
891.571,1328
891.687,1337
891.804,1357
891.921,1331
892.037,1321
892.154,1334
892.27,1308
892.387,1325
892.504,1326
892.62,1274
892.737,1325
892.854,1314
892.97,1324
893.087,1356
893.203,1363
893.32,1321
893.436,1334
893.553,1327
893.67,1329
893.786,1329
893.903,1348
894.019,1332
894.136,1380
894.252,1354
894.369,1315
894.485,1319
894.602,1348
894.718,1347
894.835,1303
894.951,1334
895.068,1357
895.184,1333
895.301,1330
895.417,1332
895.534,1315
895.65,1303
895.767,1404
895.883,1353
896.0,1303
896.116,1320
896.233,1336
896.349,1365
896.466,1369
896.582,1338
896.699,1340
896.815,1339
896.932,1347
897.048,1311
897.165,1372
897.281,1353
897.397,1330
897.514,1355
897.63,1352
897.747,1361
897.863,1307
897.979,1345
898.096,1330
898.212,1323
898.329,1292
898.445,1361
898.561,1316
898.678,1335
898.794,1346
898.911,1349
899.027,1327
899.143,1350
899.26,1332
899.376,1370
899.492,1329
899.609,1353
899.725,1389
899.842,1340
899.958,1376
900.074,1307
900.191,1358
900.307,1342
900.423,1337
900.539,1307
900.656,1349
900.772,1338
900.888,1364
901.005,1358
901.121,1365
901.237,1330
901.354,1366
901.47,1339
901.586,1323
901.703,1373
901.819,1347
901.935,1357
902.051,1358
902.168,1381
902.284,1343
902.4,1389
902.516,1388
902.633,1368
902.749,1344
902.865,1383
902.981,1346
903.098,1394
903.214,1366
903.33,1358
903.446,1355
903.562,1363
903.679,1382
903.795,1351
903.911,1337
904.027,1326
904.143,1385
904.26,1363
904.376,1365
904.492,1359
904.608,1392
904.724,1368
904.841,1312
904.957,1345
905.073,1402
905.189,1353
905.305,1392
905.421,1369
905.538,1370
905.654,1373
905.77,1356
905.886,1411
906.002,1350
906.118,1331
906.234,1334
906.35,1348
906.466,1379
906.583,1351
906.699,1375
906.815,1363
906.931,1386
907.047,1379
907.163,1402
907.279,2539
907.395,2844
907.511,1340
907.627,1363
907.743,1392
907.859,1323
907.976,1382
908.092,1345
908.208,1383
908.324,1378
908.44,1344
908.556,1385
908.672,1337
908.788,1380
908.904,1368
909.02,1346
909.136,1354
909.252,1352
909.368,1345
909.484,1395
909.6,1342
909.716,1376
909.832,1358
909.948,1372
910.064,1366
910.18,1369
910.296,1421
910.412,1368
910.528,1382
910.644,1405
910.76,1351
910.875,1367
910.991,1384
911.107,1353
911.223,1335
911.339,1375
911.455,1380
911.571,1383
911.687,1360
911.803,1347
911.919,1338
912.035,1402
912.151,1375
912.267,1356
912.382,1386
912.498,1388
912.614,1380
912.73,1352
912.846,1380
792.446,2182
792.565,2199
792.684,2247
792.803,2184
792.922,2170
793.041,2089
793.16,2124
793.279,2139
793.398,2083
793.518,2124
793.637,2079
793.756,2065
793.875,2119
793.994,2075
794.113,2020
794.232,2036
794.351,2066
794.47,1995
794.589,2002
794.708,2003
794.827,2016
794.946,2000
795.066,1984
795.185,1958
795.304,2043
795.423,2040
795.542,1990
795.661,1985
795.78,1949
795.899,1958
796.018,1948
796.137,1934
796.256,2013
796.375,1954
796.494,1957
796.613,1928
796.732,1917
796.851,1962
796.97,1946
797.089,1928
797.208,1931
797.327,1927
797.446,1948
797.565,1960
797.684,1979
797.803,1965
797.922,1884
798.041,1957
798.16,1913
798.279,1931
798.398,1929
798.517,1927
798.636,1872
798.755,1898
798.874,1844
798.993,1928
799.112,1934
799.231,1963
799.35,1923
799.469,1874
799.588,1884
799.707,1885
799.826,1930
799.945,1936
800.064,1889
800.183,1909
800.302,1939
800.421,1894
800.54,1950
800.659,1911
800.778,1920
800.897,1925
801.016,1945
801.135,1897
801.254,1927
801.373,1924
801.492,1934
801.611,1953
801.729,1904
801.848,1951
801.967,1951
802.086,1990
802.205,1933
802.324,1945
802.443,1966
802.562,1943
802.681,1944
802.8,1989
802.919,1929
803.038,2024
803.157,1976
803.276,1990
803.394,1977
803.513,2029
803.632,1959
803.751,2006
803.87,2009
803.989,1946
804.108,2007
804.227,2022
804.346,2040
804.465,2015
804.583,2003
804.702,1942
804.821,2041
804.94,2003
805.059,1991
805.178,2008
805.297,2054
805.416,2046
805.535,2013
805.653,2008
805.772,1995
805.891,2040
806.01,2065
806.129,2045
806.248,2055
806.367,2034
806.485,2049
806.604,2070
806.723,2041
806.842,2027
806.961,2075
807.08,2056
807.198,2061
807.317,2047
807.436,2049
807.555,2053
807.674,2065
807.793,2042
807.912,2061
808.03,2035
808.149,2074
808.268,2101
808.387,2088
808.506,2081
808.624,2068
808.743,2073
808.862,2096
808.981,2084
809.1,2089
809.219,2088
809.337,2096
809.456,2090
809.575,2117
809.694,2103
809.812,2142
809.931,2120
810.05,2121
810.169,2092
810.288,2141
810.406,2090
810.525,2106
810.644,2133
810.763,2114
810.882,2112
811.0,2117
811.119,2145
811.238,2125
811.357,2113
811.475,2142
811.594,2084
811.713,2125
811.832,2160
811.95,2147
812.069,2090
812.188,2097
812.307,2118
812.425,2141
812.544,2146
812.663,2159
812.782,2156
812.9,2148
813.019,2096
813.138,2133
813.257,2151
813.375,2128
813.494,2119
813.613,2120
813.731,2096
813.85,2200
813.969,2084
814.088,2115
814.206,2068
814.325,2104
814.444,2086
814.562,2088
814.681,2112
814.8,2086
814.918,2090
815.037,2117
815.156,2095
815.274,2042
815.393,2039
815.512,2049
815.631,2054
815.749,2046
815.868,2013
815.987,2034
816.105,2001
816.224,2053
816.343,2027
816.461,2058
816.58,2072
816.698,2012
816.817,2088
816.936,2080
817.055,2068
817.173,2067
817.292,2016
817.41,2010
817.529,1942
817.648,1975
817.766,1889
817.885,1909
818.004,1907
818.122,1789
818.241,1791
818.359,1746
818.478,1732
818.597,1751
818.715,1681
818.834,1695
818.953,1647
819.071,1636
819.19,1631
819.308,1604
819.427,1594
819.546,1567
819.664,1554
819.783,1547
819.901,1558
820.02,1537
820.138,1557
820.257,1535
820.376,1531
820.494,1511
820.613,1514
820.731,1508
820.85,1574
820.969,1493
821.087,1493
821.206,1492
821.324,1504
821.443,1487
821.561,1508
821.68,1485
821.798,1515
821.917,1486
822.035,1470
822.154,1489
822.273,1427
822.391,1475
822.51,1464
822.628,1445
822.747,1461
822.865,1483
822.984,1414
823.102,1505
823.221,1430
823.339,1444
823.458,1449
823.576,1454
823.695,1470
823.813,1460
823.932,1483
824.05,1481
824.169,1464
824.287,1511
824.406,1504
824.524,1505
824.643,1470
824.761,1452
824.88,1482
824.998,1504
825.117,1453
825.235,1458
825.354,1443
825.472,1440
825.591,1476
825.709,1445
825.828,1402
825.946,1420
826.064,1401
826.183,1378
826.301,1383
826.42,1431
826.538,1388
826.657,1421
826.775,1390
826.894,1395
827.012,1388
827.13,1371
827.249,1322
827.367,1413
827.486,1385
827.604,1388
827.723,1355
827.841,1384
827.959,1371
828.078,1358
828.196,1351
828.315,1398
828.433,1342
828.552,1370
828.67,1360
828.788,1346
828.907,1319
829.025,1369
829.143,1367
829.262,1355
829.38,1378
829.499,1340
829.617,1294
829.735,1343
829.854,1388
829.972,1299
830.091,1349
830.209,1360
830.327,1362
830.446,1363
830.564,1363
830.682,1364
830.801,1339
830.919,1330
831.037,1335
831.156,1348
831.274,1344
831.392,1360
831.511,1305
831.629,1339
831.747,1335
831.866,1316
831.984,1314
832.102,1360
832.221,1310
832.339,1353
832.457,1369
832.576,1321
832.694,1334
832.812,1370
832.93,1342
833.049,1373
833.167,1316
833.285,1346
833.404,1406
833.522,1340
833.64,1337
833.759,1360
833.877,1347
833.995,1348
834.113,1384
834.232,1335
834.35,1317
834.468,1295
834.586,1319
834.705,1353
834.823,1306
834.941,1384
835.059,1368
835.178,1357
835.296,1357
835.414,1391
835.532,1321
835.651,1397
835.769,1344
835.887,1387
836.005,1356
836.124,1402
836.242,1368
836.36,1402
836.478,1412
836.596,1400
836.715,1439
836.833,1439
836.951,1418
837.069,1408
837.188,1448
837.306,1398
837.424,1391
837.542,1411
837.66,1433
837.779,1455
837.897,1381
838.015,1414
838.133,1393
838.251,1364
838.369,1410
838.487,1448
838.606,1378
838.724,1392
838.842,1396
838.96,1386
839.078,1382
839.196,1409
839.315,1400
839.433,1370
839.551,1395
839.669,1356
839.787,1392
839.905,1407
840.023,1384
840.142,1375
840.26,1406
840.378,1402
840.496,1413
840.614,1363
840.732,1387
840.85,1369
840.968,1387
841.087,1392
841.205,1362
841.323,1409
841.441,1325
841.559,1365
841.677,1360
841.795,1373
841.913,1330
842.031,1332
842.149,1342
842.267,1314
842.385,1302
842.504,1352
842.622,1297
842.74,1335
842.858,1350
842.976,1310
843.094,1332
843.212,1336
843.33,1345
843.448,1332
843.566,1298
843.684,1359
843.802,1325
843.92,1291
844.038,1321
844.156,1275
844.274,1316
844.392,1339
844.51,1299
844.628,1301
844.746,1306
844.864,1309
844.982,1311
845.1,1320
845.218,1309
845.336,1301
845.454,1280
845.572,1325
845.69,1316
845.808,1317
845.926,1307
846.044,1300
846.162,1320
846.28,1287
846.398,1302
846.516,1285
846.634,1303
846.752,1258
846.87,1329
846.988,1313
847.106,1298
847.224,1328
847.342,1283
847.46,1296
847.578,1325
847.696,1280
847.814,1298
847.932,1301
848.05,1306
848.168,1348
848.285,1276
848.403,1316
848.521,1311
848.639,1308
848.757,1322
848.875,1354
848.993,1277
849.111,1313
849.229,1350
849.347,1303
849.465,1315
849.582,1256
849.7,1277
849.818,1316
849.936,1269
850.054,1351
850.172,1270
850.29,1317
850.408,1334
850.525,1332
850.643,1329
850.761,1270
850.879,1329
850.997,1351
851.115,1297
851.233,1321
851.35,1325
851.468,1277
851.586,1347
851.704,1293
851.822,1290
851.94,1327
852.057,1339
852.175,1321
852.293,1297
852.411,1319
852.529,1261
852.647,1346
852.764,1297
852.882,1327
853.0,1333
853.118,1308
853.236,1292
853.353,1288
853.471,1326
853.589,1288
853.707,1302
853.824,1267
853.942,1341
854.06,1305
854.178,1280
854.296,1292
854.413,1285
854.531,1306
854.649,1295
854.767,1278
854.884,1257
855.002,1325
855.12,1310
855.238,1335
855.355,1309
855.473,1351
855.591,1332
855.708,1336
855.826,1341
855.944,1315
856.062,1305
856.179,1315
856.297,1304
856.415,1329
856.532,1350
856.65,1290
856.768,1347
856.886,1326
857.003,1293
857.121,1322
857.239,1333
857.356,1376
857.474,1336
857.592,1327
857.709,1336
857.827,1313
857.945,1308
858.062,1300
858.18,1382
858.298,1312
858.415,1330
858.533,1340
858.651,1320
858.768,1348
858.886,1329
859.003,1331
859.121,1333
859.239,1311
859.356,1345
859.474,1334
859.592,1304
859.709,1294
859.827,1351
859.944,1301
860.062,1309
860.18,1326
860.297,1292
860.415,1316
860.532,1315
860.65,1310
860.768,1300
860.885,1289
861.003,1292
861.12,1272
861.238,1307
861.356,1332
861.473,1279
861.591,1254
861.708,1327
861.826,1318
861.943,1300
862.061,1285
862.178,1309
862.296,1307
862.414,1252
862.531,1299
862.649,1278
862.766,1365
862.884,1280
863.001,1301
863.119,1294
863.236,1294
863.354,1329
863.471,1296
863.589,1306
863.706,1301
863.824,1272
863.941,1296
864.059,1349
864.176,1293
864.294,1319
864.411,1311
864.529,1333
864.646,1344
864.764,1298
864.881,1300
864.999,1307
865.116,1331
865.233,1285
865.351,1301
865.468,1327
865.586,1317
865.703,1279
865.821,1288
865.938,1311
866.056,1332
866.173,1326
866.29,1318
866.408,1319
866.525,1331
866.643,1346
866.76,1325
866.878,1277
866.995,1292
867.112,1310
867.23,1305
867.347,1336
867.465,1307
867.582,1311
867.699,1312
867.817,1344
867.934,1315
868.051,1290
868.169,1294
868.286,1348
868.404,1308
868.521,1335
868.638,1272
868.756,1325
868.873,1298
868.99,1319
869.108,1388
869.225,1337
869.342,1305
869.46,1327
869.577,1335
869.694,1335
869.812,1290
869.929,1279
870.046,1320
870.164,1287
870.281,1315
870.398,1274
870.516,1316
870.633,1305
870.75,1302
870.867,1328
870.985,1317
871.102,1285
871.219,1308
871.337,1293
871.454,1344
871.571,1294
871.688,1320
871.806,1295
871.923,1299
872.04,1310
872.157,1293
872.275,1274
872.392,1282
872.509,1249
872.626,1356
872.744,1274
872.861,1303
872.978,1311
873.095,1311
873.213,1303
873.33,1306
873.447,1310
873.564,1301
873.681,1292
873.799,1341
873.916,1338
874.033,1291
874.15,1308
874.267,1309
874.385,1316
874.502,1314
874.619,1340
874.736,1299
874.853,1278
874.97,1340
875.088,1316
875.205,1322
875.322,1290
875.439,1297
875.556,1286
875.673,1326
875.791,1310
875.908,1283
876.025,1309
876.142,1272
876.259,1317
876.376,1288
876.493,1311
876.61,1287
876.728,1271
876.845,1329
876.962,1303
877.079,1297
877.196,1314
877.313,1310
877.43,1326
877.547,1327
877.664,1333
877.781,1296
877.898,1312
878.016,1342
878.133,1305
878.25,1342
878.367,1335
878.484,1265
878.601,1313
878.718,1320
878.835,1269
878.952,1331
879.069,1275
879.186,1325
879.303,1288
879.42,1332
879.537,1326
879.654,1282
879.771,1355
879.888,1271
880.005,1311
880.122,1307
880.239,1304
880.356,1329
880.473,1328
880.59,1316
880.707,1321
880.824,1299
880.941,1318
881.058,1306
881.175,1305
881.292,1348
881.409,1282
881.526,1306
881.643,1307
881.76,1336
881.877,1287
881.994,1348
882.111,1327
882.228,1324
882.345,1318
882.462,1320
882.579,1339
882.696,1285
882.812,1296
882.929,1319
883.046,1364
883.163,1296
883.28,1293
883.397,1324
883.514,1294
883.631,1288
883.748,1322
883.865,1307
883.982,1324
884.098,1341
884.215,1297
884.332,1332
884.449,1301
884.566,1321
884.683,1350
884.8,1336
884.916,1300
885.033,1321
885.15,1333
885.267,1354
885.384,1336
885.501,1343
885.617,1320
885.734,1307
885.851,1347
885.968,1310
886.085,1354
886.202,1352
886.318,1337
886.435,1338
886.552,1352
886.669,1360
886.786,1365
886.902,1360
887.019,1333
887.136,1327
887.253,1365
887.369,1347
887.486,1330
887.603,1302
887.72,1323
887.837,1350
887.953,1303
888.07,1343
888.187,1348
888.304,1330
888.42,1369
888.537,1341
888.654,1344
888.77,1365
888.887,1336
889.004,1324
889.121,1373
889.237,1354
889.354,1350
889.471,1358
889.587,1327
889.704,1386
889.821,1332
889.938,1309
890.054,1333
890.171,1362
890.288,1367
890.404,1347
890.521,1361
890.638,1361
890.754,1358
890.871,1345
890.988,1360
891.104,1329
891.221,1370
891.337,1326
891.454,1339
891.571,1346
891.687,1332
891.804,1333
891.921,1319
892.037,1374
892.154,1356
892.27,1352
892.387,1390
892.504,1352
892.62,1344
892.737,1353
892.854,1340
892.97,1348
893.087,1350
893.203,1355
893.32,1375
893.436,1396
893.553,1336
893.67,1359
893.786,1369
893.903,1305
894.019,1365
894.136,1350
894.252,1363
894.369,1382
894.485,1398
894.602,1321
894.718,1348
894.835,1364
894.951,1415
895.068,1338
895.184,1340
895.301,1392
895.417,1395
895.534,1323
895.65,1397
895.767,1347
895.883,1377
896.0,1358
896.116,1356
896.233,1404
896.349,1364
896.466,1377
896.582,1377
896.699,1388
896.815,1407
896.932,1349
897.048,1375
897.165,1402
897.281,1362
897.397,1342
897.514,1370
897.63,1415
897.747,1345
897.863,1391
897.979,1327
898.096,1383
898.212,1342
898.329,1402
898.445,1375
898.561,1391
898.678,1374
898.794,1397
898.911,1346
899.027,1373
899.143,1436
899.26,1368
899.376,1385
899.492,1373
899.609,1359
899.725,1375
899.842,1361
899.958,1364
900.074,1388
900.191,1373
900.307,1367
900.423,1407
900.539,1354
900.656,1389
900.772,1390
900.888,1417
901.005,1311
901.121,1358
901.237,1376
901.354,1393
901.47,1433
901.586,1366
901.703,1407
901.819,1389
901.935,1379
902.051,1404
902.168,1427
902.284,1381
902.4,1375
902.516,1401
902.633,1411
902.749,1378
902.865,1388
902.981,1380
903.098,1409
903.214,1354
903.33,1383
903.446,1372
903.562,1430
903.679,1397
903.795,1455
903.911,1395
904.027,1383
904.143,1424
904.26,1389
904.376,1388
904.492,1382
904.608,1399
904.724,1386
904.841,1417
904.957,1361
905.073,1379
905.189,1372
905.305,1422
905.421,1358
905.538,1400
905.654,1409
905.77,1347
905.886,1366
906.002,1393
906.118,1408
906.234,1371
906.35,1367
906.466,1410
906.583,1413
906.699,1387
906.815,1400
906.931,1383
907.047,1396
907.163,1416
907.279,1410
907.395,1382
907.511,1377
907.627,1431
907.743,1378
907.859,1402
907.976,1391
908.092,1376
908.208,1404
908.324,1424
908.44,1384
908.556,1366
908.672,1407
908.788,1365
908.904,1447
909.02,1426
909.136,1398
909.252,1359
909.368,1405
909.484,1421
909.6,1393
909.716,1394
909.832,1419
909.948,1402
910.064,1411
910.18,1403
910.296,1388
910.412,1391
910.528,1399
910.644,1433
910.76,1429
910.875,1376
910.991,1381
911.107,1445
911.223,1386
911.339,1400
911.455,1406
911.571,1432
911.687,1390
911.803,1386
911.919,1362
912.035,1417
912.151,1390
912.267,1420
912.382,1381
912.498,1397
912.614,1389
912.73,1394
912.846,1418
792.446,2226
792.565,2237
792.684,2170
792.803,2187
792.922,2137
793.041,2121
793.16,2147
793.279,2163
793.398,2115
793.518,2126
793.637,2074
793.756,2114
793.875,2065
793.994,2110
794.113,2085
794.232,2060
794.351,2057
794.47,2062
794.589,2087
794.708,1998
794.827,1971
794.946,2042
795.066,1954
795.185,2025
795.304,1975
795.423,1968
795.542,2023
795.661,2051
795.78,1966
795.899,1963
796.018,1973
796.137,1926
796.256,1944
796.375,2018
796.494,1914
796.613,2017
796.732,1940
796.851,1930
796.97,1940
797.089,1966
797.208,1942
797.327,1942
797.446,1941
797.565,1947
797.684,1933
797.803,1929
797.922,1960
798.041,1976
798.16,1916
798.279,1928
798.398,1928
798.517,1903
798.636,1867
798.755,1912
798.874,1909
798.993,1947
799.112,1930
799.231,1973
799.35,1921
799.469,1920
799.588,1958
799.707,1949
799.826,1933
799.945,1907
800.064,1957
800.183,1926
800.302,1879
800.421,1914
800.54,1958
800.659,1898
800.778,1904
800.897,1928
801.016,1892
801.135,1915
801.254,1934
801.373,1964
801.492,1976
801.611,1986
801.729,1978
801.848,1884
801.967,1929
802.086,1917
802.205,1947
802.324,1982
802.443,1940
802.562,1991
802.681,1939
802.8,2042
802.919,1986
803.038,2022
803.157,2015
803.276,1999
803.394,2032
803.513,1978
803.632,1979
803.751,1989
803.87,2014
803.989,2008
804.108,1963
804.227,1986
804.346,2002
804.465,2015
804.583,2015
804.702,2061
804.821,2008
804.94,2012
805.059,2046
805.178,2028
805.297,2018
805.416,2018
805.535,2084
805.653,2033
805.772,2008
805.891,2016
806.01,2090
806.129,2079
806.248,2064
806.367,2083
806.485,2114
806.604,2054
806.723,2055
806.842,2055
806.961,2063
807.08,1997
807.198,2087
807.317,2084
807.436,2086
807.555,2093
807.674,2105
807.793,2084
807.912,2086
808.03,2062
808.149,2122
808.268,2119
808.387,2134
808.506,2111
808.624,2117
808.743,2107
808.862,2121
808.981,2124
809.1,2081
809.219,2097
809.337,2078
809.456,2153
809.575,2090
809.694,2150
809.812,2084
809.931,2142
810.05,2103
810.169,2157
810.288,2170
810.406,2147
810.525,2135
810.644,2138
810.763,2125
810.882,2107
811.0,2115
811.119,2168
811.238,2114
811.357,2121
811.475,2168
811.594,2140
811.713,2155
811.832,2162
811.95,2099
812.069,2195
812.188,2105
812.307,2132
812.425,2131
812.544,2136
812.663,2136
812.782,2184
812.9,2122
813.019,2148
813.138,2142
813.257,2132
813.375,2130
813.494,2160
813.613,2107
813.731,2178
813.85,2123
813.969,2137
814.088,2124
814.206,2092
814.325,2057
814.444,2102
814.562,2127
814.681,2107
814.8,2046
814.918,2054
815.037,2101
815.156,2094
815.274,2071
815.393,2086
815.512,2053
815.631,2064
815.749,2045
815.868,2059
815.987,2043
816.105,2013
816.224,2010
816.343,2045
816.461,2046
816.58,2066
816.698,2023
816.817,2039
816.936,2075
817.055,2097
817.173,2051
817.292,2035
817.41,2018
817.529,1953
817.648,1962
817.766,1913
817.885,1905
818.004,1822
818.122,1796
818.241,1765
818.359,1741
818.478,1735
818.597,1723
818.715,1726
818.834,1708
818.953,1633
819.071,1625
819.19,1625
819.308,1620
819.427,1659
819.546,1560
819.664,1566
819.783,1556
819.901,1607
820.02,1573
820.138,1561
820.257,1587
820.376,1569
820.494,1537
820.613,1558
820.731,1571
820.85,1503
820.969,1550
821.087,1519
821.206,1521
821.324,1545
821.443,1503
821.561,1530
821.68,1504
821.798,1512
821.917,1490
822.035,1478
822.154,1503
822.273,1449
822.391,1466
822.51,1466
822.628,1493
822.747,1452
822.865,1476
822.984,1442
823.102,1468
823.221,1467
823.339,1445
823.458,1489
823.576,1493
823.695,1497
823.813,1502
823.932,1502
824.05,1503
824.169,1472
824.287,1488
824.406,1503
824.524,1523
824.643,1523
824.761,1500
824.88,1480
824.998,1468
825.117,1462
825.235,1474
825.354,1466
825.472,1464
825.591,1477
825.709,1436
825.828,1436
825.946,1465
826.064,1457
826.183,1406
826.301,1403
826.42,1394
826.538,1404
826.657,1362
826.775,1411
826.894,1394
827.012,1411
827.13,1394
827.249,1382
827.367,1346
827.486,1382
827.604,1365
827.723,1417
827.841,1359
827.959,1361
828.078,1368
828.196,1397
828.315,1386
828.433,1382
828.552,1375
828.67,1380
828.788,1395
828.907,1366
829.025,1363
829.143,1394
829.262,1369
829.38,1404
829.499,1355
829.617,1393
829.735,1398
829.854,1350
829.972,1347
830.091,1418
830.209,1326
830.327,1368
830.446,1361
830.564,1351
830.682,1366
830.801,1332
830.919,1341
831.037,1389
831.156,1377
831.274,1320
831.392,1369
831.511,1372
831.629,1323
831.747,1348
831.866,1347
831.984,1313
832.102,1372
832.221,1348
832.339,1330
832.457,1345
832.576,1279
832.694,1318
832.812,1378
832.93,1348
833.049,1384
833.167,1326
833.285,1320
833.404,1358
833.522,1360
833.64,1363
833.759,1351
833.877,1337
833.995,1363
834.113,1349
834.232,1300
834.35,1333
834.468,1379
834.586,1366
834.705,1323
834.823,1345
834.941,1373
835.059,1331
835.178,1403
835.296,1360
835.414,1377
835.532,1348
835.651,1385
835.769,1350
835.887,1400
836.005,1353
836.124,1368
836.242,1413
836.36,1395
836.478,1414
836.596,1369
836.715,1399
836.833,1407
836.951,1412
837.069,1423
837.188,1412
837.306,1437
837.424,1429
837.542,1454
837.66,1423
837.779,1423
837.897,1435
838.015,1446
838.133,1448
838.251,1393
838.369,1431
838.487,1458
838.606,1439
838.724,1434
838.842,1429
838.96,1385
839.078,1386
839.196,1392
839.315,1402
839.433,1407
839.551,1396
839.669,1396
839.787,1375
839.905,1361
840.023,1425
840.142,1376
840.26,1405
840.378,1381
840.496,1406
840.614,1391
840.732,1359
840.85,1358
840.968,1358
841.087,1376
841.205,1344
841.323,1375
841.441,1372
841.559,1351
841.677,1362
841.795,1378
841.913,1380
842.031,1351
842.149,1335
842.267,1328
842.385,1327
842.504,1314
842.622,1335
842.74,1300
842.858,1312
842.976,1351
843.094,1299
843.212,1332
843.33,1296
843.448,1339
843.566,1320
843.684,1339
843.802,1261
843.92,1311
844.038,1305
844.156,1319
844.274,1347
844.392,1300
844.51,1358
844.628,1362
844.746,1293
844.864,1319
844.982,1337
845.1,1326
845.218,1326
845.336,1312
845.454,1352
845.572,1313
845.69,1301
845.808,1316
845.926,1348
846.044,1275
846.162,1307
846.28,1297
846.398,1324
846.516,1297
846.634,1333
846.752,1281
846.87,1302
846.988,1294
847.106,1322
847.224,1320
847.342,1316
847.46,1316
847.578,1332
847.696,1324
847.814,1303
847.932,1324
848.05,1327
848.168,1311
848.285,1309
848.403,1350
848.521,1320
848.639,1324
848.757,1286
848.875,1301
848.993,1324
849.111,1322
849.229,1292
849.347,1265
849.465,1362
849.582,1344
849.7,1270
849.818,1321
849.936,1291
850.054,1249
850.172,1314
850.29,1300
850.408,1331
850.525,1315
850.643,1263
850.761,1312
850.879,1321
850.997,1346
851.115,1314
851.233,1304
851.35,1330
851.468,1322
851.586,1315
851.704,1299
851.822,1306
851.94,1336
852.057,1297
852.175,1322
852.293,1276
852.411,1314
852.529,1322
852.647,1352
852.764,1300
852.882,1345
853.0,1337
853.118,1320
853.236,1326
853.353,1325
853.471,1299
853.589,1318
853.707,1327
853.824,1314
853.942,1338
854.06,1314
854.178,1333
854.296,1376
854.413,1328
854.531,1318
854.649,1327
854.767,1351
854.884,1340
855.002,1356
855.12,1321
855.238,1312
855.355,1346
855.473,1352
855.591,1317
855.708,1333
855.826,1338
855.944,1343
856.062,1353
856.179,1372
856.297,1344
856.415,1318
856.532,1312
856.65,1366
856.768,1346
856.886,1363
857.003,1355
857.121,1353
857.239,1344
857.356,1359
857.474,1331
857.592,1331
857.709,1360
857.827,1321
857.945,1368
858.062,1348
858.18,1336
858.298,1342
858.415,1305
858.533,1336
858.651,1316
858.768,1326
858.886,1319
859.003,1337
859.121,1332
859.239,1325
859.356,1327
859.474,1325
859.592,1352
859.709,1323
859.827,1318
859.944,1365
860.062,1287
860.18,1300
860.297,1339
860.415,1322
860.532,1319
860.65,1359
860.768,1319
860.885,1317
861.003,1337
861.12,1311
861.238,1306
861.356,1288
861.473,1348
861.591,1309
861.708,1316
861.826,1290
861.943,1289
862.061,1325
862.178,1354
862.296,1288
862.414,1306
862.531,1294
862.649,1329
862.766,1302
862.884,1315
863.001,1291
863.119,1315
863.236,1297
863.354,1315
863.471,1352
863.589,1305
863.706,1287
863.824,1317
863.941,1320
864.059,1303
864.176,1348
864.294,1323
864.411,1289
864.529,1308
864.646,1324
864.764,1302
864.881,1305
864.999,1314
865.116,1341
865.233,1330
865.351,1303
865.468,1310
865.586,1324
865.703,1336
865.821,1302
865.938,1326
866.056,1326
866.173,1337
866.29,1311
866.408,1308
866.525,1351
866.643,1314
866.76,1326
866.878,1338
866.995,1332
867.112,1342
867.23,1367
867.347,1294
867.465,1305
867.582,1330
867.699,1291
867.817,1311
867.934,1336
868.051,1297
868.169,1370
868.286,1351
868.404,1311
868.521,1337
868.638,1323
868.756,1266
868.873,1307
868.99,1363
869.108,1333
869.225,1322
869.342,1325
869.46,1315
869.577,1320
869.694,1350
869.812,1314
869.929,1313
870.046,1313
870.164,1330
870.281,1340
870.398,1310
870.516,1341
870.633,1334
870.75,1330
870.867,1347
870.985,1350
871.102,1345
871.219,1303
871.337,1339
871.454,1280
871.571,1326
871.688,1318
871.806,1318
871.923,1326
872.04,1345
872.157,1298
872.275,1291
872.392,1295
872.509,1345
872.626,1313
872.744,1343
872.861,1320
872.978,1330
873.095,1332
873.213,1360
873.33,1355
873.447,1310
873.564,1334
873.681,1323
873.799,1320
873.916,1270
874.033,1297
874.15,1271
874.267,1306
874.385,1307
874.502,1318
874.619,1309
874.736,1332
874.853,1338
874.97,1312
875.088,1336
875.205,1331
875.322,1310
875.439,1322
875.556,1323
875.673,1328
875.791,1285
875.908,1339
876.025,1340
876.142,1325
876.259,1344
876.376,1344
876.493,1292
876.61,1285
876.728,1309
876.845,1350
876.962,1350
877.079,1292
877.196,1369
877.313,1314
877.43,1347
877.547,1319
877.664,1341
877.781,1341
877.898,1376
878.016,1309
878.133,1347
878.25,1349
878.367,1306
878.484,1320
878.601,1286
878.718,1320
878.835,1339
878.952,1337
879.069,1316
879.186,1335
879.303,1333
879.42,1314
879.537,1340
879.654,1281
879.771,1316
879.888,1321
880.005,1333
880.122,1334
880.239,1314
880.356,1326
880.473,1342
880.59,1313
880.707,1312
880.824,1290
880.941,1294
881.058,1299
881.175,1327
881.292,1273
881.409,1310
881.526,1354
881.643,1337
881.76,1337
881.877,1323
881.994,1312
882.111,1313
882.228,1344
882.345,1323
882.462,1326
882.579,1314
882.696,1310
882.812,1339
882.929,1307
883.046,1303
883.163,1351
883.28,1348
883.397,1268
883.514,1326
883.631,1323
883.748,1337
883.865,1347
883.982,1356
884.098,1350
884.215,1309
884.332,1366
884.449,1321
884.566,1316
884.683,1311
884.8,1337
884.916,1352
885.033,1334
885.15,1353
885.267,1331
885.384,1375
885.501,1343
885.617,1326
885.734,1347
885.851,1372
885.968,1340
886.085,1309
886.202,1408
886.318,1347
886.435,1324
886.552,1360
886.669,1373
886.786,1340
886.902,1381
887.019,1333
887.136,1383
887.253,1344
887.369,1337
887.486,1356
887.603,1294
887.72,1359
887.837,1370
887.953,1311
888.07,1335
888.187,1391
888.304,1392
888.42,1345
888.537,1352
888.654,1351
888.77,1347
888.887,1370
889.004,1354
889.121,1331
889.237,1343
889.354,1379
889.471,1329
889.587,1357
889.704,1375
889.821,1351
889.938,1361
890.054,1356
890.171,1317
890.288,1395
890.404,1312
890.521,1379
890.638,1325
890.754,1362
890.871,1360
890.988,1338
891.104,1352
891.221,1345
891.337,1334
891.454,1383
891.571,1378
891.687,1344
891.804,1356
891.921,1357
892.037,1366
892.154,1336
892.27,1396
892.387,1383
892.504,1332
892.62,1319
892.737,1356
892.854,1344
892.97,1375
893.087,1393
893.203,1344
893.32,1386
893.436,1363
893.553,1392
893.67,1376
893.786,1381
893.903,1372
894.019,1367
894.136,1346
894.252,1371
894.369,1351
894.485,1395
894.602,1374
894.718,1390
894.835,1375
894.951,1393
895.068,1379
895.184,1399
895.301,1408
895.417,1349
895.534,1363
895.65,1393
895.767,1392
895.883,1404
896.0,1373
896.116,1400
896.233,1345
896.349,1418
896.466,1373
896.582,1451
896.699,1371
896.815,1407
896.932,1405
897.048,1401
897.165,1450
897.281,1378
897.397,1396
897.514,1394
897.63,1376
897.747,1320
897.863,1355
897.979,1390
898.096,1387
898.212,1392
898.329,1357
898.445,1417
898.561,1397
898.678,1395
898.794,1415
898.911,1397
899.027,1376
899.143,1384
899.26,1394
899.376,1377
899.492,1405
899.609,1401
899.725,1427
899.842,1388
899.958,1377
900.074,1400
900.191,1415
900.307,1405
900.423,1392
900.539,1379
900.656,1411
900.772,1435
900.888,1388
901.005,1397
901.121,1413
901.237,1382
901.354,1399
901.47,1420
901.586,1403
901.703,1402
901.819,1388
901.935,1410
902.051,1414
902.168,1428
902.284,1383
902.4,1390
902.516,1387
902.633,1383
902.749,1403
902.865,1435
902.981,1380
903.098,1428
903.214,1400
903.33,1399
903.446,1368
903.562,1420
903.679,1420
903.795,1415
903.911,1379
904.027,1422
904.143,1435
904.26,1418
904.376,1416
904.492,1410
904.608,1397
904.724,1402
904.841,1402
904.957,1384
905.073,1379
905.189,1370
905.305,1376
905.421,1435
905.538,1440
905.654,1403
905.77,1425
905.886,1426
906.002,1404
906.118,1404
906.234,1400
906.35,1429
906.466,1439
906.583,1400
906.699,1417
906.815,1415
906.931,1422
907.047,1418
907.163,1400
907.279,1431
907.395,1440
907.511,1421
907.627,1433
907.743,1438
907.859,1408
907.976,1407
908.092,1421
908.208,1419
908.324,1401
908.44,1414
908.556,1386
908.672,1396
908.788,1437
908.904,1417
909.02,1423
909.136,1426
909.252,1452
909.368,1416
909.484,1439
909.6,1422
909.716,1432
909.832,1396
909.948,1460
910.064,1412
910.18,1455
910.296,1397
910.412,1429
910.528,1420
910.644,1411
910.76,1442
910.875,1424
910.991,1454
911.107,1417
911.223,1435
911.339,1396
911.455,1445
911.571,1428
911.687,1366
911.803,1416
911.919,1444
912.035,1435
912.151,1424
912.267,1461
912.382,1397
912.498,1412
912.614,1451
912.73,1396
912.846,1448
