792.446,1704
792.565,1650
792.684,1677
792.803,1614
792.922,1505
793.041,1526
793.16,1448
793.279,1472
793.398,1385
793.518,1374
793.637,1304
793.756,1333
793.875,1320
793.994,1273
794.113,1276
794.232,1194
794.351,1164
794.47,1182
794.589,1183
794.708,1111
794.827,1092
794.946,1084
795.066,1088
795.185,1044
795.304,1026
795.423,1057
795.542,1029
795.661,982
795.78,981
795.899,976
796.018,937
796.137,929
796.256,923
796.375,912
796.494,898
796.613,860
796.732,867
796.851,853
796.97,856
797.089,861
797.208,840
797.327,824
797.446,824
797.565,802
797.684,796
797.803,813
797.922,773
798.041,803
798.16,785
798.279,785
798.398,802
798.517,774
798.636,773
798.755,771
798.874,759
798.993,763
799.112,774
799.231,764
799.35,781
799.469,758
799.588,756
799.707,742
799.826,730
799.945,731
800.064,717
800.183,724
800.302,730
800.421,695
800.54,704
800.659,724
800.778,704
800.897,714
801.016,723
801.135,698
801.254,690
801.373,686
801.492,659
801.611,694
801.729,680
801.848,688
801.967,673
802.086,667
802.205,661
802.324,663
802.443,664
802.562,638
802.681,638
802.8,645
802.919,643
803.038,664
803.157,650
803.276,614
803.394,630
803.513,635
803.632,651
803.751,643
803.87,647
803.989,622
804.108,639
804.227,609
804.346,608
804.465,624
804.583,623
804.702,623
804.821,622
804.94,630
805.059,621
805.178,635
805.297,621
805.416,631
805.535,623
805.653,616
805.772,625
805.891,606
806.01,576
806.129,628
806.248,598
806.367,624
806.485,584
806.604,602
806.723,578
806.842,588
806.961,594
807.08,567
807.198,607
807.317,602
807.436,563
807.555,591
807.674,588
807.793,586
807.912,607
808.03,586
808.149,573
808.268,589
808.387,570
808.506,583
808.624,586
808.743,595
808.862,563
808.981,568
809.1,582
809.219,563
809.337,556
809.456,583
809.575,553
809.694,583
809.812,571
809.931,570
810.05,559
810.169,572
810.288,562
810.406,576
810.525,549
810.644,572
810.763,552
810.882,566
811.0,569
811.119,593
811.238,579
811.357,590
811.475,549
811.594,576
811.713,584
811.832,577
811.95,563
812.069,562
812.188,555
812.307,565
812.425,559
812.544,587
812.663,553
812.782,568
812.9,578
813.019,568
813.138,566
813.257,560
813.375,566
813.494,563
813.613,552
813.731,556
813.85,568
813.969,553
814.088,563
814.206,572
814.325,556
814.444,576
814.562,544
814.681,562
814.8,562
814.918,575
815.037,564
815.156,548
815.274,552
815.393,563
815.512,550
815.631,553
815.749,569
815.868,573
815.987,564
816.105,573
816.224,553
816.343,561
816.461,535
816.58,575
816.698,569
816.817,570
816.936,544
817.055,587
817.173,570
817.292,560
817.41,572
817.529,569
817.648,577
817.766,566
817.885,584
818.004,606
818.122,601
818.241,583
818.359,595
818.478,565
818.597,577
818.715,568
818.834,610
818.953,580
819.071,566
819.19,578
819.308,581
819.427,557
819.546,552
819.664,560
819.783,566
819.901,573
820.02,556
820.138,569
820.257,567
820.376,553
820.494,543
820.613,564
820.731,545
820.85,559
820.969,555
821.087,544
821.206,543
821.324,562
821.443,533
821.561,538
821.68,561
821.798,545
821.917,547
822.035,542
822.154,526
822.273,559
822.391,544
822.51,548
822.628,495
822.747,531
822.865,524
822.984,541
823.102,557
823.221,539
823.339,523
823.458,540
823.576,523
823.695,539
823.813,551
823.932,543
824.05,529
824.169,523
824.287,524
824.406,547
824.524,532
824.643,516
824.761,556
824.88,540
824.998,523
825.117,544
825.235,518
825.354,529
825.472,535
825.591,552
825.709,530
825.828,522
825.946,542
826.064,550
826.183,521
826.301,498
826.42,508
826.538,500
826.657,531
826.775,520
826.894,528
827.012,524
827.13,533
827.249,526
827.367,547
827.486,543
827.604,552
827.723,541
827.841,525
827.959,523
828.078,522
828.196,558
828.315,543
828.433,545
828.552,535
828.67,550
828.788,540
828.907,537
829.025,523
829.143,538
829.262,534
829.38,516
829.499,526
829.617,531
829.735,502
829.854,515
829.972,509
830.091,531
830.209,534
830.327,500
830.446,515
830.564,528
830.682,523
830.801,526
830.919,522
831.037,545
831.156,536
831.274,531
831.392,523
831.511,545
831.629,496
831.747,528
831.866,514
831.984,540
832.102,536
832.221,522
832.339,538
832.457,519
832.576,531
832.694,535
832.812,526
832.93,544
833.049,508
833.167,541
833.285,532
833.404,535
833.522,528
833.64,548
833.759,512
833.877,534
833.995,544
834.113,552
834.232,541
834.35,549
834.468,547
834.586,513
834.705,537
834.823,524
834.941,547
835.059,530
835.178,532
835.296,550
835.414,538
835.532,538
835.651,503
835.769,536
835.887,523
836.005,525
836.124,530
836.242,529
836.36,504
836.478,512
836.596,516
836.715,520
836.833,532
836.951,527
837.069,532
837.188,524
837.306,513
837.424,516
837.542,521
837.66,519
837.779,494
837.897,530
838.015,504
838.133,551
838.251,527
838.369,536
838.487,523
838.606,525
838.724,521
838.842,542
838.96,523
839.078,521
839.196,537
839.315,526
839.433,544
839.551,528
839.669,547
839.787,542
839.905,538
840.023,548
840.142,566
840.26,567
840.378,565
840.496,549
840.614,547
840.732,564
840.85,578
840.968,554
841.087,550
841.205,569
841.323,561
841.441,560
841.559,580
841.677,590
841.795,567
841.913,569
842.031,582
842.149,589
842.267,568
842.385,571
842.504,554
842.622,563
842.74,553
842.858,555
842.976,551
843.094,544
843.212,575
843.33,554
843.448,529
843.566,554
843.684,564
843.802,574
843.92,560
844.038,572
844.156,536
844.274,541
844.392,577
844.51,564
844.628,570
844.746,584
844.864,561
844.982,566
845.1,586
845.218,554
845.336,552
845.454,584
845.572,573
845.69,576
845.808,559
845.926,577
846.044,567
846.162,545
846.28,562
846.398,569
846.516,586
846.634,559
846.752,553
846.87,585
846.988,558
847.106,548
847.224,561
847.342,576
847.46,574
847.578,586
847.696,564
847.814,568
847.932,584
848.05,588
848.168,567
848.285,597
848.403,587
848.521,568
848.639,612
848.757,597
848.875,601
848.993,587
849.111,587
849.229,587
849.347,588
849.465,578
849.582,609
849.7,607
849.818,565
849.936,582
850.054,583
850.172,586
850.29,556
850.408,571
850.525,548
850.643,560
850.761,571
850.879,555
850.997,545
851.115,565
851.233,583
851.35,559
851.468,570
851.586,549
851.704,553
851.822,560
851.94,550
852.057,590
852.175,600
852.293,615
852.411,640
852.529,665
852.647,692
852.764,658
852.882,617
853.0,597
853.118,563
853.236,570
853.353,564
853.471,564
853.589,572
853.707,525
853.824,542
853.942,565
854.06,532
854.178,564
854.296,554
854.413,542
854.531,573
854.649,569
854.767,550
854.884,557
855.002,557
855.12,557
855.238,540
855.355,561
855.473,563
855.591,556
855.708,561
855.826,546
855.944,561
856.062,553
856.179,563
856.297,555
856.415,532
856.532,576
856.65,541
856.768,540
856.886,563
857.003,544
857.121,525
857.239,543
857.356,574
857.474,537
857.592,566
857.709,560
857.827,554
857.945,548
858.062,551
858.18,557
858.298,539
858.415,555
858.533,553
858.651,560
858.768,553
858.886,535
859.003,561
859.121,563
859.239,541
859.356,543
859.474,552
859.592,528
859.709,556
859.827,548
859.944,567
860.062,559
860.18,558
860.297,541
860.415,551
860.532,537
860.65,536
860.768,547
860.885,554
861.003,539
861.12,547
861.238,567
861.356,536
861.473,557
861.591,565
861.708,563
861.826,561
861.943,552
862.061,532
862.178,538
862.296,505
862.414,526
862.531,512
862.649,511
862.766,545
862.884,530
863.001,523
863.119,523
863.236,527
863.354,538
863.471,541
863.589,510
863.706,529
863.824,556
863.941,542
864.059,565
864.176,530
864.294,536
864.411,516
864.529,518
864.646,544
864.764,533
864.881,545
864.999,537
865.116,542
865.233,549
865.351,528
865.468,524
865.586,533
865.703,554
865.821,523
865.938,547
866.056,549
866.173,540
866.29,534
866.408,540
866.525,539
866.643,531
866.76,515
866.878,547
866.995,528
867.112,530
867.23,556
867.347,563
867.465,548
867.582,542
867.699,544
867.817,543
867.934,557
868.051,545
868.169,524
868.286,554
868.404,537
868.521,559
868.638,557
868.756,540
868.873,545
868.99,537
869.108,543
869.225,570
869.342,564
869.46,564
869.577,581
869.694,546
869.812,551
869.929,566
870.046,580
870.164,574
870.281,564
870.398,581
870.516,571
870.633,578
870.75,578
870.867,581
870.985,578
871.102,579
871.219,593
871.337,568
871.454,595
871.571,574
871.688,580
871.806,575
871.923,569
872.04,565
872.157,567
872.275,561
872.392,584
872.509,585
872.626,566
872.744,554
872.861,560
872.978,575
873.095,559
873.213,564
873.33,571
873.447,584
873.564,579
873.681,553
873.799,537
873.916,557
874.033,560
874.15,579
874.267,562
874.385,568
874.502,567
874.619,571
874.736,567
874.853,575
874.97,567
875.088,592
875.205,573
875.322,599
875.439,579
875.556,588
875.673,579
875.791,572
875.908,595
876.025,570
876.142,585
876.259,597
876.376,586
876.493,572
876.61,587
876.728,570
876.845,583
876.962,601
877.079,578
877.196,583
877.313,602
877.43,580
877.547,597
877.664,577
877.781,596
877.898,600
878.016,578
878.133,574
878.25,562
878.367,551
878.484,567
878.601,560
878.718,544
878.835,534
878.952,552
879.069,531
879.186,545
879.303,513
879.42,549
879.537,516
879.654,520
879.771,525
879.888,528
880.005,546
880.122,521
880.239,508
880.356,523
880.473,521
880.59,519
880.707,516
880.824,520
880.941,519
881.058,516
881.175,516
881.292,501
881.409,525
881.526,513
881.643,548
881.76,520
881.877,538
881.994,544
882.111,519
882.228,533
882.345,517
882.462,527
882.579,529
882.696,517
882.812,526
882.929,523
883.046,529
883.163,520
883.28,527
883.397,503
883.514,534
883.631,540
883.748,539
883.865,529
883.982,539
884.098,509
884.215,518
884.332,546
884.449,528
884.566,540
884.683,539
884.8,570
884.916,556
885.033,554
885.15,573
885.267,584
885.384,603
885.501,614
885.617,604
885.734,630
885.851,611
885.968,637
886.085,641
886.202,620
886.318,628
886.435,614
886.552,606
886.669,586
886.786,595
886.902,597
887.019,574
887.136,574
887.253,597
887.369,555
887.486,569
887.603,542
887.72,542
887.837,550
887.953,527
888.07,548
888.187,532
888.304,511
888.42,504
888.537,471
888.654,518
888.77,488
888.887,488
889.004,472
889.121,496
889.237,483
889.354,484
889.471,484
889.587,495
889.704,504
889.821,473
889.938,492
890.054,490
890.171,470
890.288,500
890.404,472
890.521,501
890.638,490
890.754,509
890.871,477
890.988,469
891.104,481
891.221,488
891.337,483
891.454,478
891.571,468
891.687,483
891.804,483
891.921,497
892.037,475
892.154,480
892.27,474
892.387,473
892.504,480
892.62,484
892.737,460
892.854,483
892.97,477
893.087,488
893.203,476
893.32,499
893.436,476
893.553,505
893.67,493
893.786,495
893.903,486
894.019,488
894.136,490
894.252,484
894.369,478
894.485,506
894.602,511
894.718,511
894.835,479
894.951,486
895.068,480
895.184,483
895.301,492
895.417,472
895.534,499
895.65,480
895.767,496
895.883,490
896.0,478
896.116,479
896.233,461
896.349,495
896.466,477
896.582,483
896.699,498
896.815,480
896.932,499
897.048,508
897.165,503
897.281,499
897.397,484
897.514,505
897.63,477
897.747,489
897.863,482
897.979,509
898.096,516
898.212,486
898.329,497
898.445,502
898.561,505
898.678,520
898.794,504
898.911,515
899.027,504
899.143,512
899.26,502
899.376,505
899.492,514
899.609,515
899.725,501
899.842,499
899.958,507
900.074,526
900.191,507
900.307,508
900.423,509
900.539,528
900.656,495
900.772,482
900.888,504
901.005,519
901.121,515
901.237,522
901.354,543
901.47,525
901.586,548
901.703,522
901.819,532
901.935,535
902.051,536
902.168,558
902.284,550
902.4,561
902.516,554
902.633,563
902.749,581
902.865,575
902.981,553
903.098,587
903.214,549
903.33,584
903.446,559
903.562,556
903.679,527
903.795,555
903.911,567
904.027,532
904.143,537
904.26,528
904.376,533
904.492,548
904.608,514
904.724,500
904.841,536
904.957,502
905.073,517
905.189,505
905.305,513
905.421,507
905.538,511
905.654,504
905.77,482
905.886,483
906.002,502
906.118,490
906.234,494
906.35,478
906.466,479
906.583,473
906.699,481
906.815,479
906.931,470
907.047,481
907.163,477
907.279,472
907.395,486
907.511,474
907.627,486
907.743,479
907.859,490
907.976,458
908.092,473
908.208,478
908.324,476
908.44,449
908.556,479
908.672,470
908.788,487
908.904,481
909.02,476
909.136,486
909.252,448
909.368,482
909.484,480
909.6,478
909.716,473
909.832,490
909.948,496
910.064,473
910.18,471
910.296,472
910.412,463
910.528,464
910.644,475
910.76,457
910.875,458
910.991,470
911.107,459
911.223,472
911.339,454
911.455,492
911.571,461
911.687,464
911.803,490
911.919,464
912.035,458
912.151,469
912.267,458
912.382,477
912.498,471
912.614,490
912.73,469
912.846,466
792.446,1709
792.565,1649
792.684,1646
792.803,1620
792.922,1572
793.041,1511
793.16,1431
793.279,1451
793.398,1399
793.518,1339
793.637,1312
793.756,1315
793.875,1282
793.994,1256
794.113,1230
794.232,1199
794.351,1190
794.47,1194
794.589,1112
794.708,1095
794.827,1076
794.946,1077
795.066,1091
795.185,1067
795.304,1058
795.423,1020
795.542,1013
795.661,1000
795.78,990
795.899,945
796.018,939
796.137,959
796.256,974
796.375,907
796.494,887
796.613,930
796.732,919
796.851,872
796.97,863
797.089,826
797.208,844
797.327,838
797.446,819
797.565,803
797.684,801
797.803,793
797.922,792
798.041,806
798.16,809
798.279,787
798.398,781
798.517,764
798.636,774
798.755,774
798.874,788
798.993,768
799.112,755
799.231,757
799.35,738
799.469,743
799.588,750
799.707,775
799.826,752
799.945,724
800.064,755
800.183,706
800.302,748
800.421,742
800.54,695
800.659,688
800.778,715
800.897,685
801.016,703
801.135,681
801.254,680
801.373,655
801.492,696
801.611,661
801.729,687
801.848,669
801.967,675
802.086,665
802.205,675
802.324,663
802.443,653
802.562,652
802.681,671
802.8,641
802.919,670
803.038,629
803.157,659
803.276,602
803.394,655
803.513,646
803.632,623
803.751,621
803.87,615
803.989,641
804.108,633
804.227,617
804.346,631
804.465,648
804.583,643
804.702,643
804.821,589
804.94,619
805.059,616
805.178,615
805.297,606
805.416,602
805.535,628
805.653,611
805.772,636
805.891,633
806.01,611
806.129,607
806.248,600
806.367,621
806.485,618
806.604,621
806.723,594
806.842,598
806.961,596
807.08,596
807.198,588
807.317,590
807.436,604
807.555,571
807.674,578
807.793,600
807.912,601
808.03,570
808.149,582
808.268,597
808.387,577
808.506,542
808.624,571
808.743,571
808.862,574
808.981,554
809.1,566
809.219,568
809.337,577
809.456,551
809.575,602
809.694,578
809.812,571
809.931,552
810.05,577
810.169,558
810.288,580
810.406,558
810.525,575
810.644,572
810.763,568
810.882,588
811.0,563
811.119,567
811.238,572
811.357,591
811.475,568
811.594,561
811.713,590
811.832,559
811.95,567
812.069,597
812.188,579
812.307,583
812.425,574
812.544,570
812.663,601
812.782,582
812.9,563
813.019,575
813.138,566
813.257,578
813.375,571
813.494,549
813.613,588
813.731,548
813.85,594
813.969,550
814.088,555
814.206,569
814.325,543
814.444,553
814.562,595
814.681,561
814.8,557
814.918,559
815.037,573
815.156,553
815.274,547
815.393,578
815.512,568
815.631,560
815.749,562
815.868,542
815.987,571
816.105,556
816.224,594
816.343,539
816.461,549
816.58,565
816.698,573
816.817,542
816.936,585
817.055,568
817.173,598
817.292,575
817.41,587
817.529,561
817.648,560
817.766,562
817.885,592
818.004,580
818.122,589
818.241,584
818.359,574
818.478,583
818.597,577
818.715,566
818.834,573
818.953,546
819.071,568
819.19,564
819.308,556
819.427,582
819.546,570
819.664,548
819.783,556
819.901,565
820.02,580
820.138,552
820.257,555
820.376,552
820.494,567
820.613,557
820.731,560
820.85,532
820.969,540
821.087,592
821.206,530
821.324,545
821.443,550
821.561,534
821.68,541
821.798,551
821.917,558
822.035,550
822.154,553
822.273,530
822.391,549
822.51,508
822.628,554
822.747,530
822.865,527
822.984,537
823.102,534
823.221,558
823.339,522
823.458,540
823.576,557
823.695,540
823.813,541
823.932,536
824.05,536
824.169,524
824.287,526
824.406,530
824.524,514
824.643,520
824.761,536
824.88,562
824.998,508
825.117,550
825.235,541
825.354,541
825.472,539
825.591,532
825.709,540
825.828,534
825.946,549
826.064,552
826.183,519
826.301,520
826.42,538
826.538,518
826.657,550
826.775,537
826.894,532
827.012,529
827.13,534
827.249,560
827.367,546
827.486,537
827.604,525
827.723,522
827.841,535
827.959,538
828.078,524
828.196,536
828.315,550
828.433,535
828.552,535
828.67,507
828.788,541
828.907,530
829.025,529
829.143,521
829.262,537
829.38,520
829.499,528
829.617,528
829.735,543
829.854,512
829.972,519
830.091,501
830.209,504
830.327,524
830.446,538
830.564,527
830.682,511
830.801,504
830.919,543
831.037,532
831.156,554
831.274,516
831.392,541
831.511,511
831.629,528
831.747,539
831.866,524
831.984,533
832.102,527
832.221,530
832.339,548
832.457,560
832.576,533
832.694,507
832.812,531
832.93,541
833.049,526
833.167,535
833.285,530
833.404,529
833.522,518
833.64,507
833.759,548
833.877,532
833.995,545
834.113,524
834.232,533
834.35,530
834.468,543
834.586,543
834.705,529
834.823,553
834.941,537
835.059,533
835.178,549
835.296,538
835.414,545
835.532,536
835.651,533
835.769,540
835.887,532
836.005,536
836.124,510
836.242,519
836.36,523
836.478,517
836.596,530
836.715,499
836.833,500
836.951,520
837.069,521
837.188,484
837.306,521
837.424,507
837.542,530
837.66,513
837.779,509
837.897,517
838.015,528
838.133,530
838.251,536
838.369,509
838.487,527
838.606,534
838.724,522
838.842,526
838.96,523
839.078,530
839.196,523
839.315,530
839.433,510
839.551,523
839.669,534
839.787,549
839.905,536
840.023,543
840.142,545
840.26,551
840.378,548
840.496,557
840.614,566
840.732,562
840.85,545
840.968,540
841.087,576
841.205,580
841.323,563
841.441,548
841.559,563
841.677,563
841.795,600
841.913,585
842.031,590
842.149,556
842.267,571
842.385,556
842.504,567
842.622,581
842.74,556
842.858,561
842.976,571
843.094,547
843.212,560
843.33,564
843.448,548
843.566,548
843.684,581
843.802,548
843.92,571
844.038,549
844.156,548
844.274,564
844.392,590
844.51,553
844.628,570
844.746,559
844.864,585
844.982,558
845.1,570
845.218,580
845.336,567
845.454,558
845.572,574
845.69,571
845.808,576
845.926,555
846.044,568
846.162,573
846.28,554
846.398,564
846.516,592
846.634,563
846.752,590
846.87,576
846.988,558
847.106,573
847.224,572
847.342,574
847.46,584
847.578,573
847.696,586
847.814,575
847.932,573
848.05,601
848.168,596
848.285,583
848.403,577
848.521,603
848.639,594
848.757,568
848.875,590
848.993,585
849.111,584
849.229,575
849.347,604
849.465,584
849.582,566
849.7,589
849.818,581
849.936,563
850.054,589
850.172,583
850.29,568
850.408,543
850.525,577
850.643,559
850.761,577
850.879,557
850.997,540
851.115,561
851.233,573
851.35,540
851.468,565
851.586,595
851.704,586
851.822,571
851.94,570
852.057,556
852.175,593
852.293,587
852.411,645
852.529,665
852.647,655
852.764,669
852.882,594
853.0,616
853.118,577
853.236,557
853.353,568
853.471,564
853.589,578
853.707,547
853.824,556
853.942,560
854.06,551
854.178,568
854.296,553
854.413,565
854.531,558
854.649,570
854.767,584
854.884,562
855.002,538
855.12,562
855.238,566
855.355,551
855.473,563
855.591,552
855.708,565
855.826,561
855.944,557
856.062,557
856.179,560
856.297,552
856.415,576
856.532,561
856.65,562
856.768,565
856.886,580
857.003,529
857.121,561
857.239,521
857.356,569
857.474,555
857.592,548
857.709,558
857.827,556
857.945,557
858.062,548
858.18,554
858.298,537
858.415,546
858.533,566
858.651,540
858.768,547
858.886,556
859.003,560
859.121,569
859.239,563
859.356,535
859.474,564
859.592,582
859.709,556
859.827,557
859.944,568
860.062,549
860.18,546
860.297,553
860.415,536
860.532,555
860.65,557
860.768,541
860.885,568
861.003,543
861.12,547
861.238,581
861.356,555
861.473,558
861.591,547
861.708,566
861.826,565
861.943,544
862.061,537
862.178,556
862.296,532
862.414,519
862.531,522
862.649,525
862.766,520
862.884,514
863.001,515
863.119,533
863.236,536
863.354,512
863.471,543
863.589,544
863.706,527
863.824,551
863.941,551
864.059,548
864.176,530
864.294,507
864.411,545
864.529,528
864.646,536
864.764,522
864.881,537
864.999,536
865.116,543
865.233,534
865.351,548
865.468,545
865.586,533
865.703,537
865.821,536
865.938,553
866.056,538
866.173,525
866.29,550
866.408,521
866.525,540
866.643,522
866.76,544
866.878,533
866.995,542
867.112,535
867.23,550
867.347,538
867.465,557
867.582,561
867.699,569
867.817,553
867.934,564
868.051,540
868.169,555
868.286,567
868.404,529
868.521,553
868.638,542
868.756,548
868.873,550
868.99,555
869.108,567
869.225,568
869.342,551
869.46,559
869.577,563
869.694,546
869.812,560
869.929,571
870.046,581
870.164,568
870.281,589
870.398,567
870.516,580
870.633,549
870.75,564
870.867,575
870.985,569
871.102,582
871.219,558
871.337,582
871.454,576
871.571,583
871.688,578
871.806,592
871.923,576
872.04,568
872.157,556
872.275,531
872.392,563
872.509,566
872.626,583
872.744,577
872.861,585
872.978,558
873.095,577
873.213,583
873.33,568
873.447,551
873.564,579
873.681,572
873.799,577
873.916,563
874.033,561
874.15,572
874.267,562
874.385,577
874.502,565
874.619,560
874.736,575
874.853,567
874.97,571
875.088,587
875.205,591
875.322,587
875.439,570
875.556,591
875.673,594
875.791,590
875.908,568
876.025,589
876.142,596
876.259,576
876.376,583
876.493,568
876.61,591
876.728,577
876.845,569
876.962,544
877.079,598
877.196,592
877.313,579
877.43,571
877.547,592
877.664,576
877.781,591
877.898,562
878.016,574
878.133,575
878.25,579
878.367,581
878.484,575
878.601,552
878.718,563
878.835,546
878.952,554
879.069,546
879.186,548
879.303,540
879.42,543
879.537,520
879.654,536
879.771,519
879.888,514
880.005,538
880.122,518
880.239,516
880.356,528
880.473,503
880.59,531
880.707,503
880.824,529
880.941,519
881.058,536
881.175,542
881.292,524
881.409,517
881.526,514
881.643,511
881.76,519
881.877,509
881.994,524
882.111,526
882.228,510
882.345,521
882.462,539
882.579,522
882.696,532
882.812,525
882.929,560
883.046,506
883.163,534
883.28,520
883.397,530
883.514,536
883.631,530
883.748,527
883.865,538
883.982,549
884.098,526
884.215,532
884.332,531
884.449,549
884.566,530
884.683,553
884.8,566
884.916,573
885.033,555
885.15,573
885.267,579
885.384,590
885.501,597
885.617,623
885.734,606
885.851,620
885.968,638
886.085,614
886.202,631
886.318,613
886.435,621
886.552,612
886.669,631
886.786,596
886.902,607
887.019,593
887.136,594
887.253,610
887.369,567
887.486,550
887.603,565
887.72,544
887.837,527
887.953,560
888.07,525
888.187,516
888.304,504
888.42,522
888.537,509
888.654,482
888.77,500
888.887,516
889.004,503
889.121,483
889.237,493
889.354,488
889.471,492
889.587,480
889.704,498
889.821,492
889.938,488
890.054,476
890.171,485
890.288,472
890.404,463
890.521,485
890.638,486
890.754,474
890.871,489
890.988,490
891.104,485
891.221,482
891.337,494
891.454,462
891.571,482
891.687,497
891.804,494
891.921,474
892.037,476
892.154,481
892.27,487
892.387,500
892.504,486
892.62,489
892.737,486
892.854,471
892.97,501
893.087,506
893.203,486
893.32,476
893.436,479
893.553,496
893.67,503
893.786,502
893.903,501
894.019,510
894.136,490
894.252,486
894.369,507
894.485,502
894.602,505
894.718,491
894.835,486
894.951,502
895.068,514
895.184,472
895.301,481
895.417,470
895.534,501
895.65,492
895.767,455
895.883,473
896.0,481
896.116,471
896.233,508
896.349,471
896.466,487
896.582,500
896.699,491
896.815,491
896.932,462
897.048,484
897.165,512
897.281,495
897.397,494
897.514,485
897.63,501
897.747,509
897.863,491
897.979,493
898.096,525
898.212,492
898.329,531
898.445,523
898.561,527
898.678,513
898.794,507
898.911,522
899.027,512
899.143,498
899.26,498
899.376,488
899.492,526
899.609,508
899.725,484
899.842,507
899.958,503
900.074,496
900.191,514
900.307,503
900.423,500
900.539,493
900.656,527
900.772,507
900.888,498
901.005,508
901.121,533
901.237,539
901.354,550
901.47,531
901.586,527
901.703,527
901.819,537
901.935,554
902.051,538
902.168,563
902.284,588
902.4,578
902.516,581
902.633,575
902.749,577
902.865,584
902.981,574
903.098,573
903.214,561
903.33,560
903.446,540
903.562,563
903.679,574
903.795,559
903.911,547
904.027,550
904.143,562
904.26,540
904.376,517
904.492,525
904.608,518
904.724,517
904.841,523
904.957,495
905.073,513
905.189,488
905.305,540
905.421,514
905.538,496
905.654,503
905.77,487
905.886,472
906.002,520
906.118,473
906.234,484
906.35,499
906.466,494
906.583,477
906.699,475
906.815,474
906.931,458
907.047,469
907.163,476
907.279,483
907.395,492
907.511,467
907.627,474
907.743,492
907.859,469
907.976,477
908.092,472
908.208,466
908.324,478
908.44,468
908.556,482
908.672,465
908.788,474
908.904,484
909.02,470
909.136,464
909.252,482
909.368,488
909.484,483
909.6,472
909.716,470
909.832,471
909.948,482
910.064,470
910.18,482
910.296,478
910.412,492
910.528,447
910.644,483
910.76,465
910.875,472
910.991,486
911.107,483
911.223,477
911.339,472
911.455,461
911.571,471
911.687,481
911.803,501
911.919,458
912.035,493
912.151,451
912.267,468
912.382,477
912.498,482
912.614,466
912.73,467
912.846,476
792.446,1743
792.565,1636
792.684,1711
792.803,1634
792.922,1543
793.041,1456
793.16,1475
793.279,1409
793.398,1409
793.518,1369
793.637,1318
793.756,1326
793.875,1310
793.994,1284
794.113,1233
794.232,1177
794.351,1183
794.47,1181
794.589,1160
794.708,1120
794.827,1114
794.946,1075
795.066,1065
795.185,1050
795.304,1061
795.423,1009
795.542,1043
795.661,1000
795.78,994
795.899,960
796.018,951
796.137,949
796.256,917
796.375,909
796.494,905
796.613,879
796.732,884
796.851,866
796.97,852
797.089,860
797.208,845
797.327,820
797.446,823
797.565,832
797.684,806
797.803,790
797.922,785
798.041,818
798.16,787
798.279,783
798.398,779
798.517,768
798.636,770
798.755,788
798.874,768
798.993,772
799.112,798
799.231,740
799.35,753
799.469,767
799.588,737
799.707,709
799.826,747
799.945,742
800.064,719
800.183,736
800.302,734
800.421,712
800.54,708
800.659,696
800.778,685
800.897,687
801.016,702
801.135,694
801.254,695
801.373,683
801.492,693
801.611,653
801.729,661
801.848,677
801.967,695
802.086,683
802.205,671
802.324,662
802.443,666
802.562,654
802.681,668
802.8,656
802.919,650
803.038,648
803.157,650
803.276,629
803.394,643
803.513,641
803.632,611
803.751,653
803.87,627
803.989,628
804.108,624
804.227,639
804.346,616
804.465,621
804.583,601
804.702,612
804.821,612
804.94,646
805.059,611
805.178,627
805.297,618
805.416,599
805.535,593
805.653,598
805.772,619
805.891,591
806.01,630
806.129,614
806.248,614
806.367,615
806.485,605
806.604,593
806.723,607
806.842,609
806.961,574
807.08,568
807.198,589
807.317,570
807.436,612
807.555,579
807.674,567
807.793,589
807.912,595
808.03,568
808.149,567
808.268,577
808.387,576
808.506,569
808.624,598
808.743,552
808.862,566
808.981,558
809.1,575
809.219,540
809.337,552
809.456,558
809.575,568
809.694,560
809.812,573
809.931,568
810.05,551
810.169,560
810.288,564
810.406,551
810.525,557
810.644,580
810.763,568
810.882,563
811.0,565
811.119,574
811.238,550
811.357,568
811.475,572
811.594,566
811.713,570
811.832,552
811.95,569
812.069,569
812.188,572
812.307,592
812.425,583
812.544,581
812.663,578
812.782,556
812.9,581
813.019,579
813.138,575
813.257,577
813.375,555
813.494,558
813.613,577
813.731,563
813.85,566
813.969,572
814.088,557
814.206,567
814.325,562
814.444,561
814.562,552
814.681,558
814.8,557
814.918,561
815.037,554
815.156,570
815.274,544
815.393,559
815.512,545
815.631,535
815.749,557
815.868,553
815.987,565
816.105,570
816.224,550
816.343,533
816.461,545
816.58,564
816.698,541
816.817,559
816.936,554
817.055,555
817.173,569
817.292,568
817.41,557
817.529,567
817.648,569
817.766,545
817.885,549
818.004,576
818.122,583
818.241,552
818.359,580
818.478,560
818.597,578
818.715,544
818.834,546
818.953,540
819.071,553
819.19,563
819.308,575
819.427,568
819.546,572
819.664,548
819.783,572
819.901,563
820.02,547
820.138,549
820.257,554
820.376,540
820.494,558
820.613,567
820.731,571
820.85,542
820.969,538
821.087,546
821.206,528
821.324,547
821.443,539
821.561,536
821.68,559
821.798,546
821.917,563
822.035,544
822.154,534
822.273,552
822.391,537
822.51,545
822.628,549
822.747,509
822.865,526
822.984,542
823.102,543
823.221,533
823.339,545
823.458,513
823.576,534
823.695,520
823.813,532
823.932,559
824.05,533
824.169,513
824.287,541
824.406,532
824.524,538
824.643,525
824.761,542
824.88,524
824.998,529
825.117,519
825.235,528
825.354,539
825.472,537
825.591,538
825.709,553
825.828,531
825.946,560
826.064,541
826.183,541
826.301,515
826.42,519
826.538,532
826.657,530
826.775,520
826.894,532
827.012,515
827.13,539
827.249,530
827.367,516
827.486,533
827.604,537
827.723,514
827.841,537
827.959,514
828.078,513
828.196,532
828.315,507
828.433,519
828.552,529
828.67,507
828.788,520
828.907,525
829.025,530
829.143,521
829.262,526
829.38,517
829.499,543
829.617,542
829.735,544
829.854,494
829.972,505
830.091,512
830.209,522
830.327,525
830.446,499
830.564,537
830.682,509
830.801,510
830.919,520
831.037,504
831.156,519
831.274,496
831.392,534
831.511,528
831.629,489
831.747,515
831.866,524
831.984,528
832.102,521
832.221,522
832.339,527
832.457,541
832.576,527
832.694,525
832.812,528
832.93,514
833.049,536
833.167,534
833.285,537
833.404,532
833.522,511
833.64,531
833.759,534
833.877,524
833.995,540
834.113,523
834.232,511
834.35,557
834.468,524
834.586,532
834.705,535
834.823,539
834.941,550
835.059,526
835.178,575
835.296,529
835.414,542
835.532,517
835.651,519
835.769,531
835.887,538
836.005,533
836.124,535
836.242,512
836.36,499
836.478,487
836.596,515
836.715,497
836.833,505
836.951,517
837.069,512
837.188,503
837.306,511
837.424,500
837.542,532
837.66,515
837.779,520
837.897,510
838.015,528
838.133,504
838.251,521
838.369,514
838.487,523
838.606,518
838.724,516
838.842,504
838.96,514
839.078,502
839.196,503
839.315,520
839.433,539
839.551,524
839.669,540
839.787,537
839.905,552
840.023,560
840.142,570
840.26,549
840.378,544
840.496,551
840.614,549
840.732,551
840.85,532
840.968,539
841.087,570
841.205,567
841.323,552
841.441,555
841.559,574
841.677,572
841.795,565
841.913,555
842.031,559
842.149,550
842.267,577
842.385,574
842.504,551
842.622,551
842.74,561
842.858,549
842.976,552
843.094,533
843.212,546
843.33,541
843.448,559
843.566,545
843.684,545
843.802,559
843.92,572
844.038,554
844.156,576
844.274,546
844.392,559
844.51,563
844.628,583
844.746,556
844.864,585
844.982,572
845.1,571
845.218,555
845.336,579
845.454,559
845.572,564
845.69,553
845.808,576
845.926,583
846.044,595
846.162,572
846.28,556
846.398,542
846.516,591
846.634,572
846.752,570
846.87,558
846.988,559
847.106,577
847.224,578
847.342,570
847.46,599
847.578,575
847.696,572
847.814,567
847.932,605
848.05,577
848.168,585
848.285,612
848.403,577
848.521,575
848.639,594
848.757,572
848.875,601
848.993,574
849.111,605
849.229,565
849.347,597
849.465,572
849.582,585
849.7,577
849.818,575
849.936,570
850.054,577
850.172,573
850.29,547
850.408,561
850.525,544
850.643,564
850.761,574
850.879,559
850.997,561
851.115,566
851.233,562
851.35,576
851.468,564
851.586,567
851.704,546
851.822,551
851.94,536
852.057,550
852.175,590
852.293,609
852.411,649
852.529,653
852.647,654
852.764,653
852.882,628
853.0,592
853.118,590
853.236,572
853.353,562
853.471,557
853.589,579
853.707,549
853.824,567
853.942,554
854.06,560
854.178,573
854.296,549
854.413,580
854.531,568
854.649,577
854.767,579
854.884,556
855.002,584
855.12,547
855.238,580
855.355,551
855.473,571
855.591,554
855.708,585
855.826,544
855.944,551
856.062,569
856.179,560
856.297,555
856.415,574
856.532,551
856.65,556
856.768,555
856.886,539
857.003,543
857.121,571
857.239,546
857.356,537
857.474,574
857.592,558
857.709,572
857.827,557
857.945,540
858.062,552
858.18,557
858.298,566
858.415,537
858.533,557
858.651,536
858.768,555
858.886,545
859.003,551
859.121,561
859.239,556
859.356,568
859.474,543
859.592,570
859.709,563
859.827,549
859.944,569
860.062,545
860.18,557
860.297,552
860.415,558
860.532,539
860.65,551
860.768,525
860.885,547
861.003,522
861.12,582
861.238,554
861.356,573
861.473,566
861.591,551
861.708,550
861.826,563
861.943,521
862.061,548
862.178,525
862.296,542
862.414,529
862.531,530
862.649,503
862.766,534
862.884,505
863.001,515
863.119,502
863.236,518
863.354,523
863.471,524
863.589,544
863.706,540
863.824,539
863.941,559
864.059,557
864.176,542
864.294,505
864.411,527
864.529,529
864.646,533
864.764,527
864.881,514
864.999,551
865.116,537
865.233,542
865.351,568
865.468,565
865.586,530
865.703,521
865.821,548
865.938,530
866.056,512
866.173,542
866.29,519
866.408,526
866.525,534
866.643,523
866.76,529
866.878,516
866.995,555
867.112,534
867.23,550
867.347,564
867.465,560
867.582,565
867.699,559
867.817,561
867.934,584
868.051,534
868.169,538
868.286,544
868.404,543
868.521,562
868.638,542
868.756,571
868.873,560
868.99,532
869.108,572
869.225,563
869.342,569
869.46,558
869.577,550
869.694,554
869.812,570
869.929,576
870.046,564
870.164,580
870.281,575
870.398,569
870.516,566
870.633,572
870.75,576
870.867,567
870.985,561
871.102,570
871.219,569
871.337,580
871.454,572
871.571,542
871.688,560
871.806,573
871.923,577
872.04,581
872.157,569
872.275,577
872.392,577
872.509,569
872.626,576
872.744,576
872.861,567
872.978,591
873.095,547
873.213,534
873.33,567
873.447,582
873.564,578
873.681,560
873.799,554
873.916,558
874.033,578
874.15,568
874.267,550
874.385,557
874.502,560
874.619,578
874.736,559
874.853,548
874.97,584
875.088,567
875.205,594
875.322,569
875.439,609
875.556,589
875.673,568
875.791,570
875.908,607
876.025,563
876.142,582
876.259,584
876.376,551
876.493,567
876.61,590
876.728,576
876.845,602
876.962,596
877.079,592
877.196,581
877.313,583
877.43,601
877.547,615
877.664,561
877.781,602
877.898,582
878.016,567
878.133,581
878.25,578
878.367,587
878.484,562
878.601,551
878.718,587
878.835,544
878.952,534
879.069,542
879.186,550
879.303,540
879.42,534
879.537,531
879.654,542
879.771,509
879.888,537
880.005,508
880.122,521
880.239,509
880.356,532
880.473,514
880.59,493
880.707,526
880.824,508
880.941,507
881.058,500
881.175,516
881.292,504
881.409,516
881.526,517
881.643,525
881.76,516
881.877,536
881.994,535
882.111,530
882.228,523
882.345,531
882.462,518
882.579,507
882.696,511
882.812,522
882.929,497
883.046,524
883.163,532
883.28,508
883.397,533
883.514,517
883.631,543
883.748,541
883.865,506
883.982,532
884.098,539
884.215,521
884.332,529
884.449,534
884.566,553
884.683,543
884.8,551
884.916,547
885.033,591
885.15,594
885.267,610
885.384,579
885.501,589
885.617,609
885.734,626
885.851,611
885.968,636
886.085,614
886.202,619
886.318,615
886.435,614
886.552,616
886.669,600
886.786,607
886.902,612
887.019,584
887.136,578
887.253,575
887.369,561
887.486,561
887.603,579
887.72,560
887.837,547
887.953,553
888.07,522
888.187,540
888.304,518
888.42,509
888.537,499
888.654,485
888.77,503
888.887,494
889.004,501
889.121,482
889.237,487
889.354,496
889.471,493
889.587,475
889.704,492
889.821,491
889.938,472
890.054,469
890.171,462
890.288,485
890.404,504
890.521,488
890.638,498
890.754,492
890.871,487
890.988,456
891.104,500
891.221,456
891.337,483
891.454,471
891.571,491
891.687,469
891.804,470
891.921,461
892.037,478
892.154,474
892.27,485
892.387,466
892.504,485
892.62,474
892.737,498
892.854,478
892.97,485
893.087,483
893.203,493
893.32,485
893.436,486
893.553,493
893.67,481
893.786,494
893.903,468
894.019,480
894.136,485
894.252,486
894.369,507
894.485,488
894.602,488
894.718,496
894.835,480
894.951,470
895.068,475
895.184,483
895.301,498
895.417,497
895.534,487
895.65,491
895.767,492
895.883,477
896.0,485
896.116,494
896.233,489
896.349,481
896.466,487
896.582,508
896.699,503
896.815,499
896.932,507
897.048,488
897.165,492
897.281,480
897.397,480
897.514,500
897.63,514
897.747,484
897.863,506
897.979,498
898.096,492
898.212,496
898.329,516
898.445,500
898.561,523
898.678,517
898.794,512
898.911,496
899.027,505
899.143,490
899.26,504
899.376,530
899.492,527
899.609,508
899.725,496
899.842,516
899.958,487
900.074,499
900.191,499
900.307,497
900.423,527
900.539,502
900.656,522
900.772,491
900.888,502
901.005,518
901.121,528
901.237,533
901.354,523
901.47,517
901.586,535
901.703,532
901.819,562
901.935,562
902.051,570
902.168,545
902.284,551
902.4,567
902.516,584
902.633,596
902.749,590
902.865,577
902.981,561
903.098,583
903.214,579
903.33,560
903.446,554
903.562,575
903.679,575
903.795,550
903.911,543
904.027,546
904.143,542
904.26,529
904.376,547
904.492,529
904.608,542
904.724,530
904.841,529
904.957,501
905.073,515
905.189,519
905.305,515
905.421,498
905.538,508
905.654,516
905.77,498
905.886,491
906.002,507
906.118,483
906.234,492
906.35,477
906.466,484
906.583,478
906.699,494
906.815,482
906.931,479
907.047,463
907.163,481
907.279,482
907.395,473
907.511,474
907.627,488
907.743,477
907.859,482
907.976,458
908.092,459
908.208,451
908.324,492
908.44,476
908.556,482
908.672,471
908.788,463
908.904,479
909.02,487
909.136,464
909.252,499
909.368,468
909.484,452
909.6,459
909.716,466
909.832,456
909.948,452
910.064,461
910.18,472
910.296,455
910.412,484
910.528,483
910.644,477
910.76,466
910.875,475
910.991,486
911.107,475
911.223,471
911.339,489
911.455,469
911.571,469
911.687,473
911.803,473
911.919,473
912.035,466
912.151,465
912.267,481
912.382,469
912.498,474
912.614,463
912.73,472
912.846,479
