792.44574,3661
792.56488,3604
792.68396,3545
792.80304,3435
792.92218,3333
793.041199,3309
793.160339,3259
793.279419,3210
793.398499,3137
793.517578,3086
793.636658,2932
793.755737,2993
793.874817,2950
793.993896,2875
794.112976,2804
794.232056,2838
794.351074,2717
794.470215,2766
794.589233,2697
794.708313,2636
794.827393,2607
794.946411,2559
795.065552,2588
795.18457,2542
795.303589,2526
795.422668,2511
795.541687,2483
795.660767,2447
795.779846,2395
795.898865,2402
796.017883,2390
796.136963,2352
796.255981,2361
796.375061,2269
796.49408,2262
796.613037,2298
796.732117,2233
796.851135,2245
796.970154,2225
797.089233,2226
797.208191,2184
797.327271,2203
797.446228,2165
797.565186,2174
797.684265,2183
797.803223,2154
797.922241,2148
798.04126,2117
798.160278,2096
798.279297,2090
798.398315,2144
798.517273,2041
798.636292,2080
798.75531,2093
798.874268,2039
798.993286,2087
799.112244,2066
799.231323,2061
799.350281,2091
799.469238,2051
799.588257,2062
799.707153,1986
799.826111,2052
799.945129,2069
800.064087,1990
800.183044,1972
800.302063,2037
800.421021,2014
800.539978,2035
800.658936,1969
800.777893,1994
800.896912,2033
801.015747,1982
801.134705,1976
801.253723,1994
801.37262,1952
801.491638,1995
801.610535,1966
801.729492,1946
801.84845,1958
801.967407,1906
802.086243,1961
802.205261,1918
802.324158,1938
802.443115,1933
802.562073,1915
802.680969,1990
802.799927,1904
802.918762,1880
803.037659,1853
803.156677,1892
803.275574,1918
803.39447,1843
803.513428,1847
803.632263,1938
803.751221,1831
803.870117,1852
803.989014,1885
804.107971,1879
804.226746,1829
804.345642,1819
804.4646,1843
804.583496,1865
804.702393,1869
804.821228,1851
804.940125,1892
805.059021,1867
805.177917,1905
805.296814,1841
805.415649,1857
805.534546,1850
805.653442,1848
805.772278,1841
805.891113,1866
806.01001,1902
806.128906,1827
806.247742,1831
806.366577,1836
806.485413,1831
806.604309,1815
806.723145,1826
806.84198,1825
806.960876,1812
807.079712,1799
807.198486,1797
807.317383,1831
807.436218,1818
807.554993,1814
807.673889,1772
807.792725,1802
807.91156,1803
808.030396,1844
808.14917,1772
808.268005,1792
808.386841,1740
808.505676,1812
808.624451,1787
808.743286,1753
808.862122,1778
808.980896,1816
809.099731,1762
809.218506,1796
809.337341,1763
809.456116,1774
809.57489,1777
809.693726,1824
809.8125,1743
809.931274,1800
810.050049,1791
810.168884,1814
810.287659,1802
810.406372,1786
810.525269,1778
810.643982,1796
810.762756,1773
810.881531,1798
811.000305,1781
811.11908,1822
811.237854,1797
811.356567,1783
811.475403,1800
811.594116,1846
811.71283,1867
811.831604,1798
811.950378,1806
812.069153,1865
812.187927,1852
812.30658,1824
812.425415,1848
812.544128,1834
812.662781,1839
812.781616,1833
812.900269,1844
813.019043,1785
813.137756,1783
813.256531,1791
813.375244,1813
813.493896,1751
813.612671,1774
813.731384,1803
813.850037,1739
813.96875,1743
814.087524,1739
814.206238,1720
814.324951,1773
814.443604,1731
814.562256,1753
814.68103,1754
814.799683,1753
814.918335,1766
815.037109,1779
815.155762,1755
815.274475,1778
815.393188,1709
815.511841,1721
815.630554,1758
815.749146,1760
815.867859,1733
815.986572,1743
816.105164,1741
816.223877,1767
816.342529,1804
816.461182,1798
816.579895,1789
816.698486,1758
816.817139,1838
816.935791,1800
817.054504,1804
817.173096,1779
817.291748,1833
817.4104,1783
817.529053,1761
817.647644,1763
817.766235,1779
817.884949,1774
818.00354,1772
818.122192,1754
818.240845,1740
818.359436,1766
818.478088,1741
818.59668,1744
818.715271,1712
818.833923,1711
818.952515,1691
819.071106,1669
819.189758,1674
819.30835,1692
819.426941,1698
819.545532,1689
819.664124,1709
819.782715,1696
819.901306,1707
820.019897,1688
820.138489,1667
820.25708,1727
820.375671,1699
820.494202,1696
820.612732,1727
820.731384,1707
820.849915,1681
820.968506,1702
821.087097,1686
821.205627,1681
821.324158,1660
821.442749,1631
821.561279,1687
821.679871,1707
821.798401,1638
821.916931,1699
822.035461,1699
822.154053,1663
822.272583,1625
822.391174,1663
822.509583,1639
822.628174,1666
822.746704,1665
822.865234,1593
822.983765,1645
823.102295,1637
823.220825,1631
823.339294,1618
823.457825,1627
823.576355,1587
823.694824,1641
823.813354,1615
823.931885,1582
824.050354,1606
824.168884,1572
824.287354,1623
824.405823,1578
824.524353,1649
824.642822,1591
824.761353,1594
824.879822,1590
824.998291,1617
825.116699,1580
825.235291,1622
825.353699,1649
825.472168,1582
825.590637,1624
825.709106,1653
825.827576,1613
825.946045,1555
826.064453,1616
826.182983,1564
826.301392,1648
826.4198,1542
826.53833,1570
826.656738,1562
826.775208,1574
826.893677,1603
827.012024,1592
827.130493,1589
827.248962,1586
827.36731,1587
827.485779,1583
827.604248,1611
827.722595,1614
827.841064,1574
827.959412,1615
828.077942,1595
828.196289,1572
828.314636,1541
828.433105,1579
828.551514,1603
828.669861,1592
828.78833,1569
828.906677,1594
829.025085,1592
829.143433,1595
829.261841,1585
829.38031,1583
829.498657,1593
829.617004,1599
829.735413,1617
829.85376,1575
829.972107,1585
830.090515,1593
830.208862,1586
830.327209,1573
830.445557,1569
830.563904,1582
830.682312,1567
830.800659,1556
830.919006,1592
831.037354,1592
831.155701,1567
831.274048,1586
831.392395,1596
831.51062,1543
831.629028,1588
831.747314,1568
831.865662,1558
831.984009,1573
832.102356,1586
832.220642,1579
832.338928,1567
832.457275,1578
832.575623,1571
832.693909,1559
832.812134,1610
832.930481,1580
833.048828,1534
833.167114,1574
833.2854,1573
833.403687,1590
833.521973,1557
833.640259,1581
833.758545,1572
833.876831,1616
833.995056,1614
834.113281,1600
834.231628,1577
834.349915,1576
834.468201,1568
834.586426,1572
834.704651,1599
834.822998,1613
834.941162,1622
835.059448,1574
835.177673,1579
835.295959,1573
835.414246,1575
835.53241,1579
835.650635,1583
835.768921,1568
835.887146,1557
836.005371,1571
836.123596,1578
836.241821,1559
836.360046,1527
836.478271,1566
836.596497,1516
836.714722,1546
836.832886,1539
836.95105,1518
837.069336,1597
837.1875,1558
837.305725,1575
837.423889,1577
837.542053,1587
837.660339,1568
837.778503,1527
837.896667,1574
838.014832,1555
838.132996,1563
838.25116,1543
838.369385,1590
838.487488,1572
838.605713,1582
838.723877,1581
838.84198,1595
838.960205,1584
839.078308,1610
839.196472,1551
839.314636,1588
839.4328,1614
839.550964,1570
839.669067,1667
839.787231,1666
839.905396,1638
840.023499,1637
840.141602,1666
840.259766,1656
840.377869,1651
840.495972,1652
840.614136,1630
840.732239,1677
840.850342,1616
840.968445,1700
841.086548,1624
841.204651,1739
841.322754,1680
841.440918,1758
841.55896,1715
841.677002,1796
841.795166,1713
841.913208,1764
842.031311,1731
842.149353,1722
842.267456,1762
842.385498,1737
842.503601,1713
842.621643,1739
842.739746,1743
842.857788,1707
842.97583,1718
843.093933,1717
843.211975,1694
843.330017,1668
843.44812,1695
843.566101,1666
843.684204,1665
843.802246,1657
843.920227,1664
844.038269,1627
844.156311,1655
844.274292,1614
844.392395,1646
844.510376,1650
844.628357,1597
844.74646,1583
844.864441,1616
844.982422,1586
845.100403,1594
845.218384,1602
845.336426,1616
845.454468,1633
845.572449,1606
845.69043,1625
845.808411,1662
845.926453,1630
846.044373,1631
846.162354,1703
846.280396,1595
846.398315,1636
846.516296,1652
846.634216,1656
846.752197,1620
846.870178,1628
846.988098,1714
847.106079,1654
847.22406,1657
847.34198,1717
847.4599,1656
847.577881,1642
847.695801,1663
847.813782,1622
847.931641,1671
848.049561,1667
848.167603,1649
848.285461,1631
848.403381,1608
848.521362,1637
848.639221,1644
848.75708,1647
848.875,1618
848.99292,1631
849.110901,1686
849.22876,1652
849.34668,1646
849.464539,1674
849.582458,1706
849.700317,1658
849.818176,1651
849.936096,1705
850.053955,1670
850.171875,1709
850.289673,1669
850.407593,1684
850.525452,1665
850.643311,1659
850.761169,1674
850.878967,1699
850.996887,1648
851.114746,1654
851.232544,1646
851.350403,1651
851.468262,1648
851.58606,1650
851.703979,1668
851.821777,1656
851.939636,1642
852.057434,1639
852.175232,1610
852.293091,1638
852.410889,1648
852.528687,1747
852.646545,1778
852.764343,1747
852.88208,1720
852.999939,1665
853.117676,1660
853.235535,1661
853.353271,1668
853.471069,1623
853.588928,1588
853.706604,1645
853.824402,1617
853.9422,1636
854.059998,1617
854.177734,1596
854.295532,1623
854.413269,1621
854.531006,1653
854.648804,1697
854.766541,1670
854.884277,1733
855.002014,1655
855.119751,1683
855.237549,1675
855.355225,1644
855.473022,1699
855.590698,1684
855.708435,1638
855.826172,1703
855.943848,1741
856.061646,1674
856.179321,1687
856.296997,1694
856.414795,1720
856.53241,1692
856.650085,1691
856.767822,1780
856.885559,1715
857.003174,1693
857.120911,1734
857.238586,1735
857.356201,1742
857.473938,1703
857.591614,1709
857.709351,1684
857.826965,1727
857.944641,1721
858.062317,1679
858.179993,1684
858.297668,1671
858.415283,1696
858.532959,1705
858.650574,1715
858.768188,1675
858.885803,1662
859.003479,1676
859.121094,1690
859.23877,1664
859.356384,1722
859.473999,1669
859.591675,1662
859.709229,1702
859.826843,1633
859.944458,1637
860.062012,1622
860.179626,1700
860.297302,1710
860.414856,1628
860.532471,1676
860.650024,1656
860.767639,1689
860.885193,1661
861.002808,1648
861.120361,1652
861.237976,1642
861.35553,1663
861.473022,1620
861.590698,1623
861.708191,1669
861.825745,1615
861.943298,1664
862.060852,1590
862.178406,1617
862.295959,1611
862.413513,1600
862.531006,1552
862.64856,1565
862.766113,1513
862.883667,1575
863.00116,1643
863.118713,1569
863.236206,1583
863.353699,1548
863.471252,1588
863.588745,1595
863.706177,1574
863.82373,1604
863.941162,1659
864.058716,1586
864.176208,1655
864.29364,1595
864.411194,1583
864.528687,1576
864.646118,1550
864.763611,1528
864.881042,1513
864.998535,1552
865.116028,1578
865.233459,1539
865.350891,1571
865.468384,1549
865.585754,1554
865.703308,1576
865.820679,1547
865.938171,1592
866.055542,1569
866.173035,1533
866.290466,1573
866.407837,1581
866.52533,1560
866.6427,1571
866.760071,1586
866.877563,1559
866.994934,1588
867.112305,1614
867.229736,1603
867.347107,1606
867.464539,1618
867.58197,1554
867.699341,1600
867.81665,1595
867.934082,1590
868.051453,1624
868.168823,1562
868.286194,1595
868.403564,1612
868.520935,1610
868.638306,1625
868.755676,1621
868.872986,1582
868.990295,1594
869.107727,1642
869.225037,1606
869.342346,1609
869.459717,1573
869.577026,1605
869.694336,1646
869.811707,1680
869.929016,1640
870.046326,1652
870.163635,1649
870.280945,1686
870.398254,1666
870.515564,1690
870.632812,1645
870.750183,1641
870.867432,1720
870.984741,1659
871.102051,1693
871.219299,1659
871.336609,1650
871.453918,1713
871.571106,1682
871.688416,1703
871.805664,1695
871.922852,1699
872.040222,1727
872.157471,1719
872.274719,1674
872.391968,1648
872.509155,1698
872.626465,1682
872.743652,1691
872.860962,1670
872.978149,1688
873.095337,1682
873.212646,1644
873.329834,1605
873.44696,1628
873.564209,1659
873.681396,1644
873.798645,1649
873.915894,1601
874.03302,1625
874.150208,1615
874.267456,1594
874.384583,1613
874.501831,1657
874.618958,1643
874.736145,1664
874.853333,1635
874.970459,1629
875.087646,1674
875.204834,1662
875.32196,1667
875.439148,1638
875.556274,1635
875.673401,1676
875.790527,1626
875.907715,1669
876.024841,1630
876.141968,1645
876.259094,1642
876.376282,1655
876.493347,1662
876.610474,1646
876.7276,1619
876.844727,1647
876.961853,1630
877.078918,1629
877.195984,1601
877.313171,1625
877.430237,1637
877.547302,1648
877.664368,1667
877.781433,1581
877.898499,1618
878.015625,1649
878.13269,1648
878.249695,1621
878.366821,1622
878.483887,1576
878.600952,1640
878.717957,1577
878.834961,1592
878.952087,1624
879.069092,1583
879.186157,1576
879.303162,1547
879.420227,1560
879.537231,1529
879.654236,1522
879.77124,1583
879.888306,1515
880.005249,1567
880.122314,1552
880.239319,1546
880.356323,1521
880.473328,1508
880.590271,1544
880.707275,1541
880.824341,1516
880.941284,1501
881.058228,1538
881.175232,1533
881.292236,1521
881.40918,1540
881.526123,1518
881.643066,1541
881.760071,1577
881.877014,1546
881.993958,1565
882.11084,1547
882.227783,1526
882.344727,1507
882.46167,1542
882.578613,1513
882.695618,1555
882.812439,1531
882.929382,1526
883.046326,1505
883.163208,1544
883.280151,1550
883.397034,1553
883.513916,1514
883.630798,1516
883.747742,1545
883.864563,1528
883.981506,1534
884.098389,1538
884.21521,1534
884.332153,1576
884.448975,1576
884.565796,1552
884.682678,1562
884.7995,1642
884.916443,1642
885.033264,1681
885.150085,1677
885.266968,1756
885.383789,1716
885.500671,1736
885.617493,1794
885.734314,1757
885.851196,1770
885.967896,1768
886.084717,1796
886.201599,1767
886.318359,1769
886.435181,1742
886.552002,1751
886.668762,1770
886.785645,1756
886.902344,1746
887.019165,1688
887.135925,1756
887.252747,1696
887.369446,1753
887.486267,1661
887.603027,1706
887.719788,1727
887.836548,1640
887.953247,1700
888.070068,1666
888.186829,1630
888.303528,1665
888.420288,1574
888.536987,1558
888.653687,1537
888.770447,1538
888.887146,1587
889.003967,1487
889.120667,1543
889.237305,1486
889.354065,1485
889.470703,1510
889.587463,1511
889.704163,1486
889.820862,1488
889.937561,1468
890.054199,1501
890.170837,1531
890.287598,1469
890.404236,1495
890.520874,1533
890.637634,1502
890.754211,1504
890.87085,1494
890.987549,1509
891.104187,1535
891.220886,1498
891.337463,1526
891.454102,1517
891.57074,1449
891.687378,1523
891.804077,1551
891.920654,1539
892.037231,1535
892.15387,1562
892.270447,1506
892.387085,1540
892.503723,1472
892.6203,1511
892.736877,1517
892.853516,1473
892.970032,1515
893.08667,1501
893.203186,1464
893.319763,1502
893.43634,1467
893.552917,1496
893.669556,1489
893.786011,1490
893.902588,1498
894.019165,1495
894.135681,1457
894.252197,1507
894.368835,1459
894.485291,1518
894.601868,1469
894.718384,1513
894.8349,1474
894.951355,1520
895.067932,1470
895.184448,1442
895.300964,1470
895.417419,1473
895.533936,1468
895.650452,1508
895.766907,1491
895.883423,1509
895.999878,1475
896.116333,1491
896.232849,1485
896.349304,1493
896.465759,1479
896.582214,1464
896.698669,1486
896.815125,1462
896.931641,1471
897.048035,1534
897.164551,1445
897.280884,1475
897.397339,1522
897.513794,1491
897.630249,1492
897.746582,1479
897.863098,1501
897.979431,1508
898.095886,1471
898.212341,1492
898.328674,1487
898.445129,1533
898.561462,1527
898.677795,1505
898.794312,1531
898.910645,1500
899.026978,1508
899.143433,1523
899.259766,1467
899.37616,1527
899.492493,1461
899.608765,1478
899.725159,1516
899.841553,1502
899.957947,1491
900.07428,1496
900.190552,1522
900.306946,1506
900.423157,1506
900.53949,1497
900.655884,1523
900.772156,1496
900.888489,1476
901.004822,1468
901.121033,1492
901.237366,1538
901.353699,1498
901.46991,1521
901.586304,1502
901.702515,1544
901.818787,1544
901.93512,1557
902.051331,1559
902.167603,1590
902.283875,1587
902.400085,1596
902.516418,1585
902.632629,1615
902.74884,1620
902.865112,1608
902.981384,1603
903.097595,1650
903.213867,1653
903.330017,1582
903.446289,1600
903.5625,1636
903.67865,1593
903.794922,1651
903.911072,1596
904.027344,1605
904.143494,1588
904.259705,1610
904.375916,1547
904.492065,1550
904.608215,1520
904.724426,1544
904.840576,1497
904.956726,1544
905.072876,1579
905.189087,1490
905.305176,1539
905.421387,1522
905.537537,1539
905.653687,1523
905.769775,1454
905.885925,1502
906.002014,1490
906.118164,1501
906.234314,1470
906.350403,1466
906.466492,1488
906.582642,1455
906.69873,1478
906.814758,1492
906.930908,1484
907.046936,1472
907.163086,1478
907.279175,1501
907.395264,1479
907.511353,1449
907.62738,1476
907.743408,1430
907.859497,1510
907.975525,1490
908.091553,1440
908.207703,1459
908.32373,1492
908.439758,1493
908.555786,1430
908.671814,1469
908.787842,1505
908.90387,1455
909.019775,1459
909.135864,1458
909.251892,1460
909.367859,1479
909.483826,1507
909.599854,1464
909.715881,1474
909.831848,1499
909.947815,1464
910.063782,1484
910.179749,1418
910.295776,1479
910.411743,1516
910.527649,1467
910.643616,1455
910.759583,1449
910.875488,1497
910.991455,1492
911.107361,1502
911.223267,1465
911.339294,1475
911.4552,1453
911.571106,1488
911.687073,1492
911.802979,1438
911.918823,1472
912.034729,1494
912.150635,1457
912.266602,1436
912.382446,1412
912.498352,1509
912.614197,1433
912.730103,1453
912.846008,1401
792.44574,3653
792.56488,3605
792.68396,3542
792.80304,3418
792.92218,3288
793.041199,3250
793.160339,3144
793.279419,3147
793.398499,3077
793.517578,2998
793.636658,2971
793.755737,2952
793.874817,2909
793.993896,2823
794.112976,2894
794.232056,2752
794.351074,2704
794.470215,2691
794.589233,2676
794.708313,2679
794.827393,2628
794.946411,2567
795.065552,2585
795.18457,2535
795.303589,2487
795.422668,2480
795.541687,2472
795.660767,2451
795.779846,2356
795.898865,2382
796.017883,2376
796.136963,2419
796.255981,2283
796.375061,2288
796.49408,2266
796.613037,2297
796.732117,2277
796.851135,2215
796.970154,2258
797.089233,2179
797.208191,2186
797.327271,2202
797.446228,2143
797.565186,2112
797.684265,2123
797.803223,2136
797.922241,2073
798.04126,2165
798.160278,2081
798.279297,2095
798.398315,2105
798.517273,2046
798.636292,2027
798.75531,2143
798.874268,2019
798.993286,2061
799.112244,2016
799.231323,2043
799.350281,2073
799.469238,2030
799.588257,2043
799.707153,1982
799.826111,2022
799.945129,1996
800.064087,2022
800.183044,2034
800.302063,2007
800.421021,1983
800.539978,1953
800.658936,1994
800.777893,1942
800.896912,1979
801.015747,1983
801.134705,1982
801.253723,1902
801.37262,1950
801.491638,1949
801.610535,2000
801.729492,1936
801.84845,1948
801.967407,1935
802.086243,1905
802.205261,1951
802.324158,1905
802.443115,1939
802.562073,1850
802.680969,1895
802.799927,1891
802.918762,1875
803.037659,1890
803.156677,1905
803.275574,1889
803.39447,1900
803.513428,1896
803.632263,1849
803.751221,1851
803.870117,1889
803.989014,1831
804.107971,1868
804.226746,1853
804.345642,1881
804.4646,1917
804.583496,1866
804.702393,1812
804.821228,1865
804.940125,1875
805.059021,1834
805.177917,1838
805.296814,1854
805.415649,1839
805.534546,1877
805.653442,1813
805.772278,1865
805.891113,1858
806.01001,1826
806.128906,1812
806.247742,1798
806.366577,1835
806.485413,1808
806.604309,1836
806.723145,1827
806.84198,1795
806.960876,1769
807.079712,1808
807.198486,1834
807.317383,1808
807.436218,1804
807.554993,1852
807.673889,1842
807.792725,1836
807.91156,1766
808.030396,1826
808.14917,1813
808.268005,1769
808.386841,1745
808.505676,1773
808.624451,1778
808.743286,1763
808.862122,1757
808.980896,1799
809.099731,1769
809.218506,1748
809.337341,1770
809.456116,1775
809.57489,1803
809.693726,1778
809.8125,1779
809.931274,1755
810.050049,1767
810.168884,1787
810.287659,1758
810.406372,1783
810.525269,1752
810.643982,1780
810.762756,1774
810.881531,1781
811.000305,1790
811.11908,1757
811.237854,1765
811.356567,1825
811.475403,1781
811.594116,1769
811.71283,1800
811.831604,1785
811.950378,1866
812.069153,1862
812.187927,1837
812.30658,1808
812.425415,1823
812.544128,1843
812.662781,1814
812.781616,1800
812.900269,1819
813.019043,1755
813.137756,1816
813.256531,1751
813.375244,1774
813.493896,1790
813.612671,1815
813.731384,1755
813.850037,1757
813.96875,1706
814.087524,1741
814.206238,1747
814.324951,1694
814.443604,1726
814.562256,1737
814.68103,1770
814.799683,1747
814.918335,1772
815.037109,1747
815.155762,1764
815.274475,1779
815.393188,1712
815.511841,1754
815.630554,1708
815.749146,1721
815.867859,1751
815.986572,1773
816.105164,1774
816.223877,1804
816.342529,1795
816.461182,1742
816.579895,1809
816.698486,1767
816.817139,1775
816.935791,1778
817.054504,1787
817.173096,1778
817.291748,1769
817.4104,1777
817.529053,1784
817.647644,1759
817.766235,1730
817.884949,1717
818.00354,1672
818.122192,1767
818.240845,1699
818.359436,1697
818.478088,1682
818.59668,1714
818.715271,1723
818.833923,1711
818.952515,1673
819.071106,1679
819.189758,1657
819.30835,1684
819.426941,1667
819.545532,1662
819.664124,1710
819.782715,1674
819.901306,1635
820.019897,1657
820.138489,1643
820.25708,1673
820.375671,1668
820.494202,1668
820.612732,1694
820.731384,1733
820.849915,1640
820.968506,1691
821.087097,1669
821.205627,1665
821.324158,1620
821.442749,1666
821.561279,1654
821.679871,1674
821.798401,1620
821.916931,1647
822.035461,1637
822.154053,1634
822.272583,1611
822.391174,1625
822.509583,1625
822.628174,1614
822.746704,1656
822.865234,1604
822.983765,1591
823.102295,1632
823.220825,1595
823.339294,1606
823.457825,1563
823.576355,1609
823.694824,1622
823.813354,1626
823.931885,1580
824.050354,1620
824.168884,1623
824.287354,1628
824.405823,1614
824.524353,1561
824.642822,1597
824.761353,1571
824.879822,1577
824.998291,1582
825.116699,1613
825.235291,1603
825.353699,1598
825.472168,1580
825.590637,1588
825.709106,1616
825.827576,1588
825.946045,1631
826.064453,1607
826.182983,1614
826.301392,1564
826.4198,1592
826.53833,1614
826.656738,1579
826.775208,1542
826.893677,1575
827.012024,1574
827.130493,1594
827.248962,1580
827.36731,1603
827.485779,1614
827.604248,1599
827.722595,1632
827.841064,1570
827.959412,1579
828.077942,1553
828.196289,1578
828.314636,1592
828.433105,1574
828.551514,1603
828.669861,1584
828.78833,1561
828.906677,1548
829.025085,1554
829.143433,1573
829.261841,1573
829.38031,1557
829.498657,1589
829.617004,1607
829.735413,1609
829.85376,1550
829.972107,1586
830.090515,1537
830.208862,1563
830.327209,1565
830.445557,1585
830.563904,1529
830.682312,1522
830.800659,1545
830.919006,1508
831.037354,1558
831.155701,1591
831.274048,1577
831.392395,1590
831.51062,1547
831.629028,1564
831.747314,1539
831.865662,1556
831.984009,1545
832.102356,1543
832.220642,1557
832.338928,1574
832.457275,1556
832.575623,1576
832.693909,1612
832.812134,1609
832.930481,1548
833.048828,1560
833.167114,1530
833.2854,1538
833.403687,1554
833.521973,1608
833.640259,1519
833.758545,1533
833.876831,1563
833.995056,1550
834.113281,1583
834.231628,1583
834.349915,1613
834.468201,1531
834.586426,1603
834.704651,1600
834.822998,1582
834.941162,1552
835.059448,1524
835.177673,1605
835.295959,1596
835.414246,1557
835.53241,1581
835.650635,1576
835.768921,1555
835.887146,1545
836.005371,1507
836.123596,1528
836.241821,1547
836.360046,1559
836.478271,1567
836.596497,1556
836.714722,1554
836.832886,1548
836.95105,1501
837.069336,1581
837.1875,1542
837.305725,1529
837.423889,1570
837.542053,1564
837.660339,1525
837.778503,1568
837.896667,1575
838.014832,1532
838.132996,1514
838.25116,1571
838.369385,1559
838.487488,1576
838.605713,1552
838.723877,1570
838.84198,1529
838.960205,1642
839.078308,1601
839.196472,1550
839.314636,1596
839.4328,1628
839.550964,1613
839.669067,1625
839.787231,1598
839.905396,1623
840.023499,1617
840.141602,1653
840.259766,1630
840.377869,1642
840.495972,1661
840.614136,1659
840.732239,1635
840.850342,1667
840.968445,1645
841.086548,1697
841.204651,1708
841.322754,1710
841.440918,1703
841.55896,1732
841.677002,1767
841.795166,1719
841.913208,1739
842.031311,1731
842.149353,1718
842.267456,1746
842.385498,1723
842.503601,1721
842.621643,1655
842.739746,1722
842.857788,1687
842.97583,1691
843.093933,1660
843.211975,1697
843.330017,1646
843.44812,1660
843.566101,1633
843.684204,1712
843.802246,1619
843.920227,1643
844.038269,1638
844.156311,1649
844.274292,1633
844.392395,1665
844.510376,1610
844.628357,1627
844.74646,1615
844.864441,1614
844.982422,1608
845.100403,1621
845.218384,1634
845.336426,1628
845.454468,1603
845.572449,1662
845.69043,1609
845.808411,1616
845.926453,1591
846.044373,1634
846.162354,1625
846.280396,1625
846.398315,1622
846.516296,1659
846.634216,1620
846.752197,1648
846.870178,1620
846.988098,1682
847.106079,1631
847.22406,1619
847.34198,1661
847.4599,1663
847.577881,1691
847.695801,1649
847.813782,1649
847.931641,1651
848.049561,1639
848.167603,1635
848.285461,1634
848.403381,1655
848.521362,1558
848.639221,1626
848.75708,1624
848.875,1618
848.99292,1634
849.110901,1651
849.22876,1639
849.34668,1630
849.464539,1675
849.582458,1666
849.700317,1634
849.818176,1670
849.936096,1692
850.053955,1680
850.171875,1621
850.289673,1644
850.407593,1612
850.525452,1672
850.643311,1641
850.761169,1631
850.878967,1623
850.996887,1676
851.114746,1635
851.232544,1652
851.350403,1665
851.468262,1642
851.58606,1614
851.703979,1633
851.821777,1649
851.939636,1621
852.057434,1596
852.175232,1664
852.293091,1645
852.410889,1683
852.528687,1683
852.646545,1767
852.764343,1740
852.88208,1767
852.999939,1653
853.117676,1682
853.235535,1657
853.353271,1629
853.471069,1656
853.588928,1585
853.706604,1599
853.824402,1619
853.9422,1639
854.059998,1610
854.177734,1610
854.295532,1612
854.413269,1659
854.531006,1639
854.648804,1646
854.766541,1651
854.884277,1664
855.002014,1638
855.119751,1640
855.237549,1673
855.355225,1694
855.473022,1661
855.590698,1684
855.708435,1682
855.826172,1702
855.943848,1696
856.061646,1728
856.179321,1721
856.296997,1662
856.414795,1735
856.53241,1666
856.650085,1695
856.767822,1714
856.885559,1741
857.003174,1720
857.120911,1701
857.238586,1696
857.356201,1727
857.473938,1662
857.591614,1677
857.709351,1653
857.826965,1655
857.944641,1666
858.062317,1681
858.179993,1684
858.297668,1705
858.415283,1666
858.532959,1719
858.650574,1664
858.768188,1692
858.885803,1643
859.003479,1674
859.121094,1693
859.23877,1703
859.356384,1645
859.473999,1656
859.591675,1620
859.709229,1688
859.826843,1672
859.944458,1631
860.062012,1648
860.179626,1628
860.297302,1687
860.414856,1659
860.532471,1677
860.650024,1636
860.767639,1596
860.885193,1609
861.002808,1620
861.120361,1632
861.237976,1626
861.35553,1689
861.473022,1657
861.590698,1646
861.708191,1619
861.825745,1642
861.943298,1612
862.060852,1605
862.178406,1571
862.295959,1584
862.413513,1531
862.531006,1557
862.64856,1565
862.766113,1519
862.883667,1544
863.00116,1566
863.118713,1541
863.236206,1576
863.353699,1516
863.471252,1573
863.588745,1558
863.706177,1625
863.82373,1584
863.941162,1634
864.058716,1587
864.176208,1610
864.29364,1627
864.411194,1592
864.528687,1595
864.646118,1606
864.763611,1548
864.881042,1569
864.998535,1629
865.116028,1573
865.233459,1524
865.350891,1544
865.468384,1547
865.585754,1527
865.703308,1574
865.820679,1549
865.938171,1534
866.055542,1558
866.173035,1500
866.290466,1534
866.407837,1549
866.52533,1555
866.6427,1559
866.760071,1565
866.877563,1548
866.994934,1563
867.112305,1614
867.229736,1556
867.347107,1521
867.464539,1600
867.58197,1616
867.699341,1580
867.81665,1614
867.934082,1627
868.051453,1624
868.168823,1594
868.286194,1621
868.403564,1578
868.520935,1564
868.638306,1560
868.755676,1571
868.872986,1618
868.990295,1616
869.107727,1620
869.225037,1607
869.342346,1626
869.459717,1598
869.577026,1665
869.694336,1619
869.811707,1604
869.929016,1654
870.046326,1657
870.163635,1674
870.280945,1671
870.398254,1726
870.515564,1655
870.632812,1682
870.750183,1714
870.867432,1679
870.984741,1710
871.102051,1655
871.219299,1680
871.336609,1690
871.453918,1667
871.571106,1690
871.688416,1670
871.805664,1699
871.922852,1719
872.040222,1689
872.157471,1673
872.274719,1666
872.391968,1685
872.509155,1675
872.626465,1656
872.743652,1670
872.860962,1721
872.978149,1681
873.095337,1660
873.212646,1687
873.329834,1649
873.44696,1628
873.564209,1650
873.681396,1619
873.798645,1634
873.915894,1683
874.03302,1647
874.150208,1623
874.267456,1620
874.384583,1656
874.501831,1616
874.618958,1652
874.736145,1598
874.853333,1674
874.970459,1673
875.087646,1649
875.204834,1663
875.32196,1685
875.439148,1657
875.556274,1625
875.673401,1632
875.790527,1646
875.907715,1627
876.024841,1602
876.141968,1583
876.259094,1645
876.376282,1645
876.493347,1625
876.610474,1681
876.7276,1645
876.844727,1634
876.961853,1598
877.078918,1669
877.195984,1657
877.313171,1619
877.430237,1644
877.547302,1630
877.664368,1594
877.781433,1590
877.898499,1594
878.015625,1667
878.13269,1588
878.249695,1600
878.366821,1610
878.483887,1581
878.600952,1605
878.717957,1609
878.834961,1601
878.952087,1609
879.069092,1585
879.186157,1608
879.303162,1591
879.420227,1586
879.537231,1573
879.654236,1508
879.77124,1561
879.888306,1526
880.005249,1525
880.122314,1507
880.239319,1539
880.356323,1560
880.473328,1529
880.590271,1558
880.707275,1504
880.824341,1542
880.941284,1531
881.058228,1490
881.175232,1532
881.292236,1485
881.40918,1514
881.526123,1558
881.643066,1533
881.760071,1536
881.877014,1527
881.993958,1534
882.11084,1497
882.227783,1558
882.344727,1569
882.46167,1541
882.578613,1526
882.695618,1545
882.812439,1500
882.929382,1569
883.046326,1512
883.163208,1544
883.280151,1532
883.397034,1536
883.513916,1549
883.630798,1538
883.747742,1543
883.864563,1527
883.981506,1527
884.098389,1577
884.21521,1609
884.332153,1594
884.448975,1569
884.565796,1620
884.682678,1556
884.7995,1582
884.916443,1619
885.033264,1671
885.150085,1667
885.266968,1803
885.383789,1740
885.500671,1781
885.617493,1792
885.734314,1759
885.851196,1752
885.967896,1776
886.084717,1752
886.201599,1775
886.318359,1782
886.435181,1710
886.552002,1781
886.668762,1750
886.785645,1784
886.902344,1774
887.019165,1773
887.135925,1704
887.252747,1770
887.369446,1801
887.486267,1745
887.603027,1772
887.719788,1670
887.836548,1689
887.953247,1652
888.070068,1674
888.186829,1641
888.303528,1640
888.420288,1608
888.536987,1590
888.653687,1557
888.770447,1565
888.887146,1525
889.003967,1509
889.120667,1489
889.237305,1489
889.354065,1531
889.470703,1452
889.587463,1474
889.704163,1556
889.820862,1484
889.937561,1527
890.054199,1430
890.170837,1494
890.287598,1487
890.404236,1468
890.520874,1443
890.637634,1485
890.754211,1498
890.87085,1487
890.987549,1483
891.104187,1530
891.220886,1489
891.337463,1518
891.454102,1512
891.57074,1544
891.687378,1540
891.804077,1491
891.920654,1523
892.037231,1549
892.15387,1549
892.270447,1532
892.387085,1527
892.503723,1511
892.6203,1546
892.736877,1517
892.853516,1516
892.970032,1450
893.08667,1514
893.203186,1507
893.319763,1504
893.43634,1480
893.552917,1520
893.669556,1542
893.786011,1504
893.902588,1493
894.019165,1493
894.135681,1513
894.252197,1470
894.368835,1514
894.485291,1528
894.601868,1550
894.718384,1515
894.8349,1539
894.951355,1510
895.067932,1499
895.184448,1472
895.300964,1500
895.417419,1472
895.533936,1509
895.650452,1496
895.766907,1511
895.883423,1463
895.999878,1479
896.116333,1486
896.232849,1460
896.349304,1432
896.465759,1488
896.582214,1490
896.698669,1514
896.815125,1498
896.931641,1494
897.048035,1476
897.164551,1464
897.280884,1474
897.397339,1535
897.513794,1496
897.630249,1530
897.746582,1477
897.863098,1492
897.979431,1489
898.095886,1502
898.212341,1526
898.328674,1527
898.445129,1534
898.561462,1524
898.677795,1522
898.794312,1496
898.910645,1510
899.026978,1511
899.143433,1503
899.259766,1516
899.37616,1565
899.492493,1539
899.608765,1518
899.725159,1525
899.841553,1502
899.957947,1510
900.07428,1492
900.190552,1457
900.306946,1500
900.423157,1494
900.53949,1484
900.655884,1531
900.772156,1482
900.888489,1521
901.004822,1521
901.121033,1544
901.237366,1526
901.353699,1545
901.46991,1555
901.586304,1537
901.702515,1549
901.818787,1563
901.93512,1547
902.051331,1616
902.167603,1576
902.283875,1616
902.400085,1630
902.516418,1587
902.632629,1579
902.74884,1685
902.865112,1677
902.981384,1642
903.097595,1680
903.213867,1642
903.330017,1639
903.446289,1662
903.5625,1655
903.67865,1589
903.794922,1656
903.911072,1650
904.027344,1577
904.143494,1598
904.259705,1549
904.375916,1584
904.492065,1542
904.608215,1600
904.724426,1537
904.840576,1561
904.956726,1557
905.072876,1543
905.189087,1555
905.305176,1550
905.421387,1530
905.537537,1536
905.653687,1556
905.769775,1483
905.885925,1518
906.002014,1539
906.118164,1538
906.234314,1502
906.350403,1468
906.466492,1518
906.582642,1448
906.69873,1548
906.814758,1477
906.930908,1538
907.046936,1505
907.163086,1515
907.279175,1456
907.395264,1455
907.511353,1499
907.62738,1494
907.743408,1478
907.859497,1528
907.975525,1505
908.091553,1518
908.207703,1458
908.32373,1468
908.439758,1479
908.555786,1487
908.671814,1514
908.787842,1484
908.90387,1482
909.019775,1495
909.135864,1487
909.251892,1520
909.367859,1511
909.483826,1482
909.599854,1494
909.715881,1516
909.831848,1463
909.947815,1502
910.063782,1499
910.179749,1516
910.295776,1506
910.411743,1499
910.527649,1472
910.643616,1514
910.759583,1506
910.875488,1519
910.991455,1465
911.107361,1471
911.223267,1479
911.339294,1479
911.4552,1477
911.571106,1507
911.687073,1474
911.802979,1486
911.918823,1486
912.034729,1494
912.150635,1475
912.266602,1484
912.382446,1478
912.498352,1438
912.614197,1483
912.730103,1458
912.846008,1510
792.44574,3638
792.56488,3621
792.68396,3469
792.80304,3455
792.92218,3332
793.041199,3245
793.160339,3235
793.279419,3121
793.398499,3123
793.517578,3022
793.636658,3006
793.755737,2974
793.874817,2865
793.993896,2837
794.112976,2838
794.232056,2782
794.351074,2748
794.470215,2648
794.589233,2692
794.708313,2698
794.827393,2579
794.946411,2632
795.065552,2577
795.18457,2501
795.303589,2531
795.422668,2488
795.541687,2520
795.660767,2458
795.779846,2415
795.898865,2360
796.017883,2344
796.136963,2340
796.255981,2304
796.375061,2300
796.49408,2271
796.613037,2291
796.732117,2201
796.851135,2193
796.970154,2252
797.089233,2172
797.208191,2225
797.327271,2212
797.446228,2194
797.565186,2148
797.684265,2101
797.803223,2132
797.922241,2131
798.04126,2036
798.160278,2068
798.279297,2040
798.398315,2049
798.517273,2051
798.636292,2062
798.75531,2036
798.874268,2066
798.993286,2059
799.112244,2026
799.231323,2064
799.350281,1981
799.469238,2037
799.588257,2018
799.707153,2019
799.826111,2003
799.945129,1990
800.064087,2028
800.183044,1990
800.302063,1989
800.421021,1982
800.539978,1982
800.658936,1999
800.777893,2002
800.896912,1970
801.015747,1993
801.134705,1961
801.253723,1904
801.37262,1958
801.491638,1957
801.610535,1930
801.729492,1949
801.84845,1893
801.967407,1906
802.086243,1963
802.205261,1925
802.324158,1899
802.443115,1914
802.562073,1914
802.680969,1898
802.799927,1912
802.918762,1908
803.037659,1866
803.156677,1861
803.275574,1936
803.39447,1854
803.513428,1895
803.632263,1885
803.751221,1865
803.870117,1855
803.989014,1821
804.107971,1847
804.226746,1912
804.345642,1846
804.4646,1808
804.583496,1813
804.702393,1854
804.821228,1833
804.940125,1836
805.059021,1842
805.177917,1832
805.296814,1894
805.415649,1863
805.534546,1845
805.653442,1809
805.772278,1857
805.891113,1855
806.01001,1820
806.128906,1837
806.247742,1816
806.366577,1884
806.485413,1792
806.604309,1770
806.723145,1831
806.84198,1772
806.960876,1807
807.079712,1811
807.198486,1821
807.317383,1806
807.436218,1783
807.554993,1805
807.673889,1815
807.792725,1825
807.91156,1778
808.030396,1800
808.14917,1763
808.268005,1765
808.386841,1802
808.505676,1789
808.624451,1804
808.743286,1760
808.862122,1734
808.980896,1757
809.099731,1753
809.218506,1801
809.337341,1776
809.456116,1717
809.57489,1797
809.693726,1771
809.8125,1775
809.931274,1782
810.050049,1765
810.168884,1749
810.287659,1760
810.406372,1773
810.525269,1776
810.643982,1771
810.762756,1739
810.881531,1783
811.000305,1827
811.11908,1753
811.237854,1741
811.356567,1796
811.475403,1830
811.594116,1827
811.71283,1819
811.831604,1823
811.950378,1784
812.069153,1819
812.187927,1860
812.30658,1829
812.425415,1781
812.544128,1858
812.662781,1812
812.781616,1822
812.900269,1827
813.019043,1819
813.137756,1743
813.256531,1744
813.375244,1760
813.493896,1763
813.612671,1767
813.731384,1785
813.850037,1747
813.96875,1711
814.087524,1710
814.206238,1782
814.324951,1734
814.443604,1747
814.562256,1717
814.68103,1718
814.799683,1750
814.918335,1762
815.037109,1686
815.155762,1722
815.274475,1717
815.393188,1758
815.511841,1761
815.630554,1738
815.749146,1744
815.867859,1737
815.986572,1739
816.105164,1707
816.223877,1682
816.342529,1737
816.461182,1790
816.579895,1775
816.698486,1787
816.817139,1733
816.935791,1758
817.054504,1790
817.173096,1812
817.291748,1751
817.4104,1778
817.529053,1760
817.647644,1767
817.766235,1731
817.884949,1749
818.00354,1756
818.122192,1739
818.240845,1711
818.359436,1702
818.478088,1694
818.59668,1698
818.715271,1728
818.833923,1714
818.952515,1710
819.071106,1712
819.189758,1646
819.30835,1676
819.426941,1676
819.545532,1668
819.664124,1667
819.782715,1659
819.901306,1666
820.019897,1635
820.138489,1657
820.25708,1673
820.375671,1688
820.494202,1728
820.612732,1627
820.731384,1666
820.849915,1615
820.968506,1691
821.087097,1678
821.205627,1671
821.324158,1675
821.442749,1651
821.561279,1670
821.679871,1671
821.798401,1643
821.916931,1626
822.035461,1657
822.154053,1634
822.272583,1596
822.391174,1613
822.509583,1591
822.628174,1618
822.746704,1603
822.865234,1657
822.983765,1630
823.102295,1590
823.220825,1559
823.339294,1620
823.457825,1594
823.576355,1563
823.694824,1635
823.813354,1573
823.931885,1591
824.050354,1578
824.168884,1614
824.287354,1615
824.405823,1599
824.524353,1605
824.642822,1586
824.761353,1620
824.879822,1637
824.998291,1596
825.116699,1580
825.235291,1581
825.353699,1583
825.472168,1599
825.590637,1574
825.709106,1567
825.827576,1563
825.946045,1576
826.064453,1583
826.182983,1581
826.301392,1583
826.4198,1573
826.53833,1560
826.656738,1584
826.775208,1551
826.893677,1573
827.012024,1568
827.130493,1568
827.248962,1546
827.36731,1593
827.485779,1585
827.604248,1568
827.722595,1557
827.841064,1523
827.959412,1610
828.077942,1589
828.196289,1566
828.314636,1556
828.433105,1595
828.551514,1539
828.669861,1532
828.78833,1544
828.906677,1552
829.025085,1617
829.143433,1568
829.261841,1587
829.38031,1573
829.498657,1573
829.617004,1564
829.735413,1536
829.85376,1597
829.972107,1549
830.090515,1603
830.208862,1527
830.327209,1564
830.445557,1510
830.563904,1560
830.682312,1556
830.800659,1559
830.919006,1580
831.037354,1580
831.155701,1545
831.274048,1574
831.392395,1564
831.51062,1565
831.629028,1549
831.747314,1579
831.865662,1556
831.984009,1508
832.102356,1560
832.220642,1535
832.338928,1553
832.457275,1578
832.575623,1592
832.693909,1542
832.812134,1551
832.930481,1553
833.048828,1562
833.167114,1525
833.2854,1547
833.403687,1581
833.521973,1560
833.640259,1529
833.758545,1502
833.876831,1569
833.995056,1543
834.113281,1555
834.231628,1639
834.349915,1574
834.468201,1574
834.586426,1565
834.704651,1575
834.822998,1570
834.941162,1548
835.059448,1587
835.177673,1568
835.295959,1582
835.414246,1610
835.53241,1554
835.650635,1588
835.768921,1573
835.887146,1602
836.005371,1560
836.123596,1562
836.241821,1558
836.360046,1510
836.478271,1523
836.596497,1527
836.714722,1556
836.832886,1547
836.95105,1472
837.069336,1550
837.1875,1505
837.305725,1534
837.423889,1521
837.542053,1528
837.660339,1527
837.778503,1534
837.896667,1542
838.014832,1550
838.132996,1567
838.25116,1534
838.369385,1621
838.487488,1533
838.605713,1579
838.723877,1509
838.84198,1558
838.960205,1582
839.078308,1556
839.196472,1619
839.314636,1575
839.4328,1602
839.550964,1625
839.669067,1618
839.787231,1612
839.905396,1655
840.023499,1643
840.141602,1624
840.259766,1632
840.377869,1621
840.495972,1659
840.614136,1682
840.732239,1616
840.850342,1616
840.968445,1605
841.086548,1632
841.204651,1661
841.322754,1694
841.440918,1724
841.55896,1708
841.677002,1720
841.795166,1715
841.913208,1721
842.031311,1714
842.149353,1703
842.267456,1723
842.385498,1745
842.503601,1682
842.621643,1719
842.739746,1665
842.857788,1651
842.97583,1678
843.093933,1669
843.211975,1705
843.330017,1630
843.44812,1634
843.566101,1707
843.684204,1647
843.802246,1641
843.920227,1656
844.038269,1611
844.156311,1680
844.274292,1590
844.392395,1660
844.510376,1565
844.628357,1609
844.74646,1610
844.864441,1610
844.982422,1564
845.100403,1614
845.218384,1586
845.336426,1599
845.454468,1639
845.572449,1617
845.69043,1605
845.808411,1637
845.926453,1624
846.044373,1607
846.162354,1624
846.280396,1632
846.398315,1620
846.516296,1670
846.634216,1607
846.752197,1635
846.870178,1674
846.988098,1627
847.106079,1662
847.22406,1632
847.34198,1672
847.4599,1670
847.577881,1642
847.695801,1643
847.813782,1639
847.931641,1654
848.049561,1639
848.167603,1604
848.285461,1652
848.403381,1693
848.521362,1597
848.639221,1640
848.75708,1647
848.875,1666
848.99292,1601
849.110901,1609
849.22876,1653
849.34668,1667
849.464539,1657
849.582458,1657
849.700317,1654
849.818176,1651
849.936096,1602
850.053955,1657
850.171875,1642
850.289673,1644
850.407593,1707
850.525452,1635
850.643311,1650
850.761169,1637
850.878967,1634
850.996887,1642
851.114746,1617
851.232544,1638
851.350403,1624
851.468262,1618
851.58606,1611
851.703979,1644
851.821777,1647
851.939636,1654
852.057434,1620
852.175232,1643
852.293091,1645
852.410889,1654
852.528687,1722
852.646545,1713
852.764343,1671
852.88208,1734
852.999939,1683
853.117676,1686
853.235535,1641
853.353271,1615
853.471069,1654
853.588928,1632
853.706604,1646
853.824402,1603
853.9422,1609
854.059998,1588
854.177734,1584
854.295532,1605
854.413269,1591
854.531006,1643
854.648804,1635
854.766541,1640
854.884277,1634
855.002014,1698
855.119751,1668
855.237549,1673
855.355225,1683
855.473022,1701
855.590698,1611
855.708435,1686
855.826172,1681
855.943848,1671
856.061646,1672
856.179321,1739
856.296997,1738
856.414795,1707
856.53241,1706
856.650085,1688
856.767822,1700
856.885559,1756
857.003174,1679
857.120911,1698
857.238586,1710
857.356201,1726
857.473938,1687
857.591614,1662
857.709351,1678
857.826965,1715
857.944641,1655
858.062317,1692
858.179993,1673
858.297668,1700
858.415283,1657
858.532959,1670
858.650574,1639
858.768188,1699
858.885803,1720
859.003479,1669
859.121094,1658
859.23877,1710
859.356384,1643
859.473999,1633
859.591675,1609
859.709229,1656
859.826843,1639
859.944458,1603
860.062012,1620
860.179626,1687
860.297302,1638
860.414856,1648
860.532471,1582
860.650024,1647
860.767639,1638
860.885193,1640
861.002808,1617
861.120361,1666
861.237976,1634
861.35553,1683
861.473022,1586
861.590698,1632
861.708191,1635
861.825745,1629
861.943298,1628
862.060852,1555
862.178406,1559
862.295959,1602
862.413513,1521
862.531006,1551
862.64856,1529
862.766113,1577
862.883667,1543
863.00116,1544
863.118713,1530
863.236206,1592
863.353699,1563
863.471252,1565
863.588745,1596
863.706177,1566
863.82373,1610
863.941162,1601
864.058716,1613
864.176208,1631
864.29364,1562
864.411194,1631
864.528687,1557
864.646118,1591
864.763611,1538
864.881042,1543
864.998535,1575
865.116028,1578
865.233459,1529
865.350891,1516
865.468384,1583
865.585754,1547
865.703308,1537
865.820679,1524
865.938171,1571
866.055542,1531
866.173035,1510
866.290466,1570
866.407837,1538
866.52533,1529
866.6427,1530
866.760071,1558
866.877563,1542
866.994934,1573
867.112305,1587
867.229736,1598
867.347107,1573
867.464539,1541
867.58197,1594
867.699341,1617
867.81665,1565
867.934082,1566
868.051453,1585
868.168823,1598
868.286194,1595
868.403564,1615
868.520935,1546
868.638306,1581
868.755676,1602
868.872986,1621
868.990295,1598
869.107727,1604
869.225037,1595
869.342346,1610
869.459717,1642
869.577026,1634
869.694336,1615
869.811707,1639
869.929016,1631
870.046326,1625
870.163635,1621
870.280945,1667
870.398254,1668
870.515564,1659
870.632812,1632
870.750183,1627
870.867432,1642
870.984741,1725
871.102051,1661
871.219299,1708
871.336609,1704
871.453918,1697
871.571106,1680
871.688416,1673
871.805664,1690
871.922852,1696
872.040222,1628
872.157471,1727
872.274719,1693
872.391968,1678
872.509155,1682
872.626465,1686
872.743652,1646
872.860962,1663
872.978149,1696
873.095337,1639
873.212646,1692
873.329834,1682
873.44696,1680
873.564209,1632
873.681396,1610
873.798645,1680
873.915894,1616
874.03302,1617
874.150208,1652
874.267456,1606
874.384583,1599
874.501831,1651
874.618958,1594
874.736145,1685
874.853333,1633
874.970459,1650
875.087646,1645
875.204834,1636
875.32196,1633
875.439148,1632
875.556274,1669
875.673401,1677
875.790527,1644
875.907715,1632
876.024841,1624
876.141968,1625
876.259094,1636
876.376282,1621
876.493347,1614
876.610474,1647
876.7276,1633
876.844727,1621
876.961853,1633
877.078918,1620
877.195984,1580
877.313171,1633
877.430237,1607
877.547302,1604
877.664368,1650
877.781433,1629
877.898499,1635
878.015625,1607
878.13269,1601
878.249695,1598
878.366821,1599
878.483887,1582
878.600952,1579
878.717957,1601
878.834961,1595
878.952087,1564
879.069092,1578
879.186157,1635
879.303162,1575
879.420227,1556
879.537231,1576
879.654236,1573
879.77124,1577
879.888306,1536
880.005249,1560
880.122314,1536
880.239319,1552
880.356323,1511
880.473328,1502
880.590271,1529
880.707275,1504
880.824341,1505
880.941284,1532
881.058228,1492
881.175232,1572
881.292236,1529
881.40918,1558
881.526123,1529
881.643066,1551
881.760071,1501
881.877014,1552
881.993958,1550
882.11084,1526
882.227783,1525
882.344727,1487
882.46167,1540
882.578613,1511
882.695618,1540
882.812439,1508
882.929382,1528
883.046326,1583
883.163208,1522
883.280151,1548
883.397034,1547
883.513916,1544
883.630798,1544
883.747742,1590
883.864563,1548
883.981506,1573
884.098389,1555
884.21521,1555
884.332153,1598
884.448975,1621
884.565796,1590
884.682678,1614
884.7995,1625
884.916443,1655
885.033264,1659
885.150085,1682
885.266968,1720
885.383789,1700
885.500671,1748
885.617493,1781
885.734314,1752
885.851196,1727
885.967896,1758
886.084717,1756
886.201599,1772
886.318359,1801
886.435181,1765
886.552002,1748
886.668762,1760
886.785645,1703
886.902344,1731
887.019165,1731
887.135925,1710
887.252747,1725
887.369446,1723
887.486267,1716
887.603027,1691
887.719788,1710
887.836548,1685
887.953247,1676
888.070068,1673
888.186829,1621
888.303528,1613
888.420288,1562
888.536987,1617
888.653687,1523
888.770447,1551
888.887146,1535
889.003967,1512
889.120667,1503
889.237305,1498
889.354065,1538
889.470703,1484
889.587463,1513
889.704163,1519
889.820862,1496
889.937561,1516
890.054199,1499
890.170837,1512
890.287598,1525
890.404236,1476
890.520874,1492
890.637634,1502
890.754211,1519
890.87085,1495
890.987549,1513
891.104187,1492
891.220886,1508
891.337463,1496
891.454102,1529
891.57074,1530
891.687378,1539
891.804077,1515
891.920654,1527
892.037231,1506
892.15387,1534
892.270447,1512
892.387085,1531
892.503723,1555
892.6203,1509
892.736877,1504
892.853516,1530
892.970032,1563
893.08667,1512
893.203186,1481
893.319763,1508
893.43634,1482
893.552917,1481
893.669556,1512
893.786011,1496
893.902588,1475
894.019165,1511
894.135681,1487
894.252197,1527
894.368835,1544
894.485291,1545
894.601868,1523
894.718384,1463
894.8349,1486
894.951355,1486
895.067932,1495
895.184448,1499
895.300964,1525
895.417419,1502
895.533936,1472
895.650452,1509
895.766907,1471
895.883423,1455
895.999878,1487
896.116333,1495
896.232849,1496
896.349304,1484
896.465759,1494
896.582214,1496
896.698669,1467
896.815125,1482
896.931641,1490
897.048035,1488
897.164551,1490
897.280884,1500
897.397339,1505
897.513794,1483
897.630249,1526
897.746582,1480
897.863098,1488
897.979431,1536
898.095886,1507
898.212341,1524
898.328674,1514
898.445129,1532
898.561462,1540
898.677795,1529
898.794312,1510
898.910645,1503
899.026978,1522
899.143433,1498
899.259766,1508
899.37616,1567
899.492493,1509
899.608765,1533
899.725159,1504
899.841553,1494
899.957947,1513
900.07428,1508
900.190552,1562
900.306946,1554
900.423157,1492
900.53949,1512
900.655884,1517
900.772156,1528
900.888489,1523
901.004822,1520
901.121033,1495
901.237366,1538
901.353699,1542
901.46991,1539
901.586304,1537
901.702515,1525
901.818787,1549
901.93512,1563
902.051331,1599
902.167603,1580
902.283875,1665
902.400085,1627
902.516418,1679
902.632629,1592
902.74884,1647
902.865112,1618
902.981384,1624
903.097595,1650
903.213867,1654
903.330017,1647
903.446289,1608
903.5625,1638
903.67865,1639
903.794922,1657
903.911072,1634
904.027344,1633
904.143494,1648
904.259705,1608
904.375916,1602
904.492065,1588
904.608215,1569
904.724426,1561
904.840576,1535
904.956726,1547
905.072876,1563
905.189087,1567
905.305176,1532
905.421387,1521
905.537537,1539
905.653687,1538
905.769775,1496
905.885925,1541
906.002014,1532
906.118164,1521
906.234314,1510
906.350403,1502
906.466492,1507
906.582642,1476
906.69873,1479
906.814758,1526
906.930908,1478
907.046936,1449
907.163086,1493
907.279175,1534
907.395264,1456
907.511353,1474
907.62738,1470
907.743408,1505
907.859497,1516
907.975525,1447
908.091553,1497
908.207703,1460
908.32373,1475
908.439758,1510
908.555786,1477
908.671814,1505
908.787842,1507
908.90387,1483
909.019775,1505
909.135864,1483
909.251892,1472
909.367859,1518
909.483826,1508
909.599854,1473
909.715881,1469
909.831848,1523
909.947815,1464
910.063782,1509
910.179749,1495
910.295776,1496
910.411743,1538
910.527649,1499
910.643616,1491
910.759583,1522
910.875488,1522
910.991455,1523
911.107361,1493
911.223267,1468
911.339294,1533
911.4552,1484
911.571106,1467
911.687073,1525
911.802979,1474
911.918823,1459
912.034729,1479
912.150635,1437
912.266602,1459
912.382446,1545
912.498352,1486
912.614197,1429
912.730103,1510
912.846008,1495
