792.446,1840
792.565,1855
792.684,1853
792.803,1800
792.922,1726
793.041,1714
793.16,1695
793.279,1738
793.398,1732
793.518,1725
793.637,1702
793.756,1732
793.875,1706
793.994,1700
794.113,1651
794.232,1676
794.351,1614
794.47,1631
794.589,1626
794.708,1641
794.827,1612
794.946,1616
795.066,1636
795.185,1612
795.304,1617
795.423,1616
795.542,1621
795.661,1587
795.78,1568
795.899,1639
796.018,1583
796.137,1556
796.256,1564
796.375,1556
796.494,1603
796.613,1604
796.732,1584
796.851,1567
796.97,1563
797.089,1560
797.208,1617
797.327,1574
797.446,1555
797.565,1547
797.684,1568
797.803,1581
797.922,1561
798.041,1542
798.16,1546
798.279,1530
798.398,1487
798.517,1533
798.636,1498
798.755,1573
798.874,1524
798.993,1505
799.112,1518
799.231,1490
799.35,1540
799.469,1496
799.588,1542
799.707,1498
799.826,1500
799.945,1532
800.064,1519
800.183,1521
800.302,1557
800.421,1510
800.54,1491
800.659,1526
800.778,1478
800.897,1513
801.016,1494
801.135,1476
801.254,1492
801.373,1525
801.492,1506
801.611,1464
801.729,1509
801.848,1457
801.967,1472
802.086,1488
802.205,1483
802.324,1478
802.443,1463
802.562,1471
802.681,1522
802.8,1474
802.919,1466
803.038,1454
803.157,1487
803.276,1485
803.394,1483
803.513,1485
803.632,1541
803.751,1499
803.87,1486
803.989,1498
804.108,1513
804.227,1451
804.346,1516
804.465,1486
804.583,1488
804.702,1472
804.821,1487
804.94,1483
805.059,1504
805.178,1459
805.297,1473
805.416,1479
805.535,1488
805.653,1504
805.772,1521
805.891,1498
806.01,1472
806.129,1476
806.248,1493
806.367,1491
806.485,1450
806.604,1462
806.723,1474
806.842,1533
806.961,1512
807.08,1461
807.198,1459
807.317,1469
807.436,1471
807.555,1471
807.674,1457
807.793,1443
807.912,1480
808.03,1518
808.149,1452
808.268,1466
808.387,1508
808.506,1481
808.624,1481
808.743,1462
808.862,1503
808.981,1437
809.1,1466
809.219,1471
809.337,1461
809.456,1484
809.575,1437
809.694,1430
809.812,1509
809.931,1478
810.05,1497
810.169,1441
810.288,1527
810.406,1460
810.525,1449
810.644,1437
810.763,1520
810.882,1478
811.0,1470
811.119,1467
811.238,1438
811.357,1473
811.475,1494
811.594,1467
811.713,1475
811.832,1467
811.95,1472
812.069,1498
812.188,1455
812.307,1452
812.425,1501
812.544,1489
812.663,1496
812.782,1459
812.9,1471
813.019,1471
813.138,1485
813.257,1459
813.375,1512
813.494,1419
813.613,1469
813.731,1464
813.85,1479
813.969,1421
814.088,1478
814.206,1469
814.325,1500
814.444,1441
814.562,1488
814.681,1479
814.8,1465
814.918,1443
815.037,1419
815.156,1441
815.274,1440
815.393,1453
815.512,1448
815.631,1446
815.749,1410
815.868,1411
815.987,1485
816.105,1424
816.224,1457
816.343,1458
816.461,1424
816.58,1436
816.698,1452
816.817,1484
816.936,1404
817.055,1467
817.173,1400
817.292,1419
817.41,1437
817.529,1408
817.648,1463
817.766,1396
817.885,1394
818.004,1451
818.122,1411
818.241,1385
818.359,1395
818.478,1450
818.597,1331
818.715,1384
818.834,1390
818.953,1380
819.071,1329
819.19,1417
819.308,1373
819.427,1312
819.546,1328
819.664,1371
819.783,1386
819.901,1407
820.02,1354
820.138,1375
820.257,1411
820.376,1386
820.494,1381
820.613,1347
820.731,1360
820.85,1381
820.969,1337
821.087,1315
821.206,1360
821.324,1358
821.443,1388
821.561,1355
821.68,1331
821.798,1302
821.917,1324
822.035,1353
822.154,1336
822.273,1358
822.391,1370
822.51,1324
822.628,1337
822.747,1348
822.865,1346
822.984,1328
823.102,1321
823.221,1326
823.339,1323
823.458,1318
823.576,1326
823.695,1354
823.813,1296
823.932,1314
824.05,1374
824.169,1307
824.287,1354
824.406,1331
824.524,1341
824.643,1311
824.761,1329
824.88,1290
824.998,1330
825.117,1323
825.235,1336
825.354,1327
825.472,1299
825.591,1341
825.709,1342
825.828,1345
825.946,1302
826.064,1335
826.183,1315
826.301,1300
826.42,1306
826.538,1336
826.657,1312
826.775,1306
826.894,1371
827.012,1315
827.13,1298
827.249,1289
827.367,1300
827.486,1318
827.604,1325
827.723,1348
827.841,1303
827.959,1328
828.078,1325
828.196,1281
828.315,1274
828.433,1288
828.552,1295
828.67,1287
828.788,1272
828.907,1296
829.025,1313
829.143,1315
829.262,1279
829.38,1281
829.499,1285
829.617,1317
829.735,1314
829.854,1285
829.972,1298
830.091,1285
830.209,1305
830.327,1280
830.446,1268
830.564,1285
830.682,1338
830.801,1314
830.919,1307
831.037,1283
831.156,1336
831.274,1276
831.392,1258
831.511,1338
831.629,1298
831.747,1313
831.866,1300
831.984,1295
832.102,1301
832.221,1307
832.339,1286
832.457,1282
832.576,1289
832.694,1278
832.812,1291
832.93,1292
833.049,1320
833.167,1276
833.285,1259
833.404,1288
833.522,1311
833.64,1314
833.759,1291
833.877,1318
833.995,1298
834.113,1299
834.232,1317
834.35,1300
834.468,1258
834.586,1315
834.705,1280
834.823,1287
834.941,1322
835.059,1306
835.178,1280
835.296,1273
835.414,1329
835.532,1284
835.651,1283
835.769,1291
835.887,1284
836.005,1297
836.124,1294
836.242,1310
836.36,1295
836.478,1315
836.596,1265
836.715,1297
836.833,1320
836.951,1335
837.069,1332
837.188,1267
837.306,1250
837.424,1308
837.542,1269
837.66,1328
837.779,1303
837.897,1322
838.015,1259
838.133,1316
838.251,1268
838.369,1298
838.487,1298
838.606,1291
838.724,1350
838.842,1271
838.96,1313
839.078,1328
839.196,1267
839.315,1294
839.433,1249
839.551,1306
839.669,1284
839.787,1289
839.905,1272
840.023,1286
840.142,1283
840.26,1314
840.378,1313
840.496,1322
840.614,1271
840.732,1272
840.85,1271
840.968,1307
841.087,1273
841.205,1288
841.323,1295
841.441,1309
841.559,1322
841.677,1303
841.795,1278
841.913,1262
842.031,1300
842.149,1281
842.267,1284
842.385,1270
842.504,1315
842.622,1291
842.74,1270
842.858,1276
842.976,1287
843.094,1310
843.212,1276
843.33,1299
843.448,1224
843.566,1250
843.684,1265
843.802,1273
843.92,1275
844.038,1284
844.156,1248
844.274,1261
844.392,1314
844.51,1297
844.628,1286
844.746,1259
844.864,1281
844.982,1257
845.1,1286
845.218,1295
845.336,1282
845.454,1284
845.572,1253
845.69,1296
845.808,1245
845.926,1317
846.044,1263
846.162,1278
846.28,1309
846.398,1250
846.516,1284
846.634,1279
846.752,1281
846.87,1259
846.988,1282
847.106,1275
847.224,1234
847.342,1286
847.46,1270
847.578,1276
847.696,1266
847.814,1282
847.932,1270
848.05,1301
848.168,1234
848.285,1277
848.403,1315
848.521,1274
848.639,1265
848.757,1288
848.875,1272
848.993,1283
849.111,1261
849.229,1296
849.347,1283
849.465,1272
849.582,1259
849.7,1230
849.818,1260
849.936,1277
850.054,1295
850.172,1295
850.29,1258
850.408,1249
850.525,1293
850.643,1285
850.761,1254
850.879,1235
850.997,1281
851.115,1294
851.233,1229
851.35,1302
851.468,1292
851.586,1287
851.704,1262
851.822,1312
851.94,1267
852.057,1251
852.175,1293
852.293,1267
852.411,1275
852.529,1291
852.647,1292
852.764,1336
852.882,1269
853.0,1300
853.118,1296
853.236,1282
853.353,1285
853.471,1285
853.589,1283
853.707,1291
853.824,1289
853.942,1277
854.06,1264
854.178,1247
854.296,1286
854.413,1280
854.531,1292
854.649,1281
854.767,1298
854.884,1239
855.002,1294
855.12,1271
855.238,1287
855.355,1273
855.473,1237
855.591,1236
855.708,1287
855.826,1278
855.944,1288
856.062,1276
856.179,1265
856.297,1263
856.415,1331
856.532,1323
856.65,1289
856.768,1270
856.886,1287
857.003,1280
857.121,1274
857.239,1258
857.356,1280
857.474,1275
857.592,1269
857.709,1288
857.827,1265
857.945,1301
858.062,1293
858.18,1258
858.298,1284
858.415,1331
858.533,1270
858.651,1277
858.768,1311
858.886,1261
859.003,1279
859.121,1311
859.239,1299
859.356,1297
859.474,1261
859.592,1322
859.709,1302
859.827,1262
859.944,1311
860.062,1256
860.18,1277
860.297,1288
860.415,1257
860.532,1256
860.65,1233
860.768,1281
860.885,1284
861.003,1289
861.12,1261
861.238,1289
861.356,1266
861.473,1240
861.591,1288
861.708,1287
861.826,1275
861.943,1287
862.061,1277
862.178,1251
862.296,1279
862.414,1288
862.531,1249
862.649,1336
862.766,1252
862.884,1318
863.001,1290
863.119,1265
863.236,1236
863.354,1305
863.471,1251
863.589,1276
863.706,1253
863.824,1307
863.941,1245
864.059,1280
864.176,1294
864.294,1279
864.411,1308
864.529,1293
864.646,1316
864.764,1245
864.881,1271
864.999,1320
865.116,1260
865.233,1297
865.351,1243
865.468,1296
865.586,1302
865.703,1255
865.821,1273
865.938,1267
866.056,1275
866.173,1278
866.29,1278
866.408,1280
866.525,1275
866.643,1305
866.76,1288
866.878,1261
866.995,1299
867.112,1332
867.23,1322
867.347,1265
867.465,1281
867.582,1316
867.699,1300
867.817,1289
867.934,1302
868.051,1328
868.169,1274
868.286,1284
868.404,1287
868.521,1295
868.638,1231
868.756,1306
868.873,1255
868.99,1302
869.108,1336
869.225,1286
869.342,1316
869.46,1313
869.577,1247
869.694,1270
869.812,1297
869.929,1303
870.046,1280
870.164,1289
870.281,1290
870.398,1305
870.516,1288
870.633,1280
870.75,1319
870.867,1296
870.985,1260
871.102,1271
871.219,1316
871.337,1298
871.454,1311
871.571,1299
871.688,1298
871.806,1285
871.923,1308
872.04,1309
872.157,1280
872.275,1302
872.392,1318
872.509,1305
872.626,1303
872.744,1325
872.861,1303
872.978,1303
873.095,1282
873.213,1306
873.33,1273
873.447,1295
873.564,1305
873.681,1265
873.799,1323
873.916,1292
874.033,1304
874.15,1317
874.267,1317
874.385,1298
874.502,1286
874.619,1317
874.736,1299
874.853,1334
874.97,1309
875.088,1315
875.205,1290
875.322,1298
875.439,1261
875.556,1309
875.673,1292
875.791,1312
875.908,1307
876.025,1307
876.142,1281
876.259,1294
876.376,1283
876.493,1327
876.61,1303
876.728,1303
876.845,1308
876.962,1310
877.079,1311
877.196,1275
877.313,1278
877.43,1302
877.547,1319
877.664,1325
877.781,1285
877.898,1319
878.016,1297
878.133,1295
878.25,1294
878.367,1295
878.484,1327
878.601,1294
878.718,1313
878.835,1262
878.952,1324
879.069,1333
879.186,1277
879.303,1297
879.42,1325
879.537,1318
879.654,1270
879.771,1278
879.888,1282
880.005,1326
880.122,1288
880.239,1281
880.356,1261
880.473,1266
880.59,1282
880.707,1274
880.824,1284
880.941,1294
881.058,1273
881.175,1295
881.292,1259
881.409,1301
881.526,1287
881.643,1295
881.76,1264
881.877,1338
881.994,1271
882.111,1284
882.228,1293
882.345,1317
882.462,1314
882.579,1280
882.696,1271
882.812,1280
882.929,1330
883.046,1302
883.163,1328
883.28,1280
883.397,1269
883.514,1309
883.631,1284
883.748,1303
883.865,1317
883.982,1279
884.098,1309
884.215,1331
884.332,1308
884.449,1301
884.566,1319
884.683,1278
884.8,1303
884.916,1306
885.033,1350
885.15,1341
885.267,1308
885.384,1322
885.501,1320
885.617,1374
885.734,1353
885.851,1293
885.968,1303
886.085,1353
886.202,1312
886.318,1352
886.435,1346
886.552,1353
886.669,1316
886.786,1348
886.902,1368
887.019,1325
887.136,1299
887.253,1372
887.369,1284
887.486,1326
887.603,1337
887.72,1330
887.837,1324
887.953,1298
888.07,1298
888.187,1313
888.304,1274
888.42,1344
888.537,1344
888.654,1336
888.77,1327
888.887,1303
889.004,1305
889.121,1296
889.237,1327
889.354,1316
889.471,1285
889.587,1300
889.704,1350
889.821,1299
889.938,1295
890.054,1321
890.171,1329
890.288,1280
890.404,1269
890.521,1309
890.638,1308
890.754,1263
890.871,1338
890.988,1328
891.104,1301
891.221,1329
891.337,1328
891.454,1284
891.571,1294
891.687,1281
891.804,1313
891.921,1322
892.037,1319
892.154,1303
892.27,1285
892.387,1285
892.504,1315
892.62,1273
892.737,1318
892.854,1321
892.97,1323
893.087,1319
893.203,1325
893.32,1284
893.436,1247
893.553,1323
893.67,1279
893.786,1345
893.903,1355
894.019,1327
894.136,1343
894.252,1329
894.369,1355
894.485,1327
894.602,1333
894.718,1356
894.835,1276
894.951,1354
895.068,1319
895.184,1301
895.301,1341
895.417,1331
895.534,1354
895.65,1309
895.767,1332
895.883,1309
896.0,1316
896.116,1318
896.233,1328
896.349,1330
896.466,1351
896.582,1309
896.699,1302
896.815,1372
896.932,1311
897.048,1346
897.165,1335
897.281,1353
897.397,1349
897.514,1351
897.63,1330
897.747,1355
897.863,1333
897.979,1317
898.096,1317
898.212,1324
898.329,1333
898.445,1331
898.561,1370
898.678,1299
898.794,1333
898.911,1335
899.027,1317
899.143,1340
899.26,1341
899.376,1339
899.492,1313
899.609,1344
899.725,1318
899.842,1342
899.958,1309
900.074,1329
900.191,1357
900.307,1300
900.423,1338
900.539,1316
900.656,1341
900.772,1363
900.888,1357
901.005,1308
901.121,1320
901.237,1332
901.354,1339
901.47,1359
901.586,1362
901.703,1341
901.819,1361
901.935,1311
902.051,1349
902.168,1354
902.284,1354
902.4,1393
902.516,1302
902.633,1369
902.749,1354
902.865,1367
902.981,1336
903.098,1370
903.214,1350
903.33,1366
903.446,1353
903.562,1347
903.679,1347
903.795,1362
903.911,1378
904.027,1357
904.143,1338
904.26,1403
904.376,1346
904.492,1404
904.608,1357
904.724,1353
904.841,1362
904.957,1355
905.073,1359
905.189,1367
905.305,1379
905.421,1313
905.538,1319
905.654,1340
905.77,1359
905.886,1337
906.002,1390
906.118,1337
906.234,1343
906.35,1336
906.466,1377
906.583,1344
906.699,1352
906.815,1355
906.931,1356
907.047,1376
907.163,1304
907.279,1357
907.395,1362
907.511,1359
907.627,1303
907.743,1346
907.859,1310
907.976,1371
908.092,1328
908.208,1315
908.324,1330
908.44,1397
908.556,1378
908.672,1303
908.788,1356
908.904,1391
909.02,1360
909.136,1385
909.252,1406
909.368,1359
909.484,1373
909.6,1359
909.716,1400
909.832,1354
909.948,1352
910.064,1360
910.18,1324
910.296,1344
910.412,1337
910.528,1360
910.644,1385
910.76,1349
910.875,1373
910.991,1358
911.107,1355
911.223,1408
911.339,1385
911.455,1350
911.571,1293
911.687,1363
911.803,1361
911.919,1325
912.035,1338
912.151,1363
912.267,1333
912.382,1369
912.498,1336
912.614,1328
912.73,1366
912.846,1352
792.446,1816
792.565,1780
792.684,1828
792.803,1827
792.922,1783
793.041,1778
793.16,1763
793.279,1815
793.398,1802
793.518,1761
793.637,1709
793.756,1745
793.875,1687
793.994,1740
794.113,1691
794.232,1679
794.351,1689
794.47,1677
794.589,1650
794.708,1706
794.827,1680
794.946,1653
795.066,1648
795.185,1653
795.304,1661
795.423,1650
795.542,1694
795.661,1646
795.78,1595
795.899,1621
796.018,1609
796.137,1657
796.256,1598
796.375,1622
796.494,1654
796.613,1611
796.732,1615
796.851,1662
796.97,1604
797.089,1578
797.208,1596
797.327,1571
797.446,1576
797.565,1605
797.684,1623
797.803,1591
797.922,1587
798.041,1600
798.16,1537
798.279,1524
798.398,1601
798.517,1590
798.636,1566
798.755,1542
798.874,1546
798.993,1556
799.112,1521
799.231,1540
799.35,1604
799.469,1596
799.588,1607
799.707,1598
799.826,1568
799.945,1575
800.064,1537
800.183,1604
800.302,1576
800.421,1563
800.54,1529
800.659,1534
800.778,1541
800.897,1539
801.016,1556
801.135,1536
801.254,1537
801.373,1563
801.492,1559
801.611,1517
801.729,1529
801.848,1502
801.967,1520
802.086,1533
802.205,1485
802.324,1513
802.443,1504
802.562,1552
802.681,1561
802.8,1574
802.919,1510
803.038,1503
803.157,1536
803.276,1535
803.394,1504
803.513,1531
803.632,1548
803.751,1533
803.87,1519
803.989,1560
804.108,1528
804.227,1549
804.346,1527
804.465,1529
804.583,1501
804.702,1519
804.821,1528
804.94,1506
805.059,1486
805.178,1550
805.297,1502
805.416,1557
805.535,1514
805.653,1468
805.772,1493
805.891,1529
806.01,1497
806.129,1499
806.248,1530
806.367,1470
806.485,1520
806.604,1515
806.723,1468
806.842,1571
806.961,1487
807.08,1543
807.198,1517
807.317,1494
807.436,1494
807.555,1510
807.674,1509
807.793,1466
807.912,1534
808.03,1535
808.149,1485
808.268,1519
808.387,1504
808.506,1504
808.624,1513
808.743,1513
808.862,1509
808.981,1506
809.1,1460
809.219,1540
809.337,1555
809.456,1546
809.575,1501
809.694,1480
809.812,1484
809.931,1501
810.05,1509
810.169,1539
810.288,1453
810.406,1500
810.525,1501
810.644,1531
810.763,1526
810.882,1495
811.0,1520
811.119,1449
811.238,1523
811.357,1543
811.475,1487
811.594,1477
811.713,1525
811.832,1496
811.95,1520
812.069,1487
812.188,1543
812.307,1539
812.425,1468
812.544,1526
812.663,1478
812.782,1492
812.9,1491
813.019,1495
813.138,1514
813.257,1454
813.375,1523
813.494,1488
813.613,1473
813.731,1490
813.85,1504
813.969,1460
814.088,1449
814.206,1446
814.325,1559
814.444,1487
814.562,1491
814.681,1457
814.8,1466
814.918,1508
815.037,1472
815.156,1502
815.274,1484
815.393,1499
815.512,1468
815.631,1485
815.749,1502
815.868,1507
815.987,1482
816.105,1403
816.224,1462
816.343,1453
816.461,1500
816.58,1493
816.698,1461
816.817,1483
816.936,1429
817.055,1493
817.173,1472
817.292,1471
817.41,1473
817.529,1447
817.648,1453
817.766,1423
817.885,1443
818.004,1459
818.122,1436
818.241,1437
818.359,1447
818.478,1441
818.597,1366
818.715,1412
818.834,1388
818.953,1440
819.071,1405
819.19,1363
819.308,1395
819.427,1382
819.546,1427
819.664,1359
819.783,1410
819.901,1403
820.02,1370
820.138,1416
820.257,1369
820.376,1379
820.494,1336
820.613,1422
820.731,1361
820.85,1413
820.969,1357
821.087,1404
821.206,1367
821.324,1337
821.443,1434
821.561,1378
821.68,1334
821.798,1403
821.917,1380
822.035,1358
822.154,1396
822.273,1378
822.391,1352
822.51,1353
822.628,1348
822.747,1395
822.865,1337
822.984,1382
823.102,1374
823.221,1362
823.339,1371
823.458,1379
823.576,1353
823.695,1406
823.813,1361
823.932,1360
824.05,1392
824.169,1321
824.287,1388
824.406,1319
824.524,1359
824.643,1329
824.761,1353
824.88,1363
824.998,1386
825.117,1365
825.235,1342
825.354,1381
825.472,1331
825.591,1381
825.709,1391
825.828,1363
825.946,1366
826.064,1368
826.183,1314
826.301,1303
826.42,1361
826.538,1336
826.657,1334
826.775,1373
826.894,1358
827.012,1336
827.13,1354
827.249,1364
827.367,1321
827.486,1295
827.604,1349
827.723,1303
827.841,1351
827.959,1371
828.078,1327
828.196,1288
828.315,1343
828.433,1326
828.552,1318
828.67,1290
828.788,1328
828.907,1316
829.025,1331
829.143,1345
829.262,1321
829.38,1365
829.499,1321
829.617,1386
829.735,1332
829.854,1339
829.972,1306
830.091,1306
830.209,1349
830.327,1333
830.446,1329
830.564,1336
830.682,1367
830.801,1301
830.919,1331
831.037,1304
831.156,1322
831.274,1320
831.392,1353
831.511,1338
831.629,1333
831.747,1343
831.866,1333
831.984,1344
832.102,1331
832.221,1303
832.339,1312
832.457,1305
832.576,1340
832.694,1325
832.812,1330
832.93,1317
833.049,1352
833.167,1300
833.285,1329
833.404,1343
833.522,1328
833.64,1262
833.759,1326
833.877,1313
833.995,1334
834.113,1345
834.232,1292
834.35,1331
834.468,1297
834.586,1296
834.705,1341
834.823,1304
834.941,1329
835.059,1334
835.178,1355
835.296,1342
835.414,1318
835.532,1324
835.651,1306
835.769,1297
835.887,1316
836.005,1288
836.124,1279
836.242,1323
836.36,1326
836.478,1329
836.596,1320
836.715,1352
836.833,1336
836.951,1320
837.069,1329
837.188,1347
837.306,1329
837.424,1333
837.542,1321
837.66,1319
837.779,1345
837.897,1312
838.015,1335
838.133,1321
838.251,1327
838.369,1323
838.487,1362
838.606,1362
838.724,1292
838.842,1337
838.96,1295
839.078,1330
839.196,1293
839.315,1301
839.433,1362
839.551,1363
839.669,1347
839.787,1282
839.905,1333
840.023,1303
840.142,1343
840.26,1332
840.378,1317
840.496,1316
840.614,1286
840.732,1335
840.85,1332
840.968,1325
841.087,1308
841.205,1306
841.323,1315
841.441,1308
841.559,1303
841.677,1291
841.795,1346
841.913,1312
842.031,1273
842.149,1325
842.267,1283
842.385,1298
842.504,1272
842.622,1329
842.74,1297
842.858,1308
842.976,1331
843.094,1316
843.212,1314
843.33,1293
843.448,1286
843.566,1332
843.684,1328
843.802,1277
843.92,1301
844.038,1311
844.156,1314
844.274,1341
844.392,1347
844.51,1332
844.628,1267
844.746,1293
844.864,1292
844.982,1290
845.1,1298
845.218,1307
845.336,1260
845.454,1315
845.572,1339
845.69,1300
845.808,1301
845.926,1305
846.044,1290
846.162,1286
846.28,1270
846.398,1284
846.516,1265
846.634,1305
846.752,1308
846.87,1292
846.988,1274
847.106,1310
847.224,1293
847.342,1280
847.46,1297
847.578,1293
847.696,1337
847.814,1309
847.932,1270
848.05,1313
848.168,1291
848.285,1310
848.403,1286
848.521,1297
848.639,1312
848.757,1315
848.875,1294
848.993,1314
849.111,1327
849.229,1313
849.347,1313
849.465,1301
849.582,1249
849.7,1278
849.818,1308
849.936,1306
850.054,1287
850.172,1300
850.29,1292
850.408,1320
850.525,1330
850.643,1312
850.761,1298
850.879,1303
850.997,1293
851.115,1309
851.233,1306
851.35,1277
851.468,1289
851.586,1297
851.704,1304
851.822,1283
851.94,1353
852.057,1283
852.175,1316
852.293,1285
852.411,1309
852.529,1315
852.647,1341
852.764,1278
852.882,1282
853.0,1296
853.118,1336
853.236,1295
853.353,1292
853.471,1325
853.589,1318
853.707,1280
853.824,1300
853.942,1311
854.06,1315
854.178,1299
854.296,1284
854.413,1309
854.531,1302
854.649,1280
854.767,1293
854.884,1318
855.002,1333
855.12,1283
855.238,1332
855.355,1321
855.473,1316
855.591,1326
855.708,1302
855.826,1305
855.944,1302
856.062,1313
856.179,1290
856.297,1301
856.415,1299
856.532,1297
856.65,1327
856.768,1323
856.886,1311
857.003,1304
857.121,1303
857.239,1327
857.356,1313
857.474,1335
857.592,1307
857.709,1329
857.827,1305
857.945,1282
858.062,1319
858.18,1321
858.298,1297
858.415,1329
858.533,1297
858.651,1327
858.768,1324
858.886,1304
859.003,1301
859.121,1285
859.239,1301
859.356,1309
859.474,1357
859.592,1293
859.709,1326
859.827,1293
859.944,1309
860.062,1312
860.18,1283
860.297,1318
860.415,1308
860.532,1320
860.65,1328
860.768,1336
860.885,1306
861.003,1305
861.12,1287
861.238,1298
861.356,1345
861.473,1300
861.591,1299
861.708,1292
861.826,1321
861.943,1319
862.061,1300
862.178,1311
862.296,1320
862.414,1355
862.531,1275
862.649,1307
862.766,1319
862.884,1296
863.001,1312
863.119,1296
863.236,1283
863.354,1286
863.471,1301
863.589,1300
863.706,1289
863.824,1300
863.941,1329
864.059,1296
864.176,1325
864.294,1282
864.411,1304
864.529,1292
864.646,1313
864.764,1291
864.881,1331
864.999,1300
865.116,1329
865.233,1283
865.351,1328
865.468,1314
865.586,1325
865.703,1314
865.821,1276
865.938,1315
866.056,1310
866.173,1342
866.29,1306
866.408,1329
866.525,1334
866.643,1326
866.76,1316
866.878,1294
866.995,1327
867.112,1350
867.23,1346
867.347,1288
867.465,1298
867.582,1287
867.699,1324
867.817,1307
867.934,1278
868.051,1304
868.169,1325
868.286,1293
868.404,1340
868.521,1323
868.638,1331
868.756,1274
868.873,1288
868.99,1298
869.108,1311
869.225,1339
869.342,1265
869.46,1368
869.577,1341
869.694,1331
869.812,1305
869.929,1317
870.046,1331
870.164,1290
870.281,1317
870.398,1289
870.516,1322
870.633,1304
870.75,1302
870.867,1331
870.985,1341
871.102,1303
871.219,1332
871.337,1281
871.454,1377
871.571,1299
871.688,1297
871.806,1322
871.923,1311
872.04,1322
872.157,1351
872.275,1328
872.392,1356
872.509,1297
872.626,1300
872.744,1344
872.861,1341
872.978,1324
873.095,1298
873.213,1350
873.33,1294
873.447,1290
873.564,1310
873.681,1344
873.799,1329
873.916,1307
874.033,1317
874.15,1322
874.267,1292
874.385,1336
874.502,1312
874.619,1348
874.736,1337
874.853,1349
874.97,1308
875.088,1344
875.205,1362
875.322,1327
875.439,1320
875.556,1298
875.673,1345
875.791,1342
875.908,1365
876.025,1293
876.142,1337
876.259,1304
876.376,1311
876.493,1317
876.61,1290
876.728,1335
876.845,1340
876.962,1323
877.079,1330
877.196,1361
877.313,1385
877.43,1317
877.547,1331
877.664,1359
877.781,1313
877.898,1307
878.016,1336
878.133,1323
878.25,1319
878.367,1306
878.484,1292
878.601,1326
878.718,1314
878.835,1325
878.952,1315
879.069,1366
879.186,1288
879.303,1342
879.42,1316
879.537,1308
879.654,1304
879.771,1299
879.888,1332
880.005,1328
880.122,1298
880.239,1331
880.356,1367
880.473,1330
880.59,1317
880.707,1338
880.824,1307
880.941,1341
881.058,1315
881.175,1310
881.292,1339
881.409,1326
881.526,1357
881.643,1293
881.76,1304
881.877,1317
881.994,1333
882.111,1303
882.228,1303
882.345,1323
882.462,1299
882.579,1328
882.696,1311
882.812,1341
882.929,1322
883.046,1314
883.163,1308
883.28,1293
883.397,1343
883.514,1340
883.631,1311
883.748,1351
883.865,1335
883.982,1371
884.098,1338
884.215,1312
884.332,1356
884.449,1330
884.566,1330
884.683,1364
884.8,1303
884.916,1332
885.033,1338
885.15,1357
885.267,1358
885.384,1373
885.501,1349
885.617,1386
885.734,1352
885.851,1350
885.968,1365
886.085,1344
886.202,1401
886.318,1336
886.435,1351
886.552,1383
886.669,1408
886.786,1349
886.902,1335
887.019,1353
887.136,1343
887.253,1331
887.369,1382
887.486,1400
887.603,1358
887.72,1334
887.837,1373
887.953,1316
888.07,1374
888.187,1363
888.304,1360
888.42,1392
888.537,1331
888.654,1339
888.77,1334
888.887,1359
889.004,1362
889.121,1354
889.237,1345
889.354,1334
889.471,1352
889.587,1339
889.704,1371
889.821,1356
889.938,1333
890.054,1346
890.171,1342
890.288,1295
890.404,1338
890.521,1378
890.638,1326
890.754,1355
890.871,1328
890.988,1388
891.104,1341
891.221,1358
891.337,1329
891.454,1357
891.571,1355
891.687,1365
891.804,1379
891.921,1329
892.037,1357
892.154,1300
892.27,1312
892.387,1344
892.504,1347
892.62,1386
892.737,1363
892.854,1349
892.97,1327
893.087,1372
893.203,1325
893.32,1300
893.436,1377
893.553,1370
893.67,1346
893.786,1328
893.903,1335
894.019,1359
894.136,1408
894.252,1364
894.369,1340
894.485,1395
894.602,1324
894.718,1358
894.835,1380
894.951,1359
895.068,1345
895.184,1366
895.301,1361
895.417,1376
895.534,1358
895.65,1368
895.767,1340
895.883,1376
896.0,1315
896.116,1363
896.233,1338
896.349,1379
896.466,1364
896.582,1369
896.699,1408
896.815,1388
896.932,1328
897.048,1403
897.165,1381
897.281,1367
897.397,1359
897.514,1351
897.63,1406
897.747,1366
897.863,1332
897.979,1374
898.096,1363
898.212,1363
898.329,1401
898.445,1359
898.561,1389
898.678,1347
898.794,1373
898.911,1400
899.027,1367
899.143,1363
899.26,1418
899.376,1373
899.492,1408
899.609,1342
899.725,1386
899.842,1387
899.958,1376
900.074,1392
900.191,1373
900.307,1400
900.423,1352
900.539,1394
900.656,1339
900.772,1384
900.888,1323
901.005,1372
901.121,1381
901.237,1379
901.354,1368
901.47,1345
901.586,1394
901.703,1365
901.819,1393
901.935,1387
902.051,1404
902.168,1366
902.284,1400
902.4,1368
902.516,1399
902.633,1389
902.749,1385
902.865,1397
902.981,1377
903.098,1409
903.214,1422
903.33,1383
903.446,1417
903.562,1429
903.679,1369
903.795,1413
903.911,1364
904.027,1413
904.143,1378
904.26,1397
904.376,1418
904.492,1404
904.608,1385
904.724,1365
904.841,1375
904.957,1388
905.073,1377
905.189,1403
905.305,1382
905.421,1411
905.538,1376
905.654,1443
905.77,1366
905.886,1379
906.002,1381
906.118,1381
906.234,1398
906.35,1354
906.466,1383
906.583,1373
906.699,1380
906.815,1342
906.931,1395
907.047,1361
907.163,1377
907.279,1405
907.395,1398
907.511,1431
907.627,1381
907.743,1362
907.859,1379
907.976,1367
908.092,1386
908.208,1386
908.324,1394
908.44,1391
908.556,1434
908.672,1391
908.788,1387
908.904,1383
909.02,1385
909.136,1410
909.252,1374
909.368,1430
909.484,1408
909.6,1402
909.716,1376
909.832,1419
909.948,1368
910.064,1432
910.18,1385
910.296,1358
910.412,1430
910.528,1424
910.644,1410
910.76,1357
910.875,1355
910.991,1374
911.107,1366
911.223,1350
911.339,1397
911.455,1405
911.571,1394
911.687,1379
911.803,1428
911.919,1393
912.035,1429
912.151,1376
912.267,1424
912.382,1429
912.498,1375
912.614,1381
912.73,1386
912.846,1375
792.446,1843
792.565,1856
792.684,1817
792.803,1794
792.922,1781
793.041,1774
793.16,1786
793.279,1765
793.398,1770
793.518,1780
793.637,1702
793.756,1728
793.875,1741
793.994,1775
794.113,1738
794.232,1677
794.351,1692
794.47,1706
794.589,1685
794.708,1696
794.827,1686
794.946,1672
795.066,1703
795.185,1682
795.304,1653
795.423,1625
795.542,1617
795.661,1654
795.78,1636
795.899,1612
796.018,1644
796.137,1612
796.256,1651
796.375,1645
796.494,1594
796.613,1626
796.732,1641
796.851,1590
796.97,1609
797.089,1598
797.208,1591
797.327,1603
797.446,1609
797.565,1594
797.684,1607
797.803,1563
797.922,1579
798.041,1597
798.16,1623
798.279,1591
798.398,1583
798.517,1560
798.636,1534
798.755,1576
798.874,1591
798.993,1536
799.112,1566
799.231,1584
799.35,1584
799.469,1520
799.588,1563
799.707,1562
799.826,1565
799.945,1524
800.064,1600
800.183,1547
800.302,1572
800.421,1547
800.54,1555
800.659,1578
800.778,1545
800.897,1513
801.016,1578
801.135,1581
801.254,1567
801.373,1503
801.492,1544
801.611,1570
801.729,1537
801.848,1488
801.967,1572
802.086,1506
802.205,1559
802.324,1553
802.443,1528
802.562,1561
802.681,1541
802.8,1548
802.919,1486
803.038,1505
803.157,1513
803.276,1519
803.394,1540
803.513,1555
803.632,1583
803.751,1494
803.87,1546
803.989,1581
804.108,1560
804.227,1538
804.346,1514
804.465,1539
804.583,1513
804.702,1536
804.821,1544
804.94,1455
805.059,1485
805.178,1546
805.297,1518
805.416,1537
805.535,1517
805.653,1489
805.772,1523
805.891,1552
806.01,1560
806.129,1540
806.248,1538
806.367,1547
806.485,1495
806.604,1546
806.723,1533
806.842,1514
806.961,1516
807.08,1535
807.198,1500
807.317,1556
807.436,1510
807.555,1529
807.674,1537
807.793,1497
807.912,1531
808.03,1528
808.149,1533
808.268,1542
808.387,1520
808.506,1501
808.624,1516
808.743,1483
808.862,1508
808.981,1526
809.1,1512
809.219,1539
809.337,1503
809.456,1533
809.575,1494
809.694,1518
809.812,1494
809.931,1517
810.05,1528
810.169,1491
810.288,1528
810.406,1521
810.525,1549
810.644,1472
810.763,1498
810.882,1511
811.0,1553
811.119,1535
811.238,1511
811.357,1515
811.475,1493
811.594,1483
811.713,1542
811.832,1517
811.95,1512
812.069,1460
812.188,1495
812.307,1541
812.425,1510
812.544,1550
812.663,1489
812.782,1498
812.9,1552
813.019,1527
813.138,1451
813.257,1523
813.375,1499
813.494,1533
813.613,1520
813.731,1482
813.85,1525
813.969,1519
814.088,1493
814.206,1471
814.325,1487
814.444,1497
814.562,1480
814.681,1495
814.8,1480
814.918,1528
815.037,1493
815.156,1476
815.274,1508
815.393,1522
815.512,1465
815.631,1512
815.749,1485
815.868,1475
815.987,1481
816.105,1483
816.224,1470
816.343,1488
816.461,1501
816.58,1430
816.698,1467
816.817,1489
816.936,1497
817.055,1499
817.173,1498
817.292,1494
817.41,1481
817.529,1435
817.648,1448
817.766,1427
817.885,1413
818.004,1452
818.122,1375
818.241,1433
818.359,1419
818.478,1444
818.597,1500
818.715,1417
818.834,1425
818.953,1404
819.071,1441
819.19,1441
819.308,1433
819.427,1415
819.546,1401
819.664,1421
819.783,1413
819.901,1412
820.02,1413
820.138,1383
820.257,1381
820.376,1381
820.494,1353
820.613,1405
820.731,1417
820.85,1389
820.969,1400
821.087,1354
821.206,1393
821.324,1388
821.443,1417
821.561,1391
821.68,1381
821.798,1385
821.917,1405
822.035,1372
822.154,1363
822.273,1360
822.391,1356
822.51,1399
822.628,1379
822.747,1383
822.865,1365
822.984,1371
823.102,1362
823.221,1363
823.339,1341
823.458,1401
823.576,1338
823.695,1364
823.813,1357
823.932,1391
824.05,1382
824.169,1395
824.287,1397
824.406,1411
824.524,1381
824.643,1389
824.761,1412
824.88,1371
824.998,1378
825.117,1337
825.235,1383
825.354,1340
825.472,1353
825.591,1340
825.709,1345
825.828,1388
825.946,1336
826.064,1346
826.183,1306
826.301,1346
826.42,1337
826.538,1354
826.657,1341
826.775,1353
826.894,1402
827.012,1353
827.13,1370
827.249,1344
827.367,1348
827.486,1340
827.604,1336
827.723,1379
827.841,1336
827.959,1338
828.078,1311
828.196,1367
828.315,1323
828.433,1297
828.552,1332
828.67,1321
828.788,1332
828.907,1335
829.025,1347
829.143,1353
829.262,1335
829.38,1351
829.499,1317
829.617,1322
829.735,1351
829.854,1335
829.972,1300
830.091,1311
830.209,1351
830.327,1342
830.446,1332
830.564,1312
830.682,1320
830.801,1282
830.919,1323
831.037,1355
831.156,1364
831.274,1306
831.392,1335
831.511,1318
831.629,1313
831.747,1302
831.866,1325
831.984,1340
832.102,1333
832.221,1307
832.339,1342
832.457,1324
832.576,1344
832.694,1338
832.812,1332
832.93,1297
833.049,1310
833.167,1332
833.285,1328
833.404,1319
833.522,1338
833.64,1328
833.759,1357
833.877,1316
833.995,1338
834.113,1312
834.232,1320
834.35,1308
834.468,1356
834.586,1290
834.705,1332
834.823,1287
834.941,1330
835.059,1293
835.178,1303
835.296,1290
835.414,1340
835.532,1292
835.651,1382
835.769,1298
835.887,1380
836.005,1324
836.124,1335
836.242,1340
836.36,1300
836.478,1348
836.596,1345
836.715,1314
836.833,1338
836.951,1348
837.069,1321
837.188,1293
837.306,1346
837.424,1348
837.542,1332
837.66,1328
837.779,1319
837.897,1348
838.015,1327
838.133,1362
838.251,1339
838.369,1325
838.487,1364
838.606,1343
838.724,1327
838.842,1308
838.96,1325
839.078,1324
839.196,1320
839.315,1317
839.433,1338
839.551,1326
839.669,1320
839.787,1343
839.905,1337
840.023,1318
840.142,1337
840.26,1323
840.378,1335
840.496,1325
840.614,1281
840.732,1309
840.85,1310
840.968,1310
841.087,1293
841.205,1306
841.323,1265
841.441,1293
841.559,1313
841.677,1313
841.795,1321
841.913,1302
842.031,1316
842.149,1315
842.267,1337
842.385,1317
842.504,1315
842.622,1340
842.74,1290
842.858,1315
842.976,1321
843.094,1283
843.212,1314
843.33,1301
843.448,1331
843.566,1337
843.684,1337
843.802,1334
843.92,1304
844.038,1386
844.156,1322
844.274,1326
844.392,1280
844.51,1325
844.628,1315
844.746,1273
844.864,1286
844.982,1327
845.1,1314
845.218,1289
845.336,1315
845.454,1297
845.572,1324
845.69,1292
845.808,1320
845.926,1316
846.044,1275
846.162,1302
846.28,1306
846.398,1314
846.516,1291
846.634,1332
846.752,1312
846.87,1321
846.988,1290
847.106,1346
847.224,1290
847.342,1297
847.46,1309
847.578,1326
847.696,1303
847.814,1283
847.932,1287
848.05,1267
848.168,1300
848.285,1289
848.403,1291
848.521,1331
848.639,1304
848.757,1300
848.875,1279
848.993,1339
849.111,1289
849.229,1320
849.347,1276
849.465,1341
849.582,1360
849.7,1276
849.818,1322
849.936,1310
850.054,1312
850.172,1301
850.29,1290
850.408,1321
850.525,1254
850.643,1313
850.761,1304
850.879,1265
850.997,1339
851.115,1313
851.233,1293
851.35,1314
851.468,1293
851.586,1286
851.704,1327
851.822,1305
851.94,1306
852.057,1282
852.175,1326
852.293,1315
852.411,1294
852.529,1325
852.647,1328
852.764,1336
852.882,1327
853.0,1330
853.118,1328
853.236,1306
853.353,1333
853.471,1349
853.589,1305
853.707,1345
853.824,1308
853.942,1314
854.06,1298
854.178,1335
854.296,1294
854.413,1309
854.531,1277
854.649,1336
854.767,1291
854.884,1323
855.002,1298
855.12,1364
855.238,1310
855.355,1319
855.473,1271
855.591,1270
855.708,1263
855.826,1313
855.944,1321
856.062,1354
856.179,1307
856.297,1337
856.415,1340
856.532,1322
856.65,1337
856.768,1238
856.886,1327
857.003,1300
857.121,1352
857.239,1319
857.356,1324
857.474,1348
857.592,1320
857.709,1330
857.827,1311
857.945,1299
858.062,1313
858.18,1283
858.298,1308
858.415,1308
858.533,1340
858.651,1348
858.768,1325
858.886,1330
859.003,1321
859.121,1292
859.239,1332
859.356,1301
859.474,1361
859.592,1315
859.709,1331
859.827,1325
859.944,1306
860.062,1334
860.18,1310
860.297,1320
860.415,1305
860.532,1319
860.65,1320
860.768,1303
860.885,1342
861.003,1309
861.12,1331
861.238,1301
861.356,1286
861.473,1298
861.591,1341
861.708,1307
861.826,1340
861.943,1316
862.061,1324
862.178,1317
862.296,1323
862.414,1290
862.531,1299
862.649,1323
862.766,1298
862.884,1311
863.001,1340
863.119,1288
863.236,1294
863.354,1332
863.471,1324
863.589,1312
863.706,1321
863.824,1335
863.941,1350
864.059,1328
864.176,1290
864.294,1317
864.411,1331
864.529,1326
864.646,1298
864.764,1277
864.881,1295
864.999,1294
865.116,1342
865.233,1326
865.351,1292
865.468,1310
865.586,1322
865.703,1279
865.821,1316
865.938,1311
866.056,1312
866.173,1291
866.29,1301
866.408,1335
866.525,1303
866.643,1311
866.76,1354
866.878,1290
866.995,1345
867.112,1265
867.23,1335
867.347,1333
867.465,1281
867.582,1319
867.699,1337
867.817,1314
867.934,1339
868.051,1295
868.169,1328
868.286,1310
868.404,1327
868.521,1323
868.638,1335
868.756,1301
868.873,1308
868.99,1338
869.108,1315
869.225,1338
869.342,1346
869.46,1337
869.577,1334
869.694,1340
869.812,1358
869.929,1296
870.046,1320
870.164,1322
870.281,1351
870.398,1344
870.516,1315
870.633,1321
870.75,1327
870.867,1355
870.985,1318
871.102,1357
871.219,1298
871.337,1348
871.454,1345
871.571,1310
871.688,1361
871.806,1364
871.923,1354
872.04,1316
872.157,1359
872.275,1322
872.392,1301
872.509,1331
872.626,1329
872.744,1313
872.861,1314
872.978,1330
873.095,1361
873.213,1331
873.33,1290
873.447,1318
873.564,1330
873.681,1307
873.799,1308
873.916,1307
874.033,1338
874.15,1310
874.267,1334
874.385,1306
874.502,1324
874.619,1333
874.736,1374
874.853,1286
874.97,1384
875.088,1331
875.205,1346
875.322,1356
875.439,1306
875.556,1340
875.673,1322
875.791,1339
875.908,1327
876.025,1352
876.142,1367
876.259,1372
876.376,1370
876.493,1350
876.61,1336
876.728,1363
876.845,1317
876.962,1298
877.079,1342
877.196,1327
877.313,1297
877.43,1319
877.547,1338
877.664,1334
877.781,1340
877.898,1320
878.016,1346
878.133,1313
878.25,1372
878.367,1335
878.484,1355
878.601,1337
878.718,1341
878.835,1342
878.952,1334
879.069,1337
879.186,1313
879.303,1319
879.42,1343
879.537,1326
879.654,1307
879.771,1341
879.888,1323
880.005,1319
880.122,1343
880.239,1333
880.356,1321
880.473,1325
880.59,1296
880.707,1347
880.824,1369
880.941,1316
881.058,1356
881.175,1299
881.292,1348
881.409,1332
881.526,1363
881.643,1337
881.76,1367
881.877,1320
881.994,1335
882.111,1307
882.228,1333
882.345,1311
882.462,1349
882.579,1333
882.696,1345
882.812,1325
882.929,1327
883.046,1333
883.163,1323
883.28,1315
883.397,1360
883.514,1363
883.631,1313
883.748,1376
883.865,1343
883.982,1322
884.098,1351
884.215,1356
884.332,1383
884.449,1313
884.566,1341
884.683,1350
884.8,1348
884.916,1329
885.033,1378
885.15,1351
885.267,1410
885.384,1383
885.501,1425
885.617,1394
885.734,1368
885.851,1396
885.968,1427
886.085,1359
886.202,1405
886.318,1370
886.435,1375
886.552,1392
886.669,1391
886.786,1356
886.902,1387
887.019,1381
887.136,1374
887.253,1378
887.369,1331
887.486,1364
887.603,1351
887.72,1352
887.837,1412
887.953,1347
888.07,1400
888.187,1346
888.304,1360
888.42,1385
888.537,1348
888.654,1358
888.77,1375
888.887,1371
889.004,1360
889.121,1360
889.237,1356
889.354,1367
889.471,1331
889.587,1363
889.704,1359
889.821,1371
889.938,1371
890.054,1355
890.171,1332
890.288,1315
890.404,1348
890.521,1396
890.638,1314
890.754,1358
890.871,1361
890.988,1364
891.104,1369
891.221,1398
891.337,1348
891.454,1347
891.571,1384
891.687,1323
891.804,1361
891.921,1377
892.037,1327
892.154,1411
892.27,1335
892.387,1391
892.504,1354
892.62,1362
892.737,1366
892.854,1390
892.97,1361
893.087,1356
893.203,1380
893.32,1378
893.436,1354
893.553,1358
893.67,1334
893.786,1369
893.903,1349
894.019,1380
894.136,1347
894.252,1336
894.369,1360
894.485,1412
894.602,1364
894.718,1380
894.835,1396
894.951,1372
895.068,1392
895.184,1363
895.301,1404
895.417,1341
895.534,1368
895.65,1403
895.767,1350
895.883,1360
896.0,1385
896.116,1335
896.233,1359
896.349,1374
896.466,1399
896.582,1374
896.699,1389
896.815,1386
896.932,1353
897.048,1371
897.165,1392
897.281,1364
897.397,1359
897.514,1356
897.63,1389
897.747,1349
897.863,1405
897.979,1382
898.096,1427
898.212,1375
898.329,1356
898.445,1377
898.561,1362
898.678,1398
898.794,1401
898.911,1382
899.027,1405
899.143,1370
899.26,1399
899.376,1391
899.492,1395
899.609,1379
899.725,1386
899.842,1365
899.958,1360
900.074,1396
900.191,1377
900.307,1402
900.423,1351
900.539,1390
900.656,1376
900.772,1377
900.888,1364
901.005,1386
901.121,1374
901.237,1425
901.354,1341
901.47,1379
901.586,1376
901.703,1388
901.819,1413
901.935,1431
902.051,1407
902.168,1403
902.284,1449
902.4,1374
902.516,1379
902.633,1403
902.749,1403
902.865,1390
902.981,1398
903.098,1427
903.214,1380
903.33,1392
903.446,1405
903.562,1416
903.679,1383
903.795,1416
903.911,1376
904.027,1368
904.143,1372
904.26,1383
904.376,1396
904.492,1355
904.608,1418
904.724,1400
904.841,1420
904.957,1421
905.073,1407
905.189,1402
905.305,1377
905.421,1388
905.538,1415
905.654,1351
905.77,1384
905.886,1412
906.002,1404
906.118,1394
906.234,1434
906.35,1377
906.466,1458
906.583,1406
906.699,1379
906.815,1420
906.931,1429
907.047,1360
907.163,1429
907.279,1385
907.395,1424
907.511,1403
907.627,1386
907.743,1418
907.859,1401
907.976,1408
908.092,1377
908.208,1386
908.324,1396
908.44,1413
908.556,1361
908.672,1406
908.788,1380
908.904,1382
909.02,1408
909.136,1404
909.252,1455
909.368,1393
909.484,1424
909.6,1385
909.716,1405
909.832,1411
909.948,1393
910.064,1401
910.18,1427
910.296,1413
910.412,1385
910.528,1438
910.644,1383
910.76,1452
910.875,1426
910.991,1391
911.107,1416
911.223,1397
911.339,1407
911.455,1376
911.571,1390
911.687,1417
911.803,1407
911.919,1433
912.035,1357
912.151,1436
912.267,1393
912.382,1378
912.498,1381
912.614,1405
912.73,1408
912.846,1390
