792.446,305
792.565,348
792.684,391
792.803,379
792.922,320
793.041,334
793.16,295
793.279,327
793.398,338
793.518,310
793.637,306
793.756,329
793.875,352
793.994,340
794.113,338
794.232,325
794.351,325
794.47,348
794.589,306
794.708,328
794.827,327
794.946,325
795.066,331
795.185,335
795.304,323
795.423,336
795.542,347
795.661,330
795.78,321
795.899,330
796.018,325
796.137,327
796.256,333
796.375,320
796.494,335
796.613,347
796.732,325
796.851,323
796.97,321
797.089,321
797.208,335
797.327,319
797.446,343
797.565,316
797.684,336
797.803,328
797.922,316
798.041,330
798.16,323
798.279,338
798.398,325
798.517,328
798.636,307
798.755,326
798.874,327
798.993,329
799.112,335
799.231,322
799.35,319
799.469,331
799.588,319
799.707,322
799.826,313
799.945,317
800.064,325
800.183,302
800.302,328
800.421,317
800.54,329
800.659,325
800.778,341
800.897,314
801.016,314
801.135,327
801.254,330
801.373,336
801.492,331
801.611,336
801.729,302
801.848,324
801.967,332
802.086,328
802.205,318
802.324,337
802.443,322
802.562,329
802.681,324
802.8,328
802.919,321
803.038,332
803.157,334
803.276,336
803.394,327
803.513,311
803.632,326
803.751,330
803.87,333
803.989,325
804.108,320
804.227,320
804.346,316
804.465,323
804.583,334
804.702,327
804.821,330
804.94,342
805.059,320
805.178,327
805.297,323
805.416,335
805.535,329
805.653,330
805.772,336
805.891,311
806.01,323
806.129,327
806.248,327
806.367,332
806.485,331
806.604,347
806.723,320
806.842,323
806.961,317
807.08,342
807.198,333
807.317,313
807.436,310
807.555,322
807.674,315
807.793,340
807.912,329
808.03,326
808.149,322
808.268,329
808.387,334
808.506,322
808.624,323
808.743,320
808.862,317
808.981,325
809.1,328
809.219,329
809.337,326
809.456,324
809.575,335
809.694,316
809.812,323
809.931,318
810.05,330
810.169,335
810.288,326
810.406,340
810.525,324
810.644,334
810.763,336
810.882,324
811.0,323
811.119,320
811.238,325
811.357,324
811.475,329
811.594,333
811.713,331
811.832,331
811.95,322
812.069,331
812.188,322
812.307,326
812.425,332
812.544,334
812.663,324
812.782,335
812.9,323
813.019,332
813.138,307
813.257,336
813.375,311
813.494,322
813.613,324
813.731,332
813.85,355
813.969,319
814.088,315
814.206,328
814.325,321
814.444,331
814.562,327
814.681,321
814.8,312
814.918,332
815.037,332
815.156,331
815.274,324
815.393,328
815.512,326
815.631,320
815.749,321
815.868,324
815.987,318
816.105,326
816.224,335
816.343,325
816.461,318
816.58,331
816.698,325
816.817,317
816.936,329
817.055,337
817.173,335
817.292,325
817.41,324
817.529,330
817.648,323
817.766,327
817.885,324
818.004,337
818.122,318
818.241,311
818.359,318
818.478,334
818.597,321
818.715,329
818.834,329
818.953,323
819.071,337
819.19,323
819.308,313
819.427,316
819.546,320
819.664,330
819.783,321
819.901,311
820.02,317
820.138,321
820.257,326
820.376,329
820.494,321
820.613,321
820.731,310
820.85,330
820.969,328
821.087,315
821.206,318
821.324,321
821.443,317
821.561,318
821.68,327
821.798,316
821.917,318
822.035,317
822.154,324
822.273,310
822.391,319
822.51,324
822.628,317
822.747,320
822.865,320
822.984,318
823.102,322
823.221,327
823.339,319
823.458,324
823.576,313
823.695,314
823.813,318
823.932,322
824.05,318
824.169,305
824.287,321
824.406,321
824.524,316
824.643,321
824.761,324
824.88,320
824.998,307
825.117,321
825.235,303
825.354,327
825.472,320
825.591,311
825.709,313
825.828,310
825.946,322
826.064,328
826.183,312
826.301,337
826.42,309
826.538,322
826.657,319
826.775,330
826.894,327
827.012,324
827.13,315
827.249,322
827.367,313
827.486,304
827.604,327
827.723,333
827.841,311
827.959,296
828.078,314
828.196,317
828.315,304
828.433,312
828.552,307
828.67,318
828.788,320
828.907,325
829.025,317
829.143,323
829.262,319
829.38,313
829.499,301
829.617,322
829.735,307
829.854,328
829.972,314
830.091,320
830.209,314
830.327,313
830.446,310
830.564,311
830.682,321
830.801,301
830.919,323
831.037,327
831.156,308
831.274,335
831.392,314
831.511,334
831.629,313
831.747,314
831.866,308
831.984,311
832.102,334
832.221,312
832.339,311
832.457,325
832.576,324
832.694,318
832.812,323
832.93,318
833.049,313
833.167,319
833.285,315
833.404,311
833.522,322
833.64,296
833.759,325
833.877,315
833.995,325
834.113,313
834.232,325
834.35,306
834.468,318
834.586,316
834.705,315
834.823,308
834.941,322
835.059,318
835.178,314
835.296,316
835.414,324
835.532,326
835.651,320
835.769,328
835.887,319
836.005,314
836.124,314
836.242,318
836.36,311
836.478,315
836.596,314
836.715,311
836.833,300
836.951,309
837.069,306
837.188,319
837.306,328
837.424,313
837.542,311
837.66,305
837.779,321
837.897,319
838.015,317
838.133,314
838.251,330
838.369,323
838.487,301
838.606,309
838.724,310
838.842,323
838.96,323
839.078,319
839.196,320
839.315,308
839.433,318
839.551,317
839.669,313
839.787,311
839.905,324
840.023,301
840.142,311
840.26,317
840.378,312
840.496,324
840.614,313
840.732,313
840.85,308
840.968,313
841.087,332
841.205,309
841.323,322
841.441,316
841.559,317
841.677,321
841.795,313
841.913,322
842.031,328
842.149,320
842.267,319
842.385,316
842.504,326
842.622,306
842.74,321
842.858,322
842.976,314
843.094,318
843.212,310
843.33,325
843.448,314
843.566,310
843.684,304
843.802,320
843.92,312
844.038,334
844.156,320
844.274,320
844.392,313
844.51,330
844.628,304
844.746,324
844.864,301
844.982,341
845.1,329
845.218,314
845.336,320
845.454,329
845.572,309
845.69,318
845.808,305
845.926,326
846.044,325
846.162,330
846.28,315
846.398,327
846.516,319
846.634,321
846.752,329
846.87,310
846.988,325
847.106,320
847.224,331
847.342,313
847.46,323
847.578,304
847.696,318
847.814,329
847.932,311
848.05,329
848.168,312
848.285,325
848.403,308
848.521,310
848.639,310
848.757,329
848.875,322
848.993,333
849.111,304
849.229,326
849.347,322
849.465,316
849.582,313
849.7,323
849.818,322
849.936,309
850.054,318
850.172,319
850.29,325
850.408,320
850.525,315
850.643,318
850.761,307
850.879,318
850.997,329
851.115,305
851.233,316
851.35,313
851.468,320
851.586,324
851.704,321
851.822,312
851.94,311
852.057,314
852.175,321
852.293,316
852.411,322
852.529,326
852.647,309
852.764,333
852.882,326
853.0,321
853.118,315
853.236,304
853.353,322
853.471,313
853.589,316
853.707,324
853.824,320
853.942,336
854.06,320
854.178,318
854.296,312
854.413,302
854.531,317
854.649,323
854.767,309
854.884,322
855.002,306
855.12,329
855.238,315
855.355,301
855.473,306
855.591,324
855.708,327
855.826,309
855.944,318
856.062,317
856.179,309
856.297,310
856.415,324
856.532,303
856.65,315
856.768,325
856.886,327
857.003,318
857.121,319
857.239,331
857.356,318
857.474,321
857.592,327
857.709,308
857.827,316
857.945,318
858.062,314
858.18,315
858.298,325
858.415,323
858.533,334
858.651,326
858.768,313
858.886,314
859.003,322
859.121,325
859.239,326
859.356,316
859.474,303
859.592,315
859.709,311
859.827,315
859.944,324
860.062,326
860.18,311
860.297,330
860.415,322
860.532,310
860.65,310
860.768,326
860.885,324
861.003,314
861.12,328
861.238,315
861.356,312
861.473,328
861.591,319
861.708,324
861.826,324
861.943,312
862.061,307
862.178,315
862.296,311
862.414,302
862.531,323
862.649,326
862.766,320
862.884,312
863.001,321
863.119,323
863.236,317
863.354,312
863.471,308
863.589,321
863.706,315
863.824,319
863.941,316
864.059,318
864.176,308
864.294,317
864.411,303
864.529,318
864.646,310
864.764,307
864.881,315
864.999,312
865.116,318
865.233,313
865.351,329
865.468,327
865.586,308
865.703,315
865.821,319
865.938,321
866.056,318
866.173,321
866.29,314
866.408,302
866.525,312
866.643,313
866.76,322
866.878,309
866.995,309
867.112,326
867.23,308
867.347,325
867.465,310
867.582,316
867.699,303
867.817,326
867.934,307
868.051,314
868.169,311
868.286,316
868.404,326
868.521,310
868.638,315
868.756,316
868.873,315
868.99,317
869.108,313
869.225,323
869.342,322
869.46,320
869.577,313
869.694,316
869.812,313
869.929,319
870.046,306
870.164,315
870.281,312
870.398,317
870.516,306
870.633,309
870.75,314
870.867,328
870.985,315
871.102,327
871.219,320
871.337,322
871.454,312
871.571,296
871.688,304
871.806,321
871.923,326
872.04,320
872.157,331
872.275,320
872.392,316
872.509,325
872.626,325
872.744,310
872.861,322
872.978,315
873.095,311
873.213,317
873.33,324
873.447,320
873.564,325
873.681,316
873.799,309
873.916,328
874.033,329
874.15,311
874.267,326
874.385,318
874.502,300
874.619,322
874.736,304
874.853,315
874.97,317
875.088,322
875.205,310
875.322,310
875.439,317
875.556,318
875.673,317
875.791,319
875.908,319
876.025,314
876.142,334
876.259,333
876.376,319
876.493,320
876.61,312
876.728,325
876.845,318
876.962,316
877.079,318
877.196,321
877.313,309
877.43,322
877.547,324
877.664,303
877.781,319
877.898,303
878.016,306
878.133,318
878.25,312
878.367,308
878.484,314
878.601,325
878.718,328
878.835,306
878.952,324
879.069,316
879.186,310
879.303,313
879.42,319
879.537,312
879.654,296
879.771,319
879.888,305
880.005,331
880.122,326
880.239,312
880.356,313
880.473,309
880.59,311
880.707,315
880.824,298
880.941,325
881.058,323
881.175,323
881.292,312
881.409,324
881.526,322
881.643,326
881.76,300
881.877,318
881.994,317
882.111,330
882.228,309
882.345,325
882.462,312
882.579,309
882.696,322
882.812,318
882.929,315
883.046,317
883.163,321
883.28,316
883.397,306
883.514,318
883.631,304
883.748,321
883.865,319
883.982,315
884.098,317
884.215,320
884.332,317
884.449,319
884.566,322
884.683,317
884.8,314
884.916,320
885.033,318
885.15,309
885.267,297
885.384,330
885.501,323
885.617,322
885.734,309
885.851,319
885.968,327
886.085,317
886.202,313
886.318,332
886.435,303
886.552,318
886.669,315
886.786,318
886.902,312
887.019,315
887.136,319
887.253,323
887.369,314
887.486,308
887.603,317
887.72,300
887.837,310
887.953,314
888.07,319
888.187,308
888.304,326
888.42,316
888.537,329
888.654,325
888.77,324
888.887,318
889.004,316
889.121,319
889.237,330
889.354,320
889.471,324
889.587,321
889.704,317
889.821,312
889.938,307
890.054,310
890.171,327
890.288,324
890.404,311
890.521,320
890.638,311
890.754,317
890.871,319
890.988,333
891.104,306
891.221,312
891.337,315
891.454,323
891.571,319
891.687,314
891.804,314
891.921,309
892.037,318
892.154,313
892.27,314
892.387,332
892.504,308
892.62,321
892.737,310
892.854,321
892.97,318
893.087,319
893.203,314
893.32,307
893.436,309
893.553,324
893.67,322
893.786,327
893.903,324
894.019,309
894.136,322
894.252,315
894.369,318
894.485,327
894.602,316
894.718,302
894.835,308
894.951,317
895.068,318
895.184,310
895.301,319
895.417,320
895.534,322
895.65,309
895.767,322
895.883,320
896.0,316
896.116,321
896.233,309
896.349,328
896.466,305
896.582,311
896.699,312
896.815,317
896.932,306
897.048,328
897.165,313
897.281,319
897.397,322
897.514,319
897.63,318
897.747,321
897.863,335
897.979,326
898.096,319
898.212,323
898.329,316
898.445,318
898.561,317
898.678,307
898.794,314
898.911,323
899.027,335
899.143,331
899.26,314
899.376,313
899.492,320
899.609,325
899.725,326
899.842,322
899.958,314
900.074,327
900.191,314
900.307,319
900.423,320
900.539,317
900.656,325
900.772,323
900.888,316
901.005,315
901.121,323
901.237,318
901.354,318
901.47,322
901.586,306
901.703,336
901.819,313
901.935,316
902.051,314
902.168,316
902.284,315
902.4,322
902.516,318
902.633,324
902.749,317
902.865,323
902.981,317
903.098,318
903.214,320
903.33,314
903.446,309
903.562,312
903.679,310
903.795,317
903.911,308
904.027,326
904.143,320
904.26,334
904.376,327
904.492,299
904.608,323
904.724,322
904.841,305
904.957,312
905.073,318
905.189,328
905.305,317
905.421,308
905.538,320
905.654,323
905.77,319
905.886,315
906.002,323
906.118,321
906.234,312
906.35,333
906.466,308
906.583,327
906.699,323
906.815,326
906.931,305
907.047,305
907.163,320
907.279,324
907.395,313
907.511,313
907.627,320
907.743,318
907.859,325
907.976,307
908.092,314
908.208,325
908.324,309
908.44,319
908.556,315
908.672,327
908.788,320
908.904,323
909.02,312
909.136,322
909.252,319
909.368,310
909.484,294
909.6,323
909.716,299
909.832,331
909.948,306
910.064,319
910.18,327
910.296,325
910.412,327
910.528,318
910.644,321
910.76,321
910.875,312
910.991,330
911.107,317
911.223,321
911.339,325
911.455,326
911.571,323
911.687,329
911.803,327
911.919,328
912.035,316
912.151,317
912.267,311
912.382,316
912.498,322
912.614,326
912.73,311
912.846,309
792.446,305
792.565,340
792.684,390
792.803,376
792.922,324
793.041,315
793.16,325
793.279,327
793.398,323
793.518,322
793.637,319
793.756,336
793.875,344
793.994,338
794.113,319
794.232,333
794.351,322
794.47,332
794.589,326
794.708,323
794.827,326
794.946,339
795.066,328
795.185,323
795.304,336
795.423,331
795.542,341
795.661,328
795.78,320
795.899,323
796.018,335
796.137,336
796.256,330
796.375,324
796.494,317
796.613,335
796.732,334
796.851,331
796.97,326
797.089,339
797.208,316
797.327,336
797.446,327
797.565,319
797.684,315
797.803,330
797.922,338
798.041,312
798.16,313
798.279,318
798.398,331
798.517,331
798.636,327
798.755,328
798.874,330
798.993,331
799.112,325
799.231,309
799.35,340
799.469,319
799.588,339
799.707,323
799.826,323
799.945,339
800.064,333
800.183,322
800.302,316
800.421,326
800.54,331
800.659,317
800.778,318
800.897,326
801.016,316
801.135,326
801.254,300
801.373,328
801.492,342
801.611,323
801.729,331
801.848,332
801.967,335
802.086,323
802.205,314
802.324,323
802.443,327
802.562,335
802.681,333
802.8,330
802.919,323
803.038,342
803.157,329
803.276,331
803.394,339
803.513,338
803.632,324
803.751,323
803.87,322
803.989,335
804.108,325
804.227,325
804.346,328
804.465,328
804.583,318
804.702,315
804.821,324
804.94,326
805.059,330
805.178,328
805.297,315
805.416,335
805.535,329
805.653,311
805.772,325
805.891,313
806.01,327
806.129,317
806.248,322
806.367,323
806.485,336
806.604,337
806.723,333
806.842,316
806.961,329
807.08,307
807.198,331
807.317,329
807.436,314
807.555,325
807.674,324
807.793,335
807.912,324
808.03,321
808.149,321
808.268,331
808.387,316
808.506,338
808.624,322
808.743,332
808.862,318
808.981,323
809.1,334
809.219,334
809.337,318
809.456,315
809.575,322
809.694,326
809.812,313
809.931,325
810.05,318
810.169,322
810.288,315
810.406,338
810.525,317
810.644,329
810.763,324
810.882,324
811.0,328
811.119,321
811.238,339
811.357,332
811.475,317
811.594,329
811.713,327
811.832,325
811.95,321
812.069,328
812.188,334
812.307,325
812.425,318
812.544,316
812.663,319
812.782,315
812.9,339
813.019,329
813.138,347
813.257,316
813.375,319
813.494,308
813.613,326
813.731,333
813.85,323
813.969,327
814.088,322
814.206,310
814.325,325
814.444,345
814.562,324
814.681,322
814.8,308
814.918,333
815.037,334
815.156,322
815.274,323
815.393,331
815.512,314
815.631,321
815.749,332
815.868,320
815.987,316
816.105,322
816.224,316
816.343,322
816.461,318
816.58,327
816.698,320
816.817,329
816.936,332
817.055,305
817.173,328
817.292,314
817.41,315
817.529,326
817.648,315
817.766,317
817.885,319
818.004,321
818.122,336
818.241,321
818.359,330
818.478,312
818.597,323
818.715,317
818.834,324
818.953,318
819.071,304
819.19,334
819.308,321
819.427,320
819.546,317
819.664,337
819.783,330
819.901,328
820.02,310
820.138,323
820.257,309
820.376,306
820.494,315
820.613,326
820.731,331
820.85,319
820.969,317
821.087,325
821.206,314
821.324,312
821.443,324
821.561,324
821.68,330
821.798,322
821.917,316
822.035,320
822.154,309
822.273,306
822.391,315
822.51,335
822.628,317
822.747,336
822.865,321
822.984,318
823.102,308
823.221,312
823.339,321
823.458,326
823.576,312
823.695,318
823.813,320
823.932,334
824.05,318
824.169,319
824.287,309
824.406,318
824.524,310
824.643,330
824.761,322
824.88,323
824.998,314
825.117,318
825.235,319
825.354,318
825.472,322
825.591,318
825.709,325
825.828,318
825.946,314
826.064,314
826.183,306
826.301,333
826.42,320
826.538,321
826.657,326
826.775,306
826.894,322
827.012,321
827.13,310
827.249,308
827.367,303
827.486,322
827.604,299
827.723,324
827.841,316
827.959,324
828.078,325
828.196,319
828.315,319
828.433,313
828.552,302
828.67,323
828.788,298
828.907,308
829.025,313
829.143,309
829.262,313
829.38,308
829.499,336
829.617,314
829.735,323
829.854,314
829.972,315
830.091,322
830.209,312
830.327,310
830.446,324
830.564,312
830.682,315
830.801,310
830.919,320
831.037,321
831.156,322
831.274,310
831.392,325
831.511,305
831.629,325
831.747,338
831.866,301
831.984,300
832.102,319
832.221,322
832.339,331
832.457,309
832.576,315
832.694,315
832.812,322
832.93,316
833.049,310
833.167,315
833.285,326
833.404,320
833.522,317
833.64,316
833.759,323
833.877,320
833.995,315
834.113,311
834.232,317
834.35,311
834.468,313
834.586,325
834.705,313
834.823,306
834.941,323
835.059,315
835.178,314
835.296,317
835.414,317
835.532,317
835.651,319
835.769,332
835.887,318
836.005,314
836.124,315
836.242,313
836.36,308
836.478,316
836.596,319
836.715,323
836.833,320
836.951,344
837.069,308
837.188,317
837.306,322
837.424,318
837.542,313
837.66,306
837.779,314
837.897,319
838.015,313
838.133,317
838.251,326
838.369,329
838.487,317
838.606,322
838.724,307
838.842,326
838.96,314
839.078,325
839.196,299
839.315,324
839.433,323
839.551,310
839.669,302
839.787,318
839.905,330
840.023,324
840.142,315
840.26,317
840.378,322
840.496,326
840.614,310
840.732,313
840.85,326
840.968,322
841.087,318
841.205,313
841.323,319
841.441,323
841.559,329
841.677,314
841.795,319
841.913,306
842.031,308
842.149,326
842.267,317
842.385,322
842.504,311
842.622,312
842.74,306
842.858,328
842.976,318
843.094,304
843.212,309
843.33,321
843.448,314
843.566,320
843.684,312
843.802,312
843.92,310
844.038,319
844.156,311
844.274,312
844.392,313
844.51,315
844.628,328
844.746,299
844.864,323
844.982,308
845.1,312
845.218,318
845.336,318
845.454,330
845.572,321
845.69,322
845.808,311
845.926,324
846.044,318
846.162,331
846.28,291
846.398,337
846.516,303
846.634,334
846.752,321
846.87,316
846.988,331
847.106,316
847.224,309
847.342,319
847.46,314
847.578,323
847.696,318
847.814,316
847.932,308
848.05,319
848.168,314
848.285,320
848.403,309
848.521,315
848.639,308
848.757,323
848.875,314
848.993,320
849.111,330
849.229,325
849.347,314
849.465,316
849.582,317
849.7,316
849.818,329
849.936,328
850.054,311
850.172,315
850.29,326
850.408,308
850.525,315
850.643,320
850.761,309
850.879,324
850.997,328
851.115,321
851.233,321
851.35,322
851.468,322
851.586,310
851.704,319
851.822,320
851.94,316
852.057,318
852.175,314
852.293,312
852.411,311
852.529,316
852.647,309
852.764,323
852.882,313
853.0,325
853.118,320
853.236,328
853.353,307
853.471,328
853.589,333
853.707,318
853.824,308
853.942,314
854.06,340
854.178,330
854.296,315
854.413,330
854.531,309
854.649,324
854.767,321
854.884,311
855.002,318
855.12,307
855.238,315
855.355,309
855.473,308
855.591,304
855.708,311
855.826,319
855.944,318
856.062,314
856.179,314
856.297,320
856.415,328
856.532,313
856.65,304
856.768,331
856.886,314
857.003,326
857.121,320
857.239,306
857.356,309
857.474,311
857.592,317
857.709,328
857.827,301
857.945,319
858.062,313
858.18,320
858.298,319
858.415,303
858.533,327
858.651,308
858.768,315
858.886,315
859.003,308
859.121,321
859.239,325
859.356,307
859.474,313
859.592,322
859.709,320
859.827,313
859.944,314
860.062,323
860.18,312
860.297,319
860.415,300
860.532,321
860.65,322
860.768,309
860.885,326
861.003,314
861.12,327
861.238,326
861.356,308
861.473,313
861.591,301
861.708,310
861.826,322
861.943,314
862.061,325
862.178,329
862.296,321
862.414,321
862.531,320
862.649,307
862.766,318
862.884,320
863.001,329
863.119,318
863.236,321
863.354,320
863.471,321
863.589,324
863.706,312
863.824,317
863.941,310
864.059,308
864.176,322
864.294,307
864.411,322
864.529,305
864.646,318
864.764,323
864.881,319
864.999,306
865.116,314
865.233,319
865.351,325
865.468,319
865.586,322
865.703,324
865.821,312
865.938,316
866.056,305
866.173,319
866.29,316
866.408,327
866.525,311
866.643,305
866.76,311
866.878,309
866.995,300
867.112,322
867.23,319
867.347,326
867.465,318
867.582,322
867.699,333
867.817,319
867.934,312
868.051,318
868.169,304
868.286,313
868.404,301
868.521,317
868.638,324
868.756,307
868.873,316
868.99,316
869.108,317
869.225,312
869.342,323
869.46,317
869.577,299
869.694,324
869.812,321
869.929,317
870.046,318
870.164,301
870.281,304
870.398,320
870.516,316
870.633,315
870.75,311
870.867,320
870.985,306
871.102,307
871.219,314
871.337,320
871.454,306
871.571,307
871.688,323
871.806,328
871.923,313
872.04,312
872.157,308
872.275,307
872.392,316
872.509,324
872.626,310
872.744,325
872.861,316
872.978,314
873.095,318
873.213,325
873.33,315
873.447,314
873.564,328
873.681,316
873.799,309
873.916,308
874.033,327
874.15,318
874.267,299
874.385,313
874.502,315
874.619,326
874.736,313
874.853,317
874.97,313
875.088,329
875.205,323
875.322,325
875.439,321
875.556,328
875.673,317
875.791,314
875.908,319
876.025,307
876.142,313
876.259,317
876.376,321
876.493,306
876.61,315
876.728,325
876.845,315
876.962,310
877.079,318
877.196,311
877.313,310
877.43,315
877.547,314
877.664,313
877.781,308
877.898,322
878.016,315
878.133,315
878.25,314
878.367,322
878.484,319
878.601,327
878.718,320
878.835,316
878.952,312
879.069,309
879.186,313
879.303,312
879.42,321
879.537,311
879.654,309
879.771,321
879.888,303
880.005,323
880.122,329
880.239,318
880.356,316
880.473,323
880.59,322
880.707,324
880.824,313
880.941,313
881.058,319
881.175,326
881.292,312
881.409,330
881.526,314
881.643,320
881.76,316
881.877,312
881.994,317
882.111,318
882.228,326
882.345,313
882.462,330
882.579,318
882.696,328
882.812,316
882.929,315
883.046,326
883.163,313
883.28,320
883.397,314
883.514,321
883.631,316
883.748,325
883.865,310
883.982,309
884.098,316
884.215,317
884.332,320
884.449,314
884.566,320
884.683,320
884.8,311
884.916,320
885.033,311
885.15,311
885.267,310
885.384,322
885.501,313
885.617,320
885.734,303
885.851,328
885.968,304
886.085,323
886.202,313
886.318,303
886.435,318
886.552,322
886.669,325
886.786,317
886.902,321
887.019,309
887.136,318
887.253,313
887.369,318
887.486,322
887.603,303
887.72,314
887.837,313
887.953,310
888.07,307
888.187,315
888.304,316
888.42,311
888.537,300
888.654,313
888.77,328
888.887,321
889.004,323
889.121,321
889.237,305
889.354,316
889.471,305
889.587,319
889.704,323
889.821,315
889.938,305
890.054,310
890.171,311
890.288,314
890.404,307
890.521,319
890.638,311
890.754,306
890.871,325
890.988,313
891.104,311
891.221,329
891.337,323
891.454,326
891.571,314
891.687,318
891.804,313
891.921,321
892.037,322
892.154,319
892.27,307
892.387,319
892.504,326
892.62,309
892.737,308
892.854,319
892.97,315
893.087,312
893.203,310
893.32,326
893.436,313
893.553,309
893.67,304
893.786,319
893.903,301
894.019,309
894.136,317
894.252,322
894.369,318
894.485,324
894.602,313
894.718,319
894.835,319
894.951,326
895.068,299
895.184,321
895.301,307
895.417,315
895.534,316
895.65,324
895.767,303
895.883,322
896.0,316
896.116,317
896.233,326
896.349,327
896.466,323
896.582,324
896.699,319
896.815,326
896.932,307
897.048,318
897.165,314
897.281,320
897.397,329
897.514,313
897.63,305
897.747,322
897.863,316
897.979,322
898.096,315
898.212,310
898.329,319
898.445,320
898.561,324
898.678,315
898.794,309
898.911,318
899.027,331
899.143,319
899.26,308
899.376,319
899.492,306
899.609,320
899.725,310
899.842,310
899.958,314
900.074,328
900.191,301
900.307,323
900.423,325
900.539,327
900.656,303
900.772,322
900.888,310
901.005,322
901.121,324
901.237,320
901.354,315
901.47,317
901.586,332
901.703,315
901.819,309
901.935,316
902.051,311
902.168,315
902.284,319
902.4,313
902.516,305
902.633,328
902.749,326
902.865,311
902.981,310
903.098,320
903.214,308
903.33,317
903.446,327
903.562,318
903.679,311
903.795,318
903.911,322
904.027,309
904.143,327
904.26,322
904.376,338
904.492,323
904.608,320
904.724,332
904.841,322
904.957,332
905.073,307
905.189,324
905.305,327
905.421,329
905.538,318
905.654,316
905.77,322
905.886,316
906.002,305
906.118,326
906.234,314
906.35,309
906.466,310
906.583,312
906.699,309
906.815,328
906.931,307
907.047,330
907.163,321
907.279,310
907.395,316
907.511,318
907.627,319
907.743,312
907.859,318
907.976,315
908.092,322
908.208,311
908.324,312
908.44,311
908.556,318
908.672,320
908.788,311
908.904,324
909.02,310
909.136,317
909.252,313
909.368,320
909.484,322
909.6,326
909.716,325
909.832,323
909.948,319
910.064,314
910.18,330
910.296,326
910.412,297
910.528,321
910.644,322
910.76,331
910.875,309
910.991,311
911.107,307
911.223,312
911.339,314
911.455,327
911.571,318
911.687,326
911.803,323
911.919,316
912.035,309
912.151,311
912.267,318
912.382,321
912.498,328
912.614,318
912.73,306
912.846,318
792.446,318
792.565,330
792.684,414
792.803,375
792.922,320
793.041,327
793.16,322
793.279,341
793.398,323
793.518,299
793.637,318
793.756,339
793.875,354
793.994,325
794.113,321
794.232,323
794.351,321
794.47,332
794.589,334
794.708,315
794.827,317
794.946,337
795.066,330
795.185,331
795.304,326
795.423,343
795.542,328
795.661,329
795.78,321
795.899,319
796.018,336
796.137,324
796.256,317
796.375,325
796.494,330
796.613,321
796.732,318
796.851,329
796.97,327
797.089,332
797.208,314
797.327,349
797.446,315
797.565,331
797.684,333
797.803,331
797.922,332
798.041,326
798.16,328
798.279,321
798.398,325
798.517,329
798.636,321
798.755,331
798.874,325
798.993,322
799.112,323
799.231,312
799.35,323
799.469,340
799.588,330
799.707,326
799.826,328
799.945,319
800.064,320
800.183,334
800.302,339
800.421,329
800.54,316
800.659,322
800.778,336
800.897,315
801.016,325
801.135,315
801.254,318
801.373,333
801.492,336
801.611,328
801.729,328
801.848,321
801.967,331
802.086,325
802.205,305
802.324,321
802.443,330
802.562,332
802.681,331
802.8,328
802.919,299
803.038,312
803.157,325
803.276,329
803.394,325
803.513,325
803.632,321
803.751,325
803.87,323
803.989,323
804.108,330
804.227,319
804.346,316
804.465,320
804.583,325
804.702,327
804.821,329
804.94,329
805.059,324
805.178,339
805.297,329
805.416,324
805.535,324
805.653,310
805.772,328
805.891,321
806.01,336
806.129,333
806.248,331
806.367,322
806.485,341
806.604,316
806.723,322
806.842,326
806.961,336
807.08,316
807.198,322
807.317,319
807.436,329
807.555,322
807.674,322
807.793,325
807.912,311
808.03,333
808.149,335
808.268,326
808.387,328
808.506,325
808.624,331
808.743,332
808.862,317
808.981,330
809.1,319
809.219,323
809.337,334
809.456,325
809.575,322
809.694,328
809.812,338
809.931,319
810.05,330
810.169,323
810.288,328
810.406,314
810.525,316
810.644,336
810.763,326
810.882,319
811.0,332
811.119,320
811.238,309
811.357,325
811.475,326
811.594,337
811.713,331
811.832,327
811.95,327
812.069,321
812.188,331
812.307,335
812.425,334
812.544,313
812.663,318
812.782,324
812.9,326
813.019,324
813.138,315
813.257,320
813.375,325
813.494,321
813.613,323
813.731,316
813.85,330
813.969,322
814.088,335
814.206,313
814.325,322
814.444,326
814.562,311
814.681,317
814.8,325
814.918,328
815.037,331
815.156,320
815.274,327
815.393,327
815.512,308
815.631,317
815.749,317
815.868,338
815.987,327
816.105,321
816.224,318
816.343,325
816.461,326
816.58,315
816.698,321
816.817,336
816.936,330
817.055,338
817.173,317
817.292,334
817.41,330
817.529,337
817.648,322
817.766,325
817.885,327
818.004,313
818.122,337
818.241,316
818.359,322
818.478,327
818.597,314
818.715,329
818.834,316
818.953,316
819.071,332
819.19,311
819.308,316
819.427,315
819.546,330
819.664,306
819.783,330
819.901,323
820.02,328
820.138,320
820.257,336
820.376,312
820.494,320
820.613,324
820.731,323
820.85,334
820.969,324
821.087,311
821.206,332
821.324,320
821.443,320
821.561,311
821.68,328
821.798,322
821.917,323
822.035,326
822.154,316
822.273,323
822.391,315
822.51,316
822.628,324
822.747,316
822.865,320
822.984,319
823.102,327
823.221,323
823.339,317
823.458,310
823.576,327
823.695,328
823.813,313
823.932,323
824.05,340
824.169,317
824.287,317
824.406,307
824.524,326
824.643,324
824.761,309
824.88,310
824.998,329
825.117,325
825.235,312
825.354,325
825.472,320
825.591,315
825.709,321
825.828,316
825.946,313
826.064,315
826.183,328
826.301,312
826.42,320
826.538,303
826.657,313
826.775,321
826.894,324
827.012,317
827.13,309
827.249,308
827.367,332
827.486,314
827.604,308
827.723,318
827.841,316
827.959,320
828.078,317
828.196,319
828.315,327
828.433,307
828.552,336
828.67,312
828.788,313
828.907,333
829.025,300
829.143,325
829.262,314
829.38,320
829.499,317
829.617,324
829.735,311
829.854,315
829.972,320
830.091,315
830.209,314
830.327,318
830.446,309
830.564,323
830.682,311
830.801,320
830.919,317
831.037,317
831.156,320
831.274,313
831.392,313
831.511,308
831.629,332
831.747,315
831.866,315
831.984,309
832.102,325
832.221,313
832.339,327
832.457,312
832.576,319
832.694,321
832.812,307
832.93,302
833.049,310
833.167,300
833.285,311
833.404,318
833.522,318
833.64,315
833.759,327
833.877,318
833.995,305
834.113,322
834.232,317
834.35,317
834.468,311
834.586,322
834.705,322
834.823,322
834.941,307
835.059,321
835.178,334
835.296,317
835.414,319
835.532,319
835.651,316
835.769,314
835.887,303
836.005,325
836.124,307
836.242,324
836.36,302
836.478,315
836.596,318
836.715,310
836.833,324
836.951,320
837.069,313
837.188,326
837.306,317
837.424,322
837.542,326
837.66,322
837.779,309
837.897,320
838.015,328
838.133,321
838.251,314
838.369,305
838.487,312
838.606,315
838.724,312
838.842,324
838.96,318
839.078,320
839.196,317
839.315,315
839.433,326
839.551,320
839.669,318
839.787,334
839.905,306
840.023,312
840.142,306
840.26,309
840.378,317
840.496,327
840.614,313
840.732,321
840.85,314
840.968,312
841.087,321
841.205,311
841.323,315
841.441,311
841.559,324
841.677,312
841.795,323
841.913,323
842.031,315
842.149,308
842.267,318
842.385,319
842.504,313
842.622,314
842.74,313
842.858,323
842.976,322
843.094,300
843.212,322
843.33,322
843.448,330
843.566,326
843.684,310
843.802,307
843.92,317
844.038,327
844.156,303
844.274,313
844.392,318
844.51,326
844.628,316
844.746,311
844.864,318
844.982,319
845.1,327
845.218,309
845.336,326
845.454,299
845.572,312
845.69,321
845.808,321
845.926,317
846.044,316
846.162,317
846.28,314
846.398,322
846.516,321
846.634,312
846.752,309
846.87,325
846.988,311
847.106,320
847.224,320
847.342,315
847.46,307
847.578,317
847.696,298
847.814,322
847.932,305
848.05,329
848.168,307
848.285,318
848.403,314
848.521,320
848.639,305
848.757,298
848.875,321
848.993,318
849.111,324
849.229,317
849.347,313
849.465,328
849.582,306
849.7,322
849.818,313
849.936,323
850.054,318
850.172,312
850.29,318
850.408,335
850.525,318
850.643,315
850.761,317
850.879,300
850.997,326
851.115,317
851.233,304
851.35,336
851.468,319
851.586,318
851.704,315
851.822,329
851.94,310
852.057,301
852.175,311
852.293,309
852.411,330
852.529,318
852.647,310
852.764,313
852.882,320
853.0,307
853.118,325
853.236,321
853.353,311
853.471,321
853.589,325
853.707,313
853.824,324
853.942,323
854.06,319
854.178,313
854.296,333
854.413,302
854.531,319
854.649,324
854.767,317
854.884,316
855.002,315
855.12,328
855.238,311
855.355,321
855.473,309
855.591,316
855.708,319
855.826,306
855.944,318
856.062,309
856.179,315
856.297,322
856.415,309
856.532,312
856.65,311
856.768,325
856.886,321
857.003,312
857.121,320
857.239,315
857.356,309
857.474,303
857.592,328
857.709,306
857.827,322
857.945,321
858.062,314
858.18,319
858.298,298
858.415,312
858.533,315
858.651,317
858.768,315
858.886,312
859.003,301
859.121,319
859.239,301
859.356,320
859.474,314
859.592,324
859.709,313
859.827,324
859.944,317
860.062,332
860.18,313
860.297,317
860.415,316
860.532,327
860.65,310
860.768,327
860.885,316
861.003,310
861.12,308
861.238,322
861.356,314
861.473,321
861.591,338
861.708,313
861.826,317
861.943,312
862.061,307
862.178,315
862.296,315
862.414,324
862.531,323
862.649,313
862.766,298
862.884,317
863.001,327
863.119,313
863.236,322
863.354,322
863.471,321
863.589,314
863.706,322
863.824,319
863.941,319
864.059,314
864.176,314
864.294,318
864.411,310
864.529,304
864.646,311
864.764,319
864.881,322
864.999,313
865.116,310
865.233,310
865.351,323
865.468,313
865.586,315
865.703,331
865.821,315
865.938,325
866.056,316
866.173,316
866.29,323
866.408,300
866.525,320
866.643,321
866.76,324
866.878,310
866.995,313
867.112,330
867.23,313
867.347,317
867.465,314
867.582,316
867.699,325
867.817,322
867.934,329
868.051,303
868.169,312
868.286,317
868.404,307
868.521,316
868.638,316
868.756,319
868.873,321
868.99,316
869.108,312
869.225,325
869.342,310
869.46,305
869.577,321
869.694,317
869.812,308
869.929,322
870.046,317
870.164,307
870.281,322
870.398,310
870.516,304
870.633,320
870.75,309
870.867,313
870.985,318
871.102,320
871.219,319
871.337,316
871.454,295
871.571,321
871.688,321
871.806,317
871.923,303
872.04,319
872.157,323
872.275,299
872.392,307
872.509,319
872.626,320
872.744,312
872.861,305
872.978,320
873.095,316
873.213,312
873.33,326
873.447,322
873.564,330
873.681,324
873.799,321
873.916,320
874.033,314
874.15,321
874.267,308
874.385,315
874.502,327
874.619,307
874.736,314
874.853,328
874.97,313
875.088,324
875.205,312
875.322,328
875.439,320
875.556,321
875.673,318
875.791,329
875.908,322
876.025,321
876.142,319
876.259,316
876.376,300
876.493,308
876.61,314
876.728,313
876.845,315
876.962,310
877.079,321
877.196,319
877.313,319
877.43,309
877.547,314
877.664,315
877.781,318
877.898,326
878.016,315
878.133,313
878.25,322
878.367,321
878.484,325
878.601,309
878.718,319
878.835,325
878.952,309
879.069,326
879.186,324
879.303,316
879.42,311
879.537,318
879.654,314
879.771,312
879.888,309
880.005,321
880.122,326
880.239,319
880.356,314
880.473,312
880.59,303
880.707,306
880.824,313
880.941,302
881.058,329
881.175,308
881.292,307
881.409,307
881.526,307
881.643,318
881.76,309
881.877,316
881.994,300
882.111,310
882.228,314
882.345,319
882.462,317
882.579,317
882.696,320
882.812,337
882.929,304
883.046,314
883.163,319
883.28,312
883.397,313
883.514,313
883.631,303
883.748,325
883.865,322
883.982,309
884.098,303
884.215,318
884.332,309
884.449,323
884.566,318
884.683,318
884.8,303
884.916,315
885.033,321
885.15,316
885.267,316
885.384,323
885.501,305
885.617,307
885.734,305
885.851,335
885.968,322
886.085,314
886.202,322
886.318,318
886.435,316
886.552,317
886.669,307
886.786,309
886.902,307
887.019,318
887.136,314
887.253,309
887.369,322
887.486,319
887.603,315
887.72,316
887.837,316
887.953,317
888.07,311
888.187,308
888.304,316
888.42,294
888.537,313
888.654,315
888.77,326
888.887,317
889.004,312
889.121,308
889.237,330
889.354,319
889.471,325
889.587,320
889.704,312
889.821,317
889.938,316
890.054,305
890.171,313
890.288,317
890.404,314
890.521,331
890.638,320
890.754,317
890.871,311
890.988,309
891.104,312
891.221,309
891.337,320
891.454,323
891.571,314
891.687,318
891.804,308
891.921,307
892.037,317
892.154,309
892.27,315
892.387,322
892.504,313
892.62,319
892.737,329
892.854,310
892.97,323
893.087,312
893.203,318
893.32,327
893.436,320
893.553,320
893.67,315
893.786,307
893.903,306
894.019,321
894.136,307
894.252,321
894.369,319
894.485,310
894.602,325
894.718,313
894.835,317
894.951,315
895.068,318
895.184,334
895.301,315
895.417,331
895.534,322
895.65,316
895.767,306
895.883,332
896.0,319
896.116,324
896.233,300
896.349,327
896.466,325
896.582,316
896.699,316
896.815,318
896.932,314
897.048,317
897.165,312
897.281,319
897.397,313
897.514,314
897.63,320
897.747,324
897.863,316
897.979,313
898.096,317
898.212,313
898.329,317
898.445,318
898.561,309
898.678,313
898.794,329
898.911,311
899.027,313
899.143,308
899.26,321
899.376,323
899.492,315
899.609,320
899.725,309
899.842,319
899.958,325
900.074,314
900.191,318
900.307,302
900.423,319
900.539,313
900.656,312
900.772,310
900.888,320
901.005,327
901.121,318
901.237,314
901.354,328
901.47,313
901.586,328
901.703,316
901.819,322
901.935,319
902.051,312
902.168,322
902.284,320
902.4,313
902.516,321
902.633,317
902.749,312
902.865,312
902.981,317
903.098,323
903.214,307
903.33,313
903.446,310
903.562,308
903.679,322
903.795,313
903.911,320
904.027,319
904.143,321
904.26,308
904.376,323
904.492,325
904.608,325
904.724,331
904.841,305
904.957,322
905.073,327
905.189,308
905.305,318
905.421,318
905.538,303
905.654,320
905.77,306
905.886,317
906.002,329
906.118,312
906.234,303
906.35,322
906.466,314
906.583,312
906.699,312
906.815,308
906.931,319
907.047,335
907.163,319
907.279,321
907.395,321
907.511,321
907.627,312
907.743,315
907.859,311
907.976,310
908.092,318
908.208,317
908.324,322
908.44,309
908.556,301
908.672,325
908.788,316
908.904,311
909.02,302
909.136,319
909.252,308
909.368,323
909.484,319
909.6,317
909.716,314
909.832,319
909.948,309
910.064,329
910.18,312
910.296,314
910.412,313
910.528,309
910.644,321
910.76,314
910.875,328
910.991,322
911.107,296
911.223,318
911.339,314
911.455,318
911.571,317
911.687,311
911.803,316
911.919,315
912.035,328
912.151,319
912.267,308
912.382,313
912.498,311
912.614,321
912.73,326
912.846,319
