792.446,2088.2
792.565,1998.4
792.684,2000.6
792.803,2015.4
792.922,2014.0
793.041,2006.6
793.16,1999.8
793.279,2009.8
793.398,2002.0
793.518,1971.4
793.637,1957.6
793.756,1971.8
793.875,2026.6
793.994,2074.4
794.113,2112.0
794.232,2130.6
794.351,2092.2
794.47,2038.6
794.589,1963.2
794.708,1920.6
794.827,1891.8
794.946,1870.2
795.065,1874.4
795.185,1876.4
795.304,1830.8
795.423,1797.0
795.542,1813.4
795.661,1813.4
795.78,1822.6
795.899,1821.8
796.018,1823.6
796.137,1821.8
796.256,1808.0
796.375,1782.2
796.494,1787.8
796.613,1786.4
796.732,1794.8
796.851,1790.4
796.97,1774.8
797.089,1765.2
797.208,1776.2
797.327,1775.4
797.446,1776.4
797.565,1762.0
797.684,1771.6
797.803,1760.4
797.922,1750.6
798.041,1773.0
798.16,1753.4
798.279,1763.0
798.398,1743.6
798.517,1723.8
798.636,1740.2
798.755,1733.8
798.874,1717.6
798.993,1701.2
799.112,1721.2
799.231,1720.8
799.35,1743.8
799.469,1738.6
799.588,1736.6
799.707,1728.2
799.826,1728.0
799.945,1720.4
800.064,1725.4
800.183,1725.6
800.302,1725.6
800.421,1715.2
800.54,1731.8
800.659,1730.0
800.778,1732.8
800.897,1717.6
801.016,1715.2
801.135,1712.8
801.254,1719.8
801.373,1719.6
801.492,1735.2
801.611,1740.4
801.73,1722.4
801.848,1718.0
801.967,1714.8
802.086,1711.8
802.205,1724.0
802.324,1720.2
802.443,1712.0
802.562,1707.0
802.681,1711.2
802.8,1703.0
802.919,1704.8
803.038,1710.4
803.157,1715.8
803.276,1719.6
803.395,1724.8
803.513,1729.6
803.632,1719.6
803.751,1702.0
803.87,1700.6
803.989,1697.4
804.108,1711.2
804.227,1692.4
804.346,1708.4
804.465,1701.8
804.584,1703.2
804.702,1712.4
804.821,1709.6
804.94,1706.6
805.059,1720.6
805.178,1716.4
805.297,1715.4
805.416,1717.6
805.535,1723.2
805.653,1712.4
805.772,1742.2
805.891,1745.0
806.01,1735.6
806.129,1734.6
806.248,1719.8
806.367,1709.8
806.485,1721.4
806.604,1705.2
806.723,1725.2
806.842,1731.0
806.961,1724.4
807.08,1715.6
807.199,1719.2
807.317,1738.4
807.436,1735.2
807.555,1710.6
807.674,1708.2
807.793,1723.4
807.912,1722.4
808.03,1725.8
808.149,1737.8
808.268,1729.2
808.387,1724.0
808.506,1734.0
808.625,1748.0
808.743,1744.8
808.862,1717.0
808.981,1725.2
809.1,1716.0
809.219,1696.2
809.337,1709.6
809.456,1723.2
809.575,1726.2
809.694,1714.2
809.813,1721.6
809.931,1717.4
810.05,1703.2
810.169,1685.6
810.288,1687.8
810.406,1684.0
810.525,1703.4
810.644,1702.0
810.763,1714.4
810.882,1712.4
811.0,1709.2
811.119,1669.2
811.238,1664.6
811.357,1678.6
811.475,1657.2
811.594,1674.6
811.713,1690.8
811.832,1669.0
811.95,1680.4
812.069,1660.4
812.188,1670.2
812.307,1657.8
812.425,1652.0
812.544,1669.8
812.663,1673.8
812.782,1656.8
812.9,1643.8
813.019,1633.8
813.138,1629.8
813.257,1633.2
813.375,1640.4
813.494,1644.4
813.613,1655.6
813.731,1639.2
813.85,1642.2
813.969,1645.8
814.088,1629.4
814.206,1626.8
814.325,1636.6
814.444,1628.4
814.562,1622.2
814.681,1619.6
814.8,1624.2
814.918,1614.4
815.037,1630.6
815.156,1619.6
815.275,1621.4
815.393,1603.8
815.512,1614.6
815.631,1601.4
815.749,1614.8
815.868,1609.2
815.987,1609.0
816.105,1605.6
816.224,1613.0
816.343,1631.6
816.461,1644.4
816.58,1649.6
816.699,1633.6
816.817,1635.0
816.936,1624.0
817.054,1608.6
817.173,1615.2
817.292,1595.6
817.41,1630.2
817.529,1612.2
817.648,1605.8
817.766,1597.6
817.885,1591.8
818.004,1604.8
818.122,1626.4
818.241,1605.6
818.36,1601.0
818.478,1600.4
818.597,1600.4
818.715,1600.8
818.834,1593.0
818.953,1572.0
819.071,1578.8
819.19,1596.2
819.308,1596.0
819.427,1599.8
819.546,1618.0
819.664,1599.0
819.783,1612.2
819.901,1617.6
820.02,1591.8
820.139,1592.0
820.257,1584.4
820.376,1573.8
820.494,1575.0
820.613,1571.4
820.731,1560.8
820.85,1559.8
820.969,1557.0
821.087,1548.4
821.206,1562.6
821.324,1562.0
821.443,1566.6
821.561,1565.6
821.68,1565.4
821.798,1567.0
821.917,1541.6
822.036,1559.8
822.154,1556.6
822.273,1550.0
822.391,1544.2
822.51,1535.0
822.628,1536.8
822.747,1542.0
822.865,1532.4
822.984,1527.0
823.102,1532.4
823.221,1522.0
823.339,1549.6
823.458,1528.0
823.576,1553.6
823.695,1547.0
823.813,1535.6
823.932,1533.6
824.05,1540.8
824.169,1538.4
824.287,1544.6
824.406,1523.6
824.524,1528.2
824.643,1524.2
824.761,1540.6
824.88,1550.2
824.998,1539.0
825.117,1531.0
825.235,1536.6
825.354,1530.6
825.472,1540.2
825.591,1537.2
825.709,1548.0
825.828,1530.4
825.946,1515.0
826.065,1527.8
826.183,1524.6
826.301,1539.2
826.42,1541.8
826.538,1544.8
826.657,1545.4
826.775,1531.6
826.894,1538.0
827.012,1531.4
827.131,1517.6
827.249,1515.6
827.367,1525.2
827.486,1531.8
827.604,1517.6
827.723,1506.6
827.841,1520.4
827.96,1504.8
828.078,1508.6
828.196,1506.0
828.315,1501.4
828.433,1486.2
828.552,1498.8
828.67,1492.4
828.788,1504.6
828.907,1494.6
829.025,1488.4
829.144,1504.0
829.262,1491.2
829.38,1485.4
829.499,1487.4
829.617,1468.4
829.735,1473.2
829.854,1465.8
829.972,1460.2
830.091,1464.8
830.209,1470.8
830.327,1461.2
830.446,1453.8
830.564,1451.0
830.682,1449.2
830.801,1453.4
830.919,1448.2
831.037,1439.0
831.156,1441.4
831.274,1437.4
831.392,1438.6
831.511,1436.4
831.629,1452.2
831.747,1434.0
831.866,1448.8
831.984,1456.8
832.102,1459.2
832.221,1451.4
832.339,1439.0
832.457,1447.4
832.576,1460.0
832.694,1446.0
832.812,1436.6
832.931,1444.8
833.049,1441.2
833.167,1445.2
833.285,1431.8
833.404,1441.2
833.522,1432.0
833.64,1414.2
833.759,1432.4
833.877,1443.6
833.995,1445.6
834.113,1463.6
834.232,1445.8
834.35,1445.2
834.468,1442.4
834.586,1446.8
834.705,1433.2
834.823,1421.0
834.941,1429.6
835.06,1429.2
835.178,1428.6
835.296,1420.2
835.414,1424.6
835.533,1419.8
835.651,1427.0
835.769,1441.6
835.887,1448.4
836.005,1447.6
836.124,1437.2
836.242,1421.2
836.36,1424.8
836.478,1421.8
836.597,1413.6
836.715,1427.6
836.833,1425.0
836.951,1427.4
837.069,1436.2
837.188,1423.0
837.306,1420.0
837.424,1425.4
837.542,1421.2
837.66,1410.6
837.779,1437.6
837.897,1435.6
838.015,1422.0
838.133,1424.0
838.251,1420.4
838.369,1410.2
838.488,1416.8
838.606,1409.6
838.724,1407.4
838.842,1412.2
838.96,1403.2
839.078,1396.8
839.197,1388.0
839.315,1400.8
839.433,1399.4
839.551,1397.0
839.669,1411.4
839.787,1387.6
839.905,1391.2
840.024,1383.8
840.142,1390.8
840.26,1398.8
840.378,1377.6
840.496,1378.6
840.614,1382.8
840.732,1385.0
840.85,1387.4
840.969,1376.4
841.087,1377.8
841.205,1381.8
841.323,1379.8
841.441,1377.0
841.559,1374.0
841.677,1370.6
841.795,1387.0
841.913,1369.4
842.031,1375.8
842.149,1395.2
842.268,1388.6
842.386,1385.6
842.504,1368.8
842.622,1360.0
842.74,1363.2
842.858,1364.6
842.976,1381.6
843.094,1380.0
843.212,1386.8
843.33,1383.2
843.448,1378.4
843.566,1376.4
843.684,1381.2
843.802,1388.0
843.92,1391.8
844.038,1396.0
844.156,1377.4
844.274,1373.6
844.392,1384.0
844.51,1375.4
844.628,1372.4
844.746,1372.6
844.864,1362.8
844.982,1369.8
845.101,1373.0
845.219,1369.4
845.336,1364.2
845.455,1363.8
845.573,1373.0
845.69,1363.8
845.808,1380.2
845.926,1382.8
846.044,1360.4
846.162,1369.6
846.28,1368.8
846.398,1371.2
846.516,1370.8
846.634,1396.2
846.752,1398.8
846.87,1376.8
846.988,1379.8
847.106,1355.8
847.224,1360.2
847.342,1359.2
847.46,1358.4
847.578,1360.2
847.696,1373.2
847.814,1347.6
847.932,1369.6
848.05,1380.0
848.168,1370.0
848.286,1359.8
848.403,1361.6
848.521,1361.0
848.639,1349.0
848.757,1358.6
848.875,1354.6
848.993,1351.0
849.111,1335.2
849.229,1360.8
849.347,1362.6
849.465,1344.2
849.583,1342.2
849.7,1329.0
849.818,1325.4
849.936,1308.6
850.054,1307.8
850.172,1316.4
850.29,1324.6
850.408,1312.6
850.526,1325.4
850.643,1324.8
850.761,1328.6
850.879,1317.6
850.997,1306.2
851.115,1318.0
851.233,1314.4
851.35,1312.4
851.468,1285.2
851.586,1296.6
851.704,1297.0
851.822,1313.2
851.94,1327.8
852.058,1345.0
852.175,1345.2
852.293,1341.8
852.411,1335.2
852.529,1300.0
852.647,1306.2
852.764,1302.0
852.882,1294.4
853.0,1295.2
853.118,1293.8
853.236,1286.0
853.353,1298.4
853.471,1303.0
853.589,1306.4
853.707,1301.2
853.824,1308.2
853.942,1292.6
854.06,1301.0
854.178,1305.8
854.296,1301.6
854.413,1315.0
854.531,1326.2
854.649,1327.6
854.767,1316.2
854.884,1305.2
855.002,1303.4
855.12,1299.8
855.238,1317.0
855.355,1309.2
855.473,1304.8
855.591,1298.8
855.708,1293.6
855.826,1286.2
855.944,1284.4
856.062,1294.6
856.179,1301.0
856.297,1289.8
856.415,1296.6
856.533,1289.8
856.65,1294.8
856.768,1298.6
856.886,1303.6
857.003,1298.4
857.121,1287.2
857.239,1276.0
857.356,1276.0
857.474,1268.4
857.592,1265.4
857.709,1267.0
857.827,1278.6
857.945,1273.8
858.062,1265.2
858.18,1265.6
858.298,1251.4
858.415,1253.4
858.533,1266.0
858.651,1284.8
858.768,1288.6
858.886,1275.6
859.004,1267.4
859.121,1281.2
859.239,1273.4
859.356,1262.6
859.474,1264.8
859.592,1257.4
859.709,1256.2
859.827,1261.6
859.945,1266.8
860.062,1259.4
860.18,1245.6
860.297,1255.8
860.415,1251.4
860.533,1245.0
860.65,1251.8
860.768,1229.8
860.885,1237.4
861.003,1240.4
861.12,1238.4
861.238,1246.2
861.356,1250.2
861.473,1248.0
861.591,1231.2
861.708,1232.6
861.826,1233.8
861.943,1209.0
862.061,1196.0
862.178,1193.8
862.296,1199.8
862.414,1196.8
862.531,1211.0
862.649,1208.4
862.766,1215.0
862.884,1208.4
863.001,1205.8
863.119,1200.4
863.236,1208.6
863.354,1207.6
863.471,1212.0
863.589,1227.6
863.706,1224.6
863.824,1205.6
863.941,1203.6
864.059,1195.0
864.176,1209.0
864.294,1202.8
864.411,1202.4
864.529,1207.6
864.646,1204.2
864.764,1192.8
864.881,1204.2
864.999,1187.0
865.116,1181.0
865.234,1186.6
865.351,1187.8
865.468,1188.6
865.586,1188.8
865.703,1198.2
865.821,1198.6
865.938,1195.6
866.056,1193.6
866.173,1189.4
866.291,1195.8
866.408,1205.6
866.525,1198.8
866.643,1190.2
866.76,1183.0
866.878,1197.6
866.995,1197.4
867.112,1181.0
867.23,1178.6
867.347,1184.0
867.465,1181.0
867.582,1180.4
867.699,1200.4
867.817,1195.6
867.934,1182.0
868.052,1187.0
868.169,1177.2
868.286,1183.2
868.404,1177.6
868.521,1183.2
868.638,1194.6
868.756,1197.2
868.873,1200.8
868.99,1192.8
869.108,1175.6
869.225,1180.8
869.342,1186.2
869.46,1187.2
869.577,1179.0
869.694,1168.6
869.812,1166.0
869.929,1184.8
870.046,1182.6
870.164,1170.0
870.281,1181.6
870.398,1177.6
870.516,1170.2
870.633,1180.2
870.75,1184.0
870.867,1185.4
870.985,1178.8
871.102,1181.0
871.219,1194.4
871.337,1176.0
871.454,1182.0
871.571,1170.4
871.688,1146.4
871.806,1160.8
871.923,1160.4
872.04,1152.2
872.158,1159.0
872.275,1175.6
872.392,1163.8
872.509,1159.6
872.626,1155.4
872.744,1157.0
872.861,1162.6
872.978,1149.4
873.095,1146.4
873.213,1140.6
873.33,1138.6
873.447,1146.8
873.564,1150.0
873.682,1155.8
873.799,1145.2
873.916,1135.0
874.033,1137.0
874.15,1131.8
874.267,1137.0
874.385,1140.2
874.502,1145.2
874.619,1141.8
874.736,1150.6
874.853,1145.8
874.971,1142.2
875.088,1141.2
875.205,1146.0
875.322,1140.4
875.439,1146.8
875.556,1155.2
875.673,1137.6
875.791,1147.6
875.908,1140.6
876.025,1136.8
876.142,1121.4
876.259,1113.2
876.376,1120.0
876.493,1123.0
876.611,1135.0
876.728,1126.6
876.845,1138.6
876.962,1133.0
877.079,1122.0
877.196,1131.0
877.313,1142.6
877.43,1131.4
877.547,1123.0
877.664,1123.2
877.781,1127.2
877.899,1126.0
878.016,1117.6
878.133,1104.0
878.25,1112.0
878.367,1110.0
878.484,1113.8
878.601,1114.8
878.718,1108.2
878.835,1107.8
878.952,1105.0
879.069,1108.2
879.186,1105.4
879.303,1094.4
879.42,1082.4
879.537,1088.0
879.654,1099.2
879.771,1095.8
879.888,1110.4
880.005,1104.2
880.122,1092.6
880.239,1078.2
880.356,1075.4
880.473,1087.2
880.59,1085.6
880.707,1094.6
880.824,1105.2
880.941,1100.6
881.058,1098.0
881.175,1091.4
881.292,1074.8
881.409,1079.0
881.526,1073.8
881.643,1078.8
881.76,1087.2
881.877,1073.6
881.994,1075.8
882.111,1072.4
882.228,1056.6
882.345,1054.2
882.462,1063.4
882.579,1064.4
882.696,1078.8
882.812,1071.6
882.929,1077.8
883.046,1087.2
883.163,1075.6
883.28,1073.0
883.397,1077.6
883.514,1073.6
883.631,1062.8
883.748,1070.4
883.865,1066.4
883.982,1070.2
884.098,1072.0
884.215,1075.8
884.332,1056.0
884.449,1057.0
884.566,1069.4
884.683,1076.0
884.8,1074.2
884.916,1077.8
885.033,1070.2
885.15,1076.6
885.267,1065.4
885.384,1064.2
885.501,1082.0
885.617,1088.4
885.734,1087.6
885.851,1093.6
885.968,1094.8
886.085,1067.4
886.202,1069.6
886.318,1063.6
886.435,1060.8
886.552,1063.6
886.669,1056.8
886.786,1042.4
886.902,1038.2
887.019,1041.4
887.136,1040.4
887.253,1026.8
887.37,1045.0
887.486,1048.2
887.603,1040.8
887.72,1022.4
887.837,1029.4
887.953,1023.4
888.07,1019.8
888.187,1041.8
888.304,1039.2
888.42,1030.2
888.537,1023.6
888.654,1020.2
888.771,1021.2
888.887,1014.0
889.004,1009.4
889.121,1000.6
889.237,1000.0
889.354,1000.4
889.471,1000.8
889.588,1001.2
889.704,1008.0
889.821,993.2
889.938,1003.6
890.054,993.2
890.171,1010.8
890.288,1001.2
890.404,1006.6
890.521,1002.0
890.638,1006.6
890.754,1007.0
890.871,1008.2
890.988,1003.4
891.104,1004.4
891.221,1002.8
891.338,993.2
891.454,986.8
891.571,991.8
891.687,978.2
891.804,986.6
891.921,986.0
892.037,988.4
892.154,982.4
892.271,988.2
892.387,976.2
892.504,974.4
892.62,978.0
892.737,979.8
892.854,979.4
892.97,986.2
893.087,994.4
893.203,995.6
893.32,1009.6
893.436,994.6
893.553,983.0
893.67,979.8
893.786,974.8
893.903,968.8
894.019,977.6
894.136,980.2
894.252,972.2
894.369,976.8
894.485,970.4
894.602,970.6
894.718,977.0
894.835,970.8
894.951,981.6
895.068,988.4
895.184,982.4
895.301,991.0
895.417,985.0
895.534,982.2
895.65,960.8
895.767,966.8
895.883,964.4
896.0,952.6
896.116,948.2
896.233,952.2
896.349,949.6
896.466,957.0
896.582,959.6
896.699,955.2
896.815,955.6
896.932,953.0
897.048,954.4
897.165,967.2
897.281,965.0
897.397,966.6
897.514,976.2
897.63,964.8
897.747,967.8
897.863,958.8
897.979,960.2
898.096,951.2
898.212,943.6
898.329,944.6
898.445,939.4
898.562,943.6
898.678,930.4
898.794,925.2
898.911,931.4
899.027,916.8
899.143,932.6
899.26,933.4
899.376,930.2
899.492,925.0
899.609,930.8
899.725,932.2
899.842,936.2
899.958,945.4
900.074,944.0
900.191,957.0
900.307,953.8
900.423,949.6
900.54,930.4
900.656,935.2
900.772,936.2
900.888,939.8
901.005,933.0
901.121,929.6
901.237,916.6
901.354,917.4
901.47,920.4
901.586,927.4
901.703,918.8
901.819,913.8
901.935,918.8
902.051,917.8
902.168,919.0
902.284,926.2
902.4,937.8
902.516,937.0
902.633,936.0
902.749,929.8
902.865,926.8
902.981,923.0
903.098,936.4
903.214,946.2
903.33,943.8
903.446,932.2
903.562,922.0
903.679,911.6
903.795,912.8
903.911,911.4
904.027,897.6
904.144,899.6
904.26,902.0
904.376,896.0
904.492,891.8
904.608,889.0
904.724,888.6
904.841,888.0
904.957,899.6
905.073,900.0
905.189,894.2
905.305,905.6
905.421,902.2
905.538,904.4
905.654,887.6
905.77,884.0
905.886,883.4
906.002,887.8
906.118,881.8
906.234,866.2
906.35,854.0
906.467,845.6
906.583,849.0
906.699,858.2
906.815,856.6
906.931,856.2
907.047,855.2
907.163,862.8
907.279,857.6
907.395,853.8
907.511,850.2
907.627,857.6
907.743,862.4
907.86,859.0
907.976,863.4
908.092,861.2
908.208,854.8
908.324,859.2
908.44,849.2
908.556,849.2
908.672,841.8
908.788,838.6
908.904,837.0
909.02,836.6
909.136,830.8
909.252,831.2
909.368,834.6
909.484,836.6
909.6,830.0
909.716,837.0
909.832,844.6
909.948,848.4
910.064,834.2
910.18,835.4
910.296,839.0
910.412,837.6
910.528,833.8
910.644,833.6
910.76,828.4
910.876,831.8
910.992,823.4
911.107,827.6
911.223,827.0
911.339,818.4
911.455,821.4
911.571,815.4
911.687,821.0
911.803,824.8
911.919,819.6
912.035,810.8
912.151,811.2
912.267,815.4
912.382,813.8
912.498,811.4
912.614,823.8
912.73,819.0
912.846,822.0
