792.446,5741.2
792.565,5620.6
792.684,5580.2
792.803,5549.4
792.922,5478.6
793.041,5410.8
793.16,5366.6
793.279,5361.8
793.398,5270.4
793.518,5260.2
793.637,5156.8
793.756,5162.4
793.875,5117.2
793.994,5131.2
794.113,5059.8
794.232,5054.8
794.351,4987.4
794.47,4969.0
794.589,4938.8
794.708,4934.6
794.827,4880.0
794.946,4808.6
795.066,4816.8
795.185,4796.0
795.304,4829.6
795.423,4753.6
795.542,4722.0
795.661,4755.4
795.78,4685.0
795.899,4634.6
796.018,4647.8
796.137,4642.4
796.256,4653.8
796.375,4555.8
796.494,4578.6
796.613,4562.0
796.732,4525.0
796.851,4546.4
796.97,4472.8
797.089,4483.8
797.208,4470.2
797.327,4502.8
797.446,4423.4
797.565,4443.0
797.684,4441.2
797.803,4403.0
797.922,4430.2
798.041,4419.0
798.16,4406.8
798.279,4380.0
798.398,4400.8
798.517,4360.4
798.636,4343.0
798.755,4336.2
798.874,4361.4
798.993,4344.8
799.112,4333.2
799.231,4318.6
799.35,4306.2
799.469,4331.6
799.588,4322.4
799.707,4323.8
799.826,4292.2
799.945,4254.2
800.064,4316.0
800.183,4296.2
800.302,4291.6
800.421,4278.8
800.54,4231.6
800.659,4252.0
800.778,4283.2
800.897,4240.4
801.016,4234.8
801.135,4215.0
801.254,4219.4
801.373,4215.6
801.492,4220.8
801.611,4198.0
801.729,4184.8
801.848,4197.0
801.967,4216.2
802.086,4206.6
802.205,4190.4
802.324,4201.6
802.443,4201.4
802.562,4193.8
802.681,4209.0
802.8,4174.4
802.919,4177.0
803.038,4164.8
803.157,4240.8
803.276,4206.8
803.394,4175.0
803.513,4190.0
803.632,4182.2
803.751,4138.6
803.87,4167.4
803.989,4166.6
804.108,4157.6
804.227,4141.0
804.346,4150.0
804.465,4153.8
804.583,4164.4
804.702,4181.0
804.821,4191.8
804.94,4165.6
805.059,4180.4
805.178,4159.4
805.297,4179.0
805.416,4161.6
805.535,4175.4
805.653,4164.8
805.772,4179.8
805.891,4207.8
806.01,4183.0
806.129,4180.0
806.248,4152.4
806.367,4121.2
806.485,4160.0
806.604,4156.0
806.723,4156.2
806.842,4158.4
806.961,4114.2
807.08,4162.8
807.198,4161.0
807.317,4176.0
807.436,4087.4
807.555,4128.6
807.674,4118.2
807.793,4129.4
807.912,4139.4
808.03,4127.4
808.149,4138.4
808.268,4137.8
808.387,4106.8
808.506,4109.8
808.624,4153.6
808.743,4100.6
808.862,4117.8
808.981,4101.8
809.1,4127.2
809.219,4108.2
809.337,4123.0
809.456,4086.2
809.575,4111.4
809.694,4123.8
809.812,4113.6
809.931,4083.8
810.05,4068.8
810.169,4077.2
810.288,4058.4
810.406,4084.6
810.525,4050.0
810.644,4079.6
810.763,4078.0
810.882,4034.6
811.0,4056.8
811.119,4030.8
811.238,4033.6
811.357,4055.2
811.475,4032.2
811.594,4015.6
811.713,4074.6
811.832,4084.8
811.95,4040.6
812.069,4066.4
812.188,4081.2
812.307,4059.0
812.425,4057.0
812.544,3989.2
812.663,4004.2
812.782,4057.4
812.9,4022.8
813.019,4029.6
813.138,4029.0
813.257,3987.8
813.375,3974.0
813.494,3992.4
813.613,3996.6
813.731,3975.0
813.85,3989.6
813.969,3961.0
814.088,3975.4
814.206,3968.8
814.325,3918.4
814.444,3939.4
814.562,3960.2
814.681,3941.0
814.8,3953.8
814.918,3959.2
815.037,3945.2
815.156,3943.0
815.274,3948.0
815.393,3923.0
815.512,3938.0
815.631,3898.8
815.749,3919.6
815.868,3903.8
815.987,3917.0
816.105,3876.8
816.224,3951.4
816.343,3912.0
816.461,3931.4
816.58,3955.2
816.698,3946.0
816.817,3912.4
816.936,3958.4
817.055,3940.0
817.173,3894.4
817.292,3908.0
817.41,3896.8
817.529,3884.6
817.648,3922.2
817.766,3849.6
817.885,3846.2
818.004,3859.8
818.122,3841.8
818.241,3853.6
818.359,3808.2
818.478,3838.6
818.597,3795.2
818.715,3839.4
818.834,3827.8
818.953,3808.2
819.071,3771.0
819.19,3829.4
819.308,3782.8
819.427,3777.6
819.546,3760.4
819.664,3778.0
819.783,3796.0
819.901,3785.0
820.02,3778.2
820.138,3795.4
820.257,3757.0
820.376,3801.4
820.494,3729.2
820.613,3763.8
820.731,3747.8
820.85,3715.4
820.969,3725.6
821.087,3703.6
821.206,3717.6
821.324,3727.0
821.443,3702.2
821.561,3699.4
821.68,3694.0
821.798,3693.6
821.917,3706.8
822.035,3706.0
822.154,3721.0
822.273,3674.2
822.391,3673.2
822.51,3661.4
822.628,3674.4
822.747,3639.8
822.865,3662.4
822.984,3660.0
823.102,3632.6
823.221,3650.2
823.339,3624.2
823.458,3655.0
823.576,3673.0
823.695,3672.0
823.813,3658.2
823.932,3682.4
824.05,3627.0
824.169,3658.2
824.287,3622.8
824.406,3632.2
824.524,3622.4
824.643,3662.2
824.761,3638.6
824.88,3674.6
824.998,3620.0
825.117,3619.6
825.235,3659.2
825.354,3659.6
825.472,3626.6
825.591,3616.2
825.709,3634.4
825.828,3624.2
825.946,3602.4
826.064,3633.0
826.183,3612.8
826.301,3583.8
826.42,3577.0
826.538,3597.6
826.657,3595.4
826.775,3608.8
826.894,3590.2
827.012,3599.6
827.13,3587.0
827.249,3597.0
827.367,3590.0
827.486,3574.6
827.604,3591.2
827.723,3564.4
827.841,3530.8
827.959,3538.4
828.078,3537.2
828.196,3522.8
828.315,3517.4
828.433,3516.2
828.552,3514.2
828.67,3536.6
828.788,3504.4
828.907,3534.4
829.025,3513.0
829.143,3520.4
829.262,3516.2
829.38,3507.8
829.499,3537.4
829.617,3550.0
829.735,3502.8
829.854,3507.2
829.972,3504.2
830.091,3495.0
830.209,3506.0
830.327,3497.8
830.446,3526.8
830.564,3521.4
830.682,3487.6
830.801,3484.2
830.919,3523.2
831.037,3514.0
831.156,3565.4
831.274,3511.4
831.392,3519.6
831.511,3483.2
831.629,3471.2
831.747,3506.8
831.866,3525.8
831.984,3468.4
832.102,3472.0
832.221,3486.0
832.339,3486.2
832.457,3496.8
832.576,3487.6
832.694,3511.0
832.812,3511.6
832.93,3481.8
833.049,3507.0
833.167,3494.4
833.285,3516.6
833.404,3496.8
833.522,3495.2
833.64,3475.8
833.759,3485.8
833.877,3514.4
833.995,3481.6
834.113,3512.4
834.232,3517.0
834.35,3495.8
834.468,3540.2
834.586,3527.4
834.705,3524.2
834.823,3518.8
834.941,3551.2
835.059,3523.6
835.178,3530.6
835.296,3501.2
835.414,3526.8
835.532,3511.6
835.651,3493.8
835.769,3505.4
835.887,3492.4
836.005,3486.4
836.124,3524.6
836.242,3501.4
836.36,3472.4
836.478,3462.6
836.596,3490.0
836.715,3457.6
836.833,3451.8
836.951,3442.4
837.069,3473.6
837.188,3470.2
837.306,3447.0
837.424,3468.4
837.542,3493.0
837.66,3472.6
837.779,3473.8
837.897,3477.0
838.015,3470.8
838.133,3440.0
838.251,3440.8
838.369,3471.8
838.487,3470.4
838.606,3443.2
838.724,3446.6
838.842,3455.8
838.96,3420.2
839.078,3467.2
839.196,3452.0
839.315,3435.6
839.433,3459.4
839.551,3453.2
839.669,3465.0
839.787,3452.6
839.905,3472.6
840.023,3465.8
840.142,3470.6
840.26,3440.4
840.378,3435.0
840.496,3435.6
840.614,3433.0
840.732,3428.0
840.85,3429.0
840.968,3436.4
841.087,3405.8
841.205,3440.4
841.323,3454.6
841.441,3414.2
841.559,3452.2
841.677,3424.4
841.795,3408.0
841.913,3438.6
842.031,3425.0
842.149,3468.4
842.267,3436.6
842.385,3430.2
842.504,3422.2
842.622,3386.8
842.74,3442.2
842.858,3426.6
842.976,3430.8
843.094,3415.0
843.212,3441.4
843.33,3464.0
843.448,3424.2
843.566,3413.0
843.684,3421.8
843.802,3463.0
843.92,3436.4
844.038,3482.8
844.156,3444.6
844.274,3424.2
844.392,3458.2
844.51,3461.2
844.628,3420.6
844.746,3432.2
844.864,3442.2
844.982,3411.0
845.1,3444.6
845.218,3424.2
845.336,3377.8
845.454,3402.8
845.572,3447.8
845.69,3394.8
845.808,3405.8
845.926,3376.0
846.044,3377.8
846.162,3396.0
846.28,3421.2
846.398,3372.2
846.516,3421.4
846.634,3410.8
846.752,3357.8
846.87,3441.6
846.988,3381.8
847.106,3405.6
847.224,3410.0
847.342,3410.6
847.46,3390.8
847.578,3402.8
847.696,3408.0
847.814,3433.8
847.932,3406.4
848.05,3429.0
848.168,3400.0
848.285,3423.4
848.403,3418.4
848.521,3431.6
848.639,3426.4
848.757,3443.0
848.875,3430.6
848.993,3438.8
849.111,3429.0
849.229,3423.4
849.347,3427.6
849.465,3407.6
849.582,3423.2
849.7,3436.6
849.818,3400.0
849.936,3416.8
850.054,3433.8
850.172,3434.0
850.29,3399.6
850.408,3406.8
850.525,3451.2
850.643,3402.0
850.761,3408.0
850.879,3392.4
850.997,3420.0
851.115,3414.8
851.233,3405.0
851.35,3426.8
851.468,3378.0
851.586,3377.2
851.704,3390.4
851.822,3437.4
851.94,3412.0
852.057,3403.4
852.175,3407.8
852.293,3431.4
852.411,3479.4
852.529,3473.0
852.647,3456.6
852.764,3430.4
852.882,3405.2
853.0,3405.8
853.118,3392.2
853.236,3401.0
853.353,3370.0
853.471,3390.8
853.589,3364.4
853.707,3361.0
853.824,3370.6
853.942,3400.8
854.06,3383.2
854.178,3372.4
854.296,3382.4
854.413,3367.2
854.531,3381.8
854.649,3416.2
854.767,3411.2
854.884,3399.8
855.002,3420.2
855.12,3413.4
855.238,3387.8
855.355,3384.6
855.473,3387.2
855.591,3411.8
855.708,3415.4
855.826,3391.2
855.944,3427.2
856.062,3419.0
856.179,3413.8
856.297,3408.6
856.415,3435.8
856.532,3413.0
856.65,3411.2
856.768,3417.2
856.886,3429.0
857.003,3402.4
857.121,3359.4
857.239,3385.8
857.356,3412.6
857.474,3357.2
857.592,3417.2
857.709,3390.0
857.827,3400.6
857.945,3400.2
858.062,3404.2
858.18,3347.8
858.298,3357.6
858.415,3405.4
858.533,3355.4
858.651,3371.4
858.768,3357.8
858.886,3368.8
859.003,3378.6
859.121,3343.2
859.239,3397.8
859.356,3385.8
859.474,3369.0
859.592,3367.0
859.709,3374.4
859.827,3360.4
859.944,3343.8
860.062,3371.2
860.18,3365.8
860.297,3327.2
860.415,3339.4
860.532,3337.4
860.65,3341.0
860.768,3364.8
860.885,3326.0
861.003,3349.6
861.12,3357.4
861.238,3343.2
861.356,3340.2
861.473,3354.4
861.591,3339.8
861.708,3337.4
861.826,3334.0
861.943,3330.6
862.061,3312.6
862.178,3326.6
862.296,3301.6
862.414,3283.2
862.531,3302.0
862.649,3302.8
862.766,3272.8
862.884,3298.4
863.001,3286.2
863.119,3277.0
863.236,3316.0
863.354,3305.0
863.471,3321.6
863.589,3348.0
863.706,3271.8
863.824,3292.0
863.941,3286.8
864.059,3285.2
864.176,3339.6
864.294,3291.4
864.411,3298.2
864.529,3280.2
864.646,3299.2
864.764,3316.4
864.881,3313.6
864.999,3305.4
865.116,3316.2
865.233,3283.6
865.351,3286.8
865.468,3304.8
865.586,3332.4
865.703,3304.6
865.821,3321.0
865.938,3294.0
866.056,3318.8
866.173,3327.8
866.29,3331.8
866.408,3306.8
866.525,3317.2
866.643,3313.4
866.76,3318.6
866.878,3311.4
866.995,3293.2
867.112,3330.2
867.23,3300.2
867.347,3298.8
867.465,3311.4
867.582,3321.0
867.699,3332.2
867.817,3312.6
867.934,3323.8
868.051,3309.6
868.169,3296.6
868.286,3306.4
868.404,3304.0
868.521,3338.0
868.638,3352.6
868.756,3289.6
868.873,3318.0
868.99,3314.4
869.108,3343.0
869.225,3342.6
869.342,3297.4
869.46,3341.2
869.577,3332.0
869.694,3316.4
869.812,3341.8
869.929,3327.2
870.046,3316.6
870.164,3305.0
870.281,3342.8
870.398,3313.6
870.516,3326.6
870.633,3294.4
870.75,3314.4
870.867,3294.4
870.985,3296.2
871.102,3327.6
871.219,3350.6
871.337,3333.0
871.454,3306.4
871.571,3328.4
871.688,3366.8
871.806,3293.6
871.923,3313.4
872.04,3332.6
872.157,3327.8
872.275,3341.6
872.392,3318.6
872.509,3347.0
872.626,3324.6
872.744,3360.8
872.861,3326.8
872.978,3357.0
873.095,3342.2
873.213,3341.8
873.33,3332.6
873.447,3335.2
873.564,3354.4
873.681,3329.6
873.799,3317.2
873.916,3322.2
874.033,3328.4
874.15,3306.8
874.267,3296.4
874.385,3310.2
874.502,3286.0
874.619,3320.4
874.736,3323.4
874.853,3314.8
874.97,3338.8
875.088,3336.6
875.205,3308.8
875.322,3338.6
875.439,3321.4
875.556,3320.0
875.673,3355.8
875.791,3325.0
875.908,3311.0
876.025,3297.0
876.142,3327.4
876.259,3335.8
876.376,3322.8
876.493,3336.8
876.61,3314.0
876.728,3328.4
876.845,3361.6
876.962,3359.2
877.079,3369.8
877.196,3360.0
877.313,3349.0
877.43,3354.4
877.547,3358.2
877.664,3324.0
877.781,3340.2
877.898,3332.4
878.016,3320.2
878.133,3339.0
878.25,3337.2
878.367,3286.6
878.484,3336.0
878.601,3292.6
878.718,3300.2
878.835,3326.2
878.952,3334.6
879.069,3298.0
879.186,3287.8
879.303,3261.0
879.42,3285.2
879.537,3292.0
879.654,3261.2
879.771,3274.8
879.888,3269.6
880.005,3286.4
880.122,3252.0
880.239,3253.2
880.356,3247.6
880.473,3260.4
880.59,3251.4
880.707,3268.0
880.824,3290.4
880.941,3241.4
881.058,3249.6
881.175,3263.4
881.292,3295.2
881.409,3287.0
881.526,3283.0
881.643,3283.0
881.76,3323.4
881.877,3297.8
881.994,3284.6
882.111,3280.0
882.228,3283.6
882.345,3258.0
882.462,3257.6
882.579,3270.0
882.696,3294.0
882.812,3278.4
882.929,3224.8
883.046,3299.8
883.163,3275.4
883.28,3282.8
883.397,3288.0
883.514,3318.2
883.631,3282.6
883.748,3320.2
883.865,3296.4
883.982,3327.2
884.098,3287.4
884.215,3289.0
884.332,3280.2
884.449,3295.4
884.566,3305.0
884.683,3286.8
884.8,3278.8
884.916,3311.8
885.033,3317.8
885.15,3308.0
885.267,3358.4
885.384,3371.0
885.501,3361.4
885.617,3349.4
885.734,3380.4
885.851,3339.0
885.968,3373.6
886.085,3358.6
886.202,3394.8
886.318,3348.8
886.435,3326.2
886.552,3345.8
886.669,3354.2
886.786,3337.2
886.902,3341.8
887.019,3321.0
887.136,3311.8
887.253,3328.2
887.369,3307.0
887.486,3289.4
887.603,3288.6
887.72,3277.8
887.837,3288.6
887.953,3257.4
888.07,3297.2
888.187,3295.6
888.304,3257.6
888.42,3267.2
888.537,3231.2
888.654,3267.8
888.77,3268.4
888.887,3261.4
889.004,3253.2
889.121,3272.4
889.237,3220.2
889.354,3268.8
889.471,3254.8
889.587,3223.4
889.704,3247.8
889.821,3235.6
889.938,3255.8
890.054,3193.8
890.171,3243.2
890.288,3222.6
890.404,3225.0
890.521,3244.2
890.638,3250.6
890.754,3244.2
890.871,3220.2
890.988,3247.4
891.104,3237.4
891.221,3255.8
891.337,3208.2
891.454,3226.8
891.571,3236.4
891.687,3228.0
891.804,3272.0
891.921,3249.8
892.037,3245.8
892.154,3227.0
892.27,3201.6
892.387,3259.6
892.504,3231.0
892.62,3219.8
892.737,3216.2
892.854,3227.0
892.97,3264.4
893.087,3237.0
893.203,3247.8
893.32,3239.2
893.436,3245.8
893.553,3266.8
893.67,3267.4
893.786,3260.0
893.903,3236.6
894.019,3249.4
894.136,3252.6
894.252,3280.0
894.369,3276.2
894.485,3267.2
894.602,3245.8
894.718,3274.6
894.835,3251.8
894.951,3271.2
895.068,3267.0
895.184,3257.2
895.301,3293.0
895.417,3256.2
895.534,3244.8
895.65,3261.4
895.767,3255.0
895.883,3264.0
896.0,3281.4
896.116,3282.8
896.233,3257.4
896.349,3257.0
896.466,3257.4
896.582,3242.2
896.699,3268.4
896.815,3253.0
896.932,3287.2
897.048,3237.2
897.165,3263.0
897.281,3264.8
897.397,3254.4
897.514,3288.4
897.63,3275.8
897.747,3272.6
897.863,3280.2
897.979,3276.8
898.096,3274.4
898.212,3291.8
898.329,3271.6
898.445,3273.4
898.561,3289.0
898.678,3283.8
898.794,3268.8
898.911,3271.2
899.027,3248.2
899.143,3261.8
899.26,3255.2
899.376,3238.4
899.492,3247.2
899.609,3246.8
899.725,3253.8
899.842,3243.2
899.958,3289.0
900.074,3265.0
900.191,3264.0
900.307,3269.4
900.423,3259.8
900.539,3239.6
900.656,3257.8
900.772,3283.8
900.888,3293.4
901.005,3263.6
901.121,3249.2
901.237,3244.4
901.354,3242.2
901.47,3239.2
901.586,3260.0
901.703,3243.0
901.819,3252.0
901.935,3263.8
902.051,3249.8
902.168,3273.6
902.284,3307.6
902.4,3263.8
902.516,3264.6
902.633,3273.8
902.749,3304.4
902.865,3312.8
902.981,3263.0
903.098,3289.6
903.214,3282.6
903.33,3289.8
903.446,3299.0
903.562,3277.2
903.679,3300.2
903.795,3305.8
903.911,3259.2
904.027,3293.4
904.143,3272.6
904.26,3283.4
904.376,3255.2
904.492,3260.0
904.608,3273.4
904.724,3268.0
904.841,3269.0
904.957,3255.8
905.073,3259.0
905.189,3286.8
905.305,3264.2
905.421,3276.0
905.538,3308.0
905.654,3265.2
905.77,3280.4
905.886,3266.4
906.002,3262.4
906.118,3267.0
906.234,3270.8
906.35,3264.4
906.466,3254.4
906.583,3254.8
906.699,3266.6
906.815,3249.6
906.931,3233.4
907.047,3229.4
907.163,3242.8
907.279,3234.2
907.395,3207.2
907.511,3239.6
907.627,3199.8
907.743,3246.8
907.859,3271.2
907.976,3253.6
908.092,3228.6
908.208,3246.8
908.324,3228.0
908.44,3246.4
908.556,3235.2
908.672,3297.0
908.788,3243.8
908.904,3244.4
909.02,3222.2
909.136,3228.2
909.252,3246.8
909.368,3240.8
909.484,3244.8
909.6,3194.8
909.716,3230.6
909.832,3251.2
909.948,3272.6
910.064,3231.2
910.18,3234.2
910.296,3215.8
910.412,3258.0
910.528,3237.8
910.644,3259.2
910.76,3244.0
910.875,3272.6
910.991,3245.8
911.107,3246.8
911.223,3206.6
911.339,3230.6
911.455,3248.8
911.571,3230.4
911.687,3245.4
911.803,3226.6
911.919,3201.8
912.035,3211.4
912.151,3225.4
912.267,3173.8
912.382,3207.4
912.498,3193.0
912.614,3201.6
912.73,3176.8
912.846,3215.0
