792.446,5330.8
792.565,5207.2
792.684,5272.8
792.803,5257.2
792.922,5198.4
793.041,5154.2
793.16,5154.2
793.279,5179.4
793.398,5120.4
793.518,5102.2
793.637,5074.2
793.756,5098.6
793.875,5043.4
793.994,5019.4
794.113,4997.8
794.232,5046.2
794.351,5019.8
794.47,4984.8
794.589,4957.4
794.708,4965.6
794.827,4954.0
794.946,4926.8
795.066,4919.8
795.185,4909.4
795.304,4940.8
795.423,4910.2
795.542,4896.0
795.661,4910.8
795.78,4863.2
795.899,4823.8
796.018,4846.2
796.137,4858.8
796.256,4845.0
796.375,4847.8
796.494,4782.8
796.613,4804.8
796.732,4784.0
796.851,4786.8
796.97,4739.0
797.089,4729.6
797.208,4749.8
797.327,4772.6
797.446,4741.2
797.565,4806.2
797.684,4772.8
797.803,4757.6
797.922,4769.6
798.041,4772.0
798.16,4702.6
798.279,4704.6
798.398,4726.2
798.517,4688.6
798.636,4693.8
798.755,4692.0
798.874,4705.6
798.993,4674.8
799.112,4690.6
799.231,4680.8
799.35,4670.2
799.469,4703.0
799.588,4667.6
799.707,4705.2
799.826,4692.2
799.945,4648.2
800.064,4676.4
800.183,4661.6
800.302,4641.6
800.421,4677.0
800.54,4650.4
800.659,4644.8
800.778,4655.8
800.897,4648.2
801.016,4645.4
801.135,4608.4
801.254,4622.2
801.373,4631.6
801.492,4616.0
801.611,4590.6
801.729,4652.2
801.848,4593.6
801.967,4605.8
802.086,4609.0
802.205,4621.4
802.324,4607.0
802.443,4661.2
802.562,4659.8
802.681,4637.6
802.8,4634.0
802.919,4623.0
803.038,4610.0
803.157,4655.4
803.276,4633.4
803.394,4656.0
803.513,4588.4
803.632,4640.0
803.751,4615.4
803.87,4630.8
803.989,4599.2
804.108,4647.8
804.227,4647.4
804.346,4624.4
804.465,4660.0
804.583,4626.2
804.702,4622.2
804.821,4613.8
804.94,4594.2
805.059,4630.0
805.178,4666.0
805.297,4668.8
805.416,4674.4
805.535,4614.0
805.653,4690.2
805.772,4701.6
805.891,4720.4
806.01,4697.0
806.129,4663.0
806.248,4659.2
806.367,4621.6
806.485,4685.4
806.604,4641.8
806.723,4662.2
806.842,4629.8
806.961,4634.6
807.08,4604.2
807.198,4644.0
807.317,4630.4
807.436,4605.2
807.555,4557.4
807.674,4595.4
807.793,4621.6
807.912,4646.6
808.03,4623.4
808.149,4585.8
808.268,4585.0
808.387,4628.0
808.506,4633.4
808.624,4610.6
808.743,4584.8
808.862,4613.2
808.981,4585.2
809.1,4614.0
809.219,4574.2
809.337,4576.6
809.456,4616.2
809.575,4583.2
809.694,4573.2
809.812,4563.2
809.931,4616.8
810.05,4583.2
810.169,4563.0
810.288,4578.2
810.406,4541.6
810.525,4529.6
810.644,4490.0
810.763,4526.6
810.882,4515.0
811.0,4547.4
811.119,4530.4
811.238,4540.6
811.357,4546.6
811.475,4509.6
811.594,4506.4
811.713,4543.4
811.832,4562.8
811.95,4565.6
812.069,4546.6
812.188,4517.4
812.307,4535.2
812.425,4504.2
812.544,4518.4
812.663,4491.2
812.782,4515.4
812.9,4500.8
813.019,4491.0
813.138,4484.8
813.257,4536.8
813.375,4465.6
813.494,4460.0
813.613,4461.8
813.731,4443.6
813.85,4478.0
813.969,4469.8
814.088,4443.4
814.206,4416.0
814.325,4431.2
814.444,4382.8
814.562,4418.8
814.681,4408.8
814.8,4427.6
814.918,4421.4
815.037,4459.2
815.156,4452.8
815.274,4449.4
815.393,4469.2
815.512,4460.6
815.631,4418.4
815.749,4424.2
815.868,4436.8
815.987,4429.0
816.105,4404.8
816.224,4444.4
816.343,4378.8
816.461,4425.2
816.58,4441.8
816.698,4423.4
816.817,4436.0
816.936,4464.0
817.055,4382.2
817.173,4412.8
817.292,4397.0
817.41,4434.0
817.529,4419.2
817.648,4448.4
817.766,4410.0
817.885,4380.6
818.004,4379.2
818.122,4401.6
818.241,4361.4
818.359,4353.2
818.478,4408.0
818.597,4360.6
818.715,4353.4
818.834,4361.0
818.953,4328.4
819.071,4368.0
819.19,4335.2
819.308,4304.4
819.427,4315.4
819.546,4354.0
819.664,4334.4
819.783,4344.4
819.901,4348.2
820.02,4330.8
820.138,4371.8
820.257,4349.6
820.376,4362.4
820.494,4349.0
820.613,4339.2
820.731,4303.0
820.85,4289.4
820.969,4304.4
821.087,4309.8
821.206,4297.0
821.324,4308.2
821.443,4298.2
821.561,4268.8
821.68,4295.0
821.798,4289.8
821.917,4245.6
822.035,4251.6
822.154,4319.6
822.273,4248.0
822.391,4254.0
822.51,4264.0
822.628,4271.6
822.747,4230.2
822.865,4256.0
822.984,4264.8
823.102,4263.8
823.221,4265.2
823.339,4256.4
823.458,4229.0
823.576,4246.0
823.695,4252.6
823.813,4260.2
823.932,4230.4
824.05,4238.4
824.169,4213.4
824.287,4255.6
824.406,4236.6
824.524,4265.0
824.643,4227.6
824.761,4249.0
824.88,4271.6
824.998,4236.4
825.117,4221.8
825.235,4235.6
825.354,4220.8
825.472,4189.0
825.591,4245.2
825.709,4245.0
825.828,4221.8
825.946,4167.4
826.064,4209.6
826.183,4177.6
826.301,4198.2
826.42,4188.8
826.538,4186.4
826.657,4190.2
826.775,4151.6
826.894,4183.4
827.012,4135.0
827.13,4167.2
827.249,4158.4
827.367,4353.0
827.486,4109.6
827.604,4140.4
827.723,4170.0
827.841,4130.6
827.959,4142.6
828.078,4120.4
828.196,4135.6
828.315,4095.2
828.433,4115.2
828.552,4112.8
828.67,4103.2
828.788,4113.8
828.907,4120.2
829.025,4109.6
829.143,4125.0
829.262,4129.8
829.38,4094.0
829.499,4071.6
829.617,4074.2
829.735,4125.8
829.854,4088.2
829.972,4103.4
830.091,4064.4
830.209,4070.6
830.327,4097.2
830.446,4095.8
830.564,4094.4
830.682,4123.8
830.801,4084.4
830.919,4123.2
831.037,4118.0
831.156,4110.6
831.274,4089.8
831.392,4071.4
831.511,4082.8
831.629,4078.4
831.747,4095.6
831.866,4062.8
831.984,4097.2
832.102,4081.8
832.221,4069.4
832.339,4053.2
832.457,4092.2
832.576,4084.0
832.694,4056.4
832.812,4104.0
832.93,4062.4
833.049,4041.4
833.167,4062.8
833.285,4055.8
833.404,4038.8
833.522,4056.0
833.64,4014.6
833.759,4051.2
833.877,4049.4
833.995,4083.8
834.113,4084.0
834.232,4028.8
834.35,4045.0
834.468,4073.8
834.586,4088.6
834.705,4069.2
834.823,4070.0
834.941,4110.2
835.059,4083.6
835.178,4107.2
835.296,4048.4
835.414,4048.6
835.532,4020.4
835.651,4044.6
835.769,4028.4
835.887,4069.4
836.005,4066.4
836.124,4036.2
836.242,4022.6
836.36,4071.8
836.478,4000.8
836.596,4027.2
836.715,3992.8
836.833,4006.6
836.951,4015.6
837.069,4007.8
837.188,4001.2
837.306,4033.2
837.424,4047.8
837.542,4013.8
837.66,4045.8
837.779,4040.4
837.897,4036.2
838.015,4003.6
838.133,3977.0
838.251,4026.2
838.369,4003.4
838.487,4007.2
838.606,3992.8
838.724,4043.6
838.842,4024.0
838.96,3975.4
839.078,4003.2
839.196,3999.0
839.315,3996.8
839.433,4030.0
839.551,4036.0
839.669,3996.6
839.787,3973.2
839.905,4003.0
840.023,3996.4
840.142,3968.4
840.26,3956.2
840.378,3961.6
840.496,3952.4
840.614,3967.6
840.732,3952.2
840.85,3931.6
840.968,3937.8
841.087,3937.0
841.205,3933.2
841.323,3908.8
841.441,3954.8
841.559,3949.6
841.677,3920.6
841.795,3923.4
841.913,3911.8
842.031,3931.0
842.149,3902.0
842.267,3913.8
842.385,3942.6
842.504,3929.6
842.622,3935.6
842.74,3908.6
842.858,3946.0
842.976,3934.2
843.094,3939.6
843.212,3977.2
843.33,3963.4
843.448,3958.2
843.566,3950.0
843.684,3959.2
843.802,3934.2
843.92,3951.2
844.038,3985.8
844.156,3967.4
844.274,3925.4
844.392,3942.0
844.51,3970.4
844.628,3953.6
844.746,3954.4
844.864,3918.8
844.982,3936.8
845.1,3943.8
845.218,3904.0
845.336,3916.8
845.454,3933.6
845.572,3927.0
845.69,3919.0
845.808,3894.2
845.926,3902.8
846.044,3904.6
846.162,3895.8
846.28,3858.4
846.398,3919.2
846.516,3924.0
846.634,3907.8
846.752,3921.6
846.87,3919.0
846.988,3925.4
847.106,3910.0
847.224,3903.4
847.342,3929.0
847.46,3930.4
847.578,3913.4
847.696,3909.4
847.814,3926.2
847.932,3916.2
848.05,3946.4
848.168,3885.8
848.285,3944.0
848.403,3909.0
848.521,3915.8
848.639,3939.0
848.757,3944.2
848.875,3937.0
848.993,3926.2
849.111,3927.2
849.229,3924.2
849.347,3931.6
849.465,3872.8
849.582,3876.6
849.7,3885.8
849.818,3862.8
849.936,3881.6
850.054,3908.4
850.172,3866.2
850.29,3874.0
850.408,3861.4
850.525,3900.4
850.643,3895.8
850.761,3910.6
850.879,3891.4
850.997,3906.6
851.115,3901.2
851.233,3897.2
851.35,3914.4
851.468,3905.4
851.586,3872.2
851.704,3908.4
851.822,3893.4
851.94,3888.2
852.057,3872.6
852.175,3898.6
852.293,3883.6
852.411,3930.2
852.529,3918.2
852.647,3919.6
852.764,3856.0
852.882,3865.6
853.0,3931.8
853.118,3876.8
853.236,3902.0
853.353,3894.2
853.471,3898.4
853.589,3876.6
853.707,3877.0
853.824,3919.6
853.942,3914.8
854.06,3901.4
854.178,3896.2
854.296,3919.2
854.413,3887.2
854.531,3893.0
854.649,3916.8
854.767,3924.2
854.884,3902.0
855.002,3908.4
855.12,3911.8
855.238,3938.2
855.355,3943.6
855.473,3903.2
855.591,3919.4
855.708,3914.6
855.826,3864.6
855.944,3953.4
856.062,3922.4
856.179,3884.6
856.297,3899.0
856.415,3905.4
856.532,3903.4
856.65,3920.2
856.768,3893.0
856.886,3891.8
857.003,3892.6
857.121,3906.2
857.239,3884.6
857.356,3904.2
857.474,3874.2
857.592,3867.0
857.709,3900.4
857.827,3870.4
857.945,3903.2
858.062,3893.8
858.18,3886.4
858.298,3864.2
858.415,3869.0
858.533,3883.2
858.651,3876.0
858.768,3865.8
858.886,3868.4
859.003,3868.4
859.121,3884.0
859.239,3881.0
859.356,3876.0
859.474,3887.2
859.592,3864.0
859.709,3887.4
859.827,3858.0
859.944,3855.0
860.062,3875.4
860.18,3843.8
860.297,3878.6
860.415,3828.8
860.532,3831.0
860.65,3873.6
860.768,3851.6
860.885,3844.4
861.003,3814.2
861.12,3887.8
861.238,3843.6
861.356,3856.2
861.473,3825.6
861.591,3820.4
861.708,3824.2
861.826,3837.2
861.943,3832.4
862.061,3829.2
862.178,3819.6
862.296,3772.0
862.414,3797.2
862.531,3789.6
862.649,3774.6
862.766,3804.4
862.884,3791.6
863.001,3795.8
863.119,3778.8
863.236,3799.0
863.354,3820.2
863.471,3798.0
863.589,3814.2
863.706,3802.2
863.824,3803.8
863.941,3778.6
864.059,3784.2
864.176,3811.0
864.294,3819.4
864.411,3802.2
864.529,3807.8
864.646,3797.2
864.764,3778.4
864.881,3773.8
864.999,3783.0
865.116,3797.6
865.233,3788.4
865.351,3765.8
865.468,3806.0
865.586,3812.4
865.703,3788.8
865.821,3826.2
865.938,3787.2
866.056,3817.8
866.173,3790.6
866.29,3794.4
866.408,3842.0
866.525,3819.0
866.643,3830.2
866.76,3795.6
866.878,3785.2
866.995,3814.0
867.112,3803.8
867.23,3787.4
867.347,3800.0
867.465,3776.2
867.582,3754.4
867.699,3778.8
867.817,3797.8
867.934,3787.2
868.051,3745.2
868.169,3787.2
868.286,3769.0
868.404,3786.8
868.521,3794.6
868.638,3800.2
868.756,3784.0
868.873,3751.0
868.99,3795.6
869.108,3832.2
869.225,3773.2
869.342,3761.4
869.46,3785.6
869.577,3791.6
869.694,3779.8
869.812,3776.6
869.929,3798.0
870.046,3777.2
870.164,3801.6
870.281,3784.8
870.398,3771.0
870.516,3792.2
870.633,3742.0
870.75,3756.8
870.867,3773.6
870.985,3778.6
871.102,3792.4
871.219,3755.6
871.337,3774.0
871.454,3771.0
871.571,3770.0
871.688,3751.6
871.806,3797.8
871.923,3784.2
872.04,3780.8
872.157,3771.2
872.275,3800.4
872.392,3774.8
872.509,3755.0
872.626,3782.4
872.744,3776.2
872.861,3810.0
872.978,3763.2
873.095,3798.6
873.213,3791.2
873.33,3760.4
873.447,3776.8
873.564,3739.4
873.681,3746.6
873.799,3775.4
873.916,3738.2
874.033,3736.0
874.15,3739.6
874.267,3736.0
874.385,3730.8
874.502,3736.6
874.619,3749.4
874.736,3751.0
874.853,3753.0
874.97,3750.0
875.088,3759.2
875.205,3768.8
875.322,3792.4
875.439,3762.0
875.556,3751.0
875.673,3806.4
875.791,3773.6
875.908,3761.0
876.025,3726.4
876.142,3774.0
876.259,3755.2
876.376,3757.2
876.493,3746.4
876.61,3755.6
876.728,3742.2
876.845,3777.8
876.962,3777.8
877.079,3770.4
877.196,3793.8
877.313,3796.4
877.43,3785.0
877.547,3778.6
877.664,3782.6
877.781,3801.4
877.898,3788.2
878.016,3789.4
878.133,3756.2
878.25,3791.4
878.367,3766.0
878.484,3787.2
878.601,3773.0
878.718,3766.0
878.835,3798.4
878.952,3771.4
879.069,3742.2
879.186,3791.6
879.303,3738.6
879.42,3738.4
879.537,3755.6
879.654,3753.6
879.771,3726.6
879.888,3744.4
880.005,3765.0
880.122,3722.2
880.239,3723.8
880.356,3715.6
880.473,3725.2
880.59,3682.2
880.707,3704.8
880.824,3761.8
880.941,3699.4
881.058,3738.4
881.175,3745.8
881.292,3739.4
881.409,3735.2
881.526,3725.0
881.643,3727.0
881.76,3786.8
881.877,3742.8
881.994,3744.0
882.111,3712.4
882.228,3737.4
882.345,3730.8
882.462,3710.6
882.579,3697.0
882.696,3713.0
882.812,3706.6
882.929,3711.8
883.046,3734.8
883.163,3730.2
883.28,3703.4
883.397,3731.4
883.514,3729.0
883.631,3748.0
883.748,3717.0
883.865,3758.0
883.982,3741.4
884.098,3733.0
884.215,3732.6
884.332,3739.0
884.449,3686.4
884.566,3718.2
884.683,3700.0
884.8,3724.2
884.916,3718.4
885.033,3739.8
885.15,3721.4
885.267,3736.4
885.384,3767.8
885.501,3765.2
885.617,3747.8
885.734,3764.0
885.851,3725.0
885.968,3778.6
886.085,3782.8
886.202,3759.0
886.318,3763.0
886.435,3716.4
886.552,3734.6
886.669,3738.8
886.786,3737.6
886.902,3752.6
887.019,3744.6
887.136,3704.0
887.253,3781.0
887.369,3719.6
887.486,3752.8
887.603,3721.0
887.72,3698.6
887.837,3728.0
887.953,3714.2
888.07,3726.0
888.187,3739.0
888.304,3714.6
888.42,3715.4
888.537,3726.2
888.654,3732.6
888.77,3701.8
888.887,3743.4
889.004,3717.8
889.121,3720.0
889.237,3706.4
889.354,3736.2
889.471,3711.0
889.587,3710.4
889.704,3740.8
889.821,3701.2
889.938,3736.2
890.054,3700.4
890.171,3719.6
890.288,3671.6
890.404,3659.8
890.521,3698.0
890.638,3731.0
890.754,3706.4
890.871,3688.6
890.988,3706.4
891.104,3700.0
891.221,3718.6
891.337,3702.0
891.454,3738.2
891.571,3706.2
891.687,3695.0
891.804,3693.8
891.921,3671.2
892.037,3665.6
892.154,3683.6
892.27,3652.8
892.387,3713.6
892.504,3647.0
892.62,3690.4
892.737,3684.8
892.854,3718.0
892.97,3710.8
893.087,3705.6
893.203,3694.2
893.32,3675.8
893.436,3714.2
893.553,3725.8
893.67,3705.4
893.786,3740.0
893.903,3708.2
894.019,3707.2
894.136,3710.8
894.252,3707.2
894.369,3748.4
894.485,3693.8
894.602,3666.4
894.718,3723.2
894.835,3678.6
894.951,3695.6
895.068,3708.4
895.184,3689.8
895.301,3721.4
895.417,3728.4
895.534,3727.2
895.65,3729.0
895.767,3717.6
895.883,3751.6
896.0,3721.6
896.116,3718.0
896.233,3719.2
896.349,3699.6
896.466,3682.8
896.582,3649.0
896.699,3668.6
896.815,3674.2
896.932,3700.0
897.048,3672.0
897.165,3691.6
897.281,3680.8
897.397,3687.2
897.514,3692.2
897.63,3763.0
897.747,3740.0
897.863,3730.8
897.979,3715.4
898.096,3715.2
898.212,3710.0
898.329,3713.6
898.445,3711.2
898.561,3701.8
898.678,3683.4
898.794,3695.8
898.911,3639.8
899.027,3653.8
899.143,3644.6
899.26,3684.4
899.376,3661.2
899.492,3648.4
899.609,3650.6
899.725,3697.4
899.842,3671.0
899.958,3711.4
900.074,3658.6
900.191,3708.8
900.307,3691.0
900.423,3696.2
900.539,3672.2
900.656,3681.8
900.772,3698.6
900.888,3689.6
901.005,3662.6
901.121,3650.0
901.237,3659.8
901.354,3688.8
901.47,3668.6
901.586,3649.8
901.703,3643.4
901.819,3647.0
901.935,3670.8
902.051,3646.6
902.168,3656.0
902.284,3675.4
902.4,3637.8
902.516,3651.2
902.633,3645.4
902.749,3661.4
902.865,3696.6
902.981,3675.8
903.098,3703.8
903.214,3680.2
903.33,3691.6
903.446,3663.8
903.562,3673.4
903.679,3684.8
903.795,3683.2
903.911,3656.4
904.027,3659.2
904.143,3679.2
904.26,3682.2
904.376,3670.2
904.492,3658.2
904.608,3748.4
904.724,3714.4
904.841,3669.6
904.957,3625.0
905.073,3636.8
905.189,3623.8
905.305,3667.8
905.421,3689.0
905.538,3692.8
905.654,3693.8
905.77,3683.2
905.886,3707.2
906.002,3678.6
906.118,3658.6
906.234,3654.6
906.35,3657.0
906.466,3688.6
906.583,3627.0
906.699,3675.2
906.815,3656.4
906.931,3654.2
907.047,3669.8
907.163,3650.4
907.279,3651.6
907.395,3670.6
907.511,3638.2
907.627,3679.2
907.743,3667.8
907.859,3659.8
907.976,3689.2
908.092,3652.6
908.208,3643.4
908.324,3669.6
908.44,3651.2
908.556,3661.6
908.672,3673.6
908.788,3652.8
908.904,3670.2
909.02,3621.0
909.136,3641.6
909.252,3618.0
909.368,3644.8
909.484,3662.0
909.6,3651.2
909.716,3628.2
909.832,3640.6
909.948,3638.6
910.064,3642.8
910.18,3632.4
910.296,3628.2
910.412,3654.0
910.528,3633.6
910.644,3635.6
910.76,3642.6
910.875,3670.8
910.991,3645.6
911.107,3667.0
911.223,3635.6
911.339,3647.6
911.455,3656.2
911.571,3619.6
911.687,3632.0
911.803,3651.6
911.919,3626.0
912.035,3640.8
912.151,3604.8
912.267,3608.4
912.382,3594.6
912.498,3581.2
912.614,3588.2
912.73,3591.2
912.846,3604.0
