792.44574,2160
792.56488,2148
792.68396,2229
792.80304,2191
792.92218,2123
793.041199,2036
793.160339,2119
793.279419,2029
793.398499,2029
793.517578,2030
793.636658,1993
793.755737,2023
793.874817,1976
793.993896,2036
794.112976,2012
794.232056,2018
794.351074,1992
794.470215,1962
794.589233,1979
794.708313,1980
794.827393,1935
794.946411,1940
795.065552,1981
795.18457,1921
795.303589,1941
795.422668,1958
795.541687,1952
795.660767,1939
795.779846,1935
795.898865,1891
796.017883,1954
796.136963,1886
796.255981,1923
796.375061,1899
796.49408,1931
796.613037,1871
796.732117,1946
796.851135,1864
796.970154,1877
797.089233,1913
797.208191,1880
797.327271,1878
797.446228,1890
797.565186,1879
797.684265,1839
797.803223,1841
797.922241,1847
798.04126,1853
798.160278,1844
798.279297,1832
798.398315,1851
798.517273,1867
798.636292,1856
798.75531,1857
798.874268,1846
798.993286,1834
799.112244,1843
799.231323,1857
799.350281,1868
799.469238,1870
799.588257,1887
799.707153,1848
799.826111,1828
799.945129,1858
800.064087,1873
800.183044,1810
800.302063,1810
800.421021,1913
800.539978,1869
800.658936,1881
800.777893,1873
800.896912,1857
801.015747,1894
801.134705,1891
801.253723,1870
801.37262,1915
801.491638,1844
801.610535,1838
801.729492,1869
801.84845,1876
801.967407,1867
802.086243,1874
802.205261,1846
802.324158,1841
802.443115,1908
802.562073,1880
802.680969,1946
802.799927,1915
802.918762,1892
803.037659,1888
803.156677,1889
803.275574,1941
803.39447,1920
803.513428,1894
803.632263,1896
803.751221,1937
803.870117,1901
803.989014,1921
804.107971,1939
804.226746,1938
804.345642,1914
804.4646,1937
804.583496,1952
804.702393,1937
804.821228,1926
804.940125,1910
805.059021,1923
805.177917,1927
805.296814,1904
805.415649,1989
805.534546,1914
805.653442,1958
805.772278,1956
805.891113,1948
806.01001,1955
806.128906,1972
806.247742,2007
806.366577,1915
806.485413,1989
806.604309,1967
806.723145,1969
806.84198,1998
806.960876,1951
807.079712,2036
807.198486,1982
807.317383,2023
807.436218,1994
807.554993,1975
807.673889,1969
807.792725,2016
807.91156,1960
808.030396,1933
808.14917,2008
808.268005,1978
808.386841,2014
808.505676,2038
808.624451,2026
808.743286,2003
808.862122,1962
808.980896,1996
809.099731,2008
809.218506,2030
809.337341,2014
809.456116,2037
809.57489,2067
809.693726,2004
809.8125,2025
809.931274,2035
810.050049,2026
810.168884,1993
810.287659,2053
810.406372,2000
810.525269,2080
810.643982,2018
810.762756,2026
810.881531,2016
811.000305,2024
811.11908,2019
811.237854,2028
811.356567,2005
811.475403,2072
811.594116,2020
811.71283,2063
811.831604,2021
811.950378,2039
812.069153,2019
812.187927,2114
812.30658,2062
812.425415,2025
812.544128,2070
812.662781,2083
812.781616,2098
812.900269,2077
813.019043,2004
813.137756,2062
813.256531,2033
813.375244,2050
813.493896,2065
813.612671,2043
813.731384,2054
813.850037,2075
813.96875,2009
814.087524,2046
814.206238,2005
814.324951,2011
814.443604,1976
814.562256,1977
814.68103,2021
814.799683,2023
814.918335,1997
815.037109,1975
815.155762,1948
815.274475,1994
815.393188,1948
815.511841,2004
815.630554,1945
815.749146,2001
815.867859,1958
815.986572,1918
816.105164,1933
816.223877,1954
816.342529,1929
816.461182,1971
816.579895,1889
816.698486,1948
816.817139,1956
816.935791,2001
817.054504,1950
817.173096,1919
817.291748,1941
817.4104,1889
817.529053,1864
817.647644,1892
817.766235,1834
817.884949,1796
818.00354,1774
818.122192,1728
818.240845,1713
818.359436,1741
818.478088,1655
818.59668,1648
818.715271,1700
818.833923,1639
818.952515,1612
819.071106,1589
819.189758,1555
819.30835,1585
819.426941,1560
819.545532,1564
819.664124,1566
819.782715,1511
819.901306,1512
820.019897,1498
820.138489,1496
820.25708,1515
820.375671,1491
820.494202,1504
820.612732,1484
820.731384,1443
820.849915,1487
820.968506,1476
821.087097,1500
821.205627,1447
821.324158,1460
821.442749,1491
821.561279,1447
821.679871,1418
821.798401,1465
821.916931,1424
822.035461,1466
822.154053,1447
822.272583,1444
822.391174,1414
822.509583,1434
822.628174,1423
822.746704,1429
822.865234,1438
822.983765,1447
823.102295,1443
823.220825,1437
823.339294,1434
823.457825,1437
823.576355,1466
823.694824,1455
823.813354,1468
823.931885,1446
824.050354,1472
824.168884,1425
824.287354,1497
824.405823,1477
824.524353,1495
824.642822,1480
824.761353,1490
824.879822,1433
824.998291,1430
825.116699,1446
825.235291,1449
825.353699,1437
825.472168,1401
825.590637,1449
825.709106,1433
825.827576,1362
825.946045,1385
826.064453,1407
826.182983,1408
826.301392,1389
826.4198,1380
826.53833,1395
826.656738,1383
826.775208,1355
826.893677,1414
827.012024,1383
827.130493,1392
827.248962,1397
827.36731,1351
827.485779,1394
827.604248,1342
827.722595,1331
827.841064,1339
827.959412,1364
828.077942,1376
828.196289,1354
828.314636,1363
828.433105,1363
828.551514,1349
828.669861,1357
828.78833,1359
828.906677,1351
829.025085,1366
829.143433,1349
829.261841,1360
829.38031,1299
829.498657,1323
829.617004,1325
829.735413,1387
829.85376,1330
829.972107,1352
830.090515,1303
830.208862,1351
830.327209,1311
830.445557,1347
830.563904,1342
830.682312,1324
830.800659,1289
830.919006,1345
831.037354,1371
831.155701,1349
831.274048,1325
831.392395,1333
831.51062,1339
831.629028,1343
831.747314,1367
831.865662,1362
831.984009,1358
832.102356,1310
832.220642,1283
832.338928,1344
832.457275,1334
832.575623,1337
832.693909,1362
832.812134,1311
832.930481,1352
833.048828,1323
833.167114,1379
833.2854,1296
833.403687,1325
833.521973,1365
833.640259,1320
833.758545,1311
833.876831,1297
833.995056,1355
834.113281,1331
834.231628,1346
834.349915,1351
834.468201,1303
834.586426,1337
834.704651,1347
834.822998,1331
834.941162,1370
835.059448,1365
835.177673,1352
835.295959,1313
835.414246,1378
835.53241,1350
835.650635,1357
835.768921,1336
835.887146,1336
836.005371,1347
836.123596,1390
836.241821,1353
836.360046,1355
836.478271,1421
836.596497,1396
836.714722,1414
836.832886,1382
836.95105,1379
837.069336,1404
837.1875,1368
837.305725,1402
837.423889,1408
837.542053,1385
837.660339,1391
837.778503,1404
837.896667,1398
838.014832,1381
838.132996,1382
838.25116,1396
838.369385,1416
838.487488,1392
838.605713,1424
838.723877,1382
838.84198,1385
838.960205,1378
839.078308,1353
839.196472,1377
839.314636,1373
839.4328,1362
839.550964,1390
839.669067,1412
839.787231,1364
839.905396,1376
840.023499,1361
840.141602,1375
840.259766,1376
840.377869,1404
840.495972,1357
840.614136,1388
840.732239,1366
840.850342,1377
840.968445,1329
841.086548,1388
841.204651,1378
841.322754,1354
841.440918,1337
841.55896,1357
841.677002,1342
841.795166,1347
841.913208,1313
842.031311,1359
842.149353,1353
842.267456,1317
842.385498,1348
842.503601,1316
842.621643,1333
842.739746,1297
842.857788,1323
842.97583,1337
843.093933,1272
843.211975,1328
843.330017,1277
843.44812,1294
843.566101,1339
843.684204,1316
843.802246,1336
843.920227,1286
844.038269,1310
844.156311,1302
844.274292,1254
844.392395,1316
844.510376,1278
844.628357,1275
844.74646,1316
844.864441,1275
844.982422,1297
845.100403,1290
845.218384,1281
845.336426,1319
845.454468,1332
845.572449,1283
845.69043,1301
845.808411,1298
845.926453,1284
846.044373,1316
846.162354,1316
846.280396,1299
846.398315,1294
846.516296,1271
846.634216,1293
846.752197,1307
846.870178,1298
846.988098,1281
847.106079,1269
847.22406,1318
847.34198,1270
847.4599,1271
847.577881,1289
847.695801,1312
847.813782,1302
847.931641,1275
848.049561,1297
848.167603,1336
848.285461,1288
848.403381,1286
848.521362,1254
848.639221,1281
848.75708,1275
848.875,1292
848.99292,1264
849.110901,1321
849.22876,1268
849.34668,1271
849.464539,1324
849.582458,1292
849.700317,1271
849.818176,1286
849.936096,1272
850.053955,1294
850.171875,1270
850.289673,1307
850.407593,1248
850.525452,1307
850.643311,1277
850.761169,1290
850.878967,1260
850.996887,1304
851.114746,1298
851.232544,1302
851.350403,1263
851.468262,1320
851.58606,1282
851.703979,1316
851.821777,1341
851.939636,1328
852.057434,1277
852.175232,1302
852.293091,1310
852.410889,1296
852.528687,1324
852.646545,1371
852.764343,1302
852.88208,1290
852.999939,1344
853.117676,1290
853.235535,1273
853.353271,1337
853.471069,1338
853.588928,1279
853.706604,1296
853.824402,1285
853.9422,1285
854.059998,1291
854.177734,1327
854.295532,1298
854.413269,1283
854.531006,1284
854.648804,1306
854.766541,1312
854.884277,1307
855.002014,1290
855.119751,1305
855.237549,1319
855.355225,1316
855.473022,1364
855.590698,1267
855.708435,1331
855.826172,1262
855.943848,1326
856.061646,1292
856.179321,1325
856.296997,1302
856.414795,1342
856.53241,1342
856.650085,1342
856.767822,1341
856.885559,1321
857.003174,1305
857.120911,1349
857.238586,1339
857.356201,1311
857.473938,1330
857.591614,1312
857.709351,1323
857.826965,1319
857.944641,1306
858.062317,1286
858.179993,1334
858.297668,1348
858.415283,1300
858.532959,1310
858.650574,1316
858.768188,1296
858.885803,1336
859.003479,1301
859.121094,1261
859.23877,1346
859.356384,1308
859.473999,1284
859.591675,1294
859.709229,1339
859.826843,1299
859.944458,1326
860.062012,1342
860.179626,1245
860.297302,1320
860.414856,1276
860.532471,1295
860.650024,1327
860.767639,1322
860.885193,1335
861.002808,1309
861.120361,1282
861.237976,1316
861.35553,1290
861.473022,1368
861.590698,1292
861.708191,1324
861.825745,1345
861.943298,1297
862.060852,1304
862.178406,1257
862.295959,1314
862.413513,1329
862.531006,1291
862.64856,1345
862.766113,1321
862.883667,1283
863.00116,1313
863.118713,1260
863.236206,1291
863.353699,1288
863.471252,1321
863.588745,1315
863.706177,1286
863.82373,1347
863.941162,1330
864.058716,1322
864.176208,1335
864.29364,1331
864.411194,1314
864.528687,1295
864.646118,1330
864.763611,1312
864.881042,1288
864.998535,1290
865.116028,1317
865.233459,1328
865.350891,1307
865.468384,1338
865.585754,1330
865.703308,1326
865.820679,1337
865.938171,1271
866.055542,1343
866.173035,1305
866.290466,1298
866.407837,1316
866.52533,1332
866.6427,1335
866.760071,1301
866.877563,1343
866.994934,1313
867.112305,1328
867.229736,1290
867.347107,1272
867.464539,1298
867.58197,1345
867.699341,1273
867.81665,1302
867.934082,1326
868.051453,1352
868.168823,1335
868.286194,1307
868.403564,1325
868.520935,1308
868.638306,1307
868.755676,1294
868.872986,1293
868.990295,1331
869.107727,1324
869.225037,1325
869.342346,1329
869.459717,1326
869.577026,1287
869.694336,1333
869.811707,1330
869.929016,1305
870.046326,1334
870.163635,1305
870.280945,1330
870.398254,1309
870.515564,1304
870.632812,1307
870.750183,1304
870.867432,1341
870.984741,1324
871.102051,1313
871.219299,1326
871.336609,1343
871.453918,1298
871.571106,1332
871.688416,1363
871.805664,1306
871.922852,1314
872.040222,1297
872.157471,1296
872.274719,1341
872.391968,1360
872.509155,1284
872.626465,1337
872.743652,1322
872.860962,1313
872.978149,1277
873.095337,1316
873.212646,1328
873.329834,1337
873.44696,1307
873.564209,1289
873.681396,1332
873.798645,1319
873.915894,1302
874.03302,1298
874.150208,1335
874.267456,1298
874.384583,1357
874.501831,1299
874.618958,1365
874.736145,1280
874.853333,1372
874.970459,1320
875.087646,1317
875.204834,1344
875.32196,1308
875.439148,1304
875.556274,1292
875.673401,1327
875.790527,1282
875.907715,1332
876.024841,1313
876.141968,1294
876.259094,1363
876.376282,1343
876.493347,1321
876.610474,1308
876.7276,1325
876.844727,1314
876.961853,1311
877.078918,1341
877.195984,1278
877.313171,1320
877.430237,1287
877.547302,1313
877.664368,1316
877.781433,1330
877.898499,1337
878.015625,1306
878.13269,1306
878.249695,1330
878.366821,1302
878.483887,1344
878.600952,1307
878.717957,1341
878.834961,1314
878.952087,1372
879.069092,1309
879.186157,1340
879.303162,1330
879.420227,1364
879.537231,1300
879.654236,1296
879.77124,1368
879.888306,1290
880.005249,1314
880.122314,1283
880.239319,1323
880.356323,1297
880.473328,1286
880.590271,1337
880.707275,1329
880.824341,1334
880.941284,1305
881.058228,1326
881.175232,1311
881.292236,1373
881.40918,1328
881.526123,1297
881.643066,1318
881.760071,1335
881.877014,1314
881.993958,1303
882.11084,1297
882.227783,1332
882.344727,1335
882.46167,1302
882.578613,1327
882.695618,1347
882.812439,1266
882.929382,1349
883.046326,1347
883.163208,1296
883.280151,1301
883.397034,1367
883.513916,1355
883.630798,1304
883.747742,1313
883.864563,1344
883.981506,1323
884.098389,1282
884.21521,1292
884.332153,1323
884.448975,1267
884.565796,1341
884.682678,1375
884.7995,1321
884.916443,1368
885.033264,1389
885.150085,1347
885.266968,1339
885.383789,1360
885.500671,1349
885.617493,1336
885.734314,1338
885.851196,1321
885.967896,1358
886.084717,1345
886.201599,1356
886.318359,1350
886.435181,1376
886.552002,1351
886.668762,1329
886.785645,1340
886.902344,1373
887.019165,1367
887.135925,1354
887.252747,1372
887.369446,1402
887.486267,1358
887.603027,1363
887.719788,1364
887.836548,1369
887.953247,1347
888.070068,1379
888.186829,1344
888.303528,1352
888.420288,1373
888.536987,1332
888.653687,1364
888.770447,1329
888.887146,1298
889.003967,1366
889.120667,1352
889.237305,1338
889.354065,1337
889.470703,1348
889.587463,1314
889.704163,1351
889.820862,1369
889.937561,1383
890.054199,1364
890.170837,1319
890.287598,1353
890.404236,1348
890.520874,1317
890.637634,1358
890.754211,1395
890.87085,1344
890.987549,1390
891.104187,1364
891.220886,1362
891.337463,1390
891.454102,1381
891.57074,1366
891.687378,1360
891.804077,1394
891.920654,1405
892.037231,1379
892.15387,1361
892.270447,1369
892.387085,1365
892.503723,1355
892.6203,1366
892.736877,1346
892.853516,1359
892.970032,1386
893.08667,1360
893.203186,1386
893.319763,1349
893.43634,1397
893.552917,1367
893.669556,1368
893.786011,1374
893.902588,1385
894.019165,1346
894.135681,1366
894.252197,1394
894.368835,1375
894.485291,1366
894.601868,1401
894.718384,1370
894.8349,1366
894.951355,1359
895.067932,1387
895.184448,1364
895.300964,1382
895.417419,1356
895.533936,1352
895.650452,1379
895.766907,1385
895.883423,1389
895.999878,1411
896.116333,1345
896.232849,1361
896.349304,1409
896.465759,1360
896.582214,1369
896.698669,1379
896.815125,1405
896.931641,1399
897.048035,1410
897.164551,1401
897.280884,1390
897.397339,1399
897.513794,1335
897.630249,1385
897.746582,1342
897.863098,1354
897.979431,1392
898.095886,1387
898.212341,1395
898.328674,1390
898.445129,1387
898.561462,1367
898.677795,1430
898.794312,1345
898.910645,1386
899.026978,1343
899.143433,1391
899.259766,1378
899.37616,1395
899.492493,1328
899.608765,1369
899.725159,1429
899.841553,1398
899.957947,1360
900.07428,1404
900.190552,1375
900.306946,1371
900.423157,1395
900.53949,1425
900.655884,1426
900.772156,1419
900.888489,1410
901.004822,1400
901.121033,1396
901.237366,1439
901.353699,1432
901.46991,1382
901.586304,1435
901.702515,1432
901.818787,1398
901.93512,1453
902.051331,1396
902.167603,1408
902.283875,1418
902.400085,1402
902.516418,1470
902.632629,1398
902.74884,1459
902.865112,1399
902.981384,1414
903.097595,1444
903.213867,1408
903.330017,1433
903.446289,1418
903.5625,1480
903.67865,1412
903.794922,1453
903.911072,1410
904.027344,1427
904.143494,1433
904.259705,1429
904.375916,1412
904.492065,1424
904.608215,1406
904.724426,1412
904.840576,1443
904.956726,1430
905.072876,1421
905.189087,1406
905.305176,1453
905.421387,1415
905.537537,1429
905.653687,1440
905.769775,1458
905.885925,1421
906.002014,1422
906.118164,1396
906.234314,1433
906.350403,1443
906.466492,1440
906.582642,1405
906.69873,1416
906.814758,1413
906.930908,1416
907.046936,1438
907.163086,1423
907.279175,1467
907.395264,1409
907.511353,1416
907.62738,1420
907.743408,1462
907.859497,1450
907.975525,1409
908.091553,1441
908.207703,1417
908.32373,1440
908.439758,1439
908.555786,1360
908.671814,1396
908.787842,1397
908.90387,1398
909.019775,1463
909.135864,1401
909.251892,1457
909.367859,1385
909.483826,1434
909.599854,1442
909.715881,1454
909.831848,1411
909.947815,1374
910.063782,1385
910.179749,1419
910.295776,1446
910.411743,1431
910.527649,1437
910.643616,1418
910.759583,1357
910.875488,1420
910.991455,1373
911.107361,1433
911.223267,1377
911.339294,1395
911.4552,1429
911.571106,1389
911.687073,1416
911.802979,1426
911.918823,1396
912.034729,1429
912.150635,1413
912.266602,1406
912.382446,1390
912.498352,1384
912.614197,1429
912.730103,1346
912.846008,1382
792.44574,2271
792.56488,2216
792.68396,2206
792.80304,2221
792.92218,2119
793.041199,2076
793.160339,2130
793.279419,2179
793.398499,2130
793.517578,2113
793.636658,2063
793.755737,2031
793.874817,2044
793.993896,2083
794.112976,2069
794.232056,2046
794.351074,1971
794.470215,1990
794.589233,1993
794.708313,2017
794.827393,2000
794.946411,1995
795.065552,1960
795.18457,2017
795.303589,2018
795.422668,1999
795.541687,2004
795.660767,1981
795.779846,1977
795.898865,2003
796.017883,1957
796.136963,1983
796.255981,1927
796.375061,1929
796.49408,1950
796.613037,1949
796.732117,1929
796.851135,1936
796.970154,1903
797.089233,1920
797.208191,1897
797.327271,1879
797.446228,1969
797.565186,1897
797.684265,1929
797.803223,1904
797.922241,1933
798.04126,1881
798.160278,1917
798.279297,1902
798.398315,1866
798.517273,1872
798.636292,1876
798.75531,1859
798.874268,1855
798.993286,1886
799.112244,1902
799.231323,1867
799.350281,1877
799.469238,1910
799.588257,1905
799.707153,1896
799.826111,1890
799.945129,1910
800.064087,1945
800.183044,1860
800.302063,1882
800.421021,1928
800.539978,1906
800.658936,1867
800.777893,1903
800.896912,1885
801.015747,1873
801.134705,1933
801.253723,1854
801.37262,1834
801.491638,1928
801.610535,1948
801.729492,1881
801.84845,1899
801.967407,1950
802.086243,1956
802.205261,1950
802.324158,1864
802.443115,1960
802.562073,1900
802.680969,1908
802.799927,1959
802.918762,1902
803.037659,1961
803.156677,1907
803.275574,2010
803.39447,1966
803.513428,1923
803.632263,1958
803.751221,1948
803.870117,1945
803.989014,1923
804.107971,1977
804.226746,1894
804.345642,1949
804.4646,1952
804.583496,1980
804.702393,1969
804.821228,1998
804.940125,1913
805.059021,1968
805.177917,1985
805.296814,1967
805.415649,1967
805.534546,1954
805.653442,1924
805.772278,1969
805.891113,2016
806.01001,2006
806.128906,1978
806.247742,2013
806.366577,1939
806.485413,2000
806.604309,1967
806.723145,1991
806.84198,1999
806.960876,1958
807.079712,1965
807.198486,2008
807.317383,1977
807.436218,2012
807.554993,2008
807.673889,2016
807.792725,2012
807.91156,2033
808.030396,1985
808.14917,2075
808.268005,2022
808.386841,2081
808.505676,2037
808.624451,2048
808.743286,2031
808.862122,2058
808.980896,2071
809.099731,2095
809.218506,2025
809.337341,2065
809.456116,1991
809.57489,2059
809.693726,2064
809.8125,2053
809.931274,2066
810.050049,2083
810.168884,2079
810.287659,2038
810.406372,2060
810.525269,2057
810.643982,2025
810.762756,1995
810.881531,2045
811.000305,2044
811.11908,2085
811.237854,2041
811.356567,2076
811.475403,2128
811.594116,2045
811.71283,2087
811.831604,2056
811.950378,2114
812.069153,2069
812.187927,2071
812.30658,2107
812.425415,2116
812.544128,2121
812.662781,2118
812.781616,2080
812.900269,2090
813.019043,2101
813.137756,2087
813.256531,2064
813.375244,2098
813.493896,2041
813.612671,2134
813.731384,2046
813.850037,2013
813.96875,2057
814.087524,2091
814.206238,2016
814.324951,2068
814.443604,2038
814.562256,2025
814.68103,2046
814.799683,2091
814.918335,2038
815.037109,2032
815.155762,2003
815.274475,2004
815.393188,2048
815.511841,1992
815.630554,1982
815.749146,1948
815.867859,2026
815.986572,1986
816.105164,1969
816.223877,1952
816.342529,1986
816.461182,1999
816.579895,1988
816.698486,2013
816.817139,1993
816.935791,1987
817.054504,1981
817.173096,1968
817.291748,1933
817.4104,2035
817.529053,1886
817.647644,1930
817.766235,1868
817.884949,1811
818.00354,1799
818.122192,1779
818.240845,1747
818.359436,1711
818.478088,1700
818.59668,1647
818.715271,1690
818.833923,1603
818.952515,1614
819.071106,1651
819.189758,1603
819.30835,1595
819.426941,1560
819.545532,1600
819.664124,1543
819.782715,1548
819.901306,1533
820.019897,1533
820.138489,1531
820.25708,1531
820.375671,1502
820.494202,1515
820.612732,1531
820.731384,1500
820.849915,1529
820.968506,1481
821.087097,1500
821.205627,1521
821.324158,1464
821.442749,1475
821.561279,1486
821.679871,1473
821.798401,1499
821.916931,1535
822.035461,1483
822.154053,1531
822.272583,1490
822.391174,1497
822.509583,1488
822.628174,1464
822.746704,1440
822.865234,1434
822.983765,1458
823.102295,1474
823.220825,1466
823.339294,1444
823.457825,1469
823.576355,1441
823.694824,1541
823.813354,1477
823.931885,1520
824.050354,1487
824.168884,1479
824.287354,1487
824.405823,1490
824.524353,1468
824.642822,1462
824.761353,1449
824.879822,1489
824.998291,1506
825.116699,1431
825.235291,1460
825.353699,1469
825.472168,1448
825.590637,1427
825.709106,1434
825.827576,1431
825.946045,1423
826.064453,1403
826.182983,1416
826.301392,1426
826.4198,1413
826.53833,1408
826.656738,1425
826.775208,1398
826.893677,1443
827.012024,1413
827.130493,1421
827.248962,1370
827.36731,1412
827.485779,1421
827.604248,1414
827.722595,1377
827.841064,1338
827.959412,1391
828.077942,1375
828.196289,1398
828.314636,1392
828.433105,1401
828.551514,1403
828.669861,1370
828.78833,1388
828.906677,1407
829.025085,1383
829.143433,1394
829.261841,1341
829.38031,1407
829.498657,1385
829.617004,1387
829.735413,1385
829.85376,1399
829.972107,1346
830.090515,1328
830.208862,1384
830.327209,1395
830.445557,1376
830.563904,1345
830.682312,1363
830.800659,1366
830.919006,1374
831.037354,1370
831.155701,1372
831.274048,1364
831.392395,1367
831.51062,1345
831.629028,1356
831.747314,1351
831.865662,1358
831.984009,1344
832.102356,1394
832.220642,1356
832.338928,1376
832.457275,1386
832.575623,1383
832.693909,1338
832.812134,1368
832.930481,1380
833.048828,1368
833.167114,1369
833.2854,1377
833.403687,1375
833.521973,1373
833.640259,1321
833.758545,1346
833.876831,1390
833.995056,1367
834.113281,1377
834.231628,1356
834.349915,1325
834.468201,1325
834.586426,1394
834.704651,1403
834.822998,1355
834.941162,1342
835.059448,1385
835.177673,1373
835.295959,1387
835.414246,1383
835.53241,1361
835.650635,1326
835.768921,1363
835.887146,1382
836.005371,1421
836.123596,1376
836.241821,1386
836.360046,1438
836.478271,1395
836.596497,1369
836.714722,1384
836.832886,1394
836.95105,1395
837.069336,1392
837.1875,1456
837.305725,1396
837.423889,1416
837.542053,1386
837.660339,1403
837.778503,1395
837.896667,1389
838.014832,1435
838.132996,1430
838.25116,1433
838.369385,1435
838.487488,1414
838.605713,1367
838.723877,1407
838.84198,1382
838.960205,1427
839.078308,1406
839.196472,1434
839.314636,1400
839.4328,1418
839.550964,1411
839.669067,1378
839.787231,1407
839.905396,1385
840.023499,1384
840.141602,1401
840.259766,1393
840.377869,1362
840.495972,1371
840.614136,1385
840.732239,1387
840.850342,1359
840.968445,1399
841.086548,1367
841.204651,1403
841.322754,1390
841.440918,1385
841.55896,1405
841.677002,1337
841.795166,1357
841.913208,1374
842.031311,1347
842.149353,1327
842.267456,1347
842.385498,1343
842.503601,1363
842.621643,1371
842.739746,1361
842.857788,1296
842.97583,1370
843.093933,1335
843.211975,1345
843.330017,1362
843.44812,1348
843.566101,1319
843.684204,1336
843.802246,1284
843.920227,1359
844.038269,1340
844.156311,1364
844.274292,1328
844.392395,1352
844.510376,1295
844.628357,1350
844.74646,1341
844.864441,1330
844.982422,1298
845.100403,1329
845.218384,1351
845.336426,1337
845.454468,1301
845.572449,1369
845.69043,1339
845.808411,1299
845.926453,1308
846.044373,1338
846.162354,1328
846.280396,1337
846.398315,1315
846.516296,1322
846.634216,1315
846.752197,1313
846.870178,1301
846.988098,1315
847.106079,1312
847.22406,1331
847.34198,1337
847.4599,1298
847.577881,1320
847.695801,1331
847.813782,1298
847.931641,1341
848.049561,1304
848.167603,1317
848.285461,1328
848.403381,1309
848.521362,1339
848.639221,1346
848.75708,1336
848.875,1350
848.99292,1312
849.110901,1363
849.22876,1326
849.34668,1271
849.464539,1298
849.582458,1315
849.700317,1297
849.818176,1317
849.936096,1293
850.053955,1310
850.171875,1352
850.289673,1296
850.407593,1299
850.525452,1319
850.643311,1283
850.761169,1338
850.878967,1331
850.996887,1304
851.114746,1312
851.232544,1358
851.350403,1309
851.468262,1327
851.58606,1321
851.703979,1305
851.821777,1339
851.939636,1319
852.057434,1338
852.175232,1271
852.293091,1313
852.410889,1356
852.528687,1357
852.646545,1344
852.764343,1362
852.88208,1333
852.999939,1351
853.117676,1331
853.235535,1336
853.353271,1328
853.471069,1332
853.588928,1337
853.706604,1294
853.824402,1293
853.9422,1283
854.059998,1315
854.177734,1323
854.295532,1392
854.413269,1354
854.531006,1323
854.648804,1341
854.766541,1360
854.884277,1360
855.002014,1361
855.119751,1371
855.237549,1328
855.355225,1360
855.473022,1356
855.590698,1343
855.708435,1399
855.826172,1346
855.943848,1386
856.061646,1368
856.179321,1342
856.296997,1362
856.414795,1327
856.53241,1312
856.650085,1332
856.767822,1331
856.885559,1341
857.003174,1328
857.120911,1370
857.238586,1340
857.356201,1360
857.473938,1341
857.591614,1342
857.709351,1356
857.826965,1341
857.944641,1348
858.062317,1335
858.179993,1337
858.297668,1337
858.415283,1338
858.532959,1379
858.650574,1345
858.768188,1360
858.885803,1359
859.003479,1343
859.121094,1326
859.23877,1339
859.356384,1325
859.473999,1336
859.591675,1342
859.709229,1355
859.826843,1365
859.944458,1342
860.062012,1312
860.179626,1342
860.297302,1336
860.414856,1339
860.532471,1312
860.650024,1331
860.767639,1338
860.885193,1318
861.002808,1327
861.120361,1333
861.237976,1311
861.35553,1342
861.473022,1340
861.590698,1337
861.708191,1334
861.825745,1327
861.943298,1327
862.060852,1338
862.178406,1352
862.295959,1326
862.413513,1360
862.531006,1341
862.64856,1323
862.766113,1322
862.883667,1326
863.00116,1328
863.118713,1327
863.236206,1314
863.353699,1264
863.471252,1318
863.588745,1355
863.706177,1364
863.82373,1337
863.941162,1315
864.058716,1388
864.176208,1361
864.29364,1379
864.411194,1365
864.528687,1365
864.646118,1339
864.763611,1340
864.881042,1316
864.998535,1321
865.116028,1371
865.233459,1374
865.350891,1306
865.468384,1353
865.585754,1318
865.703308,1349
865.820679,1394
865.938171,1313
866.055542,1331
866.173035,1327
866.290466,1356
866.407837,1299
866.52533,1341
866.6427,1337
866.760071,1344
866.877563,1347
866.994934,1335
867.112305,1347
867.229736,1364
867.347107,1363
867.464539,1321
867.58197,1323
867.699341,1332
867.81665,1364
867.934082,1333
868.051453,1324
868.168823,1339
868.286194,1326
868.403564,1385
868.520935,1337
868.638306,1329
868.755676,1320
868.872986,1328
868.990295,1355
869.107727,1371
869.225037,1381
869.342346,1379
869.459717,1354
869.577026,1367
869.694336,1401
869.811707,1338
869.929016,1353
870.046326,1378
870.163635,1344
870.280945,1342
870.398254,1357
870.515564,1337
870.632812,1340
870.750183,1350
870.867432,1326
870.984741,1359
871.102051,1332
871.219299,1322
871.336609,1350
871.453918,1340
871.571106,1344
871.688416,1347
871.805664,1347
871.922852,1328
872.040222,1331
872.157471,1313
872.274719,1336
872.391968,1348
872.509155,1346
872.626465,1354
872.743652,1319
872.860962,1353
872.978149,1357
873.095337,1314
873.212646,1344
873.329834,1334
873.44696,1370
873.564209,1345
873.681396,1375
873.798645,1343
873.915894,1307
874.03302,1341
874.150208,1350
874.267456,1341
874.384583,1404
874.501831,1346
874.618958,1319
874.736145,1374
874.853333,1331
874.970459,1374
875.087646,1364
875.204834,1353
875.32196,1359
875.439148,1362
875.556274,1366
875.673401,1341
875.790527,1331
875.907715,1385
876.024841,1363
876.141968,1365
876.259094,1367
876.376282,1349
876.493347,1370
876.610474,1381
876.7276,1330
876.844727,1345
876.961853,1314
877.078918,1371
877.195984,1337
877.313171,1386
877.430237,1323
877.547302,1350
877.664368,1345
877.781433,1340
877.898499,1376
878.015625,1345
878.13269,1334
878.249695,1366
878.366821,1367
878.483887,1337
878.600952,1339
878.717957,1365
878.834961,1339
878.952087,1370
879.069092,1343
879.186157,1352
879.303162,1333
879.420227,1336
879.537231,1333
879.654236,1360
879.77124,1336
879.888306,1302
880.005249,1329
880.122314,1330
880.239319,1350
880.356323,1342
880.473328,1344
880.590271,1340
880.707275,1331
880.824341,1339
880.941284,1377
881.058228,1339
881.175232,1339
881.292236,1341
881.40918,1354
881.526123,1357
881.643066,1374
881.760071,1323
881.877014,1373
881.993958,1349
882.11084,1360
882.227783,1352
882.344727,1380
882.46167,1368
882.578613,1344
882.695618,1341
882.812439,1349
882.929382,1372
883.046326,1352
883.163208,1345
883.280151,1367
883.397034,1349
883.513916,1358
883.630798,1357
883.747742,1358
883.864563,1328
883.981506,1329
884.098389,1338
884.21521,1368
884.332153,1352
884.448975,1349
884.565796,1385
884.682678,1407
884.7995,1337
884.916443,1406
885.033264,1390
885.150085,1370
885.266968,1415
885.383789,1361
885.500671,1385
885.617493,1383
885.734314,1413
885.851196,1450
885.967896,1331
886.084717,1385
886.201599,1369
886.318359,1408
886.435181,1402
886.552002,1398
886.668762,1389
886.785645,1396
886.902344,1391
887.019165,1387
887.135925,1397
887.252747,1379
887.369446,1387
887.486267,1427
887.603027,1371
887.719788,1388
887.836548,1418
887.953247,1356
888.070068,1375
888.186829,1367
888.303528,1409
888.420288,1355
888.536987,1382
888.653687,1370
888.770447,1367
888.887146,1379
889.003967,1394
889.120667,1377
889.237305,1367
889.354065,1401
889.470703,1381
889.587463,1366
889.704163,1419
889.820862,1373
889.937561,1380
890.054199,1405
890.170837,1379
890.287598,1362
890.404236,1368
890.520874,1375
890.637634,1371
890.754211,1408
890.87085,1340
890.987549,1385
891.104187,1398
891.220886,1330
891.337463,1383
891.454102,1422
891.57074,1407
891.687378,1379
891.804077,1409
891.920654,1386
892.037231,1415
892.15387,1413
892.270447,1404
892.387085,1408
892.503723,1397
892.6203,1401
892.736877,1378
892.853516,1404
892.970032,1400
893.08667,1386
893.203186,1409
893.319763,1428
893.43634,1381
893.552917,1385
893.669556,1401
893.786011,1412
893.902588,1406
894.019165,1447
894.135681,1402
894.252197,1360
894.368835,1417
894.485291,1426
894.601868,1415
894.718384,1426
894.8349,1393
894.951355,1424
895.067932,1403
895.184448,1383
895.300964,1392
895.417419,1367
895.533936,1405
895.650452,1378
895.766907,1431
895.883423,1375
895.999878,1427
896.116333,1408
896.232849,1399
896.349304,1406
896.465759,1422
896.582214,1370
896.698669,1422
896.815125,1383
896.931641,1417
897.048035,1387
897.164551,1413
897.280884,1376
897.397339,1417
897.513794,1407
897.630249,1376
897.746582,1393
897.863098,1433
897.979431,1383
898.095886,1408
898.212341,1427
898.328674,1403
898.445129,1409
898.561462,1420
898.677795,1433
898.794312,1402
898.910645,1415
899.026978,1435
899.143433,1449
899.259766,1362
899.37616,1407
899.492493,1466
899.608765,1432
899.725159,1423
899.841553,1413
899.957947,1413
900.07428,1415
900.190552,1436
900.306946,1436
900.423157,1391
900.53949,1408
900.655884,1434
900.772156,1431
900.888489,1441
901.004822,1453
901.121033,1432
901.237366,1430
901.353699,1416
901.46991,1432
901.586304,1438
901.702515,1417
901.818787,1421
901.93512,1432
902.051331,1432
902.167603,1423
902.283875,1432
902.400085,1440
902.516418,1478
902.632629,1474
902.74884,1420
902.865112,1454
902.981384,1426
903.097595,1450
903.213867,1460
903.330017,1436
903.446289,1448
903.5625,1467
903.67865,1472
903.794922,1506
903.911072,1466
904.027344,1446
904.143494,1483
904.259705,1467
904.375916,1483
904.492065,1436
904.608215,1484
904.724426,1476
904.840576,1478
904.956726,1453
905.072876,1366
905.189087,1453
905.305176,1442
905.421387,1414
905.537537,1437
905.653687,1431
905.769775,1447
905.885925,1443
906.002014,1474
906.118164,1457
906.234314,1469
906.350403,1424
906.466492,1462
906.582642,1426
906.69873,1450
906.814758,1472
906.930908,1438
907.046936,1424
907.163086,1429
907.279175,1452
907.395264,1455
907.511353,1438
907.62738,1456
907.743408,1459
907.859497,1487
907.975525,1399
908.091553,1456
908.207703,1437
908.32373,1459
908.439758,1503
908.555786,1431
908.671814,1450
908.787842,1442
908.90387,1469
909.019775,1464
909.135864,1445
909.251892,1439
909.367859,1406
909.483826,1467
909.599854,1458
909.715881,1409
909.831848,1463
909.947815,1449
910.063782,1466
910.179749,1423
910.295776,1507
910.411743,1429
910.527649,1438
910.643616,1407
910.759583,1395
910.875488,1449
910.991455,1473
911.107361,1451
911.223267,1465
911.339294,1464
911.4552,1423
911.571106,1460
911.687073,1460
911.802979,1448
911.918823,1407
912.034729,1464
912.150635,1450
912.266602,1439
912.382446,1433
912.498352,1425
912.614197,1457
912.730103,1477
912.846008,1451
792.44574,2276
792.56488,2289
792.68396,2210
792.80304,2282
792.92218,2157
793.041199,2150
793.160339,2109
793.279419,2112
793.398499,2105
793.517578,2089
793.636658,2075
793.755737,2105
793.874817,2068
793.993896,2108
794.112976,2088
794.232056,2036
794.351074,2009
794.470215,2014
794.589233,1998
794.708313,2036
794.827393,2027
794.946411,1997
795.065552,1999
795.18457,2008
795.303589,1987
795.422668,1975
795.541687,1982
795.660767,1991
795.779846,1960
795.898865,2008
796.017883,1932
796.136963,1990
796.255981,1943
796.375061,1922
796.49408,1927
796.613037,1895
796.732117,1899
796.851135,1938
796.970154,1872
797.089233,1900
797.208191,1945
797.327271,1921
797.446228,1905
797.565186,1889
797.684265,1932
797.803223,1920
797.922241,1900
798.04126,1922
798.160278,1931
798.279297,1889
798.398315,1923
798.517273,1864
798.636292,1864
798.75531,1840
798.874268,1932
798.993286,1887
799.112244,1861
799.231323,1933
799.350281,1834
799.469238,1881
799.588257,1895
799.707153,1857
799.826111,1944
799.945129,1933
800.064087,1950
800.183044,1851
800.302063,1861
800.421021,1927
800.539978,1868
800.658936,1922
800.777893,1927
800.896912,1899
801.015747,1917
801.134705,1912
801.253723,1925
801.37262,1924
801.491638,1890
801.610535,1917
801.729492,1902
801.84845,1882
801.967407,1884
802.086243,1924
802.205261,1969
802.324158,1915
802.443115,1944
802.562073,1924
802.680969,1954
802.799927,1981
802.918762,1900
803.037659,1931
803.156677,1931
803.275574,1959
803.39447,1959
803.513428,1920
803.632263,1932
803.751221,1944
803.870117,1968
803.989014,1997
804.107971,1990
804.226746,1958
804.345642,2009
804.4646,2008
804.583496,1991
804.702393,1985
804.821228,2001
804.940125,1995
805.059021,1996
805.177917,1940
805.296814,1989
805.415649,1993
805.534546,2034
805.653442,1965
805.772278,1949
805.891113,2051
806.01001,2008
806.128906,2015
806.247742,1983
806.366577,1999
806.485413,1988
806.604309,2002
806.723145,2010
806.84198,2053
806.960876,1956
807.079712,2011
807.198486,2055
807.317383,1981
807.436218,1976
807.554993,2007
807.673889,1996
807.792725,2028
807.91156,2042
808.030396,2048
808.14917,1992
808.268005,2071
808.386841,2061
808.505676,2039
808.624451,2033
808.743286,2027
808.862122,2029
808.980896,2104
809.099731,2042
809.218506,2062
809.337341,2051
809.456116,2026
809.57489,2046
809.693726,2038
809.8125,2056
809.931274,2082
810.050049,2041
810.168884,2069
810.287659,2018
810.406372,2030
810.525269,2106
810.643982,2048
810.762756,2031
810.881531,2072
811.000305,2010
811.11908,2047
811.237854,2055
811.356567,2084
811.475403,2037
811.594116,2054
811.71283,2112
811.831604,2091
811.950378,2106
812.069153,2110
812.187927,2078
812.30658,2073
812.425415,2070
812.544128,2080
812.662781,2091
812.781616,2149
812.900269,2093
813.019043,2078
813.137756,2053
813.256531,2100
813.375244,2072
813.493896,2034
813.612671,2091
813.731384,2075
813.850037,2062
813.96875,2079
814.087524,2069
814.206238,2064
814.324951,2034
814.443604,2083
814.562256,2024
814.68103,2093
814.799683,2045
814.918335,2058
815.037109,2031
815.155762,2017
815.274475,2019
815.393188,2007
815.511841,2025
815.630554,1973
815.749146,1984
815.867859,1965
815.986572,1958
816.105164,1975
816.223877,1967
816.342529,1954
816.461182,1971
816.579895,2034
816.698486,1981
816.817139,2049
816.935791,2030
817.054504,2023
817.173096,1982
817.291748,2011
817.4104,1952
817.529053,1902
817.647644,1907
817.766235,1818
817.884949,1808
818.00354,1800
818.122192,1820
818.240845,1725
818.359436,1779
818.478088,1719
818.59668,1681
818.715271,1723
818.833923,1607
818.952515,1639
819.071106,1632
819.189758,1599
819.30835,1587
819.426941,1581
819.545532,1608
819.664124,1558
819.782715,1581
819.901306,1582
820.019897,1556
820.138489,1569
820.25708,1575
820.375671,1508
820.494202,1494
820.612732,1493
820.731384,1497
820.849915,1509
820.968506,1504
821.087097,1503
821.205627,1480
821.324158,1504
821.442749,1490
821.561279,1544
821.679871,1433
821.798401,1450
821.916931,1493
822.035461,1519
822.154053,1447
822.272583,1463
822.391174,1473
822.509583,1442
822.628174,1513
822.746704,1464
822.865234,1472
822.983765,1443
823.102295,1487
823.220825,1450
823.339294,1449
823.457825,1510
823.576355,1450
823.694824,1437
823.813354,1451
823.931885,1481
824.050354,1473
824.168884,1550
824.287354,1489
824.405823,1463
824.524353,1508
824.642822,1476
824.761353,1523
824.879822,1483
824.998291,1475
825.116699,1509
825.235291,1451
825.353699,1476
825.472168,1437
825.590637,1464
825.709106,1415
825.827576,1458
825.946045,1419
826.064453,1425
826.182983,1387
826.301392,1431
826.4198,1403
826.53833,1434
826.656738,1451
826.775208,1409
826.893677,1419
827.012024,1388
827.130493,1406
827.248962,1405
827.36731,1419
827.485779,1390
827.604248,1395
827.722595,1400
827.841064,1394
827.959412,1429
828.077942,1373
828.196289,1385
828.314636,1406
828.433105,1401
828.551514,1396
828.669861,1382
828.78833,1428
828.906677,1370
829.025085,1392
829.143433,1452
829.261841,1374
829.38031,1431
829.498657,1386
829.617004,1367
829.735413,1388
829.85376,1401
829.972107,1327
830.090515,1407
830.208862,1410
830.327209,1374
830.445557,1376
830.563904,1359
830.682312,1373
830.800659,1369
830.919006,1399
831.037354,1381
831.155701,1360
831.274048,1386
831.392395,1401
831.51062,1416
831.629028,1404
831.747314,1342
831.865662,1359
831.984009,1365
832.102356,1424
832.220642,1383
832.338928,1344
832.457275,1351
832.575623,1336
832.693909,1363
832.812134,1327
832.930481,1352
833.048828,1411
833.167114,1348
833.2854,1435
833.403687,1356
833.521973,1394
833.640259,1385
833.758545,1381
833.876831,1387
833.995056,1351
834.113281,1386
834.231628,1396
834.349915,1391
834.468201,1382
834.586426,1421
834.704651,1382
834.822998,1372
834.941162,1394
835.059448,1384
835.177673,1374
835.295959,1360
835.414246,1363
835.53241,1392
835.650635,1358
835.768921,1367
835.887146,1348
836.005371,1394
836.123596,1368
836.241821,1356
836.360046,1360
836.478271,1404
836.596497,1421
836.714722,1418
836.832886,1409
836.95105,1406
837.069336,1408
837.1875,1370
837.305725,1425
837.423889,1433
837.542053,1452
837.660339,1414
837.778503,1423
837.896667,1405
838.014832,1418
838.132996,1408
838.25116,1441
838.369385,1441
838.487488,1411
838.605713,1416
838.723877,1415
838.84198,1448
838.960205,1424
839.078308,1447
839.196472,1430
839.314636,1440
839.4328,1415
839.550964,1433
839.669067,1373
839.787231,1395
839.905396,1394
840.023499,1387
840.141602,1414
840.259766,1419
840.377869,1408
840.495972,1393
840.614136,1385
840.732239,1386
840.850342,1366
840.968445,1392
841.086548,1377
841.204651,1403
841.322754,1352
841.440918,1400
841.55896,1392
841.677002,1406
841.795166,1367
841.913208,1414
842.031311,1367
842.149353,1362
842.267456,1354
842.385498,1358
842.503601,1345
842.621643,1365
842.739746,1360
842.857788,1346
842.97583,1353
843.093933,1330
843.211975,1335
843.330017,1325
843.44812,1322
843.566101,1340
843.684204,1350
843.802246,1327
843.920227,1363
844.038269,1333
844.156311,1338
844.274292,1358
844.392395,1347
844.510376,1334
844.628357,1324
844.74646,1335
844.864441,1329
844.982422,1351
845.100403,1334
845.218384,1310
845.336426,1326
845.454468,1311
845.572449,1302
845.69043,1325
845.808411,1353
845.926453,1332
846.044373,1300
846.162354,1280
846.280396,1372
846.398315,1306
846.516296,1341
846.634216,1329
846.752197,1313
846.870178,1335
846.988098,1307
847.106079,1328
847.22406,1304
847.34198,1315
847.4599,1302
847.577881,1356
847.695801,1312
847.813782,1352
847.931641,1351
848.049561,1361
848.167603,1310
848.285461,1335
848.403381,1312
848.521362,1289
848.639221,1312
848.75708,1357
848.875,1242
848.99292,1321
849.110901,1294
849.22876,1319
849.34668,1333
849.464539,1382
849.582458,1335
849.700317,1320
849.818176,1322
849.936096,1330
850.053955,1299
850.171875,1297
850.289673,1356
850.407593,1311
850.525452,1355
850.643311,1301
850.761169,1312
850.878967,1319
850.996887,1309
851.114746,1333
851.232544,1333
851.350403,1318
851.468262,1346
851.58606,1361
851.703979,1317
851.821777,1301
851.939636,1330
852.057434,1322
852.175232,1323
852.293091,1331
852.410889,1343
852.528687,1370
852.646545,1336
852.764343,1357
852.88208,1343
852.999939,1336
853.117676,1379
853.235535,1317
853.353271,1351
853.471069,1337
853.588928,1334
853.706604,1338
853.824402,1343
853.9422,1356
854.059998,1318
854.177734,1335
854.295532,1329
854.413269,1378
854.531006,1310
854.648804,1314
854.766541,1362
854.884277,1345
855.002014,1350
855.119751,1325
855.237549,1332
855.355225,1321
855.473022,1385
855.590698,1374
855.708435,1363
855.826172,1349
855.943848,1364
856.061646,1372
856.179321,1319
856.296997,1368
856.414795,1338
856.53241,1367
856.650085,1323
856.767822,1364
856.885559,1341
857.003174,1351
857.120911,1370
857.238586,1322
857.356201,1352
857.473938,1411
857.591614,1352
857.709351,1360
857.826965,1329
857.944641,1352
858.062317,1336
858.179993,1390
858.297668,1337
858.415283,1317
858.532959,1373
858.650574,1357
858.768188,1369
858.885803,1321
859.003479,1366
859.121094,1335
859.23877,1393
859.356384,1351
859.473999,1370
859.591675,1336
859.709229,1346
859.826843,1358
859.944458,1298
860.062012,1345
860.179626,1333
860.297302,1375
860.414856,1321
860.532471,1310
860.650024,1295
860.767639,1371
860.885193,1333
861.002808,1343
861.120361,1294
861.237976,1343
861.35553,1342
861.473022,1349
861.590698,1314
861.708191,1354
861.825745,1345
861.943298,1340
862.060852,1334
862.178406,1328
862.295959,1328
862.413513,1321
862.531006,1311
862.64856,1345
862.766113,1323
862.883667,1347
863.00116,1354
863.118713,1362
863.236206,1274
863.353699,1344
863.471252,1349
863.588745,1361
863.706177,1352
863.82373,1312
863.941162,1369
864.058716,1332
864.176208,1341
864.29364,1334
864.411194,1355
864.528687,1359
864.646118,1337
864.763611,1322
864.881042,1334
864.998535,1350
865.116028,1363
865.233459,1336
865.350891,1337
865.468384,1350
865.585754,1337
865.703308,1327
865.820679,1338
865.938171,1350
866.055542,1346
866.173035,1316
866.290466,1346
866.407837,1326
866.52533,1349
866.6427,1338
866.760071,1356
866.877563,1350
866.994934,1277
867.112305,1349
867.229736,1330
867.347107,1372
867.464539,1343
867.58197,1340
867.699341,1370
867.81665,1354
867.934082,1369
868.051453,1351
868.168823,1371
868.286194,1304
868.403564,1359
868.520935,1322
868.638306,1362
868.755676,1310
868.872986,1349
868.990295,1331
869.107727,1341
869.225037,1340
869.342346,1329
869.459717,1375
869.577026,1317
869.694336,1347
869.811707,1332
869.929016,1352
870.046326,1366
870.163635,1328
870.280945,1338
870.398254,1289
870.515564,1394
870.632812,1382
870.750183,1364
870.867432,1379
870.984741,1345
871.102051,1340
871.219299,1390
871.336609,1356
871.453918,1368
871.571106,1322
871.688416,1357
871.805664,1365
871.922852,1389
872.040222,1379
872.157471,1305
872.274719,1371
872.391968,1349
872.509155,1354
872.626465,1334
872.743652,1376
872.860962,1383
872.978149,1326
873.095337,1353
873.212646,1323
873.329834,1342
873.44696,1318
873.564209,1344
873.681396,1335
873.798645,1376
873.915894,1356
874.03302,1346
874.150208,1373
874.267456,1362
874.384583,1330
874.501831,1371
874.618958,1386
874.736145,1343
874.853333,1348
874.970459,1335
875.087646,1351
875.204834,1325
875.32196,1353
875.439148,1324
875.556274,1326
875.673401,1317
875.790527,1363
875.907715,1337
876.024841,1337
876.141968,1373
876.259094,1356
876.376282,1361
876.493347,1360
876.610474,1365
876.7276,1331
876.844727,1362
876.961853,1346
877.078918,1334
877.195984,1355
877.313171,1355
877.430237,1400
877.547302,1334
877.664368,1335
877.781433,1350
877.898499,1392
878.015625,1365
878.13269,1356
878.249695,1340
878.366821,1382
878.483887,1329
878.600952,1394
878.717957,1332
878.834961,1347
878.952087,1339
879.069092,1338
879.186157,1349
879.303162,1346
879.420227,1365
879.537231,1363
879.654236,1371
879.77124,1357
879.888306,1347
880.005249,1349
880.122314,1336
880.239319,1360
880.356323,1341
880.473328,1349
880.590271,1335
880.707275,1323
880.824341,1390
880.941284,1328
881.058228,1359
881.175232,1338
881.292236,1348
881.40918,1377
881.526123,1373
881.643066,1330
881.760071,1375
881.877014,1362
881.993958,1379
882.11084,1360
882.227783,1352
882.344727,1343
882.46167,1379
882.578613,1345
882.695618,1378
882.812439,1369
882.929382,1374
883.046326,1369
883.163208,1362
883.280151,1336
883.397034,1386
883.513916,1362
883.630798,1352
883.747742,1369
883.864563,1334
883.981506,1363
884.098389,1375
884.21521,1340
884.332153,1383
884.448975,1348
884.565796,1351
884.682678,1363
884.7995,1404
884.916443,1381
885.033264,1383
885.150085,1362
885.266968,1434
885.383789,1383
885.500671,1383
885.617493,1385
885.734314,1387
885.851196,1399
885.967896,1405
886.084717,1386
886.201599,1397
886.318359,1361
886.435181,1409
886.552002,1393
886.668762,1385
886.785645,1404
886.902344,1385
887.019165,1381
887.135925,1420
887.252747,1388
887.369446,1400
887.486267,1344
887.603027,1349
887.719788,1388
887.836548,1414
887.953247,1389
888.070068,1374
888.186829,1402
888.303528,1362
888.420288,1381
888.536987,1384
888.653687,1394
888.770447,1385
888.887146,1407
889.003967,1417
889.120667,1357
889.237305,1352
889.354065,1356
889.470703,1383
889.587463,1403
889.704163,1396
889.820862,1371
889.937561,1354
890.054199,1371
890.170837,1386
890.287598,1410
890.404236,1406
890.520874,1372
890.637634,1444
890.754211,1369
890.87085,1403
890.987549,1365
891.104187,1390
891.220886,1406
891.337463,1392
891.454102,1370
891.57074,1392
891.687378,1392
891.804077,1397
891.920654,1396
892.037231,1435
892.15387,1372
892.270447,1459
892.387085,1418
892.503723,1442
892.6203,1406
892.736877,1406
892.853516,1414
892.970032,1416
893.08667,1439
893.203186,1367
893.319763,1434
893.43634,1391
893.552917,1418
893.669556,1430
893.786011,1412
893.902588,1398
894.019165,1410
894.135681,1386
894.252197,1444
894.368835,1427
894.485291,1429
894.601868,1404
894.718384,1465
894.8349,1410
894.951355,1450
895.067932,1439
895.184448,1429
895.300964,1408
895.417419,1394
895.533936,1398
895.650452,1427
895.766907,1396
895.883423,1425
895.999878,1393
896.116333,1454
896.232849,1410
896.349304,1420
896.465759,1436
896.582214,1451
896.698669,1402
896.815125,1412
896.931641,1420
897.048035,1384
897.164551,1389
897.280884,1455
897.397339,1433
897.513794,1419
897.630249,1455
897.746582,1429
897.863098,1433
897.979431,1407
898.095886,1411
898.212341,1429
898.328674,1389
898.445129,1445
898.561462,1444
898.677795,1424
898.794312,1410
898.910645,1412
899.026978,1390
899.143433,1455
899.259766,1427
899.37616,1456
899.492493,1435
899.608765,1415
899.725159,1438
899.841553,1453
899.957947,1417
900.07428,1420
900.190552,1478
900.306946,1462
900.423157,1450
900.53949,1450
900.655884,1492
900.772156,1414
900.888489,1452
901.004822,1441
901.121033,1444
901.237366,1412
901.353699,1444
901.46991,1433
901.586304,1428
901.702515,1457
901.818787,1478
901.93512,1424
902.051331,1428
902.167603,1443
902.283875,1440
902.400085,1463
902.516418,1439
902.632629,1430
902.74884,1499
902.865112,1479
902.981384,1485
903.097595,1489
903.213867,1472
903.330017,1487
903.446289,1474
903.5625,1468
903.67865,1456
903.794922,1468
903.911072,1490
904.027344,1498
904.143494,1465
904.259705,1459
904.375916,1438
904.492065,1499
904.608215,1477
904.724426,1498
904.840576,1448
904.956726,1450
905.072876,1472
905.189087,1470
905.305176,1484
905.421387,1514
905.537537,1498
905.653687,1460
905.769775,1479
905.885925,1518
906.002014,1433
906.118164,1453
906.234314,1418
906.350403,1468
906.466492,1459
906.582642,1427
906.69873,1449
906.814758,1471
906.930908,1467
907.046936,1450
907.163086,1504
907.279175,1455
907.395264,1484
907.511353,1474
907.62738,1456
907.743408,1461
907.859497,1475
907.975525,1489
908.091553,1499
908.207703,1488
908.32373,1454
908.439758,1489
908.555786,1450
908.671814,1471
908.787842,1443
908.90387,1413
909.019775,1463
909.135864,1458
909.251892,1454
909.367859,1489
909.483826,1482
909.599854,1483
909.715881,1505
909.831848,1449
909.947815,1464
910.063782,1453
910.179749,1450
910.295776,1471
910.411743,1518
910.527649,1484
910.643616,1467
910.759583,1415
910.875488,1506
910.991455,1489
911.107361,1437
911.223267,1498
911.339294,1466
911.4552,1469
911.571106,1431
911.687073,1468
911.802979,1435
911.918823,1441
912.034729,1481
912.150635,1461
912.266602,1494
912.382446,1489
912.498352,1420
912.614197,1450
912.730103,1410
912.846008,1387
