792.446,2436
792.565,2357
792.684,2449
792.803,2328
792.922,2311
793.041,2224
793.16,2188
793.279,2262
793.398,2252
793.518,2202
793.637,2252
793.756,2188
793.875,2239
793.994,2145
794.113,2164
794.232,2196
794.351,2120
794.47,2211
794.589,2143
794.708,2118
794.827,2094
794.946,2033
795.066,2148
795.185,2102
795.304,2021
795.423,2079
795.542,2024
795.661,2095
795.78,2011
795.899,2058
796.018,2018
796.137,2054
796.256,2004
796.375,2020
796.494,1959
796.613,2039
796.732,2002
796.851,1987
796.97,1982
797.089,1963
797.208,1953
797.327,1952
797.446,2001
797.565,1987
797.684,1933
797.803,1954
797.922,1983
798.041,1999
798.16,2014
798.279,2003
798.398,2017
798.517,1947
798.636,1963
798.755,1993
798.874,1963
798.993,1941
799.112,1964
799.231,1959
799.35,1911
799.469,2006
799.588,1923
799.707,1975
799.826,1933
799.945,1939
800.064,1915
800.183,1959
800.302,1965
800.421,1979
800.54,1944
800.659,1999
800.778,1943
800.897,2007
801.016,1958
801.135,1973
801.254,1948
801.373,1930
801.492,1939
801.611,1961
801.729,2002
801.848,1913
801.967,1968
802.086,2044
802.205,1981
802.324,1944
802.443,1957
802.562,2012
802.681,1997
802.8,1987
802.919,2007
803.038,1997
803.157,1999
803.276,1957
803.394,2074
803.513,2011
803.632,2029
803.751,1980
803.87,2031
803.989,2052
804.108,2040
804.227,2022
804.346,2057
804.465,2012
804.583,2098
804.702,2067
804.821,2061
804.94,2057
805.059,2052
805.178,2064
805.297,2126
805.416,2095
805.535,2113
805.653,2057
805.772,2053
805.891,2096
806.01,2077
806.129,2097
806.248,2118
806.367,2081
806.485,2133
806.604,2083
806.723,2121
806.842,2126
806.961,2067
807.08,2102
807.198,2101
807.317,2075
807.436,2064
807.555,2075
807.674,2105
807.793,2090
807.912,2085
808.03,2088
808.149,2121
808.268,2082
808.387,2169
808.506,2113
808.624,2164
808.743,2155
808.862,2084
808.981,2149
809.1,2128
809.219,2197
809.337,2147
809.456,2088
809.575,2160
809.694,2174
809.812,2139
809.931,2164
810.05,2209
810.169,2121
810.288,2180
810.406,2185
810.525,2169
810.644,2249
810.763,2157
810.882,2144
811.0,2138
811.119,2156
811.238,2140
811.357,2152
811.475,2206
811.594,2114
811.713,2201
811.832,2175
811.95,2191
812.069,2203
812.188,2174
812.307,2137
812.425,2219
812.544,2171
812.663,2157
812.782,2237
812.9,2250
813.019,2162
813.138,2169
813.257,2109
813.375,2188
813.494,2125
813.613,2166
813.731,2210
813.85,2106
813.969,2170
814.088,2153
814.206,2176
814.325,2141
814.444,2104
814.562,2165
814.681,2120
814.8,2145
814.918,2167
815.037,2126
815.156,2073
815.274,2119
815.393,2031
815.512,2100
815.631,2078
815.749,2085
815.868,2103
815.987,2040
816.105,2028
816.224,2080
816.343,2067
816.461,2125
816.58,2141
816.698,2097
816.817,2127
816.936,2141
817.055,2064
817.173,2043
817.292,2078
817.41,2060
817.529,1971
817.648,1957
817.766,1946
817.885,1945
818.004,1872
818.122,1832
818.241,1798
818.359,1758
818.478,1747
818.597,1739
818.715,1771
818.834,1691
818.953,1654
819.071,1623
819.19,1639
819.308,1643
819.427,1621
819.546,1631
819.664,1558
819.783,1581
819.901,1564
820.02,1568
820.138,1550
820.257,1588
820.376,1511
820.494,1548
820.613,1554
820.731,1529
820.85,1488
820.969,1514
821.087,1506
821.206,1544
821.324,1527
821.443,1538
821.561,1473
821.68,1538
821.798,1456
821.917,1462
822.035,1472
822.154,1456
822.273,1461
822.391,1499
822.51,1526
822.628,1457
822.747,1478
822.865,1494
822.984,1445
823.102,1472
823.221,1469
823.339,1476
823.458,1469
823.576,1479
823.695,1505
823.813,1467
823.932,1480
824.05,1469
824.169,1538
824.287,1469
824.406,1497
824.524,1492
824.643,1492
824.761,1518
824.88,1537
824.998,1474
825.117,1460
825.235,1490
825.354,1451
825.472,1468
825.591,1399
825.709,1478
825.828,1404
825.946,1427
826.064,1446
826.183,1449
826.301,1421
826.42,1389
826.538,1425
826.657,1394
826.775,1385
826.894,1405
827.012,1410
827.13,1410
827.249,1413
827.367,1380
827.486,1406
827.604,1383
827.723,1366
827.841,1363
827.959,1375
828.078,1404
828.196,1385
828.315,1375
828.433,1371
828.552,1346
828.67,1372
828.788,1355
828.907,1320
829.025,1351
829.143,1353
829.262,1351
829.38,1373
829.499,1343
829.617,1393
829.735,1375
829.854,1351
829.972,1357
830.091,1387
830.209,1342
830.327,1356
830.446,1322
830.564,1406
830.682,1346
830.801,1340
830.919,1391
831.037,1348
831.156,1389
831.274,1353
831.392,1388
831.511,1369
831.629,1358
831.747,1319
831.866,1315
831.984,1328
832.102,1345
832.221,1375
832.339,1340
832.457,1316
832.576,1384
832.694,1342
832.812,1381
832.93,1360
833.049,1361
833.167,1391
833.285,1350
833.404,1345
833.522,1369
833.64,1382
833.759,1354
833.877,1361
833.995,1357
834.113,1354
834.232,1393
834.35,1323
834.468,1378
834.586,1367
834.705,1338
834.823,1331
834.941,1337
835.059,1354
835.178,1354
835.296,1351
835.414,1362
835.532,1358
835.651,1352
835.769,1380
835.887,1408
836.005,1414
836.124,1416
836.242,1393
836.36,1384
836.478,1425
836.596,1437
836.715,1375
836.833,1424
836.951,1387
837.069,1417
837.188,1439
837.306,1407
837.424,1434
837.542,1439
837.66,1423
837.779,1441
837.897,1477
838.015,1436
838.133,1440
838.251,1405
838.369,1432
838.487,1465
838.606,1451
838.724,1409
838.842,1465
838.96,1406
839.078,1392
839.196,1408
839.315,1421
839.433,1444
839.551,1424
839.669,1370
839.787,1430
839.905,1419
840.023,1391
840.142,1404
840.26,1394
840.378,1422
840.496,1386
840.614,1444
840.732,1394
840.85,1429
840.968,1415
841.087,1349
841.205,1411
841.323,1366
841.441,1354
841.559,1381
841.677,1392
841.795,1349
841.913,1370
842.031,1377
842.149,1348
842.267,1386
842.385,1347
842.504,1349
842.622,1315
842.74,1358
842.858,1366
842.976,1369
843.094,1334
843.212,1342
843.33,1333
843.448,1311
843.566,1318
843.684,1322
843.802,1320
843.92,1344
844.038,1334
844.156,1303
844.274,1295
844.392,1331
844.51,1319
844.628,1345
844.746,1325
844.864,1271
844.982,1336
845.1,1305
845.218,1290
845.336,1347
845.454,1323
845.572,1327
845.69,1314
845.808,1283
845.926,1305
846.044,1311
846.162,1334
846.28,1275
846.398,1274
846.516,1314
846.634,1289
846.752,1355
846.87,1324
846.988,1329
847.106,1286
847.224,1323
847.342,1362
847.46,1321
847.578,1318
847.696,1288
847.814,1355
847.932,1308
848.05,1318
848.168,1287
848.285,1318
848.403,1324
848.521,1332
848.639,1328
848.757,1315
848.875,1288
848.993,1326
849.111,1359
849.229,1310
849.347,1341
849.465,1317
849.582,1276
849.7,1329
849.818,1284
849.936,1258
850.054,1377
850.172,1339
850.29,1294
850.408,1336
850.525,1274
850.643,1306
850.761,1279
850.879,1289
850.997,1316
851.115,1336
851.233,1274
851.35,1326
851.468,1343
851.586,1296
851.704,1317
851.822,1301
851.94,1318
852.057,1327
852.175,1305
852.293,1332
852.411,1362
852.529,1352
852.647,1362
852.764,1338
852.882,1337
853.0,1353
853.118,1350
853.236,1363
853.353,1331
853.471,1312
853.589,1314
853.707,1313
853.824,1350
853.942,1329
854.06,1344
854.178,1362
854.296,1317
854.413,1359
854.531,1330
854.649,1336
854.767,1351
854.884,1346
855.002,1353
855.12,1363
855.238,1369
855.355,1372
855.473,1364
855.591,1385
855.708,1314
855.826,1349
855.944,1393
856.062,1330
856.179,1389
856.297,1366
856.415,1372
856.532,1405
856.65,1368
856.768,1361
856.886,1367
857.003,1358
857.121,1343
857.239,1357
857.356,1331
857.474,1381
857.592,1382
857.709,1403
857.827,1369
857.945,1353
858.062,1342
858.18,1379
858.298,1358
858.415,1318
858.533,1366
858.651,1368
858.768,1342
858.886,1366
859.003,1318
859.121,1317
859.239,1317
859.356,1320
859.474,1321
859.592,1321
859.709,1363
859.827,1330
859.944,1318
860.062,1329
860.18,1324
860.297,1361
860.415,1336
860.532,1343
860.65,1327
860.768,1374
860.885,1325
861.003,1334
861.12,1363
861.238,1290
861.356,1331
861.473,1323
861.591,1359
861.708,1325
861.826,1294
861.943,1288
862.061,1326
862.178,1344
862.296,1351
862.414,1322
862.531,1322
862.649,1340
862.766,1321
862.884,1303
863.001,1311
863.119,1300
863.236,1313
863.354,1317
863.471,1288
863.589,1355
863.706,1364
863.824,1303
863.941,1349
864.059,1344
864.176,1323
864.294,1290
864.411,1318
864.529,1353
864.646,1375
864.764,1308
864.881,1300
864.999,1296
865.116,1346
865.233,1326
865.351,1340
865.468,1325
865.586,1306
865.703,1339
865.821,1363
865.938,1301
866.056,1309
866.173,1323
866.29,1280
866.408,1313
866.525,1340
866.643,1298
866.76,1288
866.878,1286
866.995,1306
867.112,1356
867.23,1335
867.347,1333
867.465,1355
867.582,1346
867.699,1316
867.817,1339
867.934,1326
868.051,1309
868.169,1398
868.286,1323
868.404,1349
868.521,1339
868.638,1304
868.756,1314
868.873,1327
868.99,1315
869.108,1359
869.225,1324
869.342,1364
869.46,1346
869.577,1329
869.694,1303
869.812,1343
869.929,1339
870.046,1354
870.164,1347
870.281,1365
870.398,1341
870.516,1351
870.633,1307
870.75,1388
870.867,1337
870.985,1351
871.102,1342
871.219,1352
871.337,1299
871.454,1357
871.571,1340
871.688,1305
871.806,1343
871.923,1359
872.04,1324
872.157,1377
872.275,1333
872.392,1363
872.509,1359
872.626,1303
872.744,1313
872.861,1348
872.978,1363
873.095,1356
873.213,1344
873.33,1358
873.447,1342
873.564,1312
873.681,1323
873.799,1332
873.916,1321
874.033,1335
874.15,1329
874.267,1325
874.385,1281
874.502,1307
874.619,1349
874.736,1349
874.853,1317
874.97,1286
875.088,1338
875.205,1332
875.322,1324
875.439,1322
875.556,1345
875.673,1322
875.791,1327
875.908,1321
876.025,1380
876.142,1324
876.259,1349
876.376,1331
876.493,1388
876.61,1300
876.728,1348
876.845,1375
876.962,1361
877.079,1331
877.196,1370
877.313,1318
877.43,1320
877.547,1308
877.664,1339
877.781,1368
877.898,1321
878.016,1335
878.133,1333
878.25,1349
878.367,1344
878.484,1354
878.601,1320
878.718,1355
878.835,1343
878.952,1325
879.069,1336
879.186,1342
879.303,1294
879.42,1312
879.537,1388
879.654,1284
879.771,1324
879.888,1330
880.005,1318
880.122,1313
880.239,1333
880.356,1344
880.473,1317
880.59,1285
880.707,1342
880.824,1345
880.941,1256
881.058,1324
881.175,1321
881.292,1293
881.409,1329
881.526,1346
881.643,1332
881.76,1351
881.877,1323
881.994,1287
882.111,1311
882.228,1304
882.345,1323
882.462,1335
882.579,1367
882.696,1314
882.812,1346
882.929,1306
883.046,1308
883.163,1348
883.28,1351
883.397,1309
883.514,1326
883.631,1335
883.748,1330
883.865,1318
883.982,1337
884.098,1328
884.215,1331
884.332,1389
884.449,1345
884.566,1362
884.683,1380
884.8,1358
884.916,1362
885.033,1370
885.15,1357
885.267,1357
885.384,1365
885.501,1344
885.617,1393
885.734,1355
885.851,1387
885.968,1398
886.085,1390
886.202,1373
886.318,1349
886.435,1383
886.552,1383
886.669,1326
886.786,1370
886.902,1383
887.019,1378
887.136,1320
887.253,1341
887.369,1377
887.486,1347
887.603,1378
887.72,1371
887.837,1358
887.953,1390
888.07,1323
888.187,1380
888.304,1356
888.42,1354
888.537,1390
888.654,1352
888.77,1342
888.887,1349
889.004,1343
889.121,1337
889.237,1358
889.354,1313
889.471,1315
889.587,1351
889.704,1320
889.821,1335
889.938,1366
890.054,1368
890.171,1323
890.288,1351
890.404,1329
890.521,1364
890.638,1321
890.754,1340
890.871,1332
890.988,1342
891.104,1349
891.221,1361
891.337,1336
891.454,1356
891.571,1347
891.687,1337
891.804,1328
891.921,1359
892.037,1355
892.154,1344
892.27,1353
892.387,1353
892.504,1393
892.62,1336
892.737,1316
892.854,1349
892.97,1345
893.087,1307
893.203,1333
893.32,1317
893.436,1347
893.553,1357
893.67,1326
893.786,1359
893.903,1339
894.019,1361
894.136,1341
894.252,1339
894.369,1346
894.485,1325
894.602,1356
894.718,1353
894.835,1372
894.951,1384
895.068,1376
895.184,1304
895.301,1347
895.417,1359
895.534,1326
895.65,1316
895.767,1381
895.883,1339
896.0,1374
896.116,1358
896.233,1383
896.349,1321
896.466,1383
896.582,1364
896.699,1383
896.815,1338
896.932,1400
897.048,1403
897.165,1386
897.281,1323
897.397,1352
897.514,1360
897.63,1367
897.747,1364
897.863,1362
897.979,1407
898.096,1377
898.212,1387
898.329,1363
898.445,1383
898.561,1367
898.678,1354
898.794,1417
898.911,1370
899.027,1358
899.143,1342
899.26,1389
899.376,1359
899.492,1377
899.609,1369
899.725,1330
899.842,1421
899.958,1388
900.074,1394
900.191,1387
900.307,1390
900.423,1409
900.539,1356
900.656,1364
900.772,1394
900.888,1371
901.005,1349
901.121,1364
901.237,1332
901.354,1393
901.47,1373
901.586,1372
901.703,1368
901.819,1381
901.935,1361
902.051,1341
902.168,1437
902.284,1385
902.4,1407
902.516,1383
902.633,1400
902.749,1397
902.865,1402
902.981,1401
903.098,1479
903.214,1408
903.33,1380
903.446,1448
903.562,1411
903.679,1391
903.795,1400
903.911,1381
904.027,1398
904.143,1442
904.26,1368
904.376,1386
904.492,1388
904.608,1427
904.724,1411
904.841,1411
904.957,1370
905.073,1382
905.189,1346
905.305,1371
905.421,1416
905.538,1355
905.654,1389
905.77,1366
905.886,1419
906.002,1390
906.118,1370
906.234,1420
906.35,1381
906.466,1408
906.583,1374
906.699,1383
906.815,1406
906.931,1401
907.047,1388
907.163,1437
907.279,1369
907.395,1403
907.511,1369
907.627,1379
907.743,1382
907.859,1375
907.976,1409
908.092,1381
908.208,1385
908.324,1375
908.44,1405
908.556,1406
908.672,1397
908.788,1345
908.904,1409
909.02,1393
909.136,1366
909.252,1431
909.368,1402
909.484,1406
909.6,1343
909.716,1401
909.832,1410
909.948,1406
910.064,1409
910.18,1365
910.296,1447
910.412,1340
910.528,1403
910.644,1389
910.76,1415
910.875,1385
910.991,1384
911.107,1357
911.223,1388
911.339,1411
911.455,1377
911.571,1368
911.687,1417
911.803,1410
911.919,1402
912.035,1394
912.151,1389
912.267,1363
912.382,1408
912.498,1372
912.614,1443
912.73,1381
912.846,1378
792.446,2467
792.565,2379
792.684,2424
792.803,2343
792.922,2352
793.041,2273
793.16,2337
793.279,2298
793.398,2277
793.518,2244
793.637,2234
793.756,2273
793.875,2236
793.994,2209
794.113,2201
794.232,2228
794.351,2190
794.47,2174
794.589,2187
794.708,2127
794.827,2205
794.946,2102
795.066,2102
795.185,2086
795.304,2114
795.423,2079
795.542,2100
795.661,2050
795.78,2077
795.899,2100
796.018,2088
796.137,2088
796.256,1975
796.375,2028
796.494,2019
796.613,2078
796.732,2046
796.851,2028
796.97,2036
797.089,1987
797.208,2016
797.327,2026
797.446,2010
797.565,1992
797.684,2035
797.803,2016
797.922,1951
798.041,2035
798.16,2020
798.279,2058
798.398,1921
798.517,1959
798.636,2021
798.755,2010
798.874,1929
798.993,1949
799.112,1980
799.231,1973
799.35,2017
799.469,1979
799.588,1982
799.707,1989
799.826,2007
799.945,2018
800.064,1964
800.183,2003
800.302,1997
800.421,2041
800.54,1977
800.659,2036
800.778,2054
800.897,2010
801.016,2026
801.135,1993
801.254,2035
801.373,2011
801.492,2031
801.611,1997
801.729,2050
801.848,2009
801.967,2007
802.086,1994
802.205,2043
802.324,2009
802.443,2071
802.562,1993
802.681,1989
802.8,1949
802.919,1980
803.038,1996
803.157,2094
803.276,2054
803.394,2105
803.513,2047
803.632,3474
803.751,2535
803.87,2076
803.989,2043
804.108,2057
804.227,2075
804.346,2091
804.465,2069
804.583,2080
804.702,2106
804.821,2076
804.94,2102
805.059,2113
805.178,2110
805.297,2166
805.416,2088
805.535,2128
805.653,2109
805.772,2140
805.891,2111
806.01,2111
806.129,2112
806.248,2121
806.367,2047
806.485,2131
806.604,2095
806.723,2208
806.842,2145
806.961,2110
807.08,2081
807.198,2152
807.317,2126
807.436,2102
807.555,2138
807.674,2161
807.793,2133
807.912,2187
808.03,2147
808.149,2149
808.268,2106
808.387,2154
808.506,2198
808.624,2128
808.743,2148
808.862,2188
808.981,2198
809.1,2162
809.219,2186
809.337,2195
809.456,2170
809.575,2198
809.694,2143
809.812,2195
809.931,2218
810.05,2160
810.169,2185
810.288,2223
810.406,2189
810.525,2132
810.644,2251
810.763,2169
810.882,2167
811.0,2202
811.119,2123
811.238,2169
811.357,2176
811.475,2197
811.594,2194
811.713,2223
811.832,2235
811.95,2210
812.069,2234
812.188,2223
812.307,2185
812.425,2195
812.544,2152
812.663,2169
812.782,2229
812.9,2242
813.019,2202
813.138,2144
813.257,2211
813.375,2226
813.494,2232
813.613,2233
813.731,2163
813.85,2218
813.969,2274
814.088,2205
814.206,2206
814.325,2175
814.444,2173
814.562,2176
814.681,2189
814.8,2134
814.918,2160
815.037,2177
815.156,2125
815.274,2137
815.393,2097
815.512,2194
815.631,2061
815.749,2106
815.868,2152
815.987,2110
816.105,2124
816.224,2130
816.343,2116
816.461,2167
816.58,2107
816.698,2183
816.817,2104
816.936,2190
817.055,2167
817.173,2106
817.292,2081
817.41,2085
817.529,2034
817.648,2041
817.766,1955
817.885,1949
818.004,1865
818.122,1888
818.241,1889
818.359,1828
818.478,1823
818.597,1794
818.715,1737
818.834,1707
818.953,1749
819.071,1645
819.19,1657
819.308,1658
819.427,1634
819.546,1604
819.664,1636
819.783,1602
819.901,1593
820.02,1613
820.138,1568
820.257,1585
820.376,1568
820.494,1533
820.613,1571
820.731,1575
820.85,1529
820.969,1544
821.087,1516
821.206,1484
821.324,1493
821.443,1525
821.561,1481
821.68,1556
821.798,1529
821.917,1516
822.035,1527
822.154,1519
822.273,1463
822.391,1528
822.51,1478
822.628,1491
822.747,1470
822.865,1453
822.984,1497
823.102,1466
823.221,1538
823.339,1495
823.458,1488
823.576,1510
823.695,1482
823.813,1517
823.932,1503
824.05,1480
824.169,1542
824.287,1500
824.406,1528
824.524,1564
824.643,1520
824.761,1504
824.88,1499
824.998,1529
825.117,1521
825.235,1487
825.354,1489
825.472,1470
825.591,1455
825.709,1488
825.828,1466
825.946,1444
826.064,1495
826.183,1460
826.301,1446
826.42,1452
826.538,1437
826.657,1447
826.775,1467
826.894,1408
827.012,1427
827.13,1425
827.249,1430
827.367,1442
827.486,1408
827.604,1408
827.723,1438
827.841,1352
827.959,1416
828.078,1409
828.196,1427
828.315,1439
828.433,1392
828.552,1407
828.67,1414
828.788,1401
828.907,1350
829.025,1414
829.143,1389
829.262,1393
829.38,1393
829.499,1388
829.617,1389
829.735,1406
829.854,1406
829.972,1435
830.091,1365
830.209,1357
830.327,1347
830.446,1347
830.564,1386
830.682,1383
830.801,1369
830.919,1400
831.037,1384
831.156,1360
831.274,1387
831.392,1380
831.511,1399
831.629,1357
831.747,1388
831.866,1382
831.984,1381
832.102,1303
832.221,1411
832.339,1408
832.457,1426
832.576,1363
832.694,1392
832.812,1393
832.93,1418
833.049,1367
833.167,1374
833.285,1386
833.404,1403
833.522,1352
833.64,1383
833.759,1399
833.877,1397
833.995,1364
834.113,1390
834.232,1342
834.35,1374
834.468,1383
834.586,1369
834.705,1382
834.823,1356
834.941,1399
835.059,1384
835.178,1390
835.296,1394
835.414,1399
835.532,1374
835.651,1401
835.769,1383
835.887,1411
836.005,1421
836.124,1395
836.242,1417
836.36,1426
836.478,1391
836.596,1413
836.715,1411
836.833,1438
836.951,1425
837.069,1435
837.188,1440
837.306,1464
837.424,1460
837.542,1443
837.66,1443
837.779,1431
837.897,1436
838.015,1451
838.133,1466
838.251,1461
838.369,1486
838.487,1447
838.606,1457
838.724,1454
838.842,1465
838.96,1447
839.078,1423
839.196,1436
839.315,1452
839.433,1400
839.551,1456
839.669,1458
839.787,1446
839.905,1434
840.023,1414
840.142,1414
840.26,1457
840.378,1413
840.496,1423
840.614,1410
840.732,1434
840.85,1420
840.968,1432
841.087,1444
841.205,1407
841.323,1403
841.441,1431
841.559,1389
841.677,1414
841.795,1420
841.913,1378
842.031,1387
842.149,1391
842.267,1398
842.385,1373
842.504,1398
842.622,1357
842.74,1384
842.858,1361
842.976,1409
843.094,1387
843.212,1363
843.33,1335
843.448,1367
843.566,1310
843.684,1383
843.802,1303
843.92,1377
844.038,1385
844.156,1345
844.274,1344
844.392,1315
844.51,1368
844.628,1331
844.746,1320
844.864,1352
844.982,1354
845.1,1335
845.218,1347
845.336,1303
845.454,1339
845.572,1298
845.69,1339
845.808,1311
845.926,1329
846.044,1359
846.162,1341
846.28,1364
846.398,1349
846.516,1292
846.634,1337
846.752,1331
846.87,1386
846.988,1361
847.106,1319
847.224,1324
847.342,1364
847.46,1332
847.578,1301
847.696,1379
847.814,1382
847.932,1356
848.05,1341
848.168,1307
848.285,1361
848.403,1343
848.521,1348
848.639,1350
848.757,1319
848.875,1350
848.993,1330
849.111,1341
849.229,1304
849.347,1355
849.465,1359
849.582,1335
849.7,1356
849.818,1345
849.936,1329
850.054,1370
850.172,1331
850.29,1316
850.408,1352
850.525,1322
850.643,1318
850.761,1367
850.879,1282
850.997,1374
851.115,1334
851.233,1350
851.35,1345
851.468,1327
851.586,1327
851.704,1324
851.822,1324
851.94,1366
852.057,1363
852.175,1341
852.293,1344
852.411,1333
852.529,1382
852.647,1366
852.764,1409
852.882,1336
853.0,1374
853.118,1319
853.236,1339
853.353,1364
853.471,1338
853.589,1363
853.707,1345
853.824,1350
853.942,1332
854.06,1329
854.178,1354
854.296,1354
854.413,1370
854.531,1398
854.649,1365
854.767,1400
854.884,1357
855.002,1377
855.12,1320
855.238,1374
855.355,1390
855.473,1412
855.591,1398
855.708,1374
855.826,1366
855.944,1416
856.062,1417
856.179,1389
856.297,1416
856.415,1399
856.532,1406
856.65,1428
856.768,1343
856.886,1416
857.003,1337
857.121,1385
857.239,1405
857.356,1411
857.474,1397
857.592,1376
857.709,1361
857.827,1384
857.945,1360
858.062,1363
858.18,1378
858.298,1399
858.415,1383
858.533,1358
858.651,1361
858.768,1353
858.886,1345
859.003,1359
859.121,1326
859.239,1380
859.356,1357
859.474,1355
859.592,1348
859.709,1380
859.827,1407
859.944,1342
860.062,1405
860.18,1310
860.297,1316
860.415,1357
860.532,1348
860.65,1384
860.768,1364
860.885,1340
861.003,1356
861.12,1379
861.238,1347
861.356,1398
861.473,1374
861.591,1338
861.708,1371
861.826,1316
861.943,1362
862.061,1352
862.178,1356
862.296,1393
862.414,1327
862.531,1344
862.649,1307
862.766,1344
862.884,1364
863.001,1333
863.119,1356
863.236,1364
863.354,1314
863.471,1373
863.589,1370
863.706,1350
863.824,1322
863.941,1344
864.059,1356
864.176,1361
864.294,1401
864.411,1362
864.529,1383
864.646,1398
864.764,1367
864.881,1323
864.999,1354
865.116,1350
865.233,1326
865.351,1347
865.468,1366
865.586,1361
865.703,1392
865.821,1346
865.938,1312
866.056,1371
866.173,1332
866.29,1379
866.408,1343
866.525,1357
866.643,1376
866.76,1360
866.878,1373
866.995,1377
867.112,1380
867.23,1317
867.347,1314
867.465,1384
867.582,1385
867.699,1366
867.817,1386
867.934,1422
868.051,1346
868.169,1374
868.286,1351
868.404,1360
868.521,1369
868.638,1371
868.756,1331
868.873,1388
868.99,1370
869.108,1397
869.225,1363
869.342,1387
869.46,1342
869.577,1358
869.694,1369
869.812,1341
869.929,1386
870.046,1361
870.164,1373
870.281,1381
870.398,1364
870.516,1406
870.633,1332
870.75,1387
870.867,1358
870.985,1329
871.102,1364
871.219,1422
871.337,1378
871.454,1339
871.571,1375
871.688,1338
871.806,1398
871.923,1404
872.04,1366
872.157,1363
872.275,1352
872.392,1398
872.509,1363
872.626,1362
872.744,1350
872.861,1386
872.978,1345
873.095,1426
873.213,1388
873.33,1357
873.447,1365
873.564,1384
873.681,1360
873.799,1351
873.916,1388
874.033,1384
874.15,1384
874.267,1325
874.385,1274
874.502,1360
874.619,1397
874.736,1360
874.853,1345
874.97,1346
875.088,1308
875.205,1374
875.322,1335
875.439,1314
875.556,1364
875.673,1354
875.791,1385
875.908,1380
876.025,1369
876.142,1390
876.259,1315
876.376,1422
876.493,1353
876.61,1401
876.728,1360
876.845,1333
876.962,1375
877.079,1327
877.196,1382
877.313,1335
877.43,1385
877.547,1398
877.664,1390
877.781,1422
877.898,1369
878.016,1366
878.133,1353
878.25,1389
878.367,1346
878.484,1373
878.601,1345
878.718,1348
878.835,1361
878.952,1344
879.069,1367
879.186,1345
879.303,1329
879.42,1346
879.537,1348
879.654,1325
879.771,1395
879.888,1365
880.005,1361
880.122,1357
880.239,1323
880.356,1343
880.473,1329
880.59,1342
880.707,1371
880.824,1377
880.941,1352
881.058,1350
881.175,1393
881.292,1313
881.409,1346
881.526,1349
881.643,1355
881.76,1348
881.877,1368
881.994,1340
882.111,1378
882.228,1360
882.345,1345
882.462,1354
882.579,1328
882.696,1364
882.812,1356
882.929,1352
883.046,1408
883.163,1362
883.28,1346
883.397,1354
883.514,1337
883.631,1404
883.748,1335
883.865,1353
883.982,1381
884.098,1354
884.215,1354
884.332,1331
884.449,1382
884.566,1352
884.683,1379
884.8,1350
884.916,1411
885.033,1360
885.15,1411
885.267,1371
885.384,1413
885.501,1429
885.617,1417
885.734,1402
885.851,1391
885.968,1388
886.085,1387
886.202,1434
886.318,1395
886.435,1436
886.552,1420
886.669,1385
886.786,1412
886.902,1385
887.019,1389
887.136,1405
887.253,1403
887.369,1417
887.486,1385
887.603,1385
887.72,1442
887.837,1431
887.953,1401
888.07,1377
888.187,1378
888.304,1371
888.42,1386
888.537,1382
888.654,1360
888.77,1388
888.887,1377
889.004,1347
889.121,1379
889.237,1371
889.354,1373
889.471,1353
889.587,1384
889.704,1341
889.821,1391
889.938,1338
890.054,1384
890.171,1368
890.288,1381
890.404,1381
890.521,1375
890.638,1417
890.754,1353
890.871,1358
890.988,1416
891.104,1379
891.221,1418
891.337,1378
891.454,1425
891.571,1366
891.687,1360
891.804,1405
891.921,1365
892.037,1373
892.154,1406
892.27,1395
892.387,1355
892.504,1403
892.62,1389
892.737,1393
892.854,1348
892.97,1370
893.087,1424
893.203,1331
893.32,1373
893.436,1343
893.553,1420
893.67,1418
893.786,1400
893.903,1403
894.019,1418
894.136,1349
894.252,1377
894.369,1392
894.485,1432
894.602,1407
894.718,1446
894.835,1360
894.951,1393
895.068,1366
895.184,1405
895.301,1413
895.417,1433
895.534,1361
895.65,1368
895.767,1380
895.883,1401
896.0,1414
896.116,1432
896.233,1374
896.349,1350
896.466,1372
896.582,1397
896.699,1394
896.815,1374
896.932,1399
897.048,1399
897.165,1404
897.281,1369
897.397,1391
897.514,1406
897.63,1409
897.747,1379
897.863,1373
897.979,1407
898.096,1391
898.212,1382
898.329,1442
898.445,1374
898.561,1405
898.678,1407
898.794,1420
898.911,1404
899.027,1393
899.143,1405
899.26,1360
899.376,1384
899.492,1424
899.609,1378
899.725,1404
899.842,1403
899.958,1426
900.074,1397
900.191,1391
900.307,1430
900.423,1398
900.539,1383
900.656,1485
900.772,1417
900.888,1399
901.005,1388
901.121,1418
901.237,1422
901.354,1393
901.47,1426
901.586,1410
901.703,1425
901.819,1389
901.935,1408
902.051,1454
902.168,1429
902.284,1419
902.4,1451
902.516,1431
902.633,1429
902.749,1423
902.865,1427
902.981,1417
903.098,1424
903.214,1424
903.33,1470
903.446,1394
903.562,1405
903.679,1399
903.795,1423
903.911,1400
904.027,1437
904.143,1409
904.26,1449
904.376,1472
904.492,1442
904.608,1451
904.724,1428
904.841,1432
904.957,1417
905.073,1435
905.189,1425
905.305,1440
905.421,1418
905.538,1452
905.654,1453
905.77,1421
905.886,1461
906.002,1409
906.118,1401
906.234,1449
906.35,1426
906.466,1445
906.583,1415
906.699,1442
906.815,1480
906.931,1381
907.047,1453
907.163,1432
907.279,1406
907.395,1423
907.511,1406
907.627,1420
907.743,1478
907.859,1370
907.976,1429
908.092,1441
908.208,1423
908.324,1408
908.44,1450
908.556,1423
908.672,1458
908.788,1427
908.904,1390
909.02,1427
909.136,1456
909.252,1479
909.368,1391
909.484,1430
909.6,1418
909.716,1399
909.832,1466
909.948,1379
910.064,1433
910.18,1420
910.296,1438
910.412,1432
910.528,1493
910.644,1451
910.76,1429
910.875,1437
910.991,1457
911.107,1428
911.223,1433
911.339,1421
911.455,1449
911.571,1433
911.687,1400
911.803,1440
911.919,1434
912.035,1429
912.151,1486
912.267,1442
912.382,1423
912.498,1457
912.614,1401
912.73,1451
912.846,1434
792.446,2431
792.565,2470
792.684,2425
792.803,2392
792.922,2360
793.041,2290
793.16,2322
793.279,2330
793.398,2307
793.518,2286
793.637,2274
793.756,2254
793.875,2259
793.994,2260
794.113,2243
794.232,2233
794.351,2194
794.47,2231
794.589,2156
794.708,2125
794.827,2104
794.946,2123
795.066,2118
795.185,2045
795.304,2135
795.423,2072
795.542,2091
795.661,2085
795.78,2115
795.899,2065
796.018,2050
796.137,2133
796.256,2043
796.375,2064
796.494,2084
796.613,2038
796.732,2024
796.851,2020
796.97,2022
797.089,2007
797.208,2075
797.327,2024
797.446,2026
797.565,2009
797.684,2047
797.803,2012
797.922,2034
798.041,2028
798.16,1999
798.279,2030
798.398,2014
798.517,2096
798.636,1963
798.755,2037
798.874,1975
798.993,1998
799.112,2013
799.231,2006
799.35,2023
799.469,2049
799.588,2040
799.707,2032
799.826,2019
799.945,1980
800.064,2008
800.183,2009
800.302,1956
800.421,1974
800.54,1998
800.659,1971
800.778,2043
800.897,2007
801.016,2032
801.135,2075
801.254,1975
801.373,2076
801.492,2013
801.611,2069
801.729,2039
801.848,1983
801.967,1977
802.086,2012
802.205,2037
802.324,1980
802.443,2039
802.562,2003
802.681,1991
802.8,2044
802.919,2049
803.038,2031
803.157,1964
803.276,2085
803.394,2017
803.513,2079
803.632,2101
803.751,2055
803.87,1989
803.989,2082
804.108,2114
804.227,2092
804.346,2060
804.465,2110
804.583,2099
804.702,2118
804.821,2135
804.94,2086
805.059,2083
805.178,2093
805.297,2150
805.416,2150
805.535,2149
805.653,2104
805.772,2089
805.891,2138
806.01,2111
806.129,2090
806.248,2128
806.367,2167
806.485,2123
806.604,2168
806.723,2170
806.842,2120
806.961,2175
807.08,2131
807.198,2164
807.317,2184
807.436,2146
807.555,2154
807.674,2077
807.793,2085
807.912,2105
808.03,2153
808.149,2178
808.268,2195
808.387,2168
808.506,2194
808.624,2177
808.743,2200
808.862,2151
808.981,2183
809.1,2181
809.219,2191
809.337,2114
809.456,2192
809.575,2213
809.694,2259
809.812,2176
809.931,2223
810.05,2213
810.169,2212
810.288,2246
810.406,2211
810.525,2229
810.644,2173
810.763,2273
810.882,2192
811.0,2174
811.119,2165
811.238,2202
811.357,2180
811.475,2215
811.594,2227
811.713,2221
811.832,2228
811.95,2218
812.069,2221
812.188,2258
812.307,2227
812.425,2231
812.544,2238
812.663,2243
812.782,2206
812.9,2220
813.019,2208
813.138,2166
813.257,2221
813.375,2235
813.494,2218
813.613,2209
813.731,2221
813.85,2191
813.969,2203
814.088,2158
814.206,2222
814.325,2112
814.444,2200
814.562,2155
814.681,2177
814.8,2166
814.918,2134
815.037,2122
815.156,2139
815.274,2176
815.393,2113
815.512,2084
815.631,2140
815.749,2110
815.868,2118
815.987,2147
816.105,2052
816.224,2118
816.343,2100
816.461,2155
816.58,2130
816.698,2079
816.817,2142
816.936,2187
817.055,2147
817.173,2074
817.292,2113
817.41,2045
817.529,2057
817.648,2033
817.766,1950
817.885,1929
818.004,1871
818.122,1866
818.241,1892
818.359,1867
818.478,1775
818.597,1739
818.715,1758
818.834,1740
818.953,1686
819.071,1682
819.19,1673
819.308,1702
819.427,1635
819.546,1594
819.664,1666
819.783,1610
819.901,1626
820.02,1581
820.138,1569
820.257,1591
820.376,1560
820.494,1558
820.613,1574
820.731,1607
820.85,1538
820.969,1590
821.087,1530
821.206,1544
821.324,1549
821.443,1536
821.561,1519
821.68,1552
821.798,1498
821.917,1554
822.035,1517
822.154,1555
822.273,1482
822.391,1540
822.51,1522
822.628,1562
822.747,1508
822.865,1489
822.984,1483
823.102,1500
823.221,1543
823.339,1480
823.458,1503
823.576,1537
823.695,1495
823.813,1519
823.932,1485
824.05,1524
824.169,1560
824.287,1560
824.406,1557
824.524,1533
824.643,1565
824.761,1539
824.88,1537
824.998,1507
825.117,1493
825.235,1505
825.354,1503
825.472,1493
825.591,1481
825.709,1516
825.828,1476
825.946,1501
826.064,1494
826.183,1444
826.301,1449
826.42,1421
826.538,1462
826.657,1447
826.775,1452
826.894,1451
827.012,1406
827.13,1416
827.249,1401
827.367,1450
827.486,1428
827.604,1408
827.723,1428
827.841,1426
827.959,1427
828.078,1404
828.196,1435
828.315,1407
828.433,1416
828.552,1423
828.67,1411
828.788,1414
828.907,1427
829.025,1408
829.143,1392
829.262,1394
829.38,1419
829.499,1392
829.617,1419
829.735,1431
829.854,1413
829.972,1370
830.091,1392
830.209,1418
830.327,1397
830.446,1380
830.564,1431
830.682,1432
830.801,1393
830.919,1398
831.037,1392
831.156,1388
831.274,1390
831.392,1367
831.511,1358
831.629,1394
831.747,1421
831.866,1395
831.984,1379
832.102,1401
832.221,1349
832.339,1367
832.457,1408
832.576,1354
832.694,1381
832.812,1377
832.93,1394
833.049,1383
833.167,1393
833.285,1361
833.404,1383
833.522,1383
833.64,1409
833.759,1402
833.877,1385
833.995,1428
834.113,1423
834.232,1358
834.35,1394
834.468,1399
834.586,1368
834.705,1395
834.823,1402
834.941,1360
835.059,1379
835.178,1420
835.296,1376
835.414,1402
835.532,1390
835.651,1363
835.769,1414
835.887,1386
836.005,1439
836.124,1395
836.242,1440
836.36,1432
836.478,1427
836.596,1391
836.715,1421
836.833,1453
836.951,1436
837.069,1431
837.188,1470
837.306,1473
837.424,1433
837.542,1477
837.66,1433
837.779,1481
837.897,1465
838.015,1422
838.133,1433
838.251,1466
838.369,1470
838.487,1455
838.606,1423
838.724,1475
838.842,1444
838.96,1440
839.078,1460
839.196,1427
839.315,1522
839.433,1441
839.551,1417
839.669,1501
839.787,1408
839.905,1442
840.023,1472
840.142,1415
840.26,1452
840.378,1460
840.496,1419
840.614,1443
840.732,1486
840.85,1430
840.968,1426
841.087,1435
841.205,1393
841.323,1448
841.441,1407
841.559,1406
841.677,1406
841.795,1462
841.913,1414
842.031,1380
842.149,1458
842.267,1402
842.385,1413
842.504,1383
842.622,1369
842.74,1374
842.858,1364
842.976,1400
843.094,1331
843.212,1346
843.33,1344
843.448,1377
843.566,1379
843.684,1329
843.802,1407
843.92,1322
844.038,1384
844.156,1320
844.274,1374
844.392,1345
844.51,1342
844.628,1376
844.746,1321
844.864,1358
844.982,1392
845.1,1304
845.218,1346
845.336,1354
845.454,1394
845.572,1375
845.69,1343
845.808,1348
845.926,1351
846.044,1375
846.162,1384
846.28,1313
846.398,1346
846.516,1360
846.634,1343
846.752,1359
846.87,1344
846.988,1288
847.106,1367
847.224,1340
847.342,1387
847.46,1357
847.578,1353
847.696,1340
847.814,1336
847.932,1354
848.05,1358
848.168,1338
848.285,1311
848.403,1369
848.521,1340
848.639,1371
848.757,1353
848.875,1329
848.993,1351
849.111,1356
849.229,1324
849.347,1391
849.465,1296
849.582,1342
849.7,1324
849.818,1302
849.936,1339
850.054,1386
850.172,1334
850.29,1355
850.408,1323
850.525,1350
850.643,1366
850.761,1334
850.879,1328
850.997,1354
851.115,1338
851.233,1350
851.35,1326
851.468,1342
851.586,1333
851.704,1382
851.822,1385
851.94,1314
852.057,1297
852.175,1364
852.293,1338
852.411,1413
852.529,1373
852.647,1380
852.764,1368
852.882,1407
853.0,1362
853.118,1387
853.236,1373
853.353,1366
853.471,1398
853.589,1359
853.707,1377
853.824,1341
853.942,1388
854.06,1320
854.178,1381
854.296,1374
854.413,1374
854.531,1384
854.649,1331
854.767,1372
854.884,1412
855.002,1356
855.12,1376
855.238,1374
855.355,1387
855.473,1385
855.591,1357
855.708,1393
855.826,1399
855.944,1393
856.062,1396
856.179,1392
856.297,1365
856.415,1389
856.532,1394
856.65,1409
856.768,1396
856.886,1374
857.003,1359
857.121,1368
857.239,1368
857.356,1380
857.474,1386
857.592,1462
857.709,1383
857.827,1351
857.945,1393
858.062,1395
858.18,1382
858.298,1396
858.415,1386
858.533,1376
858.651,1420
858.768,1355
858.886,1422
859.003,1372
859.121,1381
859.239,1357
859.356,1330
859.474,1393
859.592,1358
859.709,1318
859.827,1411
859.944,1344
860.062,1377
860.18,1371
860.297,1365
860.415,1343
860.532,1320
860.65,1371
860.768,1356
860.885,1363
861.003,1373
861.12,1369
861.238,1324
861.356,1340
861.473,1337
861.591,1370
861.708,1313
861.826,1392
861.943,1345
862.061,1403
862.178,1308
862.296,1371
862.414,1358
862.531,1347
862.649,1355
862.766,1338
862.884,1352
863.001,1368
863.119,1370
863.236,1345
863.354,1337
863.471,1338
863.589,1326
863.706,1313
863.824,1341
863.941,1361
864.059,1358
864.176,1405
864.294,1339
864.411,1390
864.529,1370
864.646,1358
864.764,1346
864.881,1342
864.999,1345
865.116,1361
865.233,1377
865.351,1340
865.468,1333
865.586,1390
865.703,1379
865.821,1355
865.938,1347
866.056,1357
866.173,1326
866.29,1361
866.408,1336
866.525,1380
866.643,1367
866.76,1361
866.878,1318
866.995,1363
867.112,1363
867.23,1360
867.347,1372
867.465,1331
867.582,1392
867.699,1356
867.817,1364
867.934,1381
868.051,1348
868.169,1383
868.286,1355
868.404,1368
868.521,1349
868.638,1365
868.756,1329
868.873,1333
868.99,1382
869.108,1392
869.225,1408
869.342,1393
869.46,1347
869.577,1391
869.694,1339
869.812,1395
869.929,1362
870.046,1389
870.164,1379
870.281,1364
870.398,1370
870.516,1410
870.633,1399
870.75,1390
870.867,1378
870.985,1362
871.102,1358
871.219,1346
871.337,1394
871.454,1380
871.571,1393
871.688,1380
871.806,1358
871.923,1387
872.04,1356
872.157,1408
872.275,1337
872.392,1367
872.509,1393
872.626,1387
872.744,1350
872.861,1359
872.978,1365
873.095,1350
873.213,1378
873.33,1374
873.447,1403
873.564,1356
873.681,1352
873.799,1364
873.916,1366
874.033,1363
874.15,1329
874.267,1359
874.385,1348
874.502,1362
874.619,1366
874.736,1399
874.853,1345
874.97,1375
875.088,1367
875.205,1340
875.322,1358
875.439,1362
875.556,1346
875.673,1391
875.791,1298
875.908,1368
876.025,1374
876.142,1349
876.259,1374
876.376,1396
876.493,1373
876.61,1342
876.728,1367
876.845,1382
876.962,1320
877.079,1403
877.196,1373
877.313,1371
877.43,1382
877.547,1404
877.664,1408
877.781,1359
877.898,1366
878.016,1392
878.133,1365
878.25,1353
878.367,1358
878.484,1366
878.601,1360
878.718,1390
878.835,1369
878.952,1367
879.069,1372
879.186,1389
879.303,1383
879.42,1359
879.537,1326
879.654,1384
879.771,1360
879.888,1378
880.005,1328
880.122,1373
880.239,1341
880.356,1340
880.473,1346
880.59,1356
880.707,1364
880.824,1372
880.941,1333
881.058,1369
881.175,1390
881.292,1379
881.409,1370
881.526,1375
881.643,1345
881.76,1373
881.877,1405
881.994,1350
882.111,1398
882.228,1390
882.345,1357
882.462,1381
882.579,1325
882.696,1322
882.812,1394
882.929,1366
883.046,1395
883.163,1361
883.28,1352
883.397,1358
883.514,1373
883.631,1351
883.748,1342
883.865,1391
883.982,1373
884.098,1339
884.215,1360
884.332,1352
884.449,1372
884.566,1390
884.683,1353
884.8,1369
884.916,1398
885.033,1391
885.15,1390
885.267,1369
885.384,1380
885.501,1429
885.617,1405
885.734,1398
885.851,1392
885.968,1362
886.085,1427
886.202,1448
886.318,1401
886.435,1392
886.552,1364
886.669,1387
886.786,1410
886.902,1443
887.019,1433
887.136,1373
887.253,1340
887.369,1400
887.486,1378
887.603,1414
887.72,1407
887.837,1374
887.953,1423
888.07,1400
888.187,1392
888.304,1431
888.42,1406
888.537,1390
888.654,1351
888.77,1374
888.887,1353
889.004,1370
889.121,1371
889.237,1361
889.354,1396
889.471,1378
889.587,1368
889.704,1398
889.821,1329
889.938,1361
890.054,1351
890.171,1346
890.288,1381
890.404,1397
890.521,1377
890.638,1383
890.754,1387
890.871,1381
890.988,1378
891.104,1355
891.221,1396
891.337,1362
891.454,1451
891.571,1405
891.687,1403
891.804,1420
891.921,1382
892.037,1360
892.154,1393
892.27,1394
892.387,1433
892.504,1406
892.62,1386
892.737,1406
892.854,1365
892.97,1395
893.087,1384
893.203,1424
893.32,1371
893.436,1407
893.553,1342
893.67,1393
893.786,1375
893.903,1415
894.019,1379
894.136,1422
894.252,1385
894.369,1453
894.485,1409
894.602,1387
894.718,1400
894.835,1352
894.951,1444
895.068,1401
895.184,1403
895.301,1440
895.417,1364
895.534,1404
895.65,1445
895.767,1378
895.883,1382
896.0,1435
896.116,1432
896.233,1408
896.349,1416
896.466,1419
896.582,1437
896.699,1377
896.815,1384
896.932,1405
897.048,1394
897.165,1420
897.281,1393
897.397,1375
897.514,1403
897.63,1417
897.747,1404
897.863,1393
897.979,1407
898.096,1427
898.212,1436
898.329,1383
898.445,1420
898.561,1399
898.678,1459
898.794,1414
898.911,1445
899.027,1406
899.143,1468
899.26,1410
899.376,1374
899.492,1427
899.609,1394
899.725,1413
899.842,1420
899.958,1462
900.074,1418
900.191,1422
900.307,1444
900.423,1408
900.539,1429
900.656,1381
900.772,1413
900.888,1464
901.005,1429
901.121,1398
901.237,1420
901.354,1473
901.47,1419
901.586,1467
901.703,1400
901.819,1464
901.935,1425
902.051,1439
902.168,1460
902.284,1429
902.4,1451
902.516,1455
902.633,1450
902.749,1443
902.865,1452
902.981,1490
903.098,1446
903.214,1457
903.33,1415
903.446,1476
903.562,1407
903.679,1453
903.795,1463
903.911,1445
904.027,1477
904.143,1427
904.26,1456
904.376,1439
904.492,1453
904.608,1410
904.724,1495
904.841,1476
904.957,1439
905.073,1438
905.189,1444
905.305,1401
905.421,1455
905.538,1454
905.654,1385
905.77,1460
905.886,1428
906.002,1440
906.118,1454
906.234,1417
906.35,1421
906.466,1437
906.583,1426
906.699,1411
906.815,1472
906.931,1424
907.047,1430
907.163,1440
907.279,1472
907.395,1424
907.511,1428
907.627,1441
907.743,1431
907.859,1429
907.976,1446
908.092,1433
908.208,1422
908.324,1478
908.44,1430
908.556,1461
908.672,1447
908.788,1412
908.904,1421
909.02,1449
909.136,1464
909.252,1443
909.368,1480
909.484,1427
909.6,1471
909.716,1456
909.832,1407
909.948,1465
910.064,1482
910.18,1436
910.296,1400
910.412,1471
910.528,1499
910.644,1477
910.76,1439
910.875,1449
910.991,1408
911.107,1418
911.223,1438
911.339,1418
911.455,1448
911.571,1438
911.687,1483
911.803,1441
911.919,1454
912.035,1456
912.151,1459
912.267,1493
912.382,1420
912.498,1444
912.614,1433
912.73,1449
912.846,1423
