792.446,1685
792.565,1654
792.684,1657
792.803,1587
792.922,1510
793.041,1423
793.16,1445
793.279,1406
793.398,1350
793.518,1341
793.637,1320
793.756,1308
793.875,1280
793.994,1240
794.113,1211
794.232,1178
794.351,1155
794.47,1122
794.589,1140
794.708,1096
794.827,1090
794.946,1088
795.066,1059
795.185,1038
795.304,1025
795.423,999
795.542,994
795.661,991
795.78,960
795.899,958
796.018,955
796.137,956
796.256,908
796.375,945
796.494,904
796.613,842
796.732,905
796.851,858
796.97,832
797.089,853
797.208,835
797.327,848
797.446,833
797.565,850
797.684,797
797.803,813
797.922,813
798.041,816
798.16,823
798.279,770
798.398,789
798.517,784
798.636,773
798.755,774
798.874,801
798.993,796
799.112,775
799.231,772
799.35,745
799.469,772
799.588,711
799.707,771
799.826,728
799.945,743
800.064,728
800.183,739
800.302,742
800.421,725
800.54,719
800.659,702
800.778,737
800.897,693
801.016,700
801.135,705
801.254,711
801.373,715
801.492,657
801.611,683
801.729,675
801.848,683
801.967,701
802.086,665
802.205,709
802.324,674
802.443,673
802.562,678
802.681,655
802.8,650
802.919,691
803.038,640
803.157,643
803.276,655
803.394,655
803.513,624
803.632,644
803.751,648
803.87,647
803.989,650
804.108,627
804.227,629
804.346,631
804.465,625
804.583,626
804.702,625
804.821,622
804.94,618
805.059,623
805.178,628
805.297,626
805.416,620
805.535,601
805.653,605
805.772,610
805.891,624
806.01,633
806.129,634
806.248,623
806.367,597
806.485,601
806.604,613
806.723,613
806.842,602
806.961,612
807.08,618
807.198,585
807.317,604
807.436,616
807.555,587
807.674,603
807.793,616
807.912,605
808.03,585
808.149,604
808.268,604
808.387,601
808.506,575
808.624,601
808.743,579
808.862,583
808.981,603
809.1,584
809.219,577
809.337,613
809.456,570
809.575,582
809.694,604
809.812,583
809.931,569
810.05,588
810.169,589
810.288,567
810.406,583
810.525,592
810.644,569
810.763,583
810.882,582
811.0,576
811.119,571
811.238,576
811.357,578
811.475,603
811.594,578
811.713,588
811.832,552
811.95,576
812.069,583
812.188,591
812.307,588
812.425,572
812.544,575
812.663,605
812.782,574
812.9,590
813.019,564
813.138,603
813.257,581
813.375,578
813.494,588
813.613,590
813.731,569
813.85,579
813.969,573
814.088,571
814.206,542
814.325,581
814.444,551
814.562,571
814.681,552
814.8,579
814.918,544
815.037,581
815.156,565
815.274,571
815.393,581
815.512,569
815.631,548
815.749,581
815.868,560
815.987,574
816.105,565
816.224,585
816.343,572
816.461,580
816.58,559
816.698,556
816.817,568
816.936,564
817.055,569
817.173,565
817.292,568
817.41,584
817.529,605
817.648,576
817.766,573
817.885,602
818.004,591
818.122,590
818.241,602
818.359,587
818.478,589
818.597,564
818.715,551
818.834,573
818.953,554
819.071,585
819.19,564
819.308,587
819.427,562
819.546,575
819.664,571
819.783,563
819.901,593
820.02,577
820.138,568
820.257,574
820.376,566
820.494,566
820.613,563
820.731,577
820.85,571
820.969,579
821.087,564
821.206,573
821.324,543
821.443,582
821.561,537
821.68,561
821.798,566
821.917,568
822.035,573
822.154,554
822.273,565
822.391,570
822.51,564
822.628,571
822.747,532
822.865,571
822.984,536
823.102,565
823.221,550
823.339,557
823.458,555
823.576,544
823.695,540
823.813,552
823.932,545
824.05,539
824.169,547
824.287,563
824.406,537
824.524,551
824.643,545
824.761,537
824.88,553
824.998,534
825.117,543
825.235,520
825.354,562
825.472,531
825.591,538
825.709,564
825.828,539
825.946,555
826.064,553
826.183,537
826.301,557
826.42,557
826.538,543
826.657,543
826.775,545
826.894,561
827.012,555
827.13,571
827.249,536
827.367,567
827.486,595
827.604,558
827.723,544
827.841,529
827.959,553
828.078,561
828.196,551
828.315,535
828.433,518
828.552,575
828.67,551
828.788,565
828.907,556
829.025,551
829.143,551
829.262,547
829.38,561
829.499,537
829.617,549
829.735,551
829.854,535
829.972,542
830.091,547
830.209,533
830.327,543
830.446,557
830.564,529
830.682,555
830.801,515
830.919,546
831.037,545
831.156,542
831.274,538
831.392,552
831.511,541
831.629,542
831.747,552
831.866,543
831.984,537
832.102,541
832.221,558
832.339,544
832.457,528
832.576,559
832.694,557
832.812,541
832.93,535
833.049,558
833.167,530
833.285,554
833.404,536
833.522,560
833.64,540
833.759,539
833.877,542
833.995,571
834.113,544
834.232,549
834.35,575
834.468,572
834.586,556
834.705,558
834.823,555
834.941,574
835.059,551
835.178,538
835.296,562
835.414,558
835.532,531
835.651,558
835.769,564
835.887,565
836.005,521
836.124,538
836.242,540
836.36,552
836.478,535
836.596,538
836.715,532
836.833,534
836.951,564
837.069,551
837.188,538
837.306,542
837.424,534
837.542,527
837.66,536
837.779,530
837.897,523
838.015,546
838.133,524
838.251,549
838.369,541
838.487,518
838.606,552
838.724,566
838.842,526
838.96,542
839.078,521
839.196,547
839.315,549
839.433,539
839.551,546
839.669,548
839.787,589
839.905,555
840.023,571
840.142,561
840.26,575
840.378,552
840.496,570
840.614,570
840.732,546
840.85,571
840.968,557
841.087,562
841.205,552
841.323,563
841.441,582
841.559,589
841.677,566
841.795,595
841.913,596
842.031,583
842.149,580
842.267,558
842.385,587
842.504,570
842.622,561
842.74,565
842.858,573
842.976,561
843.094,570
843.212,588
843.33,573
843.448,578
843.566,555
843.684,584
843.802,572
843.92,583
844.038,566
844.156,560
844.274,589
844.392,588
844.51,577
844.628,580
844.746,592
844.864,594
844.982,572
845.1,597
845.218,594
845.336,566
845.454,585
845.572,581
845.69,593
845.808,599
845.926,567
846.044,568
846.162,568
846.28,573
846.398,570
846.516,594
846.634,570
846.752,584
846.87,585
846.988,606
847.106,580
847.224,591
847.342,592
847.46,595
847.578,610
847.696,604
847.814,607
847.932,614
848.05,591
848.168,595
848.285,619
848.403,594
848.521,580
848.639,597
848.757,615
848.875,615
848.993,601
849.111,613
849.229,571
849.347,599
849.465,585
849.582,595
849.7,593
849.818,589
849.936,578
850.054,607
850.172,577
850.29,583
850.408,590
850.525,573
850.643,562
850.761,594
850.879,552
850.997,580
851.115,580
851.233,565
851.35,571
851.468,585
851.586,587
851.704,584
851.822,551
851.94,579
852.057,575
852.175,580
852.293,600
852.411,669
852.529,665
852.647,678
852.764,674
852.882,659
853.0,606
853.118,595
853.236,593
853.353,587
853.471,568
853.589,575
853.707,589
853.824,562
853.942,589
854.06,545
854.178,581
854.296,550
854.413,557
854.531,574
854.649,601
854.767,589
854.884,598
855.002,573
855.12,601
855.238,569
855.355,589
855.473,564
855.591,584
855.708,581
855.826,553
855.944,564
856.062,561
856.179,575
856.297,571
856.415,561
856.532,581
856.65,549
856.768,562
856.886,564
857.003,585
857.121,574
857.239,570
857.356,564
857.474,553
857.592,566
857.709,578
857.827,573
857.945,551
858.062,579
858.18,571
858.298,570
858.415,566
858.533,571
858.651,554
858.768,562
858.886,553
859.003,554
859.121,581
859.239,569
859.356,590
859.474,584
859.592,557
859.709,567
859.827,561
859.944,561
860.062,563
860.18,558
860.297,577
860.415,568
860.532,546
860.65,563
860.768,566
860.885,582
861.003,548
861.12,565
861.238,579
861.356,575
861.473,564
861.591,573
861.708,548
861.826,562
861.943,568
862.061,573
862.178,559
862.296,559
862.414,538
862.531,537
862.649,536
862.766,513
862.884,520
863.001,545
863.119,578
863.236,553
863.354,550
863.471,557
863.589,554
863.706,564
863.824,537
863.941,523
864.059,539
864.176,564
864.294,554
864.411,561
864.529,551
864.646,545
864.764,545
864.881,555
864.999,537
865.116,553
865.233,530
865.351,540
865.468,557
865.586,556
865.703,547
865.821,569
865.938,562
866.056,548
866.173,554
866.29,570
866.408,553
866.525,560
866.643,563
866.76,545
866.878,528
866.995,541
867.112,565
867.23,545
867.347,566
867.465,578
867.582,591
867.699,574
867.817,567
867.934,580
868.051,562
868.169,576
868.286,567
868.404,568
868.521,576
868.638,554
868.756,567
868.873,576
868.99,574
869.108,579
869.225,559
869.342,593
869.46,580
869.577,582
869.694,570
869.812,573
869.929,594
870.046,580
870.164,572
870.281,601
870.398,595
870.516,591
870.633,576
870.75,571
870.867,613
870.985,597
871.102,598
871.219,591
871.337,589
871.454,596
871.571,571
871.688,605
871.806,595
871.923,586
872.04,584
872.157,607
872.275,575
872.392,592
872.509,588
872.626,587
872.744,606
872.861,575
872.978,577
873.095,581
873.213,616
873.33,569
873.447,576
873.564,583
873.681,580
873.799,573
873.916,572
874.033,576
874.15,571
874.267,557
874.385,561
874.502,591
874.619,601
874.736,548
874.853,565
874.97,588
875.088,568
875.205,577
875.322,595
875.439,586
875.556,595
875.673,566
875.791,569
875.908,564
876.025,602
876.142,596
876.259,587
876.376,586
876.493,591
876.61,593
876.728,590
876.845,606
876.962,582
877.079,590
877.196,595
877.313,605
877.43,586
877.547,608
877.664,560
877.781,576
877.898,600
878.016,564
878.133,557
878.25,586
878.367,589
878.484,556
878.601,567
878.718,569
878.835,567
878.952,561
879.069,547
879.186,562
879.303,520
879.42,556
879.537,529
879.654,532
879.771,530
879.888,528
880.005,528
880.122,548
880.239,506
880.356,540
880.473,517
880.59,529
880.707,513
880.824,533
880.941,514
881.058,547
881.175,521
881.292,534
881.409,521
881.526,534
881.643,525
881.76,531
881.877,521
881.994,571
882.111,517
882.228,527
882.345,545
882.462,535
882.579,544
882.696,530
882.812,541
882.929,529
883.046,516
883.163,550
883.28,528
883.397,534
883.514,536
883.631,522
883.748,539
883.865,543
883.982,543
884.098,549
884.215,532
884.332,541
884.449,567
884.566,558
884.683,536
884.8,556
884.916,565
885.033,582
885.15,566
885.267,587
885.384,585
885.501,597
885.617,604
885.734,605
885.851,581
885.968,625
886.085,633
886.202,643
886.318,622
886.435,611
886.552,598
886.669,633
886.786,592
886.902,601
887.019,581
887.136,576
887.253,561
887.369,595
887.486,570
887.603,543
887.72,561
887.837,571
887.953,553
888.07,544
888.187,527
888.304,540
888.42,512
888.537,520
888.654,519
888.77,526
888.887,521
889.004,498
889.121,488
889.237,514
889.354,512
889.471,517
889.587,502
889.704,501
889.821,477
889.938,503
890.054,508
890.171,506
890.288,503
890.404,490
890.521,504
890.638,500
890.754,486
890.871,510
890.988,489
891.104,507
891.221,481
891.337,487
891.454,483
891.571,498
891.687,487
891.804,483
891.921,491
892.037,500
892.154,509
892.27,496
892.387,501
892.504,499
892.62,491
892.737,495
892.854,494
892.97,506
893.087,516
893.203,498
893.32,482
893.436,501
893.553,490
893.67,504
893.786,498
893.903,512
894.019,499
894.136,497
894.252,519
894.369,510
894.485,503
894.602,507
894.718,495
894.835,500
894.951,507
895.068,501
895.184,475
895.301,533
895.417,497
895.534,529
895.65,514
895.767,513
895.883,499
896.0,512
896.116,494
896.233,492
896.349,496
896.466,488
896.582,486
896.699,529
896.815,521
896.932,505
897.048,498
897.165,530
897.281,503
897.397,539
897.514,514
897.63,516
897.747,508
897.863,510
897.979,516
898.096,499
898.212,511
898.329,532
898.445,536
898.561,504
898.678,516
898.794,505
898.911,530
899.027,522
899.143,523
899.26,509
899.376,517
899.492,498
899.609,528
899.725,515
899.842,518
899.958,507
900.074,518
900.191,522
900.307,511
900.423,525
900.539,502
900.656,535
900.772,506
900.888,530
901.005,510
901.121,536
901.237,497
901.354,524
901.47,546
901.586,541
901.703,500
901.819,569
901.935,545
902.051,549
902.168,571
902.284,568
902.4,564
902.516,572
902.633,586
902.749,592
902.865,562
902.981,569
903.098,571
903.214,582
903.33,583
903.446,581
903.562,551
903.679,570
903.795,565
903.911,587
904.027,542
904.143,555
904.26,546
904.376,557
904.492,552
904.608,541
904.724,541
904.841,555
904.957,531
905.073,540
905.189,502
905.305,520
905.421,517
905.538,533
905.654,509
905.77,486
905.886,521
906.002,502
906.118,503
906.234,492
906.35,491
906.466,498
906.583,488
906.699,502
906.815,482
906.931,498
907.047,478
907.163,499
907.279,509
907.395,501
907.511,470
907.627,488
907.743,499
907.859,491
907.976,492
908.092,493
908.208,492
908.324,497
908.44,481
908.556,485
908.672,477
908.788,511
908.904,483
909.02,467
909.136,460
909.252,509
909.368,477
909.484,459
909.6,495
909.716,488
909.832,472
909.948,472
910.064,483
910.18,497
910.296,474
910.412,479
910.528,480
910.644,478
910.76,494
910.875,495
910.991,465
911.107,488
911.223,467
911.339,508
911.455,462
911.571,499
911.687,497
911.803,479
911.919,476
912.035,489
912.151,478
912.267,482
912.382,480
912.498,488
912.614,482
912.73,488
912.846,481
792.446,1679
792.565,1657
792.684,1651
792.803,1610
792.922,1495
793.041,1454
793.16,1408
793.279,1411
793.398,1350
793.518,1319
793.637,1318
793.756,1243
793.875,1294
793.994,1249
794.113,1231
794.232,1201
794.351,1177
794.47,1162
794.589,1105
794.708,1087
794.827,1080
794.946,1099
795.066,1083
795.185,1054
795.304,1051
795.423,1014
795.542,1009
795.661,977
795.78,945
795.899,978
796.018,943
796.137,940
796.256,927
796.375,912
796.494,918
796.613,926
796.732,874
796.851,859
796.97,876
797.089,851
797.208,822
797.327,814
797.446,818
797.565,851
797.684,805
797.803,791
797.922,790
798.041,820
798.16,798
798.279,783
798.398,775
798.517,759
798.636,764
798.755,792
798.874,767
798.993,761
799.112,748
799.231,781
799.35,757
799.469,771
799.588,734
799.707,741
799.826,739
799.945,723
800.064,717
800.183,683
800.302,741
800.421,709
800.54,717
800.659,716
800.778,711
800.897,716
801.016,700
801.135,699
801.254,698
801.373,687
801.492,677
801.611,691
801.729,654
801.848,672
801.967,663
802.086,685
802.205,646
802.324,678
802.443,693
802.562,664
802.681,662
802.8,647
802.919,659
803.038,653
803.157,650
803.276,683
803.394,649
803.513,663
803.632,643
803.751,638
803.87,643
803.989,656
804.108,646
804.227,630
804.346,637
804.465,637
804.583,651
804.702,647
804.821,632
804.94,627
805.059,634
805.178,627
805.297,614
805.416,638
805.535,632
805.653,604
805.772,656
805.891,607
806.01,613
806.129,654
806.248,625
806.367,613
806.485,613
806.604,619
806.723,607
806.842,623
806.961,608
807.08,603
807.198,601
807.317,596
807.436,613
807.555,597
807.674,595
807.793,584
807.912,586
808.03,583
808.149,589
808.268,599
808.387,574
808.506,600
808.624,573
808.743,592
808.862,565
808.981,595
809.1,586
809.219,578
809.337,576
809.456,617
809.575,607
809.694,566
809.812,587
809.931,604
810.05,583
810.169,556
810.288,582
810.406,576
810.525,585
810.644,603
810.763,594
810.882,586
811.0,588
811.119,594
811.238,569
811.357,595
811.475,560
811.594,588
811.713,571
811.832,606
811.95,585
812.069,600
812.188,590
812.307,595
812.425,583
812.544,582
812.663,583
812.782,575
812.9,583
813.019,577
813.138,580
813.257,601
813.375,570
813.494,589
813.613,582
813.731,585
813.85,580
813.969,570
814.088,584
814.206,568
814.325,578
814.444,578
814.562,580
814.681,588
814.8,574
814.918,553
815.037,563
815.156,581
815.274,581
815.393,568
815.512,557
815.631,546
815.749,588
815.868,559
815.987,588
816.105,571
816.224,561
816.343,564
816.461,570
816.58,574
816.698,579
816.817,580
816.936,564
817.055,580
817.173,569
817.292,590
817.41,561
817.529,560
817.648,587
817.766,576
817.885,567
818.004,560
818.122,559
818.241,578
818.359,592
818.478,591
818.597,593
818.715,551
818.834,578
818.953,569
819.071,563
819.19,576
819.308,574
819.427,567
819.546,575
819.664,569
819.783,566
819.901,576
820.02,559
820.138,592
820.257,566
820.376,553
820.494,571
820.613,557
820.731,565
820.85,587
820.969,565
821.087,566
821.206,567
821.324,564
821.443,569
821.561,575
821.68,565
821.798,573
821.917,567
822.035,565
822.154,571
822.273,571
822.391,580
822.51,556
822.628,560
822.747,557
822.865,554
822.984,548
823.102,543
823.221,548
823.339,525
823.458,549
823.576,566
823.695,560
823.813,546
823.932,561
824.05,561
824.169,544
824.287,540
824.406,554
824.524,541
824.643,552
824.761,541
824.88,542
824.998,537
825.117,559
825.235,559
825.354,556
825.472,544
825.591,566
825.709,545
825.828,565
825.946,553
826.064,561
826.183,548
826.301,547
826.42,547
826.538,520
826.657,532
826.775,543
826.894,560
827.012,561
827.13,554
827.249,556
827.367,553
827.486,565
827.604,539
827.723,561
827.841,540
827.959,523
828.078,558
828.196,544
828.315,522
828.433,558
828.552,569
828.67,560
828.788,552
828.907,556
829.025,541
829.143,552
829.262,533
829.38,528
829.499,545
829.617,533
829.735,552
829.854,548
829.972,541
830.091,538
830.209,547
830.327,540
830.446,561
830.564,543
830.682,532
830.801,540
830.919,523
831.037,523
831.156,546
831.274,552
831.392,534
831.511,551
831.629,541
831.747,552
831.866,534
831.984,539
832.102,551
832.221,551
832.339,567
832.457,546
832.576,526
832.694,555
832.812,560
832.93,565
833.049,548
833.167,531
833.285,552
833.404,556
833.522,532
833.64,544
833.759,559
833.877,548
833.995,543
834.113,549
834.232,547
834.35,548
834.468,568
834.586,561
834.705,540
834.823,581
834.941,538
835.059,565
835.178,568
835.296,558
835.414,513
835.532,563
835.651,534
835.769,522
835.887,540
836.005,553
836.124,534
836.242,527
836.36,534
836.478,542
836.596,539
836.715,522
836.833,516
836.951,548
837.069,517
837.188,529
837.306,551
837.424,520
837.542,549
837.66,531
837.779,555
837.897,515
838.015,517
838.133,536
838.251,534
838.369,539
838.487,550
838.606,547
838.724,524
838.842,536
838.96,536
839.078,527
839.196,554
839.315,533
839.433,544
839.551,561
839.669,562
839.787,570
839.905,549
840.023,561
840.142,549
840.26,575
840.378,573
840.496,581
840.614,575
840.732,555
840.85,570
840.968,582
841.087,560
841.205,559
841.323,582
841.441,581
841.559,562
841.677,591
841.795,587
841.913,585
842.031,603
842.149,577
842.267,575
842.385,577
842.504,580
842.622,572
842.74,569
842.858,579
842.976,583
843.094,585
843.212,568
843.33,565
843.448,591
843.566,578
843.684,570
843.802,593
843.92,585
844.038,584
844.156,584
844.274,581
844.392,588
844.51,569
844.628,567
844.746,565
844.864,601
844.982,592
845.1,578
845.218,596
845.336,604
845.454,577
845.572,576
845.69,578
845.808,572
845.926,588
846.044,583
846.162,545
846.28,556
846.398,578
846.516,562
846.634,576
846.752,579
846.87,613
846.988,566
847.106,578
847.224,578
847.342,597
847.46,610
847.578,606
847.696,596
847.814,593
847.932,618
848.05,603
848.168,595
848.285,605
848.403,583
848.521,595
848.639,603
848.757,609
848.875,583
848.993,578
849.111,625
849.229,588
849.347,614
849.465,628
849.582,600
849.7,609
849.818,595
849.936,586
850.054,583
850.172,584
850.29,582
850.408,593
850.525,583
850.643,579
850.761,584
850.879,573
850.997,552
851.115,562
851.233,604
851.35,571
851.468,576
851.586,593
851.704,552
851.822,577
851.94,592
852.057,612
852.175,561
852.293,620
852.411,643
852.529,671
852.647,675
852.764,675
852.882,666
853.0,614
853.118,611
853.236,589
853.353,602
853.471,574
853.589,596
853.707,568
853.824,573
853.942,582
854.06,565
854.178,579
854.296,573
854.413,597
854.531,578
854.649,606
854.767,586
854.884,586
855.002,578
855.12,576
855.238,571
855.355,588
855.473,571
855.591,566
855.708,580
855.826,572
855.944,555
856.062,562
856.179,565
856.297,550
856.415,572
856.532,567
856.65,562
856.768,582
856.886,550
857.003,562
857.121,591
857.239,564
857.356,581
857.474,564
857.592,579
857.709,568
857.827,564
857.945,549
858.062,561
858.18,579
858.298,585
858.415,563
858.533,551
858.651,577
858.768,566
858.886,571
859.003,556
859.121,564
859.239,555
859.356,564
859.474,571
859.592,565
859.709,579
859.827,575
859.944,564
860.062,553
860.18,551
860.297,555
860.415,560
860.532,540
860.65,555
860.768,534
860.885,568
861.003,565
861.12,559
861.238,586
861.356,569
861.473,552
861.591,589
861.708,590
861.826,540
861.943,560
862.061,553
862.178,546
862.296,520
862.414,543
862.531,563
862.649,525
862.766,542
862.884,526
863.001,548
863.119,537
863.236,543
863.354,564
863.471,559
863.589,540
863.706,546
863.824,555
863.941,549
864.059,556
864.176,549
864.294,549
864.411,531
864.529,564
864.646,538
864.764,557
864.881,539
864.999,591
865.116,570
865.233,550
865.351,559
865.468,552
865.586,551
865.703,541
865.821,546
865.938,555
866.056,580
866.173,559
866.29,530
866.408,545
866.525,567
866.643,543
866.76,545
866.878,573
866.995,560
867.112,560
867.23,556
867.347,565
867.465,576
867.582,576
867.699,572
867.817,556
867.934,576
868.051,560
868.169,549
868.286,562
868.404,579
868.521,527
868.638,552
868.756,555
868.873,573
868.99,578
869.108,564
869.225,577
869.342,585
869.46,579
869.577,555
869.694,579
869.812,587
869.929,603
870.046,579
870.164,574
870.281,611
870.398,585
870.516,597
870.633,598
870.75,599
870.867,596
870.985,591
871.102,590
871.219,600
871.337,590
871.454,600
871.571,595
871.688,570
871.806,596
871.923,588
872.04,588
872.157,581
872.275,584
872.392,581
872.509,596
872.626,583
872.744,594
872.861,591
872.978,575
873.095,593
873.213,604
873.33,585
873.447,579
873.564,567
873.681,561
873.799,592
873.916,575
874.033,576
874.15,577
874.267,568
874.385,576
874.502,588
874.619,585
874.736,582
874.853,593
874.97,600
875.088,559
875.205,571
875.322,589
875.439,573
875.556,564
875.673,598
875.791,586
875.908,600
876.025,597
876.142,576
876.259,592
876.376,579
876.493,574
876.61,585
876.728,604
876.845,588
876.962,566
877.079,593
877.196,596
877.313,584
877.43,591
877.547,599
877.664,582
877.781,592
877.898,600
878.016,609
878.133,594
878.25,572
878.367,567
878.484,582
878.601,536
878.718,570
878.835,558
878.952,560
879.069,576
879.186,538
879.303,570
879.42,568
879.537,544
879.654,537
879.771,527
879.888,524
880.005,553
880.122,529
880.239,521
880.356,527
880.473,529
880.59,543
880.707,530
880.824,536
880.941,543
881.058,532
881.175,521
881.292,524
881.409,540
881.526,513
881.643,535
881.76,527
881.877,542
881.994,527
882.111,536
882.228,528
882.345,536
882.462,546
882.579,526
882.696,517
882.812,540
882.929,534
883.046,537
883.163,536
883.28,543
883.397,563
883.514,537
883.631,547
883.748,537
883.865,541
883.982,533
884.098,546
884.215,552
884.332,544
884.449,551
884.566,549
884.683,563
884.8,559
884.916,567
885.033,575
885.15,558
885.267,589
885.384,607
885.501,609
885.617,612
885.734,595
885.851,626
885.968,624
886.085,606
886.202,613
886.318,634
886.435,597
886.552,624
886.669,622
886.786,592
886.902,579
887.019,592
887.136,611
887.253,583
887.369,567
887.486,572
887.603,575
887.72,544
887.837,575
887.953,537
888.07,542
888.187,543
888.304,520
888.42,530
888.537,519
888.654,512
888.77,500
888.887,505
889.004,507
889.121,508
889.237,501
889.354,496
889.471,483
889.587,513
889.704,491
889.821,494
889.938,491
890.054,502
890.171,496
890.288,505
890.404,518
890.521,481
890.638,498
890.754,502
890.871,482
890.988,482
891.104,509
891.221,488
891.337,502
891.454,510
891.571,491
891.687,496
891.804,499
891.921,481
892.037,493
892.154,479
892.27,482
892.387,510
892.504,489
892.62,507
892.737,508
892.854,495
892.97,493
893.087,507
893.203,495
893.32,506
893.436,503
893.553,504
893.67,505
893.786,523
893.903,495
894.019,514
894.136,500
894.252,508
894.369,502
894.485,509
894.602,508
894.718,488
894.835,499
894.951,501
895.068,505
895.184,522
895.301,495
895.417,509
895.534,505
895.65,491
895.767,501
895.883,504
896.0,499
896.116,510
896.233,513
896.349,504
896.466,490
896.582,534
896.699,492
896.815,512
896.932,510
897.048,511
897.165,515
897.281,498
897.397,503
897.514,497
897.63,501
897.747,496
897.863,524
897.979,515
898.096,518
898.212,542
898.329,526
898.445,549
898.561,523
898.678,501
898.794,531
898.911,519
899.027,494
899.143,534
899.26,537
899.376,532
899.492,520
899.609,512
899.725,514
899.842,523
899.958,512
900.074,528
900.191,521
900.307,521
900.423,520
900.539,525
900.656,524
900.772,515
900.888,514
901.005,529
901.121,518
901.237,528
901.354,542
901.47,544
901.586,529
901.703,523
901.819,534
901.935,549
902.051,557
902.168,542
902.284,569
902.4,556
902.516,561
902.633,563
902.749,587
902.865,561
902.981,557
903.098,562
903.214,556
903.33,577
903.446,579
903.562,573
903.679,567
903.795,574
903.911,569
904.027,553
904.143,553
904.26,526
904.376,531
904.492,549
904.608,556
904.724,524
904.841,542
904.957,527
905.073,528
905.189,513
905.305,536
905.421,515
905.538,488
905.654,519
905.77,500
905.886,490
906.002,517
906.118,516
906.234,516
906.35,501
906.466,498
906.583,512
906.699,484
906.815,481
906.931,496
907.047,478
907.163,453
907.279,507
907.395,487
907.511,491
907.627,500
907.743,487
907.859,491
907.976,498
908.092,476
908.208,488
908.324,485
908.44,497
908.556,476
908.672,499
908.788,485
908.904,495
909.02,484
909.136,488
909.252,489
909.368,478
909.484,486
909.6,477
909.716,474
909.832,496
909.948,472
910.064,495
910.18,497
910.296,495
910.412,495
910.528,477
910.644,488
910.76,485
910.875,476
910.991,481
911.107,493
911.223,474
911.339,470
911.455,498
911.571,468
911.687,486
911.803,471
911.919,490
912.035,493
912.151,493
912.267,494
912.382,511
912.498,507
912.614,483
912.73,503
912.846,495
792.446,1662
792.565,1619
792.684,1643
792.803,1571
792.922,1433
793.041,1519
793.16,1422
793.279,1386
793.398,1405
793.518,1353
793.637,1292
793.756,1310
793.875,1285
793.994,1259
794.113,1206
794.232,1144
794.351,1177
794.47,1178
794.589,1117
794.708,1060
794.827,1063
794.946,1087
795.066,1054
795.185,1059
795.304,1032
795.423,990
795.542,982
795.661,988
795.78,969
795.899,947
796.018,944
796.137,920
796.256,912
796.375,887
796.494,895
796.613,877
796.732,883
796.851,880
796.97,870
797.089,820
797.208,834
797.327,828
797.446,823
797.565,805
797.684,830
797.803,821
797.922,794
798.041,786
798.16,775
798.279,802
798.398,775
798.517,769
798.636,814
798.755,747
798.874,807
798.993,765
799.112,774
799.231,746
799.35,748
799.469,756
799.588,717
799.707,754
799.826,740
799.945,711
800.064,720
800.183,707
800.302,724
800.421,718
800.54,726
800.659,694
800.778,705
800.897,709
801.016,719
801.135,699
801.254,690
801.373,670
801.492,718
801.611,680
801.729,692
801.848,691
801.967,663
802.086,687
802.205,692
802.324,668
802.443,662
802.562,669
802.681,656
802.8,645
802.919,651
803.038,670
803.157,658
803.276,647
803.394,641
803.513,630
803.632,647
803.751,641
803.87,645
803.989,634
804.108,625
804.227,629
804.346,630
804.465,620
804.583,633
804.702,618
804.821,634
804.94,617
805.059,627
805.178,609
805.297,637
805.416,605
805.535,643
805.653,570
805.772,618
805.891,613
806.01,619
806.129,616
806.248,625
806.367,592
806.485,631
806.604,604
806.723,618
806.842,584
806.961,613
807.08,606
807.198,625
807.317,591
807.436,609
807.555,615
807.674,579
807.793,604
807.912,601
808.03,596
808.149,599
808.268,584
808.387,577
808.506,583
808.624,590
808.743,579
808.862,566
808.981,580
809.1,591
809.219,593
809.337,582
809.456,587
809.575,584
809.694,587
809.812,601
809.931,587
810.05,600
810.169,576
810.288,570
810.406,576
810.525,574
810.644,571
810.763,590
810.882,585
811.0,577
811.119,560
811.238,572
811.357,578
811.475,577
811.594,559
811.713,587
811.832,591
811.95,590
812.069,579
812.188,580
812.307,577
812.425,590
812.544,585
812.663,577
812.782,600
812.9,565
813.019,580
813.138,570
813.257,569
813.375,577
813.494,591
813.613,582
813.731,564
813.85,563
813.969,561
814.088,578
814.206,545
814.325,578
814.444,569
814.562,572
814.681,581
814.8,560
814.918,564
815.037,561
815.156,565
815.274,568
815.393,561
815.512,565
815.631,576
815.749,557
815.868,560
815.987,571
816.105,580
816.224,563
816.343,566
816.461,575
816.58,575
816.698,589
816.817,565
816.936,587
817.055,579
817.173,594
817.292,547
817.41,586
817.529,600
817.648,581
817.766,565
817.885,590
818.004,567
818.122,594
818.241,580
818.359,589
818.478,576
818.597,576
818.715,583
818.834,574
818.953,585
819.071,592
819.19,576
819.308,594
819.427,583
819.546,583
819.664,572
819.783,577
819.901,582
820.02,568
820.138,575
820.257,574
820.376,548
820.494,579
820.613,566
820.731,557
820.85,571
820.969,588
821.087,574
821.206,546
821.324,570
821.443,564
821.561,568
821.68,553
821.798,561
821.917,570
822.035,549
822.154,551
822.273,550
822.391,547
822.51,560
822.628,567
822.747,560
822.865,542
822.984,563
823.102,553
823.221,564
823.339,551
823.458,568
823.576,555
823.695,558
823.813,564
823.932,558
824.05,568
824.169,547
824.287,572
824.406,540
824.524,547
824.643,530
824.761,556
824.88,553
824.998,551
825.117,526
825.235,573
825.354,558
825.472,548
825.591,547
825.709,571
825.828,558
825.946,558
826.064,554
826.183,548
826.301,551
826.42,551
826.538,557
826.657,542
826.775,538
826.894,556
827.012,525
827.13,535
827.249,565
827.367,554
827.486,558
827.604,543
827.723,538
827.841,539
827.959,541
828.078,528
828.196,511
828.315,536
828.433,540
828.552,577
828.67,540
828.788,544
828.907,526
829.025,563
829.143,517
829.262,573
829.38,527
829.499,551
829.617,525
829.735,533
829.854,542
829.972,539
830.091,539
830.209,551
830.327,531
830.446,547
830.564,531
830.682,534
830.801,549
830.919,556
831.037,544
831.156,517
831.274,546
831.392,569
831.511,542
831.629,546
831.747,539
831.866,539
831.984,550
832.102,547
832.221,556
832.339,556
832.457,533
832.576,534
832.694,550
832.812,554
832.93,543
833.049,547
833.167,549
833.285,552
833.404,548
833.522,545
833.64,539
833.759,520
833.877,546
833.995,560
834.113,553
834.232,567
834.35,543
834.468,550
834.586,572
834.705,564
834.823,560
834.941,547
835.059,551
835.178,602
835.296,532
835.414,559
835.532,540
835.651,551
835.769,538
835.887,532
836.005,535
836.124,531
836.242,527
836.36,545
836.478,522
836.596,527
836.715,552
836.833,563
836.951,529
837.069,548
837.188,524
837.306,512
837.424,552
837.542,540
837.66,531
837.779,537
837.897,544
838.015,529
838.133,533
838.251,525
838.369,521
838.487,539
838.606,539
838.724,553
838.842,516
838.96,554
839.078,523
839.196,530
839.315,553
839.433,553
839.551,548
839.669,588
839.787,572
839.905,541
840.023,559
840.142,582
840.26,545
840.378,560
840.496,569
840.614,569
840.732,551
840.85,564
840.968,568
841.087,562
841.205,592
841.323,551
841.441,585
841.559,548
841.677,583
841.795,562
841.913,586
842.031,578
842.149,589
842.267,586
842.385,569
842.504,599
842.622,571
842.74,582
842.858,540
842.976,579
843.094,560
843.212,553
843.33,567
843.448,566
843.566,587
843.684,567
843.802,570
843.92,571
844.038,577
844.156,569
844.274,589
844.392,591
844.51,568
844.628,578
844.746,577
844.864,600
844.982,595
845.1,583
845.218,554
845.336,566
845.454,563
845.572,584
845.69,560
845.808,579
845.926,566
846.044,578
846.162,570
846.28,580
846.398,565
846.516,562
846.634,556
846.752,578
846.87,594
846.988,573
847.106,584
847.224,597
847.342,578
847.46,599
847.578,605
847.696,592
847.814,613
847.932,590
848.05,582
848.168,633
848.285,581
848.403,591
848.521,622
848.639,593
848.757,596
848.875,586
848.993,607
849.111,600
849.229,582
849.347,610
849.465,604
849.582,589
849.7,609
849.818,569
849.936,558
850.054,595
850.172,575
850.29,577
850.408,568
850.525,570
850.643,559
850.761,564
850.879,566
850.997,599
851.115,594
851.233,576
851.35,576
851.468,567
851.586,573
851.704,561
851.822,577
851.94,578
852.057,573
852.175,587
852.293,620
852.411,633
852.529,664
852.647,672
852.764,665
852.882,641
853.0,618
853.118,591
853.236,588
853.353,602
853.471,572
853.589,588
853.707,560
853.824,538
853.942,576
854.06,578
854.178,577
854.296,576
854.413,561
854.531,572
854.649,596
854.767,595
854.884,580
855.002,581
855.12,581
855.238,572
855.355,583
855.473,568
855.591,589
855.708,584
855.826,563
855.944,582
856.062,573
856.179,572
856.297,553
856.415,594
856.532,565
856.65,598
856.768,565
856.886,580
857.003,567
857.121,554
857.239,571
857.356,579
857.474,564
857.592,558
857.709,549
857.827,553
857.945,566
858.062,564
858.18,561
858.298,553
858.415,551
858.533,555
858.651,570
858.768,579
858.886,588
859.003,563
859.121,573
859.239,569
859.356,564
859.474,549
859.592,573
859.709,581
859.827,573
859.944,562
860.062,563
860.18,570
860.297,554
860.415,573
860.532,545
860.65,543
860.768,554
860.885,564
861.003,525
861.12,530
861.238,546
861.356,558
861.473,552
861.591,568
861.708,566
861.826,581
861.943,564
862.061,548
862.178,556
862.296,566
862.414,522
862.531,545
862.649,527
862.766,528
862.884,533
863.001,513
863.119,528
863.236,545
863.354,551
863.471,547
863.589,528
863.706,567
863.824,546
863.941,554
864.059,534
864.176,566
864.294,558
864.411,559
864.529,562
864.646,572
864.764,554
864.881,533
864.999,561
865.116,546
865.233,539
865.351,537
865.468,547
865.586,560
865.703,567
865.821,564
865.938,536
866.056,554
866.173,534
866.29,564
866.408,541
866.525,542
866.643,538
866.76,528
866.878,527
866.995,568
867.112,566
867.23,580
867.347,550
867.465,577
867.582,571
867.699,579
867.817,542
867.934,563
868.051,566
868.169,568
868.286,540
868.404,556
868.521,542
868.638,564
868.756,564
868.873,581
868.99,577
869.108,564
869.225,578
869.342,582
869.46,564
869.577,599
869.694,567
869.812,571
869.929,565
870.046,595
870.164,590
870.281,588
870.398,582
870.516,579
870.633,578
870.75,594
870.867,586
870.985,592
871.102,590
871.219,564
871.337,605
871.454,566
871.571,577
871.688,580
871.806,582
871.923,577
872.04,596
872.157,591
872.275,591
872.392,599
872.509,564
872.626,574
872.744,568
872.861,594
872.978,570
873.095,587
873.213,578
873.33,586
873.447,583
873.564,556
873.681,568
873.799,584
873.916,568
874.033,577
874.15,579
874.267,590
874.385,541
874.502,562
874.619,594
874.736,583
874.853,558
874.97,592
875.088,578
875.205,602
875.322,560
875.439,588
875.556,603
875.673,602
875.791,592
875.908,602
876.025,593
876.142,562
876.259,581
876.376,574
876.493,573
876.61,576
876.728,587
876.845,595
876.962,602
877.079,589
877.196,581
877.313,609
877.43,598
877.547,594
877.664,566
877.781,617
877.898,573
878.016,600
878.133,571
878.25,586
878.367,597
878.484,569
878.601,567
878.718,566
878.835,555
878.952,561
879.069,573
879.186,561
879.303,563
879.42,545
879.537,530
879.654,528
879.771,520
879.888,536
880.005,537
880.122,541
880.239,514
880.356,523
880.473,517
880.59,529
880.707,514
880.824,544
880.941,552
881.058,525
881.175,526
881.292,522
881.409,544
881.526,536
881.643,543
881.76,540
881.877,542
881.994,526
882.111,519
882.228,528
882.345,524
882.462,541
882.579,531
882.696,550
882.812,544
882.929,561
883.046,529
883.163,532
883.28,524
883.397,556
883.514,543
883.631,523
883.748,559
883.865,564
883.982,537
884.098,551
884.215,549
884.332,539
884.449,562
884.566,555
884.683,546
884.8,570
884.916,562
885.033,546
885.15,597
885.267,600
885.384,585
885.501,611
885.617,612
885.734,608
885.851,577
885.968,626
886.085,636
886.202,629
886.318,613
886.435,622
886.552,584
886.669,606
886.786,601
886.902,589
887.019,579
887.136,602
887.253,577
887.369,579
887.486,555
887.603,568
887.72,563
887.837,561
887.953,552
888.07,543
888.187,523
888.304,555
888.42,538
888.537,517
888.654,503
888.77,538
888.887,509
889.004,512
889.121,497
889.237,494
889.354,474
889.471,508
889.587,489
889.704,491
889.821,490
889.938,516
890.054,509
890.171,496
890.288,495
890.404,520
890.521,488
890.638,503
890.754,514
890.871,488
890.988,494
891.104,512
891.221,493
891.337,493
891.454,500
891.571,506
891.687,498
891.804,496
891.921,505
892.037,484
892.154,498
892.27,499
892.387,491
892.504,519
892.62,502
892.737,490
892.854,475
892.97,483
893.087,526
893.203,484
893.32,502
893.436,495
893.553,509
893.67,516
893.786,512
893.903,519
894.019,510
894.136,507
894.252,494
894.369,518
894.485,501
894.602,511
894.718,490
894.835,517
894.951,511
895.068,479
895.184,509
895.301,505
895.417,490
895.534,511
895.65,500
895.767,508
895.883,500
896.0,500
896.116,500
896.233,507
896.349,498
896.466,513
896.582,504
896.699,495
896.815,510
896.932,519
897.048,521
897.165,504
897.281,484
897.397,502
897.514,505
897.63,496
897.747,487
897.863,513
897.979,524
898.096,492
898.212,509
898.329,511
898.445,525
898.561,519
898.678,521
898.794,527
898.911,508
899.027,519
899.143,542
899.26,519
899.376,508
899.492,532
899.609,524
899.725,496
899.842,506
899.958,516
900.074,519
900.191,543
900.307,501
900.423,542
900.539,531
900.656,525
900.772,531
900.888,531
901.005,522
901.121,524
901.237,529
901.354,514
901.47,530
901.586,546
901.703,537
901.819,552
901.935,548
902.051,559
902.168,537
902.284,578
902.4,557
902.516,575
902.633,566
902.749,570
902.865,576
902.981,578
903.098,593
903.214,587
903.33,576
903.446,588
903.562,562
903.679,587
903.795,586
903.911,555
904.027,538
904.143,556
904.26,552
904.376,548
904.492,540
904.608,521
904.724,549
904.841,532
904.957,526
905.073,533
905.189,510
905.305,515
905.421,509
905.538,543
905.654,514
905.77,499
905.886,510
906.002,510
906.118,485
906.234,501
906.35,517
906.466,509
906.583,485
906.699,490
906.815,487
906.931,464
907.047,467
907.163,504
907.279,482
907.395,485
907.511,486
907.627,500
907.743,487
907.859,491
907.976,491
908.092,478
908.208,484
908.324,493
908.44,467
908.556,482
908.672,484
908.788,495
908.904,463
909.02,496
909.136,483
909.252,492
909.368,470
909.484,487
909.6,491
909.716,480
909.832,489
909.948,489
910.064,481
910.18,471
910.296,494
910.412,490
910.528,478
910.644,486
910.76,484
910.875,495
910.991,496
911.107,486
911.223,484
911.339,491
911.455,466
911.571,496
911.687,471
911.803,504
911.919,483
912.035,487
912.151,478
912.267,480
912.382,473
912.498,492
912.614,487
912.73,478
912.846,481
