792.446,319
792.565,359
792.684,399
792.803,370
792.922,333
793.041,327
793.16,318
793.279,338
793.398,335
793.518,331
793.637,329
793.756,331
793.875,366
793.994,326
794.113,334
794.232,327
794.351,335
794.47,337
794.589,326
794.708,316
794.827,328
794.946,338
795.066,339
795.185,338
795.304,331
795.423,333
795.542,337
795.661,323
795.78,336
795.899,332
796.018,319
796.137,328
796.256,326
796.375,332
796.494,330
796.613,306
796.732,345
796.851,345
796.97,331
797.089,340
797.208,322
797.327,331
797.446,332
797.565,329
797.684,328
797.803,329
797.922,347
798.041,321
798.16,330
798.279,327
798.398,342
798.517,321
798.636,333
798.755,319
798.874,330
798.993,320
799.112,319
799.231,325
799.35,328
799.469,331
799.588,324
799.707,328
799.826,333
799.945,329
800.064,329
800.183,324
800.302,312
800.421,335
800.54,328
800.659,326
800.778,334
800.897,322
801.016,323
801.135,327
801.254,325
801.373,322
801.492,333
801.611,321
801.729,315
801.848,320
801.967,333
802.086,322
802.205,321
802.324,316
802.443,338
802.562,328
802.681,325
802.8,333
802.919,332
803.038,325
803.157,337
803.276,331
803.394,330
803.513,324
803.632,329
803.751,325
803.87,324
803.989,329
804.108,324
804.227,312
804.346,328
804.465,338
804.583,343
804.702,328
804.821,334
804.94,335
805.059,339
805.178,320
805.297,326
805.416,319
805.535,330
805.653,323
805.772,323
805.891,325
806.01,338
806.129,326
806.248,343
806.367,327
806.485,333
806.604,309
806.723,323
806.842,324
806.961,329
807.08,321
807.198,337
807.317,323
807.436,334
807.555,340
807.674,335
807.793,308
807.912,342
808.03,330
808.149,328
808.268,324
808.387,323
808.506,331
808.624,329
808.743,322
808.862,333
808.981,336
809.1,321
809.219,330
809.337,322
809.456,326
809.575,332
809.694,333
809.812,336
809.931,326
810.05,323
810.169,330
810.288,338
810.406,323
810.525,339
810.644,332
810.763,328
810.882,330
811.0,333
811.119,336
811.238,332
811.357,342
811.475,328
811.594,332
811.713,329
811.832,324
811.95,340
812.069,343
812.188,328
812.307,347
812.425,339
812.544,335
812.663,324
812.782,338
812.9,343
813.019,324
813.138,324
813.257,340
813.375,333
813.494,333
813.613,335
813.731,333
813.85,330
813.969,338
814.088,333
814.206,337
814.325,342
814.444,322
814.562,343
814.681,335
814.8,337
814.918,343
815.037,330
815.156,325
815.274,325
815.393,328
815.512,324
815.631,319
815.749,324
815.868,322
815.987,326
816.105,324
816.224,322
816.343,339
816.461,332
816.58,322
816.698,336
816.817,330
816.936,325
817.055,320
817.173,353
817.292,324
817.41,335
817.529,335
817.648,321
817.766,326
817.885,321
818.004,328
818.122,330
818.241,324
818.359,324
818.478,328
818.597,333
818.715,328
818.834,331
818.953,311
819.071,318
819.19,309
819.308,315
819.427,314
819.546,328
819.664,325
819.783,324
819.901,310
820.02,307
820.138,317
820.257,312
820.376,312
820.494,319
820.613,319
820.731,329
820.85,312
820.969,323
821.087,320
821.206,323
821.324,311
821.443,324
821.561,316
821.68,316
821.798,312
821.917,323
822.035,315
822.154,315
822.273,304
822.391,310
822.51,306
822.628,323
822.747,317
822.865,331
822.984,325
823.102,324
823.221,324
823.339,319
823.458,334
823.576,327
823.695,309
823.813,320
823.932,309
824.05,328
824.169,316
824.287,306
824.406,324
824.524,321
824.643,311
824.761,299
824.88,318
824.998,318
825.117,319
825.235,320
825.354,306
825.472,310
825.591,319
825.709,316
825.828,327
825.946,321
826.064,311
826.183,324
826.301,323
826.42,306
826.538,334
826.657,316
826.775,324
826.894,328
827.012,319
827.13,323
827.249,314
827.367,321
827.486,323
827.604,311
827.723,323
827.841,306
827.959,302
828.078,320
828.196,310
828.315,317
828.433,316
828.552,319
828.67,310
828.788,316
828.907,308
829.025,326
829.143,311
829.262,323
829.38,301
829.499,316
829.617,315
829.735,319
829.854,313
829.972,335
830.091,314
830.209,312
830.327,313
830.446,323
830.564,319
830.682,317
830.801,323
830.919,325
831.037,314
831.156,315
831.274,314
831.392,310
831.511,319
831.629,315
831.747,307
831.866,318
831.984,311
832.102,312
832.221,321
832.339,323
832.457,311
832.576,306
832.694,322
832.812,312
832.93,322
833.049,322
833.167,296
833.285,327
833.404,305
833.522,318
833.64,315
833.759,330
833.877,328
833.995,317
834.113,313
834.232,319
834.35,311
834.468,317
834.586,308
834.705,320
834.823,313
834.941,324
835.059,320
835.178,308
835.296,314
835.414,316
835.532,314
835.651,330
835.769,310
835.887,320
836.005,319
836.124,315
836.242,320
836.36,333
836.478,311
836.596,327
836.715,317
836.833,308
836.951,314
837.069,321
837.188,316
837.306,311
837.424,323
837.542,332
837.66,320
837.779,327
837.897,319
838.015,331
838.133,314
838.251,327
838.369,314
838.487,317
838.606,327
838.724,326
838.842,310
838.96,325
839.078,323
839.196,315
839.315,314
839.433,313
839.551,310
839.669,323
839.787,305
839.905,318
840.023,304
840.142,332
840.26,305
840.378,320
840.496,314
840.614,321
840.732,320
840.85,310
840.968,309
841.087,317
841.205,314
841.323,327
841.441,298
841.559,314
841.677,302
841.795,319
841.913,317
842.031,323
842.149,317
842.267,303
842.385,324
842.504,319
842.622,325
842.74,327
842.858,312
842.976,333
843.094,322
843.212,310
843.33,315
843.448,322
843.566,314
843.684,314
843.802,322
843.92,323
844.038,328
844.156,307
844.274,297
844.392,307
844.51,309
844.628,319
844.746,305
844.864,327
844.982,320
845.1,325
845.218,310
845.336,323
845.454,327
845.572,308
845.69,322
845.808,328
845.926,314
846.044,317
846.162,311
846.28,318
846.398,312
846.516,327
846.634,302
846.752,307
846.87,319
846.988,325
847.106,314
847.224,308
847.342,309
847.46,322
847.578,307
847.696,322
847.814,311
847.932,308
848.05,324
848.168,316
848.285,309
848.403,323
848.521,311
848.639,320
848.757,322
848.875,324
848.993,317
849.111,314
849.229,323
849.347,320
849.465,326
849.582,325
849.7,309
849.818,330
849.936,309
850.054,328
850.172,308
850.29,315
850.408,332
850.525,320
850.643,325
850.761,304
850.879,324
850.997,327
851.115,308
851.233,322
851.35,302
851.468,325
851.586,316
851.704,310
851.822,325
851.94,315
852.057,322
852.175,317
852.293,316
852.411,338
852.529,308
852.647,319
852.764,318
852.882,328
853.0,311
853.118,315
853.236,311
853.353,322
853.471,314
853.589,319
853.707,310
853.824,323
853.942,298
854.06,325
854.178,320
854.296,315
854.413,315
854.531,315
854.649,312
854.767,321
854.884,307
855.002,322
855.12,317
855.238,308
855.355,322
855.473,318
855.591,309
855.708,313
855.826,311
855.944,316
856.062,316
856.179,317
856.297,305
856.415,314
856.532,316
856.65,323
856.768,313
856.886,318
857.003,335
857.121,316
857.239,322
857.356,325
857.474,312
857.592,325
857.709,316
857.827,322
857.945,317
858.062,321
858.18,314
858.298,314
858.415,316
858.533,312
858.651,319
858.768,313
858.886,305
859.003,323
859.121,321
859.239,323
859.356,312
859.474,325
859.592,315
859.709,325
859.827,329
859.944,320
860.062,316
860.18,306
860.297,312
860.415,326
860.532,313
860.65,325
860.768,317
860.885,317
861.003,310
861.12,319
861.238,330
861.356,312
861.473,317
861.591,322
861.708,314
861.826,303
861.943,308
862.061,323
862.178,328
862.296,311
862.414,318
862.531,320
862.649,312
862.766,323
862.884,319
863.001,323
863.119,304
863.236,320
863.354,312
863.471,314
863.589,331
863.706,322
863.824,318
863.941,318
864.059,307
864.176,314
864.294,318
864.411,306
864.529,313
864.646,328
864.764,320
864.881,318
864.999,320
865.116,321
865.233,310
865.351,315
865.468,314
865.586,317
865.703,318
865.821,316
865.938,319
866.056,331
866.173,315
866.29,335
866.408,328
866.525,313
866.643,306
866.76,321
866.878,307
866.995,315
867.112,314
867.23,308
867.347,315
867.465,325
867.582,313
867.699,325
867.817,309
867.934,311
868.051,311
868.169,305
868.286,316
868.404,316
868.521,310
868.638,317
868.756,310
868.873,336
868.99,312
869.108,311
869.225,320
869.342,320
869.46,329
869.577,306
869.694,328
869.812,308
869.929,319
870.046,318
870.164,297
870.281,312
870.398,311
870.516,329
870.633,303
870.75,326
870.867,319
870.985,331
871.102,323
871.219,319
871.337,311
871.454,322
871.571,297
871.688,317
871.806,319
871.923,316
872.04,309
872.157,311
872.275,312
872.392,322
872.509,307
872.626,317
872.744,313
872.861,325
872.978,314
873.095,311
873.213,315
873.33,321
873.447,323
873.564,325
873.681,316
873.799,300
873.916,329
874.033,317
874.15,317
874.267,327
874.385,304
874.502,311
874.619,315
874.736,320
874.853,304
874.97,309
875.088,312
875.205,313
875.322,302
875.439,319
875.556,320
875.673,314
875.791,313
875.908,318
876.025,320
876.142,313
876.259,313
876.376,312
876.493,310
876.61,331
876.728,323
876.845,312
876.962,302
877.079,316
877.196,323
877.313,320
877.43,312
877.547,318
877.664,325
877.781,312
877.898,307
878.016,323
878.133,311
878.25,308
878.367,313
878.484,310
878.601,332
878.718,316
878.835,306
878.952,309
879.069,319
879.186,302
879.303,314
879.42,320
879.537,310
879.654,314
879.771,319
879.888,320
880.005,324
880.122,320
880.239,306
880.356,316
880.473,311
880.59,320
880.707,319
880.824,300
880.941,318
881.058,313
881.175,324
881.292,317
881.409,315
881.526,328
881.643,308
881.76,329
881.877,308
881.994,314
882.111,309
882.228,326
882.345,304
882.462,328
882.579,318
882.696,307
882.812,309
882.929,326
883.046,309
883.163,324
883.28,307
883.397,312
883.514,314
883.631,310
883.748,316
883.865,304
883.982,313
884.098,314
884.215,316
884.332,311
884.449,328
884.566,318
884.683,325
884.8,334
884.916,313
885.033,327
885.15,315
885.267,324
885.384,314
885.501,323
885.617,296
885.734,322
885.851,320
885.968,313
886.085,310
886.202,314
886.318,316
886.435,320
886.552,310
886.669,306
886.786,321
886.902,315
887.019,321
887.136,326
887.253,314
887.369,320
887.486,324
887.603,316
887.72,315
887.837,311
887.953,313
888.07,314
888.187,312
888.304,313
888.42,311
888.537,318
888.654,307
888.77,328
888.887,316
889.004,311
889.121,318
889.237,314
889.354,319
889.471,324
889.587,301
889.704,308
889.821,316
889.938,316
890.054,309
890.171,325
890.288,321
890.404,320
890.521,314
890.638,320
890.754,314
890.871,322
890.988,305
891.104,315
891.221,312
891.337,326
891.454,316
891.571,323
891.687,308
891.804,321
891.921,309
892.037,313
892.154,303
892.27,330
892.387,315
892.504,310
892.62,310
892.737,314
892.854,301
892.97,314
893.087,294
893.203,323
893.32,310
893.436,320
893.553,315
893.67,302
893.786,310
893.903,312
894.019,325
894.136,321
894.252,319
894.369,309
894.485,307
894.602,316
894.718,313
894.835,320
894.951,314
895.068,314
895.184,314
895.301,323
895.417,320
895.534,324
895.65,307
895.767,323
895.883,307
896.0,313
896.116,307
896.233,315
896.349,306
896.466,324
896.582,307
896.699,334
896.815,317
896.932,315
897.048,326
897.165,324
897.281,321
897.397,320
897.514,316
897.63,319
897.747,306
897.863,314
897.979,320
898.096,309
898.212,311
898.329,316
898.445,316
898.561,328
898.678,302
898.794,329
898.911,324
899.027,324
899.143,314
899.26,318
899.376,307
899.492,309
899.609,312
899.725,302
899.842,321
899.958,326
900.074,309
900.191,322
900.307,319
900.423,316
900.539,305
900.656,313
900.772,305
900.888,324
901.005,320
901.121,323
901.237,320
901.354,312
901.47,317
901.586,310
901.703,318
901.819,327
901.935,317
902.051,329
902.168,307
902.284,326
902.4,312
902.516,334
902.633,297
902.749,329
902.865,324
902.981,312
903.098,309
903.214,320
903.33,312
903.446,323
903.562,307
903.679,317
903.795,323
903.911,312
904.027,309
904.143,311
904.26,315
904.376,328
904.492,321
904.608,304
904.724,304
904.841,328
904.957,309
905.073,306
905.189,314
905.305,332
905.421,309
905.538,314
905.654,317
905.77,335
905.886,312
906.002,323
906.118,305
906.234,328
906.35,308
906.466,331
906.583,307
906.699,318
906.815,319
906.931,310
907.047,304
907.163,325
907.279,322
907.395,330
907.511,314
907.627,311
907.743,321
907.859,320
907.976,313
908.092,320
908.208,313
908.324,326
908.44,315
908.556,334
908.672,317
908.788,306
908.904,322
909.02,317
909.136,306
909.252,337
909.368,310
909.484,315
909.6,303
909.716,328
909.832,324
909.948,313
910.064,312
910.18,324
910.296,317
910.412,320
910.528,318
910.644,327
910.76,324
910.875,311
910.991,319
911.107,327
911.223,315
911.339,308
911.455,320
911.571,305
911.687,313
911.803,317
911.919,305
912.035,335
912.151,316
912.267,326
912.382,317
912.498,320
912.614,316
912.73,307
912.846,299
792.446,322
792.565,342
792.684,399
792.803,385
792.922,343
793.041,320
793.16,320
793.279,338
793.398,326
793.518,314
793.637,314
793.756,342
793.875,358
793.994,349
794.113,331
794.232,334
794.351,316
794.47,335
794.589,326
794.708,343
794.827,328
794.946,336
795.066,322
795.185,340
795.304,327
795.423,330
795.542,340
795.661,333
795.78,336
795.899,320
796.018,335
796.137,333
796.256,328
796.375,329
796.494,332
796.613,333
796.732,317
796.851,330
796.97,332
797.089,308
797.208,336
797.327,339
797.446,334
797.565,330
797.684,334
797.803,331
797.922,333
798.041,346
798.16,329
798.279,335
798.398,334
798.517,338
798.636,332
798.755,334
798.874,326
798.993,337
799.112,309
799.231,340
799.35,335
799.469,346
799.588,326
799.707,333
799.826,321
799.945,349
800.064,317
800.183,326
800.302,333
800.421,321
800.54,335
800.659,329
800.778,326
800.897,339
801.016,333
801.135,330
801.254,346
801.373,328
801.492,342
801.611,333
801.729,343
801.848,324
801.967,332
802.086,331
802.205,325
802.324,336
802.443,330
802.562,324
802.681,313
802.8,343
802.919,337
803.038,331
803.157,314
803.276,331
803.394,328
803.513,327
803.632,319
803.751,318
803.87,341
803.989,332
804.108,326
804.227,334
804.346,318
804.465,325
804.583,327
804.702,322
804.821,322
804.94,335
805.059,321
805.178,342
805.297,325
805.416,328
805.535,327
805.653,327
805.772,341
805.891,323
806.01,329
806.129,334
806.248,330
806.367,315
806.485,335
806.604,332
806.723,334
806.842,322
806.961,314
807.08,347
807.198,326
807.317,330
807.436,332
807.555,327
807.674,332
807.793,333
807.912,312
808.03,325
808.149,331
808.268,337
808.387,333
808.506,327
808.624,332
808.743,337
808.862,323
808.981,342
809.1,328
809.219,329
809.337,338
809.456,327
809.575,331
809.694,335
809.812,333
809.931,333
810.05,328
810.169,338
810.288,330
810.406,340
810.525,338
810.644,333
810.763,333
810.882,316
811.0,337
811.119,333
811.238,337
811.357,323
811.475,343
811.594,339
811.713,346
811.832,354
811.95,330
812.069,328
812.188,340
812.307,334
812.425,333
812.544,327
812.663,324
812.782,344
812.9,334
813.019,350
813.138,336
813.257,334
813.375,326
813.494,328
813.613,340
813.731,338
813.85,339
813.969,319
814.088,335
814.206,324
814.325,321
814.444,325
814.562,333
814.681,335
814.8,317
814.918,321
815.037,323
815.156,322
815.274,339
815.393,341
815.512,328
815.631,328
815.749,333
815.868,338
815.987,318
816.105,344
816.224,340
816.343,332
816.461,318
816.58,339
816.698,341
816.817,328
816.936,333
817.055,339
817.173,334
817.292,341
817.41,344
817.529,333
817.648,331
817.766,325
817.885,322
818.004,323
818.122,327
818.241,327
818.359,326
818.478,334
818.597,313
818.715,327
818.834,321
818.953,330
819.071,329
819.19,314
819.308,321
819.427,330
819.546,320
819.664,320
819.783,322
819.901,321
820.02,319
820.138,327
820.257,327
820.376,333
820.494,312
820.613,334
820.731,327
820.85,329
820.969,325
821.087,328
821.206,317
821.324,322
821.443,321
821.561,333
821.68,317
821.798,312
821.917,319
822.035,332
822.154,323
822.273,317
822.391,327
822.51,315
822.628,316
822.747,313
822.865,322
822.984,309
823.102,314
823.221,320
823.339,320
823.458,330
823.576,320
823.695,335
823.813,324
823.932,323
824.05,315
824.169,323
824.287,332
824.406,319
824.524,318
824.643,338
824.761,316
824.88,316
824.998,322
825.117,331
825.235,328
825.354,321
825.472,317
825.591,314
825.709,317
825.828,306
825.946,310
826.064,323
826.183,320
826.301,321
826.42,313
826.538,328
826.657,321
826.775,321
826.894,311
827.012,323
827.13,320
827.249,308
827.367,331
827.486,329
827.604,302
827.723,311
827.841,323
827.959,322
828.078,316
828.196,313
828.315,327
828.433,328
828.552,322
828.67,321
828.788,310
828.907,319
829.025,323
829.143,320
829.262,314
829.38,326
829.499,321
829.617,323
829.735,324
829.854,308
829.972,321
830.091,315
830.209,326
830.327,330
830.446,320
830.564,302
830.682,310
830.801,314
830.919,320
831.037,323
831.156,304
831.274,320
831.392,326
831.511,319
831.629,317
831.747,330
831.866,316
831.984,322
832.102,314
832.221,309
832.339,310
832.457,322
832.576,325
832.694,319
832.812,310
832.93,324
833.049,319
833.167,320
833.285,320
833.404,319
833.522,321
833.64,325
833.759,318
833.877,325
833.995,321
834.113,320
834.232,327
834.35,312
834.468,311
834.586,321
834.705,324
834.823,309
834.941,314
835.059,318
835.178,306
835.296,321
835.414,316
835.532,322
835.651,325
835.769,320
835.887,314
836.005,306
836.124,318
836.242,318
836.36,316
836.478,319
836.596,319
836.715,330
836.833,313
836.951,321
837.069,315
837.188,312
837.306,313
837.424,324
837.542,315
837.66,320
837.779,306
837.897,325
838.015,315
838.133,310
838.251,303
838.369,320
838.487,314
838.606,325
838.724,311
838.842,313
838.96,316
839.078,310
839.196,318
839.315,319
839.433,324
839.551,310
839.669,311
839.787,314
839.905,311
840.023,313
840.142,310
840.26,309
840.378,312
840.496,310
840.614,294
840.732,326
840.85,321
840.968,313
841.087,309
841.205,329
841.323,319
841.441,306
841.559,308
841.677,329
841.795,311
841.913,312
842.031,329
842.149,316
842.267,318
842.385,319
842.504,308
842.622,317
842.74,309
842.858,330
842.976,322
843.094,332
843.212,320
843.33,301
843.448,311
843.566,318
843.684,304
843.802,323
843.92,316
844.038,317
844.156,326
844.274,312
844.392,330
844.51,331
844.628,318
844.746,325
844.864,310
844.982,318
845.1,320
845.218,310
845.336,313
845.454,337
845.572,315
845.69,315
845.808,318
845.926,327
846.044,313
846.162,317
846.28,309
846.398,329
846.516,312
846.634,322
846.752,333
846.87,327
846.988,314
847.106,318
847.224,325
847.342,335
847.46,317
847.578,312
847.696,318
847.814,327
847.932,319
848.05,312
848.168,317
848.285,310
848.403,312
848.521,328
848.639,325
848.757,325
848.875,332
848.993,315
849.111,333
849.229,325
849.347,314
849.465,308
849.582,322
849.7,320
849.818,323
849.936,317
850.054,323
850.172,328
850.29,325
850.408,330
850.525,321
850.643,326
850.761,305
850.879,315
850.997,322
851.115,308
851.233,317
851.35,318
851.468,314
851.586,328
851.704,318
851.822,309
851.94,317
852.057,323
852.175,313
852.293,314
852.411,323
852.529,307
852.647,324
852.764,327
852.882,326
853.0,307
853.118,309
853.236,311
853.353,298
853.471,331
853.589,307
853.707,314
853.824,321
853.942,323
854.06,314
854.178,325
854.296,314
854.413,321
854.531,328
854.649,328
854.767,311
854.884,312
855.002,320
855.12,310
855.238,313
855.355,327
855.473,328
855.591,325
855.708,320
855.826,319
855.944,306
856.062,316
856.179,311
856.297,314
856.415,310
856.532,321
856.65,318
856.768,316
856.886,317
857.003,320
857.121,310
857.239,327
857.356,312
857.474,326
857.592,306
857.709,302
857.827,305
857.945,317
858.062,313
858.18,315
858.298,317
858.415,320
858.533,319
858.651,326
858.768,299
858.886,314
859.003,306
859.121,321
859.239,316
859.356,309
859.474,318
859.592,316
859.709,325
859.827,313
859.944,311
860.062,312
860.18,320
860.297,313
860.415,325
860.532,316
860.65,316
860.768,312
860.885,314
861.003,312
861.12,319
861.238,312
861.356,322
861.473,326
861.591,313
861.708,315
861.826,326
861.943,315
862.061,316
862.178,317
862.296,320
862.414,324
862.531,301
862.649,313
862.766,321
862.884,329
863.001,320
863.119,317
863.236,322
863.354,310
863.471,309
863.589,312
863.706,311
863.824,321
863.941,315
864.059,316
864.176,312
864.294,318
864.411,320
864.529,321
864.646,311
864.764,309
864.881,299
864.999,314
865.116,325
865.233,335
865.351,311
865.468,315
865.586,327
865.703,320
865.821,327
865.938,326
866.056,317
866.173,331
866.29,313
866.408,318
866.525,317
866.643,316
866.76,311
866.878,312
866.995,308
867.112,301
867.23,316
867.347,308
867.465,314
867.582,310
867.699,315
867.817,308
867.934,318
868.051,321
868.169,312
868.286,319
868.404,316
868.521,326
868.638,315
868.756,319
868.873,314
868.99,315
869.108,326
869.225,325
869.342,323
869.46,322
869.577,308
869.694,319
869.812,310
869.929,323
870.046,306
870.164,319
870.281,333
870.398,318
870.516,316
870.633,317
870.75,314
870.867,319
870.985,312
871.102,311
871.219,305
871.337,318
871.454,325
871.571,306
871.688,306
871.806,305
871.923,318
872.04,327
872.157,333
872.275,307
872.392,307
872.509,317
872.626,322
872.744,321
872.861,314
872.978,327
873.095,304
873.213,323
873.33,324
873.447,306
873.564,323
873.681,329
873.799,322
873.916,320
874.033,323
874.15,303
874.267,307
874.385,332
874.502,315
874.619,312
874.736,314
874.853,313
874.97,310
875.088,319
875.205,309
875.322,310
875.439,324
875.556,327
875.673,314
875.791,319
875.908,326
876.025,314
876.142,318
876.259,310
876.376,307
876.493,317
876.61,319
876.728,321
876.845,308
876.962,321
877.079,312
877.196,312
877.313,312
877.43,314
877.547,303
877.664,325
877.781,304
877.898,318
878.016,309
878.133,316
878.25,315
878.367,303
878.484,322
878.601,316
878.718,308
878.835,311
878.952,316
879.069,317
879.186,321
879.303,321
879.42,319
879.537,327
879.654,322
879.771,319
879.888,317
880.005,326
880.122,314
880.239,324
880.356,323
880.473,316
880.59,305
880.707,331
880.824,311
880.941,315
881.058,323
881.175,312
881.292,310
881.409,317
881.526,322
881.643,316
881.76,318
881.877,306
881.994,310
882.111,316
882.228,324
882.345,321
882.462,320
882.579,322
882.696,317
882.812,314
882.929,307
883.046,320
883.163,324
883.28,325
883.397,309
883.514,323
883.631,316
883.748,324
883.865,305
883.982,316
884.098,318
884.215,317
884.332,326
884.449,316
884.566,313
884.683,305
884.8,312
884.916,321
885.033,315
885.15,326
885.267,310
885.384,317
885.501,318
885.617,317
885.734,309
885.851,319
885.968,312
886.085,331
886.202,332
886.318,316
886.435,324
886.552,318
886.669,316
886.786,309
886.902,320
887.019,322
887.136,328
887.253,321
887.369,320
887.486,320
887.603,321
887.72,317
887.837,325
887.953,328
888.07,307
888.187,322
888.304,311
888.42,327
888.537,316
888.654,321
888.77,328
888.887,313
889.004,323
889.121,303
889.237,313
889.354,315
889.471,310
889.587,320
889.704,311
889.821,309
889.938,303
890.054,315
890.171,325
890.288,310
890.404,313
890.521,322
890.638,312
890.754,315
890.871,317
890.988,307
891.104,319
891.221,313
891.337,313
891.454,321
891.571,321
891.687,326
891.804,327
891.921,318
892.037,322
892.154,321
892.27,304
892.387,300
892.504,317
892.62,317
892.737,304
892.854,326
892.97,317
893.087,319
893.203,314
893.32,304
893.436,317
893.553,318
893.67,315
893.786,310
893.903,311
894.019,325
894.136,310
894.252,323
894.369,313
894.485,312
894.602,318
894.718,318
894.835,310
894.951,329
895.068,309
895.184,308
895.301,318
895.417,324
895.534,321
895.65,323
895.767,311
895.883,311
896.0,324
896.116,302
896.233,310
896.349,321
896.466,307
896.582,328
896.699,320
896.815,325
896.932,323
897.048,310
897.165,339
897.281,322
897.397,311
897.514,320
897.63,311
897.747,320
897.863,310
897.979,324
898.096,331
898.212,312
898.329,314
898.445,312
898.561,309
898.678,328
898.794,316
898.911,334
899.027,323
899.143,323
899.26,321
899.376,302
899.492,318
899.609,339
899.725,310
899.842,320
899.958,314
900.074,324
900.191,322
900.307,341
900.423,321
900.539,302
900.656,305
900.772,322
900.888,316
901.005,326
901.121,327
901.237,331
901.354,311
901.47,308
901.586,322
901.703,321
901.819,313
901.935,306
902.051,304
902.168,322
902.284,322
902.4,333
902.516,320
902.633,323
902.749,314
902.865,320
902.981,326
903.098,321
903.214,318
903.33,333
903.446,294
903.562,324
903.679,324
903.795,320
903.911,312
904.027,319
904.143,318
904.26,318
904.376,316
904.492,338
904.608,322
904.724,322
904.841,316
904.957,321
905.073,309
905.189,318
905.305,317
905.421,324
905.538,310
905.654,328
905.77,321
905.886,315
906.002,315
906.118,310
906.234,317
906.35,314
906.466,307
906.583,328
906.699,319
906.815,319
906.931,312
907.047,317
907.163,321
907.279,320
907.395,313
907.511,314
907.627,323
907.743,325
907.859,312
907.976,316
908.092,318
908.208,329
908.324,320
908.44,312
908.556,326
908.672,320
908.788,319
908.904,323
909.02,312
909.136,326
909.252,328
909.368,337
909.484,315
909.6,315
909.716,323
909.832,318
909.948,322
910.064,315
910.18,311
910.296,325
910.412,325
910.528,319
910.644,326
910.76,320
910.875,307
910.991,328
911.107,321
911.223,320
911.339,319
911.455,329
911.571,317
911.687,315
911.803,314
911.919,321
912.035,329
912.151,318
912.267,307
912.382,316
912.498,310
912.614,312
912.73,304
912.846,323
792.446,316
792.565,355
792.684,403
792.803,383
792.922,347
793.041,312
793.16,323
793.279,348
793.398,327
793.518,317
793.637,325
793.756,338
793.875,359
793.994,331
794.113,335
794.232,327
794.351,324
794.47,320
794.589,318
794.708,321
794.827,341
794.946,319
795.066,339
795.185,330
795.304,328
795.423,332
795.542,332
795.661,349
795.78,329
795.899,327
796.018,315
796.137,343
796.256,338
796.375,345
796.494,331
796.613,329
796.732,337
796.851,333
796.97,318
797.089,321
797.208,341
797.327,332
797.446,329
797.565,304
797.684,331
797.803,333
797.922,325
798.041,322
798.16,318
798.279,338
798.398,348
798.517,322
798.636,328
798.755,327
798.874,334
798.993,328
799.112,327
799.231,332
799.35,334
799.469,345
799.588,327
799.707,317
799.826,330
799.945,331
800.064,333
800.183,331
800.302,329
800.421,328
800.54,321
800.659,327
800.778,346
800.897,328
801.016,325
801.135,327
801.254,311
801.373,309
801.492,328
801.611,335
801.729,328
801.848,325
801.967,325
802.086,332
802.205,326
802.324,324
802.443,336
802.562,330
802.681,329
802.8,320
802.919,331
803.038,336
803.157,335
803.276,330
803.394,333
803.513,312
803.632,330
803.751,324
803.87,325
803.989,330
804.108,324
804.227,327
804.346,324
804.465,340
804.583,342
804.702,318
804.821,330
804.94,341
805.059,325
805.178,337
805.297,332
805.416,329
805.535,334
805.653,338
805.772,319
805.891,340
806.01,340
806.129,331
806.248,327
806.367,324
806.485,332
806.604,314
806.723,327
806.842,320
806.961,331
807.08,338
807.198,327
807.317,324
807.436,322
807.555,327
807.674,324
807.793,333
807.912,319
808.03,326
808.149,330
808.268,331
808.387,341
808.506,333
808.624,318
808.743,319
808.862,326
808.981,341
809.1,335
809.219,324
809.337,326
809.456,335
809.575,326
809.694,331
809.812,326
809.931,332
810.05,340
810.169,335
810.288,336
810.406,318
810.525,333
810.644,326
810.763,334
810.882,331
811.0,333
811.119,336
811.238,330
811.357,340
811.475,338
811.594,321
811.713,331
811.832,329
811.95,339
812.069,325
812.188,338
812.307,325
812.425,325
812.544,329
812.663,332
812.782,320
812.9,326
813.019,328
813.138,341
813.257,325
813.375,311
813.494,331
813.613,336
813.731,340
813.85,339
813.969,326
814.088,334
814.206,324
814.325,341
814.444,318
814.562,317
814.681,330
814.8,338
814.918,337
815.037,338
815.156,339
815.274,338
815.393,323
815.512,342
815.631,332
815.749,342
815.868,325
815.987,331
816.105,330
816.224,336
816.343,312
816.461,333
816.58,315
816.698,331
816.817,335
816.936,336
817.055,321
817.173,345
817.292,321
817.41,326
817.529,320
817.648,321
817.766,317
817.885,342
818.004,332
818.122,317
818.241,327
818.359,332
818.478,321
818.597,327
818.715,317
818.834,337
818.953,313
819.071,327
819.19,313
819.308,312
819.427,325
819.546,328
819.664,326
819.783,327
819.901,313
820.02,313
820.138,325
820.257,339
820.376,327
820.494,318
820.613,318
820.731,336
820.85,314
820.969,327
821.087,320
821.206,320
821.324,312
821.443,323
821.561,330
821.68,313
821.798,311
821.917,318
822.035,318
822.154,327
822.273,313
822.391,314
822.51,307
822.628,331
822.747,318
822.865,314
822.984,304
823.102,303
823.221,311
823.339,329
823.458,319
823.576,326
823.695,313
823.813,325
823.932,316
824.05,321
824.169,310
824.287,318
824.406,317
824.524,319
824.643,318
824.761,321
824.88,324
824.998,317
825.117,321
825.235,310
825.354,316
825.472,316
825.591,317
825.709,317
825.828,320
825.946,321
826.064,308
826.183,319
826.301,314
826.42,322
826.538,312
826.657,319
826.775,312
826.894,324
827.012,307
827.13,318
827.249,303
827.367,325
827.486,314
827.604,320
827.723,314
827.841,315
827.959,323
828.078,315
828.196,324
828.315,317
828.433,316
828.552,331
828.67,316
828.788,315
828.907,295
829.025,320
829.143,326
829.262,305
829.38,316
829.499,326
829.617,308
829.735,307
829.854,312
829.972,323
830.091,329
830.209,335
830.327,328
830.446,315
830.564,313
830.682,318
830.801,311
830.919,324
831.037,318
831.156,327
831.274,315
831.392,310
831.511,296
831.629,315
831.747,312
831.866,313
831.984,319
832.102,316
832.221,325
832.339,322
832.457,316
832.576,317
832.694,312
832.812,315
832.93,315
833.049,329
833.167,309
833.285,315
833.404,316
833.522,313
833.64,323
833.759,322
833.877,321
833.995,314
834.113,308
834.232,316
834.35,308
834.468,318
834.586,318
834.705,312
834.823,317
834.941,310
835.059,315
835.178,317
835.296,320
835.414,320
835.532,310
835.651,311
835.769,321
835.887,318
836.005,317
836.124,326
836.242,300
836.36,326
836.478,313
836.596,323
836.715,311
836.833,318
836.951,316
837.069,312
837.188,315
837.306,322
837.424,315
837.542,322
837.66,322
837.779,317
837.897,316
838.015,320
838.133,331
838.251,321
838.369,304
838.487,317
838.606,300
838.724,324
838.842,297
838.96,319
839.078,311
839.196,321
839.315,319
839.433,315
839.551,330
839.669,312
839.787,303
839.905,319
840.023,310
840.142,319
840.26,320
840.378,328
840.496,314
840.614,315
840.732,317
840.85,303
840.968,326
841.087,327
841.205,317
841.323,330
841.441,293
841.559,315
841.677,319
841.795,321
841.913,314
842.031,317
842.149,297
842.267,316
842.385,304
842.504,320
842.622,315
842.74,319
842.858,299
842.976,321
843.094,317
843.212,317
843.33,316
843.448,322
843.566,313
843.684,316
843.802,309
843.92,324
844.038,308
844.156,304
844.274,319
844.392,313
844.51,323
844.628,325
844.746,301
844.864,317
844.982,320
845.1,314
845.218,308
845.336,318
845.454,321
845.572,317
845.69,309
845.808,327
845.926,311
846.044,307
846.162,315
846.28,320
846.398,311
846.516,311
846.634,315
846.752,315
846.87,316
846.988,326
847.106,312
847.224,330
847.342,311
847.46,314
847.578,305
847.696,315
847.814,328
847.932,321
848.05,317
848.168,309
848.285,325
848.403,322
848.521,304
848.639,320
848.757,324
848.875,314
848.993,317
849.111,342
849.229,324
849.347,323
849.465,308
849.582,331
849.7,327
849.818,322
849.936,313
850.054,315
850.172,305
850.29,326
850.408,315
850.525,328
850.643,301
850.761,330
850.879,315
850.997,327
851.115,307
851.233,323
851.35,320
851.468,321
851.586,309
851.704,327
851.822,315
851.94,310
852.057,323
852.175,318
852.293,305
852.411,319
852.529,313
852.647,317
852.764,320
852.882,317
853.0,308
853.118,321
853.236,321
853.353,311
853.471,316
853.589,316
853.707,321
853.824,315
853.942,321
854.06,316
854.178,322
854.296,317
854.413,304
854.531,318
854.649,306
854.767,314
854.884,309
855.002,313
855.12,326
855.238,312
855.355,304
855.473,326
855.591,307
855.708,331
855.826,323
855.944,311
856.062,305
856.179,325
856.297,309
856.415,313
856.532,319
856.65,312
856.768,316
856.886,324
857.003,320
857.121,321
857.239,315
857.356,330
857.474,318
857.592,303
857.709,321
857.827,322
857.945,307
858.062,327
858.18,327
858.298,322
858.415,317
858.533,321
858.651,318
858.768,318
858.886,310
859.003,310
859.121,328
859.239,322
859.356,311
859.474,318
859.592,322
859.709,319
859.827,322
859.944,309
860.062,336
860.18,328
860.297,309
860.415,313
860.532,306
860.65,323
860.768,304
860.885,318
861.003,299
861.12,327
861.238,307
861.356,324
861.473,319
861.591,334
861.708,306
861.826,320
861.943,312
862.061,325
862.178,318
862.296,314
862.414,318
862.531,324
862.649,324
862.766,318
862.884,307
863.001,319
863.119,321
863.236,310
863.354,317
863.471,306
863.589,315
863.706,330
863.824,298
863.941,325
864.059,308
864.176,321
864.294,309
864.411,317
864.529,324
864.646,314
864.764,315
864.881,312
864.999,320
865.116,317
865.233,306
865.351,315
865.468,314
865.586,314
865.703,314
865.821,309
865.938,320
866.056,320
866.173,325
866.29,302
866.408,296
866.525,308
866.643,315
866.76,311
866.878,306
866.995,328
867.112,306
867.23,325
867.347,309
867.465,330
867.582,307
867.699,328
867.817,317
867.934,317
868.051,316
868.169,318
868.286,312
868.404,316
868.521,300
868.638,317
868.756,325
868.873,311
868.99,310
869.108,320
869.225,323
869.342,313
869.46,318
869.577,320
869.694,310
869.812,325
869.929,316
870.046,316
870.164,319
870.281,314
870.398,322
870.516,320
870.633,314
870.75,321
870.867,303
870.985,331
871.102,319
871.219,309
871.337,306
871.454,317
871.571,319
871.688,306
871.806,302
871.923,312
872.04,306
872.157,328
872.275,300
872.392,323
872.509,303
872.626,320
872.744,305
872.861,299
872.978,305
873.095,327
873.213,313
873.33,320
873.447,301
873.564,312
873.681,314
873.799,319
873.916,315
874.033,311
874.15,309
874.267,323
874.385,315
874.502,328
874.619,322
874.736,317
874.853,310
874.97,316
875.088,308
875.205,314
875.322,316
875.439,325
875.556,312
875.673,318
875.791,307
875.908,304
876.025,328
876.142,311
876.259,313
876.376,313
876.493,307
876.61,324
876.728,307
876.845,322
876.962,309
877.079,304
877.196,317
877.313,318
877.43,309
877.547,321
877.664,318
877.781,318
877.898,307
878.016,299
878.133,315
878.25,316
878.367,318
878.484,328
878.601,322
878.718,302
878.835,319
878.952,329
879.069,312
879.186,323
879.303,315
879.42,311
879.537,316
879.654,318
879.771,305
879.888,327
880.005,312
880.122,315
880.239,322
880.356,314
880.473,302
880.59,329
880.707,319
880.824,318
880.941,307
881.058,321
881.175,310
881.292,317
881.409,308
881.526,326
881.643,303
881.76,301
881.877,299
881.994,320
882.111,331
882.228,322
882.345,304
882.462,333
882.579,309
882.696,330
882.812,312
882.929,311
883.046,317
883.163,316
883.28,322
883.397,308
883.514,309
883.631,318
883.748,309
883.865,309
883.982,316
884.098,315
884.215,312
884.332,310
884.449,314
884.566,322
884.683,309
884.8,323
884.916,313
885.033,319
885.15,317
885.267,315
885.384,320
885.501,311
885.617,319
885.734,317
885.851,314
885.968,322
886.085,304
886.202,331
886.318,322
886.435,308
886.552,318
886.669,318
886.786,310
886.902,317
887.019,312
887.136,328
887.253,300
887.369,327
887.486,315
887.603,323
887.72,309
887.837,310
887.953,313
888.07,313
888.187,311
888.304,313
888.42,309
888.537,321
888.654,306
888.77,316
888.887,316
889.004,309
889.121,317
889.237,316
889.354,314
889.471,324
889.587,302
889.704,311
889.821,317
889.938,325
890.054,305
890.171,317
890.288,321
890.404,323
890.521,309
890.638,328
890.754,311
890.871,319
890.988,317
891.104,319
891.221,319
891.337,304
891.454,311
891.571,306
891.687,319
891.804,329
891.921,320
892.037,320
892.154,316
892.27,321
892.387,314
892.504,317
892.62,307
892.737,328
892.854,297
892.97,319
893.087,319
893.203,313
893.32,313
893.436,302
893.553,321
893.67,324
893.786,322
893.903,319
894.019,312
894.136,312
894.252,311
894.369,326
894.485,311
894.602,311
894.718,314
894.835,310
894.951,314
895.068,313
895.184,316
895.301,330
895.417,302
895.534,314
895.65,292
895.767,304
895.883,319
896.0,299
896.116,316
896.233,321
896.349,310
896.466,318
896.582,316
896.699,330
896.815,315
896.932,314
897.048,311
897.165,333
897.281,321
897.397,314
897.514,308
897.63,319
897.747,320
897.863,327
897.979,312
898.096,308
898.212,309
898.329,323
898.445,317
898.561,324
898.678,307
898.794,323
898.911,314
899.027,308
899.143,309
899.26,314
899.376,297
899.492,310
899.609,318
899.725,318
899.842,310
899.958,311
900.074,330
900.191,327
900.307,320
900.423,312
900.539,315
900.656,303
900.772,316
900.888,314
901.005,312
901.121,322
901.237,315
901.354,323
901.47,311
901.586,318
901.703,304
901.819,321
901.935,317
902.051,318
902.168,308
902.284,322
902.4,302
902.516,330
902.633,310
902.749,322
902.865,314
902.981,315
903.098,318
903.214,313
903.33,311
903.446,322
903.562,312
903.679,322
903.795,306
903.911,326
904.027,315
904.143,324
904.26,313
904.376,315
904.492,320
904.608,312
904.724,304
904.841,333
904.957,306
905.073,329
905.189,331
905.305,321
905.421,325
905.538,326
905.654,318
905.77,314
905.886,301
906.002,315
906.118,309
906.234,317
906.35,304
906.466,324
906.583,314
906.699,323
906.815,314
906.931,317
907.047,319
907.163,314
907.279,321
907.395,313
907.511,310
907.627,320
907.743,303
907.859,316
907.976,310
908.092,312
908.208,318
908.324,332
908.44,307
908.556,317
908.672,326
908.788,312
908.904,314
909.02,296
909.136,304
909.252,307
909.368,319
909.484,320
909.6,323
909.716,328
909.832,311
909.948,320
910.064,323
910.18,317
910.296,303
910.412,331
910.528,311
910.644,325
910.76,319
910.875,304
910.991,314
911.107,314
911.223,306
911.339,312
911.455,314
911.571,324
911.687,310
911.803,340
911.919,322
912.035,332
912.151,314
912.267,328
912.382,310
912.498,324
912.614,320
912.73,309
912.846,294
