792.446,808
792.565,821
792.684,846
792.803,836
792.922,780
793.041,756
793.16,750
793.279,739
793.398,731
793.518,734
793.637,709
793.756,736
793.875,718
793.994,739
794.113,708
794.232,685
794.351,676
794.47,671
794.589,687
794.708,662
794.827,666
794.946,669
795.066,663
795.185,669
795.304,643
795.423,648
795.542,641
795.661,639
795.78,638
795.899,607
796.018,632
796.137,617
796.256,614
796.375,632
796.494,625
796.613,612
796.732,636
796.851,611
796.97,589
797.089,604
797.208,600
797.327,607
797.446,613
797.565,594
797.684,608
797.803,594
797.922,608
798.041,580
798.16,585
798.279,592
798.398,579
798.517,600
798.636,576
798.755,596
798.874,612
798.993,591
799.112,587
799.231,575
799.35,573
799.469,568
799.588,577
799.707,585
799.826,565
799.945,592
800.064,554
800.183,577
800.302,559
800.421,585
800.54,567
800.659,589
800.778,570
800.897,548
801.016,558
801.135,574
801.254,591
801.373,562
801.492,569
801.611,566
801.729,533
801.848,562
801.967,577
802.086,587
802.205,561
802.324,566
802.443,563
802.562,582
802.681,564
802.8,565
802.919,564
803.038,550
803.157,542
803.276,533
803.394,585
803.513,556
803.632,549
803.751,559
803.87,579
803.989,569
804.108,560
804.227,553
804.346,565
804.465,573
804.583,553
804.702,553
804.821,552
804.94,556
805.059,550
805.178,557
805.297,571
805.416,560
805.535,554
805.653,552
805.772,562
805.891,577
806.01,547
806.129,552
806.248,546
806.367,564
806.485,546
806.604,556
806.723,552
806.842,572
806.961,539
807.08,561
807.198,544
807.317,557
807.436,556
807.555,565
807.674,556
807.793,573
807.912,534
808.03,555
808.149,541
808.268,568
808.387,541
808.506,557
808.624,554
808.743,556
808.862,545
808.981,550
809.1,534
809.219,565
809.337,543
809.456,567
809.575,541
809.694,544
809.812,557
809.931,545
810.05,562
810.169,561
810.288,530
810.406,571
810.525,556
810.644,554
810.763,573
810.882,559
811.0,578
811.119,547
811.238,569
811.357,551
811.475,581
811.594,547
811.713,559
811.832,554
811.95,536
812.069,581
812.188,559
812.307,543
812.425,571
812.544,551
812.663,556
812.782,561
812.9,552
813.019,546
813.138,583
813.257,544
813.375,555
813.494,552
813.613,566
813.731,568
813.85,560
813.969,558
814.088,566
814.206,553
814.325,561
814.444,555
814.562,565
814.681,555
814.8,527
814.918,546
815.037,565
815.156,546
815.274,549
815.393,546
815.512,558
815.631,545
815.749,532
815.868,542
815.987,550
816.105,520
816.224,555
816.343,546
816.461,553
816.58,543
816.698,553
816.817,533
816.936,576
817.055,554
817.173,530
817.292,558
817.41,536
817.529,528
817.648,532
817.766,549
817.885,527
818.004,538
818.122,530
818.241,533
818.359,513
818.478,540
818.597,507
818.715,515
818.834,508
818.953,538
819.071,498
819.19,504
819.308,488
819.427,509
819.546,497
819.664,509
819.783,490
819.901,502
820.02,496
820.138,506
820.257,497
820.376,496
820.494,490
820.613,495
820.731,500
820.85,484
820.969,492
821.087,488
821.206,500
821.324,488
821.443,489
821.561,478
821.68,489
821.798,479
821.917,486
822.035,466
822.154,474
822.273,471
822.391,466
822.51,503
822.628,480
822.747,477
822.865,477
822.984,481
823.102,485
823.221,467
823.339,492
823.458,483
823.576,464
823.695,492
823.813,493
823.932,480
824.05,472
824.169,498
824.287,473
824.406,484
824.524,488
824.643,500
824.761,485
824.88,499
824.998,479
825.117,462
825.235,471
825.354,482
825.472,473
825.591,491
825.709,491
825.828,486
825.946,477
826.064,478
826.183,472
826.301,474
826.42,485
826.538,478
826.657,473
826.775,451
826.894,476
827.012,456
827.13,476
827.249,463
827.367,473
827.486,458
827.604,476
827.723,461
827.841,460
827.959,481
828.078,472
828.196,483
828.315,483
828.433,476
828.552,452
828.67,481
828.788,456
828.907,459
829.025,455
829.143,468
829.262,483
829.38,466
829.499,465
829.617,463
829.735,474
829.854,464
829.972,471
830.091,469
830.209,478
830.327,466
830.446,483
830.564,461
830.682,471
830.801,480
830.919,470
831.037,468
831.156,464
831.274,459
831.392,449
831.511,477
831.629,480
831.747,484
831.866,473
831.984,474
832.102,466
832.221,461
832.339,463
832.457,475
832.576,482
832.694,457
832.812,457
832.93,457
833.049,460
833.167,468
833.285,465
833.404,479
833.522,460
833.64,464
833.759,473
833.877,476
833.995,470
834.113,453
834.232,468
834.35,486
834.468,455
834.586,471
834.705,481
834.823,481
834.941,465
835.059,454
835.178,463
835.296,464
835.414,480
835.532,479
835.651,458
835.769,466
835.887,468
836.005,457
836.124,469
836.242,456
836.36,456
836.478,476
836.596,448
836.715,476
836.833,487
836.951,476
837.069,466
837.188,469
837.306,481
837.424,470
837.542,467
837.66,473
837.779,475
837.897,467
838.015,462
838.133,473
838.251,478
838.369,477
838.487,460
838.606,475
838.724,480
838.842,484
838.96,466
839.078,470
839.196,458
839.315,467
839.433,471
839.551,470
839.669,487
839.787,474
839.905,467
840.023,464
840.142,496
840.26,470
840.378,464
840.496,464
840.614,475
840.732,479
840.85,465
840.968,469
841.087,474
841.205,467
841.323,465
841.441,474
841.559,489
841.677,489
841.795,487
841.913,479
842.031,482
842.149,497
842.267,467
842.385,479
842.504,468
842.622,477
842.74,469
842.858,491
842.976,475
843.094,486
843.212,480
843.33,473
843.448,484
843.566,456
843.684,480
843.802,479
843.92,467
844.038,496
844.156,487
844.274,477
844.392,479
844.51,466
844.628,485
844.746,487
844.864,486
844.982,465
845.1,472
845.218,474
845.336,467
845.454,464
845.572,475
845.69,467
845.808,465
845.926,485
846.044,469
846.162,459
846.28,478
846.398,463
846.516,473
846.634,489
846.752,464
846.87,446
846.988,477
847.106,494
847.224,468
847.342,477
847.46,475
847.578,487
847.696,476
847.814,481
847.932,495
848.05,499
848.168,462
848.285,472
848.403,477
848.521,496
848.639,488
848.757,463
848.875,495
848.993,467
849.111,484
849.229,473
849.347,496
849.465,504
849.582,506
849.7,480
849.818,472
849.936,481
850.054,486
850.172,472
850.29,469
850.408,472
850.525,494
850.643,496
850.761,470
850.879,496
850.997,492
851.115,493
851.233,474
851.35,490
851.468,494
851.586,471
851.704,487
851.822,502
851.94,487
852.057,483
852.175,485
852.293,487
852.411,498
852.529,492
852.647,504
852.764,507
852.882,472
853.0,493
853.118,500
853.236,484
853.353,472
853.471,472
853.589,458
853.707,463
853.824,474
853.942,482
854.06,475
854.178,481
854.296,493
854.413,477
854.531,465
854.649,484
854.767,478
854.884,458
855.002,462
855.12,466
855.238,470
855.355,464
855.473,483
855.591,474
855.708,473
855.826,455
855.944,484
856.062,471
856.179,460
856.297,465
856.415,502
856.532,474
856.65,479
856.768,489
856.886,472
857.003,494
857.121,477
857.239,478
857.356,450
857.474,462
857.592,487
857.709,508
857.827,472
857.945,484
858.062,461
858.18,475
858.298,477
858.415,484
858.533,485
858.651,483
858.768,475
858.886,485
859.003,485
859.121,480
859.239,447
859.356,464
859.474,470
859.592,470
859.709,475
859.827,502
859.944,477
860.062,471
860.18,468
860.297,460
860.415,456
860.532,482
860.65,461
860.768,478
860.885,470
861.003,461
861.12,471
861.238,466
861.356,474
861.473,470
861.591,467
861.708,484
861.826,457
861.943,480
862.061,477
862.178,467
862.296,453
862.414,445
862.531,478
862.649,452
862.766,468
862.884,467
863.001,467
863.119,482
863.236,470
863.354,444
863.471,483
863.589,477
863.706,464
863.824,468
863.941,466
864.059,477
864.176,471
864.294,461
864.411,469
864.529,454
864.646,479
864.764,465
864.881,461
864.999,471
865.116,471
865.233,459
865.351,459
865.468,475
865.586,458
865.703,477
865.821,465
865.938,467
866.056,488
866.173,459
866.29,467
866.408,475
866.525,446
866.643,491
866.76,466
866.878,464
866.995,459
867.112,479
867.23,465
867.347,497
867.465,484
867.582,445
867.699,464
867.817,462
867.934,476
868.051,471
868.169,462
868.286,470
868.404,463
868.521,476
868.638,473
868.756,466
868.873,463
868.99,463
869.108,467
869.225,485
869.342,478
869.46,469
869.577,478
869.694,486
869.812,461
869.929,471
870.046,481
870.164,490
870.281,477
870.398,478
870.516,479
870.633,466
870.75,476
870.867,462
870.985,470
871.102,494
871.219,457
871.337,477
871.454,461
871.571,484
871.688,471
871.806,470
871.923,470
872.04,474
872.157,451
872.275,474
872.392,480
872.509,482
872.626,473
872.744,482
872.861,487
872.978,484
873.095,467
873.213,476
873.33,472
873.447,474
873.564,474
873.681,474
873.799,484
873.916,477
874.033,460
874.15,469
874.267,487
874.385,475
874.502,490
874.619,500
874.736,486
874.853,470
874.97,473
875.088,475
875.205,489
875.322,488
875.439,473
875.556,479
875.673,450
875.791,486
875.908,476
876.025,497
876.142,493
876.259,476
876.376,470
876.493,458
876.61,480
876.728,476
876.845,472
876.962,482
877.079,469
877.196,471
877.313,471
877.43,460
877.547,478
877.664,498
877.781,474
877.898,479
878.016,469
878.133,483
878.25,474
878.367,481
878.484,461
878.601,471
878.718,456
878.835,482
878.952,464
879.069,476
879.186,458
879.303,458
879.42,439
879.537,463
879.654,458
879.771,485
879.888,451
880.005,463
880.122,465
880.239,460
880.356,450
880.473,456
880.59,452
880.707,470
880.824,476
880.941,479
881.058,443
881.175,466
881.292,451
881.409,476
881.526,458
881.643,469
881.76,443
881.877,459
881.994,446
882.111,452
882.228,469
882.345,451
882.462,468
882.579,466
882.696,470
882.812,453
882.929,455
883.046,475
883.163,468
883.28,452
883.397,449
883.514,457
883.631,455
883.748,483
883.865,466
883.982,467
884.098,452
884.215,474
884.332,468
884.449,473
884.566,483
884.683,485
884.8,479
884.916,485
885.033,468
885.15,506
885.267,490
885.384,513
885.501,491
885.617,492
885.734,486
885.851,503
885.968,496
886.085,487
886.202,493
886.318,486
886.435,496
886.552,502
886.669,491
886.786,487
886.902,463
887.019,467
887.136,491
887.253,499
887.369,476
887.486,491
887.603,479
887.72,477
887.837,460
887.953,460
888.07,453
888.187,466
888.304,453
888.42,476
888.537,473
888.654,462
888.77,449
888.887,476
889.004,452
889.121,455
889.237,450
889.354,441
889.471,451
889.587,450
889.704,460
889.821,465
889.938,454
890.054,443
890.171,469
890.288,447
890.404,480
890.521,474
890.638,461
890.754,447
890.871,463
890.988,456
891.104,467
891.221,452
891.337,473
891.454,461
891.571,457
891.687,476
891.804,481
891.921,473
892.037,468
892.154,469
892.27,464
892.387,457
892.504,458
892.62,451
892.737,453
892.854,463
892.97,465
893.087,453
893.203,445
893.32,457
893.436,450
893.553,468
893.67,463
893.786,465
893.903,459
894.019,453
894.136,448
894.252,453
894.369,452
894.485,457
894.602,454
894.718,476
894.835,464
894.951,468
895.068,466
895.184,460
895.301,466
895.417,455
895.534,449
895.65,432
895.767,454
895.883,477
896.0,449
896.116,455
896.233,453
896.349,465
896.466,448
896.582,432
896.699,451
896.815,469
896.932,441
897.048,479
897.165,471
897.281,450
897.397,449
897.514,468
897.63,462
897.747,467
897.863,449
897.979,449
898.096,462
898.212,454
898.329,471
898.445,477
898.561,481
898.678,463
898.794,469
898.911,465
899.027,449
899.143,473
899.26,456
899.376,463
899.492,460
899.609,465
899.725,456
899.842,443
899.958,480
900.074,472
900.191,460
900.307,466
900.423,457
900.539,474
900.656,443
900.772,453
900.888,469
901.005,458
901.121,461
901.237,468
901.354,463
901.47,456
901.586,480
901.703,468
901.819,471
901.935,480
902.051,485
902.168,465
902.284,464
902.4,482
902.516,478
902.633,490
902.749,487
902.865,479
902.981,470
903.098,495
903.214,464
903.33,481
903.446,499
903.562,482
903.679,477
903.795,472
903.911,467
904.027,478
904.143,483
904.26,486
904.376,469
904.492,476
904.608,461
904.724,488
904.841,470
904.957,469
905.073,464
905.189,482
905.305,473
905.421,469
905.538,458
905.654,464
905.77,458
905.886,469
906.002,461
906.118,459
906.234,464
906.35,473
906.466,471
906.583,444
906.699,463
906.815,456
906.931,465
907.047,470
907.163,464
907.279,450
907.395,454
907.511,470
907.627,456
907.743,473
907.859,475
907.976,460
908.092,458
908.208,486
908.324,456
908.44,472
908.556,464
908.672,459
908.788,452
908.904,470
909.02,474
909.136,449
909.252,442
909.368,454
909.484,486
909.6,453
909.716,451
909.832,447
909.948,450
910.064,458
910.18,465
910.296,469
910.412,454
910.528,466
910.644,443
910.76,465
910.875,450
910.991,454
911.107,452
911.223,474
911.339,459
911.455,460
911.571,458
911.687,474
911.803,447
911.919,460
912.035,452
912.151,458
912.267,445
912.382,437
912.498,454
912.614,458
912.73,438
912.846,452
792.446,803
792.565,837
792.684,861
792.803,810
792.922,750
793.041,753
793.16,770
793.279,755
793.398,739
793.518,729
793.637,728
793.756,722
793.875,749
793.994,718
794.113,682
794.232,686
794.351,653
794.47,687
794.589,671
794.708,689
794.827,657
794.946,661
795.066,676
795.185,652
795.304,667
795.423,660
795.542,683
795.661,647
795.78,629
795.899,661
796.018,637
796.137,647
796.256,618
796.375,604
796.494,617
796.613,608
796.732,627
796.851,616
796.97,606
797.089,611
797.208,617
797.327,599
797.446,584
797.565,615
797.684,607
797.803,590
797.922,610
798.041,602
798.16,579
798.279,603
798.398,593
798.517,584
798.636,598
798.755,586
798.874,582
798.993,587
799.112,582
799.231,583
799.35,587
799.469,585
799.588,574
799.707,554
799.826,593
799.945,584
800.064,578
800.183,581
800.302,573
800.421,578
800.54,586
800.659,568
800.778,580
800.897,578
801.016,555
801.135,556
801.254,553
801.373,565
801.492,564
801.611,570
801.729,532
801.848,565
801.967,552
802.086,572
802.205,561
802.324,557
802.443,560
802.562,576
802.681,576
802.8,584
802.919,562
803.038,574
803.157,569
803.276,573
803.394,561
803.513,560
803.632,577
803.751,571
803.87,556
803.989,566
804.108,565
804.227,569
804.346,540
804.465,565
804.583,546
804.702,555
804.821,571
804.94,558
805.059,562
805.178,578
805.297,561
805.416,555
805.535,553
805.653,556
805.772,568
805.891,560
806.01,565
806.129,538
806.248,573
806.367,584
806.485,531
806.604,549
806.723,557
806.842,558
806.961,560
807.08,556
807.198,560
807.317,559
807.436,548
807.555,561
807.674,576
807.793,566
807.912,548
808.03,570
808.149,551
808.268,548
808.387,543
808.506,563
808.624,548
808.743,554
808.862,567
808.981,564
809.1,570
809.219,564
809.337,562
809.456,537
809.575,551
809.694,553
809.812,538
809.931,570
810.05,553
810.169,560
810.288,563
810.406,554
810.525,549
810.644,569
810.763,551
810.882,546
811.0,569
811.119,574
811.238,561
811.357,564
811.475,549
811.594,553
811.713,573
811.832,585
811.95,577
812.069,564
812.188,559
812.307,542
812.425,575
812.544,586
812.663,551
812.782,569
812.9,564
813.019,547
813.138,589
813.257,573
813.375,549
813.494,564
813.613,543
813.731,575
813.85,538
813.969,566
814.088,559
814.206,540
814.325,566
814.444,554
814.562,561
814.681,553
814.8,543
814.918,556
815.037,556
815.156,556
815.274,554
815.393,547
815.512,542
815.631,572
815.749,538
815.868,527
815.987,545
816.105,546
816.224,541
816.343,552
816.461,546
816.58,567
816.698,565
816.817,571
816.936,554
817.055,526
817.173,548
817.292,547
817.41,542
817.529,537
817.648,538
817.766,527
817.885,528
818.004,496
818.122,531
818.241,522
818.359,516
818.478,534
818.597,520
818.715,515
818.834,517
818.953,502
819.071,502
819.19,498
819.308,499
819.427,494
819.546,499
819.664,490
819.783,524
819.901,490
820.02,512
820.138,502
820.257,492
820.376,513
820.494,502
820.613,514
820.731,506
820.85,497
820.969,486
821.087,486
821.206,493
821.324,510
821.443,520
821.561,477
821.68,488
821.798,489
821.917,492
822.035,461
822.154,481
822.273,493
822.391,469
822.51,506
822.628,486
822.747,478
822.865,480
822.984,484
823.102,488
823.221,481
823.339,465
823.458,481
823.576,497
823.695,475
823.813,488
823.932,503
824.05,470
824.169,504
824.287,476
824.406,495
824.524,466
824.643,506
824.761,493
824.88,480
824.998,482
825.117,497
825.235,479
825.354,468
825.472,475
825.591,477
825.709,494
825.828,469
825.946,475
826.064,458
826.183,472
826.301,493
826.42,478
826.538,490
826.657,495
826.775,470
826.894,470
827.012,469
827.13,481
827.249,476
827.367,458
827.486,482
827.604,467
827.723,473
827.841,486
827.959,492
828.078,473
828.196,456
828.315,467
828.433,455
828.552,472
828.67,478
828.788,463
828.907,479
829.025,465
829.143,474
829.262,484
829.38,459
829.499,454
829.617,460
829.735,488
829.854,467
829.972,474
830.091,480
830.209,457
830.327,466
830.446,494
830.564,460
830.682,453
830.801,466
830.919,459
831.037,483
831.156,475
831.274,466
831.392,481
831.511,470
831.629,478
831.747,451
831.866,468
831.984,474
832.102,482
832.221,468
832.339,451
832.457,478
832.576,468
832.694,467
832.812,472
832.93,468
833.049,487
833.167,466
833.285,474
833.404,492
833.522,462
833.64,501
833.759,462
833.877,473
833.995,472
834.113,474
834.232,476
834.35,458
834.468,477
834.586,469
834.705,458
834.823,476
834.941,456
835.059,471
835.178,485
835.296,466
835.414,458
835.532,485
835.651,483
835.769,470
835.887,457
836.005,481
836.124,441
836.242,479
836.36,475
836.478,470
836.596,454
836.715,480
836.833,445
836.951,474
837.069,472
837.188,491
837.306,472
837.424,476
837.542,479
837.66,494
837.779,468
837.897,455
838.015,489
838.133,461
838.251,482
838.369,477
838.487,466
838.606,468
838.724,472
838.842,471
838.96,492
839.078,456
839.196,471
839.315,467
839.433,456
839.551,474
839.669,464
839.787,477
839.905,478
840.023,459
840.142,450
840.26,490
840.378,463
840.496,483
840.614,471
840.732,491
840.85,459
840.968,465
841.087,471
841.205,471
841.323,467
841.441,462
841.559,496
841.677,459
841.795,487
841.913,486
842.031,497
842.149,483
842.267,475
842.385,476
842.504,462
842.622,480
842.74,462
842.858,474
842.976,466
843.094,486
843.212,467
843.33,504
843.448,496
843.566,462
843.684,505
843.802,479
843.92,479
844.038,473
844.156,474
844.274,490
844.392,467
844.51,469
844.628,488
844.746,488
844.864,467
844.982,476
845.1,472
845.218,470
845.336,486
845.454,479
845.572,458
845.69,473
845.808,467
845.926,468
846.044,453
846.162,469
846.28,477
846.398,478
846.516,466
846.634,474
846.752,476
846.87,478
846.988,476
847.106,481
847.224,469
847.342,467
847.46,450
847.578,476
847.696,495
847.814,493
847.932,475
848.05,481
848.168,468
848.285,486
848.403,464
848.521,464
848.639,476
848.757,468
848.875,470
848.993,473
849.111,484
849.229,494
849.347,459
849.465,487
849.582,502
849.7,483
849.818,497
849.936,477
850.054,480
850.172,485
850.29,472
850.408,504
850.525,484
850.643,494
850.761,468
850.879,496
850.997,484
851.115,489
851.233,452
851.35,488
851.468,483
851.586,492
851.704,497
851.822,498
851.94,495
852.057,479
852.175,481
852.293,479
852.411,493
852.529,496
852.647,513
852.764,513
852.882,495
853.0,501
853.118,471
853.236,496
853.353,479
853.471,462
853.589,459
853.707,464
853.824,472
853.942,484
854.06,464
854.178,486
854.296,474
854.413,470
854.531,479
854.649,485
854.767,466
854.884,465
855.002,480
855.12,476
855.238,464
855.355,495
855.473,469
855.591,475
855.708,484
855.826,445
855.944,466
856.062,484
856.179,465
856.297,460
856.415,471
856.532,474
856.65,481
856.768,485
856.886,473
857.003,460
857.121,474
857.239,483
857.356,480
857.474,483
857.592,475
857.709,475
857.827,469
857.945,467
858.062,487
858.18,486
858.298,478
858.415,499
858.533,472
858.651,470
858.768,476
858.886,488
859.003,473
859.121,483
859.239,461
859.356,488
859.474,487
859.592,470
859.709,479
859.827,484
859.944,480
860.062,477
860.18,496
860.297,455
860.415,472
860.532,482
860.65,490
860.768,481
860.885,476
861.003,450
861.12,477
861.238,471
861.356,468
861.473,473
861.591,492
861.708,484
861.826,480
861.943,487
862.061,469
862.178,466
862.296,483
862.414,456
862.531,466
862.649,454
862.766,467
862.884,457
863.001,462
863.119,490
863.236,458
863.354,472
863.471,475
863.589,507
863.706,462
863.824,483
863.941,479
864.059,486
864.176,497
864.294,476
864.411,479
864.529,458
864.646,468
864.764,470
864.881,457
864.999,482
865.116,455
865.233,460
865.351,485
865.468,498
865.586,483
865.703,462
865.821,468
865.938,476
866.056,480
866.173,460
866.29,460
866.408,476
866.525,468
866.643,471
866.76,495
866.878,457
866.995,466
867.112,479
867.23,458
867.347,482
867.465,477
867.582,495
867.699,454
867.817,465
867.934,487
868.051,472
868.169,469
868.286,468
868.404,466
868.521,465
868.638,481
868.756,467
868.873,475
868.99,479
869.108,471
869.225,494
869.342,463
869.46,476
869.577,488
869.694,488
869.812,489
869.929,479
870.046,466
870.164,477
870.281,468
870.398,469
870.516,473
870.633,464
870.75,487
870.867,480
870.985,488
871.102,495
871.219,490
871.337,490
871.454,469
871.571,482
871.688,497
871.806,477
871.923,473
872.04,486
872.157,480
872.275,488
872.392,467
872.509,466
872.626,494
872.744,478
872.861,476
872.978,492
873.095,488
873.213,475
873.33,466
873.447,465
873.564,478
873.681,474
873.799,489
873.916,478
874.033,475
874.15,477
874.267,466
874.385,479
874.502,485
874.619,470
874.736,488
874.853,477
874.97,486
875.088,481
875.205,467
875.322,471
875.439,464
875.556,491
875.673,470
875.791,492
875.908,474
876.025,477
876.142,457
876.259,462
876.376,474
876.493,478
876.61,480
876.728,463
876.845,492
876.962,469
877.079,461
877.196,491
877.313,466
877.43,464
877.547,472
877.664,488
877.781,476
877.898,467
878.016,470
878.133,481
878.25,475
878.367,465
878.484,477
878.601,471
878.718,482
878.835,460
878.952,479
879.069,484
879.186,472
879.303,474
879.42,492
879.537,460
879.654,465
879.771,469
879.888,476
880.005,461
880.122,440
880.239,471
880.356,471
880.473,457
880.59,480
880.707,473
880.824,446
880.941,462
881.058,461
881.175,471
881.292,455
881.409,468
881.526,480
881.643,482
881.76,452
881.877,478
881.994,448
882.111,473
882.228,471
882.345,461
882.462,454
882.579,481
882.696,469
882.812,458
882.929,456
883.046,460
883.163,463
883.28,479
883.397,478
883.514,464
883.631,456
883.748,455
883.865,479
883.982,464
884.098,456
884.215,482
884.332,459
884.449,459
884.566,478
884.683,486
884.8,463
884.916,484
885.033,508
885.15,484
885.267,515
885.384,491
885.501,498
885.617,517
885.734,519
885.851,495
885.968,521
886.085,491
886.202,516
886.318,486
886.435,494
886.552,492
886.669,499
886.786,504
886.902,504
887.019,498
887.136,517
887.253,488
887.369,481
887.486,490
887.603,476
887.72,474
887.837,461
887.953,468
888.07,503
888.187,462
888.304,477
888.42,464
888.537,468
888.654,475
888.77,467
888.887,456
889.004,451
889.121,472
889.237,458
889.354,452
889.471,460
889.587,456
889.704,468
889.821,452
889.938,459
890.054,457
890.171,446
890.288,447
890.404,452
890.521,457
890.638,465
890.754,449
890.871,455
890.988,455
891.104,462
891.221,462
891.337,453
891.454,467
891.571,477
891.687,475
891.804,483
891.921,456
892.037,474
892.154,482
892.27,478
892.387,463
892.504,482
892.62,475
892.737,462
892.854,460
892.97,461
893.087,465
893.203,466
893.32,453
893.436,477
893.553,474
893.67,461
893.786,472
893.903,458
894.019,461
894.136,465
894.252,468
894.369,479
894.485,469
894.602,449
894.718,463
894.835,451
894.951,454
895.068,457
895.184,456
895.301,471
895.417,470
895.534,457
895.65,452
895.767,470
895.883,466
896.0,464
896.116,443
896.233,465
896.349,464
896.466,471
896.582,479
896.699,455
896.815,463
896.932,460
897.048,455
897.165,461
897.281,441
897.397,460
897.514,462
897.63,465
897.747,446
897.863,473
897.979,461
898.096,454
898.212,449
898.329,467
898.445,475
898.561,453
898.678,454
898.794,475
898.911,463
899.027,471
899.143,465
899.26,466
899.376,470
899.492,460
899.609,472
899.725,459
899.842,479
899.958,446
900.074,464
900.191,462
900.307,476
900.423,468
900.539,474
900.656,458
900.772,451
900.888,458
901.005,479
901.121,487
901.237,467
901.354,465
901.47,496
901.586,472
901.703,467
901.819,495
901.935,492
902.051,471
902.168,494
902.284,482
902.4,491
902.516,493
902.633,483
902.749,482
902.865,485
902.981,484
903.098,493
903.214,503
903.33,509
903.446,494
903.562,484
903.679,494
903.795,501
903.911,498
904.027,495
904.143,457
904.26,477
904.376,484
904.492,458
904.608,457
904.724,442
904.841,483
904.957,472
905.073,474
905.189,462
905.305,468
905.421,484
905.538,461
905.654,478
905.77,468
905.886,465
906.002,461
906.118,467
906.234,457
906.35,467
906.466,467
906.583,460
906.699,467
906.815,454
906.931,452
907.047,468
907.163,463
907.279,458
907.395,461
907.511,462
907.627,449
907.743,485
907.859,461
907.976,480
908.092,471
908.208,461
908.324,468
908.44,465
908.556,455
908.672,461
908.788,452
908.904,471
909.02,477
909.136,464
909.252,471
909.368,473
909.484,464
909.6,456
909.716,451
909.832,454
909.948,456
910.064,479
910.18,461
910.296,460
910.412,456
910.528,468
910.644,467
910.76,474
910.875,469
910.991,460
911.107,452
911.223,473
911.339,472
911.455,467
911.571,458
911.687,461
911.803,454
911.919,464
912.035,460
912.151,461
912.267,456
912.382,456
912.498,468
912.614,470
912.73,444
912.846,456
792.446,824
792.565,817
792.684,861
792.803,825
792.922,765
793.041,736
793.16,765
793.279,761
793.398,745
793.518,740
793.637,724
793.756,736
793.875,712
793.994,701
794.113,698
794.232,676
794.351,682
794.47,691
794.589,691
794.708,684
794.827,657
794.946,667
795.066,657
795.185,670
795.304,661
795.423,642
795.542,626
795.661,625
795.78,635
795.899,609
796.018,632
796.137,654
796.256,637
796.375,635
796.494,598
796.613,611
796.732,624
796.851,614
796.97,609
797.089,599
797.208,593
797.327,607
797.446,586
797.565,602
797.684,614
797.803,588
797.922,588
798.041,583
798.16,598
798.279,588
798.398,584
798.517,584
798.636,592
798.755,588
798.874,578
798.993,591
799.112,588
799.231,591
799.35,581
799.469,552
799.588,597
799.707,571
799.826,578
799.945,587
800.064,566
800.183,581
800.302,570
800.421,580
800.54,549
800.659,589
800.778,571
800.897,569
801.016,581
801.135,590
801.254,611
801.373,563
801.492,566
801.611,581
801.729,578
801.848,574
801.967,564
802.086,571
802.205,573
802.324,559
802.443,571
802.562,573
802.681,557
802.8,553
802.919,556
803.038,564
803.157,560
803.276,567
803.394,573
803.513,574
803.632,565
803.751,554
803.87,561
803.989,565
804.108,534
804.227,552
804.346,569
804.465,561
804.583,543
804.702,543
804.821,556
804.94,576
805.059,543
805.178,552
805.297,561
805.416,573
805.535,570
805.653,550
805.772,549
805.891,554
806.01,550
806.129,555
806.248,561
806.367,572
806.485,550
806.604,542
806.723,567
806.842,532
806.961,563
807.08,550
807.198,536
807.317,572
807.436,561
807.555,542
807.674,578
807.793,552
807.912,555
808.03,562
808.149,541
808.268,551
808.387,559
808.506,585
808.624,560
808.743,547
808.862,562
808.981,552
809.1,571
809.219,556
809.337,554
809.456,565
809.575,558
809.694,565
809.812,565
809.931,570
810.05,544
810.169,559
810.288,539
810.406,566
810.525,567
810.644,543
810.763,531
810.882,564
811.0,554
811.119,541
811.238,570
811.357,542
811.475,578
811.594,578
811.713,570
811.832,579
811.95,544
812.069,552
812.188,570
812.307,555
812.425,593
812.544,565
812.663,572
812.782,564
812.9,576
813.019,547
813.138,554
813.257,578
813.375,557
813.494,562
813.613,560
813.731,566
813.85,543
813.969,552
814.088,538
814.206,571
814.325,555
814.444,547
814.562,561
814.681,564
814.8,529
814.918,568
815.037,536
815.156,532
815.274,550
815.393,548
815.512,547
815.631,559
815.749,534
815.868,561
815.987,563
816.105,548
816.224,543
816.343,538
816.461,556
816.58,537
816.698,534
816.817,528
816.936,549
817.055,535
817.173,552
817.292,547
817.41,556
817.529,526
817.648,538
817.766,564
817.885,530
818.004,519
818.122,532
818.241,538
818.359,508
818.478,507
818.597,529
818.715,510
818.834,509
818.953,505
819.071,495
819.19,502
819.308,484
819.427,489
819.546,511
819.664,509
819.783,511
819.901,515
820.02,495
820.138,486
820.257,502
820.376,508
820.494,498
820.613,516
820.731,490
820.85,492
820.969,492
821.087,497
821.206,516
821.324,485
821.443,488
821.561,498
821.68,497
821.798,491
821.917,483
822.035,468
822.154,476
822.273,487
822.391,464
822.51,491
822.628,480
822.747,493
822.865,474
822.984,475
823.102,480
823.221,490
823.339,486
823.458,479
823.576,492
823.695,486
823.813,467
823.932,471
824.05,462
824.169,491
824.287,485
824.406,490
824.524,472
824.643,473
824.761,487
824.88,479
824.998,491
825.117,479
825.235,486
825.354,486
825.472,473
825.591,473
825.709,491
825.828,478
825.946,472
826.064,468
826.183,476
826.301,494
826.42,486
826.538,471
826.657,473
826.775,483
826.894,478
827.012,471
827.13,476
827.249,462
827.367,471
827.486,469
827.604,474
827.723,474
827.841,477
827.959,472
828.078,466
828.196,500
828.315,455
828.433,473
828.552,471
828.67,477
828.788,463
828.907,483
829.025,474
829.143,476
829.262,478
829.38,479
829.499,466
829.617,461
829.735,478
829.854,473
829.972,483
830.091,472
830.209,465
830.327,473
830.446,472
830.564,479
830.682,471
830.801,461
830.919,474
831.037,465
831.156,479
831.274,471
831.392,471
831.511,474
831.629,453
831.747,476
831.866,472
831.984,473
832.102,472
832.221,482
832.339,467
832.457,454
832.576,463
832.694,454
832.812,487
832.93,474
833.049,467
833.167,463
833.285,476
833.404,476
833.522,477
833.64,472
833.759,458
833.877,480
833.995,464
834.113,475
834.232,477
834.35,475
834.468,489
834.586,474
834.705,450
834.823,482
834.941,477
835.059,469
835.178,462
835.296,490
835.414,464
835.532,467
835.651,474
835.769,482
835.887,467
836.005,468
836.124,466
836.242,470
836.36,458
836.478,458
836.596,490
836.715,460
836.833,481
836.951,467
837.069,476
837.188,460
837.306,476
837.424,481
837.542,461
837.66,453
837.779,481
837.897,456
838.015,465
838.133,488
838.251,494
838.369,456
838.487,481
838.606,463
838.724,478
838.842,469
838.96,489
839.078,480
839.196,485
839.315,475
839.433,462
839.551,477
839.669,481
839.787,476
839.905,485
840.023,460
840.142,468
840.26,485
840.378,487
840.496,479
840.614,494
840.732,474
840.85,464
840.968,471
841.087,489
841.205,470
841.323,451
841.441,483
841.559,465
841.677,446
841.795,462
841.913,465
842.031,482
842.149,470
842.267,480
842.385,467
842.504,466
842.622,483
842.74,488
842.858,465
842.976,469
843.094,465
843.212,469
843.33,473
843.448,503
843.566,482
843.684,478
843.802,458
843.92,480
844.038,494
844.156,499
844.274,492
844.392,474
844.51,500
844.628,481
844.746,480
844.864,479
844.982,484
845.1,470
845.218,475
845.336,479
845.454,488
845.572,492
845.69,471
845.808,468
845.926,462
846.044,493
846.162,461
846.28,455
846.398,450
846.516,485
846.634,491
846.752,477
846.87,481
846.988,464
847.106,473
847.224,468
847.342,489
847.46,476
847.578,475
847.696,485
847.814,482
847.932,472
848.05,491
848.168,491
848.285,485
848.403,482
848.521,496
848.639,489
848.757,472
848.875,495
848.993,481
849.111,489
849.229,480
849.347,490
849.465,491
849.582,491
849.7,475
849.818,495
849.936,486
850.054,478
850.172,487
850.29,502
850.408,479
850.525,489
850.643,470
850.761,497
850.879,490
850.997,485
851.115,477
851.233,485
851.35,492
851.468,475
851.586,473
851.704,481
851.822,461
851.94,504
852.057,485
852.175,507
852.293,481
852.411,522
852.529,504
852.647,488
852.764,497
852.882,489
853.0,498
853.118,489
853.236,469
853.353,500
853.471,473
853.589,458
853.707,476
853.824,455
853.942,480
854.06,493
854.178,456
854.296,484
854.413,481
854.531,492
854.649,471
854.767,482
854.884,479
855.002,483
855.12,467
855.238,490
855.355,466
855.473,475
855.591,477
855.708,478
855.826,490
855.944,461
856.062,486
856.179,476
856.297,466
856.415,495
856.532,490
856.65,471
856.768,462
856.886,455
857.003,472
857.121,484
857.239,493
857.356,471
857.474,489
857.592,482
857.709,475
857.827,474
857.945,478
858.062,492
858.18,479
858.298,471
858.415,499
858.533,482
858.651,501
858.768,474
858.886,461
859.003,480
859.121,464
859.239,484
859.356,493
859.474,438
859.592,474
859.709,477
859.827,481
859.944,484
860.062,471
860.18,473
860.297,467
860.415,476
860.532,463
860.65,459
860.768,480
860.885,464
861.003,457
861.12,467
861.238,481
861.356,484
861.473,467
861.591,484
861.708,475
861.826,468
861.943,483
862.061,476
862.178,483
862.296,461
862.414,480
862.531,463
862.649,476
862.766,452
862.884,452
863.001,468
863.119,467
863.236,476
863.354,466
863.471,467
863.589,481
863.706,478
863.824,484
863.941,473
864.059,481
864.176,488
864.294,477
864.411,467
864.529,477
864.646,459
864.764,451
864.881,451
864.999,468
865.116,459
865.233,455
865.351,483
865.468,462
865.586,458
865.703,465
865.821,466
865.938,473
866.056,471
866.173,455
866.29,445
866.408,475
866.525,477
866.643,463
866.76,471
866.878,458
866.995,487
867.112,459
867.23,472
867.347,478
867.465,462
867.582,474
867.699,468
867.817,454
867.934,475
868.051,469
868.169,487
868.286,447
868.404,460
868.521,465
868.638,467
868.756,482
868.873,471
868.99,479
869.108,466
869.225,484
869.342,459
869.46,475
869.577,470
869.694,484
869.812,476
869.929,495
870.046,447
870.164,461
870.281,460
870.398,474
870.516,472
870.633,480
870.75,474
870.867,502
870.985,475
871.102,478
871.219,453
871.337,497
871.454,473
871.571,498
871.688,470
871.806,458
871.923,479
872.04,464
872.157,473
872.275,475
872.392,487
872.509,480
872.626,489
872.744,468
872.861,478
872.978,475
873.095,479
873.213,482
873.33,469
873.447,464
873.564,464
873.681,491
873.799,495
873.916,486
874.033,484
874.15,464
874.267,484
874.385,490
874.502,476
874.619,471
874.736,473
874.853,488
874.97,485
875.088,512
875.205,478
875.322,478
875.439,493
875.556,473
875.673,475
875.791,500
875.908,488
876.025,478
876.142,478
876.259,470
876.376,489
876.493,466
876.61,478
876.728,491
876.845,478
876.962,453
877.079,479
877.196,493
877.313,471
877.43,467
877.547,463
877.664,484
877.781,467
877.898,486
878.016,465
878.133,498
878.25,485
878.367,471
878.484,493
878.601,461
878.718,462
878.835,469
878.952,475
879.069,476
879.186,470
879.303,468
879.42,486
879.537,482
879.654,477
879.771,471
879.888,464
880.005,475
880.122,470
880.239,461
880.356,468
880.473,478
880.59,464
880.707,444
880.824,467
880.941,479
881.058,459
881.175,466
881.292,464
881.409,481
881.526,456
881.643,453
881.76,466
881.877,473
881.994,468
882.111,447
882.228,460
882.345,462
882.462,476
882.579,481
882.696,473
882.812,458
882.929,468
883.046,484
883.163,451
883.28,454
883.397,482
883.514,467
883.631,459
883.748,483
883.865,478
883.982,486
884.098,473
884.215,468
884.332,495
884.449,488
884.566,476
884.683,488
884.8,485
884.916,481
885.033,494
885.15,492
885.267,506
885.384,494
885.501,498
885.617,511
885.734,510
885.851,507
885.968,504
886.085,486
886.202,507
886.318,508
886.435,498
886.552,494
886.669,496
886.786,483
886.902,487
887.019,492
887.136,493
887.253,484
887.369,471
887.486,482
887.603,476
887.72,483
887.837,474
887.953,471
888.07,474
888.187,483
888.304,492
888.42,459
888.537,466
888.654,464
888.77,475
888.887,479
889.004,467
889.121,472
889.237,452
889.354,451
889.471,450
889.587,446
889.704,464
889.821,466
889.938,443
890.054,461
890.171,458
890.288,478
890.404,463
890.521,487
890.638,455
890.754,474
890.871,479
890.988,485
891.104,462
891.221,478
891.337,461
891.454,455
891.571,462
891.687,460
891.804,459
891.921,481
892.037,465
892.154,475
892.27,475
892.387,491
892.504,456
892.62,463
892.737,444
892.854,452
892.97,466
893.087,461
893.203,458
893.32,461
893.436,458
893.553,458
893.67,457
893.786,463
893.903,460
894.019,478
894.136,466
894.252,471
894.369,452
894.485,462
894.602,453
894.718,470
894.835,456
894.951,474
895.068,451
895.184,451
895.301,477
895.417,456
895.534,461
895.65,477
895.767,460
895.883,466
896.0,449
896.116,464
896.233,461
896.349,455
896.466,468
896.582,468
896.699,458
896.815,482
896.932,473
897.048,456
897.165,458
897.281,462
897.397,454
897.514,457
897.63,479
897.747,471
897.863,473
897.979,459
898.096,463
898.212,453
898.329,458
898.445,469
898.561,468
898.678,476
898.794,471
898.911,475
899.027,468
899.143,450
899.26,454
899.376,476
899.492,454
899.609,459
899.725,468
899.842,483
899.958,479
900.074,493
900.191,446
900.307,478
900.423,474
900.539,465
900.656,476
900.772,463
900.888,459
901.005,467
901.121,470
901.237,465
901.354,454
901.47,471
901.586,465
901.703,486
901.819,469
901.935,482
902.051,472
902.168,470
902.284,488
902.4,496
902.516,490
902.633,474
902.749,479
902.865,496
902.981,486
903.098,493
903.214,480
903.33,473
903.446,490
903.562,493
903.679,491
903.795,501
903.911,490
904.027,484
904.143,475
904.26,457
904.376,469
904.492,483
904.608,485
904.724,479
904.841,464
904.957,473
905.073,461
905.189,478
905.305,484
905.421,454
905.538,475
905.654,471
905.77,481
905.886,472
906.002,446
906.118,467
906.234,476
906.35,477
906.466,476
906.583,459
906.699,478
906.815,467
906.931,484
907.047,480
907.163,474
907.279,463
907.395,473
907.511,470
907.627,464
907.743,462
907.859,460
907.976,459
908.092,460
908.208,485
908.324,460
908.44,480
908.556,458
908.672,476
908.788,462
908.904,449
909.02,472
909.136,462
909.252,480
909.368,483
909.484,474
909.6,459
909.716,475
909.832,472
909.948,467
910.064,446
910.18,457
910.296,459
910.412,464
910.528,468
910.644,454
910.76,481
910.875,464
910.991,468
911.107,449
911.223,448
911.339,456
911.455,470
911.571,479
911.687,478
911.803,446
911.919,472
912.035,474
912.151,460
912.267,474
912.382,460
912.498,456
912.614,448
912.73,461
912.846,470
