792.446,305
792.565,342
792.684,379
792.803,364
792.922,320
793.041,304
793.16,314
793.279,318
793.398,314
793.518,315
793.637,312
793.756,327
793.875,350
793.994,331
794.113,331
794.232,326
794.351,314
794.47,325
794.589,326
794.708,315
794.827,306
794.946,332
795.066,336
795.185,327
795.304,334
795.423,316
795.542,327
795.661,317
795.78,333
795.899,319
796.018,316
796.137,320
796.256,331
796.375,324
796.494,323
796.613,327
796.732,310
796.851,305
796.97,325
797.089,327
797.208,319
797.327,327
797.446,309
797.565,317
797.684,319
797.803,326
797.922,318
798.041,310
798.16,321
798.279,319
798.398,320
798.517,334
798.636,309
798.755,313
798.874,333
798.993,330
799.112,328
799.231,324
799.35,319
799.469,318
799.588,322
799.707,348
799.826,316
799.945,320
800.064,317
800.183,321
800.302,314
800.421,317
800.54,328
800.659,306
800.778,321
800.897,322
801.016,309
801.135,314
801.254,322
801.373,313
801.492,320
801.611,314
801.729,327
801.848,317
801.967,319
802.086,315
802.205,328
802.324,318
802.443,330
802.562,313
802.681,315
802.8,321
802.919,315
803.038,314
803.157,310
803.276,321
803.394,343
803.513,325
803.632,318
803.751,307
803.87,324
803.989,318
804.108,328
804.227,319
804.346,316
804.465,322
804.583,312
804.702,320
804.821,321
804.94,329
805.059,317
805.178,318
805.297,313
805.416,317
805.535,313
805.653,323
805.772,312
805.891,318
806.01,336
806.129,313
806.248,332
806.367,311
806.485,319
806.604,314
806.723,316
806.842,315
806.961,323
807.08,325
807.198,317
807.317,304
807.436,333
807.555,318
807.674,320
807.793,319
807.912,317
808.03,328
808.149,323
808.268,331
808.387,324
808.506,312
808.624,318
808.743,345
808.862,309
808.981,315
809.1,317
809.219,320
809.337,317
809.456,321
809.575,325
809.694,315
809.812,323
809.931,320
810.05,311
810.169,329
810.288,339
810.406,320
810.525,316
810.644,324
810.763,321
810.882,324
811.0,318
811.119,323
811.238,311
811.357,321
811.475,316
811.594,323
811.713,332
811.832,314
811.95,317
812.069,331
812.188,322
812.307,325
812.425,328
812.544,316
812.663,307
812.782,326
812.9,322
813.019,326
813.138,321
813.257,332
813.375,315
813.494,315
813.613,330
813.731,323
813.85,321
813.969,319
814.088,318
814.206,320
814.325,319
814.444,330
814.562,325
814.681,320
814.8,313
814.918,327
815.037,316
815.156,318
815.274,320
815.393,323
815.512,329
815.631,321
815.749,311
815.868,326
815.987,316
816.105,319
816.224,321
816.343,310
816.461,334
816.58,315
816.698,332
816.817,304
816.936,308
817.055,317
817.173,315
817.292,332
817.41,321
817.529,323
817.648,317
817.766,308
817.885,324
818.004,322
818.122,318
818.241,331
818.359,319
818.478,312
818.597,323
818.715,331
818.834,327
818.953,310
819.071,322
819.19,297
819.308,319
819.427,309
819.546,316
819.664,344
819.783,314
819.901,319
820.02,323
820.138,326
820.257,316
820.376,330
820.494,331
820.613,323
820.731,306
820.85,315
820.969,310
821.087,336
821.206,318
821.324,319
821.443,321
821.561,316
821.68,313
821.798,337
821.917,313
822.035,318
822.154,319
822.273,332
822.391,321
822.51,326
822.628,304
822.747,322
822.865,320
822.984,315
823.102,334
823.221,304
823.339,312
823.458,320
823.576,315
823.695,322
823.813,334
823.932,315
824.05,310
824.169,313
824.287,309
824.406,317
824.524,315
824.643,316
824.761,323
824.88,321
824.998,315
825.117,324
825.235,316
825.354,312
825.472,326
825.591,314
825.709,321
825.828,315
825.946,316
826.064,320
826.183,315
826.301,307
826.42,326
826.538,319
826.657,313
826.775,329
826.894,321
827.012,316
827.13,322
827.249,313
827.367,313
827.486,323
827.604,314
827.723,327
827.841,318
827.959,310
828.078,317
828.196,320
828.315,327
828.433,304
828.552,318
828.67,322
828.788,318
828.907,321
829.025,316
829.143,325
829.262,310
829.38,317
829.499,322
829.617,333
829.735,324
829.854,317
829.972,312
830.091,323
830.209,317
830.327,325
830.446,312
830.564,326
830.682,317
830.801,312
830.919,322
831.037,304
831.156,332
831.274,315
831.392,319
831.511,315
831.629,316
831.747,311
831.866,314
831.984,326
832.102,313
832.221,310
832.339,312
832.457,320
832.576,320
832.694,320
832.812,316
832.93,325
833.049,314
833.167,315
833.285,316
833.404,328
833.522,308
833.64,315
833.759,306
833.877,327
833.995,320
834.113,320
834.232,324
834.35,318
834.468,318
834.586,326
834.705,317
834.823,307
834.941,314
835.059,315
835.178,329
835.296,318
835.414,320
835.532,309
835.651,317
835.769,314
835.887,318
836.005,323
836.124,313
836.242,304
836.36,328
836.478,318
836.596,320
836.715,316
836.833,313
836.951,309
837.069,333
837.188,320
837.306,304
837.424,336
837.542,320
837.66,324
837.779,310
837.897,313
838.015,323
838.133,319
838.251,314
838.369,316
838.487,331
838.606,312
838.724,313
838.842,327
838.96,306
839.078,316
839.196,301
839.315,316
839.433,311
839.551,320
839.669,308
839.787,316
839.905,308
840.023,315
840.142,316
840.26,322
840.378,310
840.496,317
840.614,314
840.732,322
840.85,306
840.968,318
841.087,316
841.205,306
841.323,316
841.441,309
841.559,307
841.677,316
841.795,314
841.913,313
842.031,331
842.149,334
842.267,319
842.385,331
842.504,318
842.622,309
842.74,309
842.858,324
842.976,318
843.094,325
843.212,302
843.33,324
843.448,322
843.566,308
843.684,330
843.802,299
843.92,314
844.038,316
844.156,326
844.274,325
844.392,331
844.51,328
844.628,308
844.746,322
844.864,316
844.982,300
845.1,316
845.218,306
845.336,319
845.454,321
845.572,314
845.69,314
845.808,328
845.926,318
846.044,312
846.162,314
846.28,316
846.398,317
846.516,315
846.634,312
846.752,312
846.87,317
846.988,311
847.106,318
847.224,317
847.342,313
847.46,327
847.578,329
847.696,323
847.814,327
847.932,305
848.05,315
848.168,305
848.285,335
848.403,319
848.521,321
848.639,317
848.757,313
848.875,323
848.993,306
849.111,318
849.229,321
849.347,307
849.465,310
849.582,312
849.7,313
849.818,308
849.936,320
850.054,325
850.172,318
850.29,315
850.408,316
850.525,314
850.643,327
850.761,316
850.879,311
850.997,313
851.115,318
851.233,318
851.35,311
851.468,310
851.586,315
851.704,325
851.822,318
851.94,313
852.057,323
852.175,315
852.293,312
852.411,330
852.529,314
852.647,312
852.764,318
852.882,320
853.0,319
853.118,315
853.236,310
853.353,316
853.471,310
853.589,314
853.707,322
853.824,310
853.942,319
854.06,309
854.178,331
854.296,331
854.413,314
854.531,324
854.649,316
854.767,302
854.884,318
855.002,317
855.12,320
855.238,311
855.355,312
855.473,313
855.591,317
855.708,315
855.826,326
855.944,319
856.062,325
856.179,317
856.297,314
856.415,314
856.532,346
856.65,303
856.768,316
856.886,316
857.003,317
857.121,318
857.239,322
857.356,321
857.474,310
857.592,318
857.709,313
857.827,310
857.945,310
858.062,322
858.18,309
858.298,316
858.415,323
858.533,313
858.651,314
858.768,332
858.886,322
859.003,313
859.121,337
859.239,305
859.356,329
859.474,318
859.592,318
859.709,326
859.827,320
859.944,309
860.062,322
860.18,321
860.297,312
860.415,320
860.532,318
860.65,314
860.768,319
860.885,313
861.003,310
861.12,313
861.238,328
861.356,315
861.473,315
861.591,328
861.708,305
861.826,307
861.943,323
862.061,328
862.178,316
862.296,314
862.414,319
862.531,300
862.649,320
862.766,311
862.884,323
863.001,310
863.119,318
863.236,305
863.354,323
863.471,307
863.589,311
863.706,324
863.824,321
863.941,320
864.059,329
864.176,312
864.294,333
864.411,318
864.529,318
864.646,309
864.764,325
864.881,315
864.999,304
865.116,318
865.233,319
865.351,314
865.468,306
865.586,309
865.703,322
865.821,321
865.938,319
866.056,311
866.173,316
866.29,311
866.408,315
866.525,305
866.643,311
866.76,305
866.878,325
866.995,319
867.112,311
867.23,316
867.347,311
867.465,314
867.582,313
867.699,323
867.817,324
867.934,315
868.051,319
868.169,322
868.286,325
868.404,332
868.521,314
868.638,303
868.756,300
868.873,328
868.99,323
869.108,325
869.225,320
869.342,329
869.46,319
869.577,326
869.694,316
869.812,310
869.929,314
870.046,310
870.164,322
870.281,323
870.398,308
870.516,322
870.633,310
870.75,324
870.867,313
870.985,316
871.102,324
871.219,329
871.337,322
871.454,316
871.571,327
871.688,315
871.806,321
871.923,315
872.04,325
872.157,312
872.275,328
872.392,321
872.509,315
872.626,305
872.744,328
872.861,306
872.978,319
873.095,307
873.213,307
873.33,315
873.447,322
873.564,316
873.681,325
873.799,324
873.916,324
874.033,315
874.15,336
874.267,320
874.385,325
874.502,317
874.619,313
874.736,327
874.853,328
874.97,314
875.088,300
875.205,312
875.322,327
875.439,328
875.556,302
875.673,316
875.791,333
875.908,314
876.025,310
876.142,315
876.259,323
876.376,313
876.493,315
876.61,326
876.728,317
876.845,316
876.962,331
877.079,322
877.196,311
877.313,317
877.43,330
877.547,320
877.664,320
877.781,312
877.898,331
878.016,311
878.133,316
878.25,324
878.367,320
878.484,292
878.601,315
878.718,315
878.835,325
878.952,318
879.069,321
879.186,316
879.303,300
879.42,314
879.537,316
879.654,316
879.771,318
879.888,299
880.005,331
880.122,319
880.239,313
880.356,311
880.473,314
880.59,314
880.707,315
880.824,312
880.941,318
881.058,317
881.175,316
881.292,315
881.409,314
881.526,321
881.643,327
881.76,322
881.877,325
881.994,327
882.111,309
882.228,305
882.345,317
882.462,317
882.579,322
882.696,320
882.812,323
882.929,320
883.046,324
883.163,318
883.28,317
883.397,320
883.514,313
883.631,319
883.748,322
883.865,306
883.982,307
884.098,325
884.215,330
884.332,316
884.449,321
884.566,310
884.683,320
884.8,326
884.916,326
885.033,322
885.15,322
885.267,311
885.384,321
885.501,327
885.617,322
885.734,319
885.851,303
885.968,316
886.085,333
886.202,319
886.318,320
886.435,332
886.552,308
886.669,313
886.786,327
886.902,318
887.019,316
887.136,319
887.253,308
887.369,316
887.486,316
887.603,318
887.72,325
887.837,320
887.953,334
888.07,318
888.187,305
888.304,328
888.42,331
888.537,324
888.654,312
888.77,317
888.887,304
889.004,280
889.121,313
889.237,317
889.354,328
889.471,309
889.587,313
889.704,319
889.821,317
889.938,309
890.054,325
890.171,304
890.288,312
890.404,319
890.521,327
890.638,309
890.754,314
890.871,308
890.988,318
891.104,314
891.221,311
891.337,320
891.454,316
891.571,312
891.687,312
891.804,316
891.921,325
892.037,307
892.154,334
892.27,307
892.387,326
892.504,308
892.62,312
892.737,325
892.854,312
892.97,316
893.087,306
893.203,325
893.32,318
893.436,305
893.553,321
893.67,308
893.786,310
893.903,308
894.019,310
894.136,330
894.252,331
894.369,311
894.485,316
894.602,315
894.718,319
894.835,309
894.951,334
895.068,314
895.184,315
895.301,312
895.417,316
895.534,316
895.65,316
895.767,326
895.883,314
896.0,315
896.116,316
896.233,303
896.349,313
896.466,319
896.582,311
896.699,311
896.815,312
896.932,307
897.048,312
897.165,310
897.281,309
897.397,308
897.514,332
897.63,319
897.747,315
897.863,314
897.979,316
898.096,322
898.212,326
898.329,312
898.445,319
898.561,314
898.678,312
898.794,319
898.911,325
899.027,317
899.143,328
899.26,324
899.376,314
899.492,327
899.609,315
899.725,312
899.842,315
899.958,317
900.074,316
900.191,326
900.307,321
900.423,318
900.539,319
900.656,310
900.772,319
900.888,320
901.005,321
901.121,317
901.237,308
901.354,316
901.47,324
901.586,313
901.703,314
901.819,321
901.935,319
902.051,314
902.168,319
902.284,309
902.4,315
902.516,311
902.633,316
902.749,309
902.865,313
902.981,313
903.098,328
903.214,312
903.33,321
903.446,323
903.562,307
903.679,298
903.795,321
903.911,316
904.027,322
904.143,313
904.26,320
904.376,313
904.492,310
904.608,318
904.724,320
904.841,305
904.957,325
905.073,322
905.189,316
905.305,303
905.421,311
905.538,308
905.654,305
905.77,309
905.886,314
906.002,322
906.118,327
906.234,319
906.35,321
906.466,310
906.583,315
906.699,312
906.815,320
906.931,318
907.047,320
907.163,307
907.279,332
907.395,305
907.511,327
907.627,306
907.743,323
907.859,312
907.976,318
908.092,328
908.208,314
908.324,312
908.44,318
908.556,318
908.672,324
908.788,313
908.904,339
909.02,307
909.136,326
909.252,322
909.368,313
909.484,323
909.6,324
909.716,318
909.832,317
909.948,306
910.064,314
910.18,299
910.296,331
910.412,307
910.528,317
910.644,308
910.76,312
910.875,321
910.991,308
911.107,322
911.223,312
911.339,323
911.455,325
911.571,319
911.687,320
911.803,322
911.919,321
912.035,323
912.151,324
912.267,308
912.382,320
912.498,314
912.614,322
912.73,316
912.846,326
792.446,302
792.565,338
792.684,389
792.803,367
792.922,318
793.041,301
793.16,314
793.279,335
793.398,312
793.518,305
793.637,314
793.756,341
793.875,333
793.994,336
794.113,316
794.232,303
794.351,319
794.47,331
794.589,321
794.708,304
794.827,315
794.946,329
795.066,325
795.185,318
795.304,329
795.423,309
795.542,307
795.661,317
795.78,335
795.899,315
796.018,318
796.137,321
796.256,335
796.375,321
796.494,313
796.613,315
796.732,326
796.851,319
796.97,317
797.089,311
797.208,310
797.327,328
797.446,319
797.565,342
797.684,314
797.803,325
797.922,313
798.041,317
798.16,326
798.279,324
798.398,323
798.517,331
798.636,312
798.755,330
798.874,316
798.993,319
799.112,319
799.231,333
799.35,319
799.469,315
799.588,323
799.707,323
799.826,319
799.945,334
800.064,313
800.183,324
800.302,306
800.421,321
800.54,329
800.659,325
800.778,326
800.897,316
801.016,310
801.135,319
801.254,324
801.373,315
801.492,314
801.611,322
801.729,323
801.848,325
801.967,325
802.086,318
802.205,317
802.324,316
802.443,315
802.562,311
802.681,314
802.8,321
802.919,320
803.038,317
803.157,332
803.276,321
803.394,314
803.513,323
803.632,325
803.751,312
803.87,327
803.989,315
804.108,321
804.227,318
804.346,316
804.465,321
804.583,332
804.702,316
804.821,305
804.94,320
805.059,324
805.178,304
805.297,330
805.416,323
805.535,316
805.653,330
805.772,310
805.891,322
806.01,327
806.129,317
806.248,299
806.367,313
806.485,316
806.604,313
806.723,323
806.842,318
806.961,311
807.08,324
807.198,307
807.317,309
807.436,320
807.555,325
807.674,320
807.793,318
807.912,320
808.03,330
808.149,313
808.268,320
808.387,320
808.506,313
808.624,322
808.743,336
808.862,322
808.981,321
809.1,321
809.219,310
809.337,323
809.456,324
809.575,322
809.694,306
809.812,327
809.931,319
810.05,321
810.169,307
810.288,303
810.406,333
810.525,305
810.644,321
810.763,315
810.882,322
811.0,316
811.119,320
811.238,329
811.357,321
811.475,315
811.594,320
811.713,309
811.832,316
811.95,324
812.069,304
812.188,323
812.307,322
812.425,310
812.544,307
812.663,323
812.782,315
812.9,330
813.019,307
813.138,314
813.257,325
813.375,336
813.494,320
813.613,320
813.731,326
813.85,315
813.969,323
814.088,319
814.206,316
814.325,316
814.444,325
814.562,308
814.681,323
814.8,324
814.918,330
815.037,317
815.156,331
815.274,310
815.393,328
815.512,316
815.631,322
815.749,316
815.868,326
815.987,304
816.105,320
816.224,328
816.343,320
816.461,315
816.58,318
816.698,310
816.817,319
816.936,316
817.055,324
817.173,315
817.292,319
817.41,310
817.529,319
817.648,318
817.766,329
817.885,320
818.004,319
818.122,312
818.241,326
818.359,311
818.478,323
818.597,314
818.715,316
818.834,329
818.953,309
819.071,328
819.19,311
819.308,320
819.427,310
819.546,316
819.664,316
819.783,329
819.901,322
820.02,311
820.138,327
820.257,310
820.376,314
820.494,322
820.613,323
820.731,317
820.85,314
820.969,315
821.087,304
821.206,305
821.324,334
821.443,316
821.561,326
821.68,316
821.798,304
821.917,323
822.035,311
822.154,321
822.273,316
822.391,322
822.51,309
822.628,313
822.747,323
822.865,308
822.984,331
823.102,317
823.221,293
823.339,322
823.458,310
823.576,321
823.695,315
823.813,327
823.932,319
824.05,308
824.169,333
824.287,314
824.406,325
824.524,315
824.643,324
824.761,321
824.88,306
824.998,304
825.117,314
825.235,305
825.354,305
825.472,317
825.591,308
825.709,326
825.828,307
825.946,312
826.064,325
826.183,317
826.301,324
826.42,315
826.538,319
826.657,317
826.775,318
826.894,315
827.012,317
827.13,310
827.249,326
827.367,322
827.486,322
827.604,312
827.723,317
827.841,325
827.959,312
828.078,311
828.196,313
828.315,321
828.433,306
828.552,313
828.67,327
828.788,310
828.907,324
829.025,307
829.143,324
829.262,315
829.38,318
829.499,321
829.617,318
829.735,320
829.854,311
829.972,315
830.091,326
830.209,308
830.327,322
830.446,317
830.564,302
830.682,313
830.801,313
830.919,308
831.037,326
831.156,305
831.274,323
831.392,321
831.511,310
831.629,325
831.747,308
831.866,322
831.984,318
832.102,308
832.221,316
832.339,312
832.457,299
832.576,321
832.694,306
832.812,306
832.93,326
833.049,314
833.167,308
833.285,319
833.404,312
833.522,325
833.64,314
833.759,317
833.877,315
833.995,314
834.113,321
834.232,321
834.35,329
834.468,313
834.586,325
834.705,318
834.823,322
834.941,310
835.059,330
835.178,327
835.296,307
835.414,318
835.532,321
835.651,323
835.769,325
835.887,316
836.005,307
836.124,308
836.242,318
836.36,309
836.478,310
836.596,322
836.715,313
836.833,321
836.951,326
837.069,319
837.188,318
837.306,325
837.424,328
837.542,308
837.66,316
837.779,309
837.897,311
838.015,311
838.133,323
838.251,308
838.369,305
838.487,325
838.606,321
838.724,303
838.842,325
838.96,319
839.078,318
839.196,317
839.315,324
839.433,319
839.551,313
839.669,325
839.787,308
839.905,309
840.023,311
840.142,312
840.26,306
840.378,304
840.496,321
840.614,317
840.732,309
840.85,311
840.968,314
841.087,315
841.205,316
841.323,304
841.441,302
841.559,309
841.677,302
841.795,314
841.913,326
842.031,313
842.149,321
842.267,311
842.385,315
842.504,316
842.622,314
842.74,295
842.858,330
842.976,304
843.094,323
843.212,324
843.33,306
843.448,315
843.566,310
843.684,307
843.802,318
843.92,328
844.038,314
844.156,314
844.274,318
844.392,318
844.51,304
844.628,326
844.746,305
844.864,313
844.982,320
845.1,318
845.218,321
845.336,292
845.454,313
845.572,305
845.69,324
845.808,305
845.926,317
846.044,307
846.162,326
846.28,325
846.398,325
846.516,309
846.634,313
846.752,312
846.87,320
846.988,316
847.106,314
847.224,314
847.342,313
847.46,325
847.578,317
847.696,317
847.814,307
847.932,320
848.05,311
848.168,314
848.285,308
848.403,319
848.521,323
848.639,309
848.757,314
848.875,330
848.993,317
849.111,315
849.229,320
849.347,319
849.465,321
849.582,315
849.7,309
849.818,306
849.936,310
850.054,320
850.172,305
850.29,320
850.408,314
850.525,318
850.643,313
850.761,312
850.879,320
850.997,314
851.115,312
851.233,307
851.35,323
851.468,311
851.586,304
851.704,323
851.822,310
851.94,310
852.057,321
852.175,305
852.293,321
852.411,310
852.529,325
852.647,303
852.764,327
852.882,332
853.0,313
853.118,321
853.236,299
853.353,310
853.471,319
853.589,307
853.707,305
853.824,316
853.942,315
854.06,303
854.178,311
854.296,318
854.413,315
854.531,317
854.649,317
854.767,316
854.884,320
855.002,315
855.12,307
855.238,314
855.355,316
855.473,315
855.591,327
855.708,319
855.826,313
855.944,319
856.062,326
856.179,309
856.297,311
856.415,324
856.532,319
856.65,306
856.768,312
856.886,318
857.003,326
857.121,318
857.239,323
857.356,309
857.474,317
857.592,310
857.709,308
857.827,317
857.945,321
858.062,316
858.18,310
858.298,316
858.415,315
858.533,308
858.651,312
858.768,309
858.886,305
859.003,318
859.121,328
859.239,316
859.356,313
859.474,310
859.592,325
859.709,310
859.827,317
859.944,321
860.062,308
860.18,312
860.297,318
860.415,321
860.532,315
860.65,314
860.768,327
860.885,312
861.003,311
861.12,317
861.238,317
861.356,314
861.473,323
861.591,318
861.708,316
861.826,320
861.943,323
862.061,310
862.178,314
862.296,306
862.414,322
862.531,316
862.649,316
862.766,323
862.884,317
863.001,318
863.119,315
863.236,317
863.354,320
863.471,303
863.589,323
863.706,317
863.824,320
863.941,314
864.059,316
864.176,322
864.294,316
864.411,315
864.529,320
864.646,306
864.764,309
864.881,314
864.999,311
865.116,311
865.233,322
865.351,316
865.468,312
865.586,322
865.703,324
865.821,328
865.938,321
866.056,319
866.173,309
866.29,315
866.408,306
866.525,298
866.643,323
866.76,324
866.878,315
866.995,306
867.112,321
867.23,315
867.347,314
867.465,306
867.582,314
867.699,314
867.817,308
867.934,309
868.051,308
868.169,313
868.286,328
868.404,320
868.521,311
868.638,308
868.756,301
868.873,309
868.99,306
869.108,316
869.225,313
869.342,316
869.46,316
869.577,315
869.694,327
869.812,314
869.929,315
870.046,307
870.164,318
870.281,309
870.398,315
870.516,331
870.633,325
870.75,317
870.867,314
870.985,314
871.102,315
871.219,312
871.337,309
871.454,316
871.571,323
871.688,317
871.806,328
871.923,320
872.04,317
872.157,308
872.275,318
872.392,316
872.509,316
872.626,317
872.744,306
872.861,314
872.978,314
873.095,311
873.213,319
873.33,319
873.447,314
873.564,323
873.681,328
873.799,320
873.916,315
874.033,317
874.15,303
874.267,299
874.385,318
874.502,306
874.619,320
874.736,305
874.853,314
874.97,309
875.088,310
875.205,306
875.322,326
875.439,314
875.556,316
875.673,309
875.791,325
875.908,310
876.025,314
876.142,313
876.259,312
876.376,316
876.493,306
876.61,301
876.728,317
876.845,321
876.962,324
877.079,312
877.196,319
877.313,314
877.43,327
877.547,306
877.664,298
877.781,304
877.898,316
878.016,315
878.133,313
878.25,317
878.367,312
878.484,304
878.601,316
878.718,310
878.835,310
878.952,314
879.069,312
879.186,313
879.303,320
879.42,314
879.537,330
879.654,326
879.771,317
879.888,309
880.005,314
880.122,314
880.239,310
880.356,323
880.473,321
880.59,311
880.707,316
880.824,301
880.941,314
881.058,322
881.175,320
881.292,306
881.409,325
881.526,302
881.643,310
881.76,312
881.877,329
881.994,307
882.111,301
882.228,308
882.345,320
882.462,312
882.579,317
882.696,312
882.812,309
882.929,306
883.046,317
883.163,307
883.28,309
883.397,321
883.514,319
883.631,313
883.748,296
883.865,306
883.982,313
884.098,316
884.215,319
884.332,317
884.449,306
884.566,312
884.683,307
884.8,306
884.916,312
885.033,307
885.15,317
885.267,294
885.384,317
885.501,308
885.617,309
885.734,303
885.851,318
885.968,306
886.085,314
886.202,315
886.318,315
886.435,311
886.552,317
886.669,306
886.786,302
886.902,334
887.019,320
887.136,315
887.253,324
887.369,321
887.486,305
887.603,307
887.72,320
887.837,304
887.953,321
888.07,322
888.187,327
888.304,316
888.42,309
888.537,315
888.654,309
888.77,314
888.887,321
889.004,320
889.121,324
889.237,315
889.354,316
889.471,300
889.587,319
889.704,313
889.821,311
889.938,325
890.054,320
890.171,304
890.288,322
890.404,310
890.521,319
890.638,317
890.754,310
890.871,318
890.988,313
891.104,311
891.221,313
891.337,312
891.454,311
891.571,321
891.687,315
891.804,321
891.921,313
892.037,310
892.154,318
892.27,314
892.387,313
892.504,313
892.62,305
892.737,313
892.854,314
892.97,314
893.087,316
893.203,311
893.32,318
893.436,308
893.553,320
893.67,309
893.786,311
893.903,305
894.019,311
894.136,326
894.252,316
894.369,324
894.485,317
894.602,305
894.718,312
894.835,321
894.951,317
895.068,312
895.184,311
895.301,314
895.417,318
895.534,310
895.65,314
895.767,322
895.883,327
896.0,312
896.116,318
896.233,326
896.349,308
896.466,314
896.582,324
896.699,306
896.815,327
896.932,321
897.048,317
897.165,315
897.281,318
897.397,311
897.514,324
897.63,314
897.747,329
897.863,310
897.979,311
898.096,314
898.212,320
898.329,321
898.445,319
898.561,321
898.678,330
898.794,313
898.911,312
899.027,324
899.143,314
899.26,312
899.376,311
899.492,310
899.609,315
899.725,301
899.842,324
899.958,317
900.074,320
900.191,302
900.307,311
900.423,315
900.539,312
900.656,323
900.772,314
900.888,304
901.005,298
901.121,327
901.237,329
901.354,308
901.47,319
901.586,317
901.703,314
901.819,320
901.935,308
902.051,316
902.168,299
902.284,318
902.4,312
902.516,317
902.633,307
902.749,312
902.865,316
902.981,315
903.098,305
903.214,316
903.33,322
903.446,315
903.562,323
903.679,314
903.795,321
903.911,318
904.027,324
904.143,316
904.26,321
904.376,319
904.492,317
904.608,310
904.724,319
904.841,319
904.957,317
905.073,309
905.189,314
905.305,316
905.421,319
905.538,320
905.654,332
905.77,318
905.886,309
906.002,314
906.118,323
906.234,310
906.35,319
906.466,318
906.583,318
906.699,311
906.815,315
906.931,314
907.047,317
907.163,320
907.279,321
907.395,312
907.511,317
907.627,317
907.743,308
907.859,308
907.976,309
908.092,313
908.208,317
908.324,315
908.44,308
908.556,307
908.672,324
908.788,312
908.904,326
909.02,308
909.136,315
909.252,322
909.368,312
909.484,305
909.6,316
909.716,307
909.832,311
909.948,318
910.064,303
910.18,313
910.296,317
910.412,322
910.528,321
910.644,308
910.76,313
910.875,307
910.991,327
911.107,298
911.223,320
911.339,313
911.455,321
911.571,312
911.687,334
911.803,313
911.919,314
912.035,313
912.151,320
912.267,319
912.382,313
912.498,313
912.614,316
912.73,324
912.846,308
792.446,298
792.565,339
792.684,382
792.803,353
792.922,316
793.041,307
793.16,317
793.279,323
793.398,319
793.518,298
793.637,313
793.756,328
793.875,337
793.994,328
794.113,334
794.232,328
794.351,309
794.47,312
794.589,321
794.708,309
794.827,319
794.946,323
795.066,326
795.185,324
795.304,318
795.423,323
795.542,330
795.661,327
795.78,315
795.899,311
796.018,328
796.137,305
796.256,308
796.375,321
796.494,325
796.613,331
796.732,311
796.851,324
796.97,311
797.089,317
797.208,330
797.327,307
797.446,323
797.565,326
797.684,309
797.803,325
797.922,328
798.041,303
798.16,321
798.279,318
798.398,321
798.517,318
798.636,319
798.755,327
798.874,320
798.993,313
799.112,321
799.231,328
799.35,313
799.469,318
799.588,303
799.707,319
799.826,315
799.945,318
800.064,321
800.183,333
800.302,317
800.421,319
800.54,314
800.659,304
800.778,322
800.897,311
801.016,319
801.135,321
801.254,318
801.373,313
801.492,324
801.611,319
801.729,321
801.848,315
801.967,322
802.086,318
802.205,313
802.324,316
802.443,323
802.562,312
802.681,325
802.8,314
802.919,324
803.038,329
803.157,322
803.276,320
803.394,310
803.513,312
803.632,307
803.751,316
803.87,310
803.989,319
804.108,311
804.227,323
804.346,325
804.465,310
804.583,316
804.702,315
804.821,318
804.94,320
805.059,323
805.178,315
805.297,320
805.416,325
805.535,321
805.653,316
805.772,324
805.891,328
806.01,312
806.129,307
806.248,321
806.367,318
806.485,314
806.604,322
806.723,323
806.842,318
806.961,322
807.08,329
807.198,326
807.317,323
807.436,310
807.555,315
807.674,322
807.793,323
807.912,326
808.03,300
808.149,320
808.268,309
808.387,327
808.506,316
808.624,307
808.743,300
808.862,315
808.981,331
809.1,326
809.219,304
809.337,312
809.456,320
809.575,323
809.694,321
809.812,307
809.931,330
810.05,326
810.169,307
810.288,321
810.406,331
810.525,317
810.644,316
810.763,321
810.882,307
811.0,314
811.119,308
811.238,305
811.357,327
811.475,303
811.594,321
811.713,318
811.832,316
811.95,317
812.069,306
812.188,318
812.307,307
812.425,314
812.544,328
812.663,307
812.782,313
812.9,322
813.019,310
813.138,324
813.257,320
813.375,317
813.494,314
813.613,317
813.731,308
813.85,306
813.969,320
814.088,308
814.206,318
814.325,316
814.444,322
814.562,325
814.681,316
814.8,330
814.918,304
815.037,330
815.156,320
815.274,320
815.393,318
815.512,322
815.631,315
815.749,321
815.868,308
815.987,313
816.105,312
816.224,321
816.343,317
816.461,328
816.58,317
816.698,326
816.817,316
816.936,322
817.055,321
817.173,313
817.292,307
817.41,307
817.529,342
817.648,321
817.766,332
817.885,308
818.004,308
818.122,312
818.241,315
818.359,309
818.478,313
818.597,321
818.715,315
818.834,315
818.953,327
819.071,321
819.19,317
819.308,304
819.427,324
819.546,309
819.664,321
819.783,311
819.901,305
820.02,329
820.138,310
820.257,321
820.376,314
820.494,306
820.613,315
820.731,314
820.85,314
820.969,313
821.087,318
821.206,330
821.324,313
821.443,309
821.561,304
821.68,320
821.798,323
821.917,322
822.035,317
822.154,315
822.273,311
822.391,309
822.51,310
822.628,300
822.747,317
822.865,317
822.984,327
823.102,315
823.221,311
823.339,308
823.458,310
823.576,324
823.695,308
823.813,328
823.932,302
824.05,326
824.169,312
824.287,310
824.406,330
824.524,314
824.643,317
824.761,314
824.88,314
824.998,325
825.117,306
825.235,313
825.354,317
825.472,311
825.591,325
825.709,315
825.828,322
825.946,314
826.064,331
826.183,319
826.301,310
826.42,321
826.538,309
826.657,327
826.775,305
826.894,321
827.012,312
827.13,319
827.249,315
827.367,315
827.486,319
827.604,323
827.723,314
827.841,322
827.959,310
828.078,332
828.196,310
828.315,312
828.433,310
828.552,333
828.67,325
828.788,314
828.907,316
829.025,316
829.143,310
829.262,312
829.38,329
829.499,304
829.617,300
829.735,320
829.854,309
829.972,306
830.091,315
830.209,317
830.327,318
830.446,309
830.564,309
830.682,314
830.801,301
830.919,325
831.037,310
831.156,316
831.274,317
831.392,306
831.511,305
831.629,306
831.747,306
831.866,314
831.984,308
832.102,327
832.221,321
832.339,314
832.457,303
832.576,315
832.694,311
832.812,316
832.93,306
833.049,321
833.167,318
833.285,302
833.404,307
833.522,314
833.64,320
833.759,323
833.877,309
833.995,320
834.113,330
834.232,329
834.35,317
834.468,316
834.586,314
834.705,321
834.823,306
834.941,310
835.059,316
835.178,316
835.296,319
835.414,309
835.532,313
835.651,313
835.769,316
835.887,333
836.005,311
836.124,324
836.242,317
836.36,312
836.478,312
836.596,321
836.715,316
836.833,317
836.951,298
837.069,309
837.188,313
837.306,316
837.424,308
837.542,316
837.66,295
837.779,318
837.897,305
838.015,318
838.133,322
838.251,305
838.369,306
838.487,314
838.606,316
838.724,310
838.842,308
838.96,325
839.078,309
839.196,320
839.315,310
839.433,323
839.551,317
839.669,307
839.787,322
839.905,328
840.023,299
840.142,308
840.26,319
840.378,323
840.496,322
840.614,315
840.732,319
840.85,306
840.968,315
841.087,324
841.205,306
841.323,311
841.441,313
841.559,312
841.677,311
841.795,326
841.913,304
842.031,326
842.149,308
842.267,310
842.385,314
842.504,312
842.622,311
842.74,326
842.858,307
842.976,308
843.094,314
843.212,315
843.33,303
843.448,321
843.566,307
843.684,324
843.802,304
843.92,309
844.038,321
844.156,318
844.274,313
844.392,303
844.51,323
844.628,322
844.746,307
844.864,323
844.982,320
845.1,319
845.218,313
845.336,310
845.454,314
845.572,310
845.69,319
845.808,309
845.926,317
846.044,316
846.162,308
846.28,310
846.398,303
846.516,322
846.634,306
846.752,318
846.87,315
846.988,318
847.106,312
847.224,317
847.342,318
847.46,321
847.578,320
847.696,319
847.814,308
847.932,316
848.05,306
848.168,324
848.285,314
848.403,325
848.521,307
848.639,328
848.757,326
848.875,311
848.993,305
849.111,312
849.229,305
849.347,305
849.465,310
849.582,319
849.7,323
849.818,321
849.936,323
850.054,327
850.172,320
850.29,308
850.408,320
850.525,312
850.643,312
850.761,312
850.879,318
850.997,303
851.115,314
851.233,313
851.35,295
851.468,310
851.586,303
851.704,311
851.822,318
851.94,310
852.057,309
852.175,318
852.293,303
852.411,317
852.529,313
852.647,331
852.764,311
852.882,317
853.0,324
853.118,303
853.236,319
853.353,321
853.471,312
853.589,313
853.707,305
853.824,310
853.942,316
854.06,315
854.178,323
854.296,329
854.413,306
854.531,326
854.649,318
854.767,321
854.884,312
855.002,304
855.12,306
855.238,308
855.355,295
855.473,327
855.591,304
855.708,313
855.826,312
855.944,320
856.062,306
856.179,310
856.297,324
856.415,318
856.532,324
856.65,315
856.768,303
856.886,307
857.003,315
857.121,316
857.239,311
857.356,324
857.474,316
857.592,311
857.709,313
857.827,317
857.945,315
858.062,316
858.18,312
858.298,305
858.415,319
858.533,307
858.651,302
858.768,324
858.886,295
859.003,309
859.121,309
859.239,317
859.356,319
859.474,311
859.592,305
859.709,312
859.827,317
859.944,310
860.062,311
860.18,315
860.297,304
860.415,319
860.532,306
860.65,317
860.768,311
860.885,315
861.003,311
861.12,314
861.238,314
861.356,322
861.473,296
861.591,308
861.708,309
861.826,321
861.943,301
862.061,305
862.178,305
862.296,318
862.414,309
862.531,320
862.649,301
862.766,321
862.884,316
863.001,321
863.119,312
863.236,321
863.354,316
863.471,313
863.589,306
863.706,317
863.824,313
863.941,306
864.059,308
864.176,324
864.294,311
864.411,311
864.529,308
864.646,319
864.764,318
864.881,310
864.999,317
865.116,318
865.233,323
865.351,318
865.468,306
865.586,315
865.703,312
865.821,326
865.938,311
866.056,318
866.173,304
866.29,321
866.408,317
866.525,316
866.643,318
866.76,319
866.878,310
866.995,325
867.112,310
867.23,320
867.347,307
867.465,321
867.582,314
867.699,321
867.817,306
867.934,308
868.051,324
868.169,308
868.286,310
868.404,312
868.521,306
868.638,317
868.756,317
868.873,316
868.99,307
869.108,316
869.225,299
869.342,315
869.46,301
869.577,306
869.694,325
869.812,316
869.929,316
870.046,322
870.164,319
870.281,321
870.398,316
870.516,318
870.633,327
870.75,314
870.867,305
870.985,316
871.102,320
871.219,312
871.337,315
871.454,319
871.571,320
871.688,324
871.806,326
871.923,323
872.04,308
872.157,315
872.275,304
872.392,312
872.509,308
872.626,309
872.744,317
872.861,311
872.978,297
873.095,321
873.213,317
873.33,322
873.447,303
873.564,320
873.681,308
873.799,316
873.916,311
874.033,321
874.15,296
874.267,307
874.385,312
874.502,318
874.619,309
874.736,303
874.853,308
874.97,305
875.088,309
875.205,316
875.322,306
875.439,320
875.556,304
875.673,324
875.791,308
875.908,319
876.025,308
876.142,306
876.259,328
876.376,310
876.493,315
876.61,314
876.728,311
876.845,324
876.962,317
877.079,316
877.196,322
877.313,312
877.43,310
877.547,326
877.664,314
877.781,317
877.898,321
878.016,306
878.133,312
878.25,313
878.367,319
878.484,321
878.601,313
878.718,313
878.835,311
878.952,326
879.069,312
879.186,329
879.303,315
879.42,318
879.537,312
879.654,303
879.771,308
879.888,319
880.005,304
880.122,311
880.239,314
880.356,323
880.473,296
880.59,306
880.707,312
880.824,312
880.941,295
881.058,316
881.175,312
881.292,321
881.409,310
881.526,317
881.643,308
881.76,318
881.877,301
881.994,315
882.111,316
882.228,323
882.345,314
882.462,311
882.579,317
882.696,322
882.812,309
882.929,315
883.046,312
883.163,328
883.28,303
883.397,314
883.514,312
883.631,322
883.748,322
883.865,317
883.982,311
884.098,311
884.215,305
884.332,311
884.449,310
884.566,314
884.683,311
884.8,315
884.916,301
885.033,323
885.15,309
885.267,309
885.384,308
885.501,316
885.617,306
885.734,313
885.851,308
885.968,315
886.085,312
886.202,313
886.318,314
886.435,305
886.552,308
886.669,302
886.786,304
886.902,310
887.019,298
887.136,314
887.253,315
887.369,320
887.486,319
887.603,304
887.72,310
887.837,317
887.953,315
888.07,320
888.187,315
888.304,331
888.42,309
888.537,319
888.654,308
888.77,304
888.887,315
889.004,314
889.121,324
889.237,316
889.354,311
889.471,300
889.587,301
889.704,324
889.821,309
889.938,310
890.054,308
890.171,323
890.288,303
890.404,319
890.521,303
890.638,324
890.754,302
890.871,309
890.988,314
891.104,307
891.221,315
891.337,311
891.454,320
891.571,321
891.687,314
891.804,318
891.921,300
892.037,320
892.154,308
892.27,314
892.387,328
892.504,311
892.62,313
892.737,317
892.854,299
892.97,316
893.087,311
893.203,310
893.32,314
893.436,309
893.553,305
893.67,314
893.786,310
893.903,327
894.019,313
894.136,317
894.252,303
894.369,315
894.485,283
894.602,310
894.718,309
894.835,316
894.951,328
895.068,313
895.184,307
895.301,335
895.417,294
895.534,329
895.65,311
895.767,318
895.883,312
896.0,329
896.116,317
896.233,319
896.349,308
896.466,309
896.582,319
896.699,330
896.815,333
896.932,314
897.048,315
897.165,328
897.281,319
897.397,319
897.514,319
897.63,318
897.747,321
897.863,317
897.979,314
898.096,308
898.212,317
898.329,313
898.445,313
898.561,315
898.678,309
898.794,319
898.911,311
899.027,319
899.143,324
899.26,318
899.376,309
899.492,321
899.609,318
899.725,323
899.842,307
899.958,317
900.074,307
900.191,321
900.307,317
900.423,311
900.539,314
900.656,321
900.772,315
900.888,324
901.005,310
901.121,328
901.237,322
901.354,322
901.47,308
901.586,319
901.703,319
901.819,303
901.935,303
902.051,319
902.168,299
902.284,325
902.4,301
902.516,305
902.633,309
902.749,331
902.865,325
902.981,310
903.098,315
903.214,310
903.33,292
903.446,320
903.562,297
903.679,318
903.795,306
903.911,313
904.027,312
904.143,317
904.26,303
904.376,318
904.492,310
904.608,318
904.724,318
904.841,310
904.957,320
905.073,313
905.189,312
905.305,314
905.421,309
905.538,317
905.654,310
905.77,321
905.886,298
906.002,315
906.118,318
906.234,304
906.35,320
906.466,323
906.583,312
906.699,322
906.815,310
906.931,318
907.047,313
907.163,330
907.279,308
907.395,312
907.511,311
907.627,298
907.743,310
907.859,317
907.976,314
908.092,322
908.208,302
908.324,322
908.44,302
908.556,305
908.672,313
908.788,315
908.904,325
909.02,296
909.136,304
909.252,312
909.368,315
909.484,324
909.6,325
909.716,326
909.832,307
909.948,309
910.064,307
910.18,309
910.296,308
910.412,322
910.528,313
910.644,322
910.76,310
910.875,312
910.991,315
911.107,323
911.223,314
911.339,315
911.455,314
911.571,308
911.687,331
911.803,323
911.919,316
912.035,311
912.151,315
912.267,320
912.382,318
912.498,319
912.614,316
912.73,306
912.846,306
