792.446,331
792.565,369
792.684,408
792.803,387
792.922,328
793.041,313
793.16,327
793.279,352
793.398,342
793.518,313
793.637,321
793.756,348
793.875,369
793.994,352
794.113,332
794.232,326
794.351,337
794.47,338
794.589,339
794.708,333
794.827,333
794.946,340
795.066,342
795.185,351
795.304,343
795.423,338
795.542,338
795.661,337
795.78,330
795.899,342
796.018,335
796.137,334
796.256,331
796.375,322
796.494,331
796.613,311
796.732,327
796.851,342
796.97,337
797.089,326
797.208,329
797.327,334
797.446,315
797.565,333
797.684,325
797.803,334
797.922,329
798.041,340
798.16,345
798.279,324
798.398,331
798.517,337
798.636,333
798.755,323
798.874,330
798.993,336
799.112,334
799.231,334
799.35,323
799.469,320
799.588,317
799.707,336
799.826,320
799.945,336
800.064,323
800.183,327
800.302,333
800.421,338
800.54,323
800.659,334
800.778,327
800.897,320
801.016,332
801.135,315
801.254,331
801.373,336
801.492,323
801.611,328
801.729,320
801.848,321
801.967,327
802.086,329
802.205,333
802.324,326
802.443,334
802.562,337
802.681,338
802.8,312
802.919,317
803.038,340
803.157,315
803.276,338
803.394,332
803.513,322
803.632,326
803.751,331
803.87,336
803.989,319
804.108,318
804.227,321
804.346,315
804.465,327
804.583,318
804.702,340
804.821,329
804.94,336
805.059,335
805.178,333
805.297,331
805.416,321
805.535,326
805.653,325
805.772,310
805.891,321
806.01,323
806.129,316
806.248,323
806.367,328
806.485,328
806.604,319
806.723,327
806.842,328
806.961,339
807.08,339
807.198,316
807.317,327
807.436,319
807.555,329
807.674,336
807.793,330
807.912,316
808.03,332
808.149,331
808.268,318
808.387,314
808.506,336
808.624,329
808.743,326
808.862,335
808.981,320
809.1,323
809.219,330
809.337,329
809.456,320
809.575,329
809.694,330
809.812,317
809.931,330
810.05,327
810.169,333
810.288,319
810.406,342
810.525,320
810.644,303
810.763,312
810.882,334
811.0,323
811.119,331
811.238,323
811.357,322
811.475,311
811.594,331
811.713,328
811.832,311
811.95,330
812.069,342
812.188,318
812.307,328
812.425,329
812.544,329
812.663,322
812.782,330
812.9,333
813.019,318
813.138,321
813.257,327
813.375,327
813.494,313
813.613,327
813.731,333
813.85,324
813.969,330
814.088,321
814.206,333
814.325,310
814.444,340
814.562,317
814.681,324
814.8,332
814.918,318
815.037,330
815.156,324
815.274,325
815.393,322
815.512,325
815.631,335
815.749,320
815.868,330
815.987,326
816.105,331
816.224,326
816.343,318
816.461,323
816.58,332
816.698,314
816.817,324
816.936,324
817.055,327
817.173,338
817.292,334
817.41,319
817.529,329
817.648,328
817.766,325
817.885,318
818.004,325
818.122,308
818.241,328
818.359,323
818.478,325
818.597,307
818.715,325
818.834,321
818.953,315
819.071,319
819.19,314
819.308,319
819.427,323
819.546,332
819.664,311
819.783,314
819.901,326
820.02,330
820.138,334
820.257,324
820.376,327
820.494,336
820.613,320
820.731,321
820.85,331
820.969,308
821.087,316
821.206,329
821.324,333
821.443,318
821.561,334
821.68,313
821.798,315
821.917,315
822.035,310
822.154,321
822.273,321
822.391,321
822.51,331
822.628,301
822.747,318
822.865,325
822.984,331
823.102,337
823.221,319
823.339,317
823.458,326
823.576,312
823.695,311
823.813,318
823.932,326
824.05,336
824.169,323
824.287,343
824.406,333
824.524,322
824.643,323
824.761,324
824.88,321
824.998,324
825.117,322
825.235,316
825.354,332
825.472,322
825.591,316
825.709,321
825.828,326
825.946,305
826.064,344
826.183,323
826.301,323
826.42,319
826.538,329
826.657,320
826.775,313
826.894,324
827.012,330
827.13,308
827.249,325
827.367,321
827.486,305
827.604,334
827.723,309
827.841,323
827.959,317
828.078,334
828.196,322
828.315,319
828.433,311
828.552,305
828.67,319
828.788,322
828.907,323
829.025,312
829.143,319
829.262,321
829.38,329
829.499,316
829.617,311
829.735,320
829.854,330
829.972,318
830.091,309
830.209,325
830.327,327
830.446,316
830.564,314
830.682,323
830.801,303
830.919,319
831.037,332
831.156,310
831.274,328
831.392,336
831.511,315
831.629,314
831.747,315
831.866,314
831.984,320
832.102,317
832.221,315
832.339,321
832.457,308
832.576,316
832.694,316
832.812,319
832.93,319
833.049,310
833.167,317
833.285,296
833.404,324
833.522,319
833.64,321
833.759,323
833.877,324
833.995,327
834.113,319
834.232,315
834.35,322
834.468,315
834.586,323
834.705,332
834.823,315
834.941,323
835.059,310
835.178,322
835.296,320
835.414,326
835.532,332
835.651,324
835.769,318
835.887,318
836.005,314
836.124,328
836.242,312
836.36,316
836.478,315
836.596,326
836.715,313
836.833,327
836.951,310
837.069,318
837.188,318
837.306,312
837.424,308
837.542,323
837.66,322
837.779,317
837.897,309
838.015,313
838.133,329
838.251,306
838.369,312
838.487,322
838.606,315
838.724,318
838.842,321
838.96,320
839.078,310
839.196,330
839.315,324
839.433,327
839.551,315
839.669,323
839.787,329
839.905,308
840.023,316
840.142,316
840.26,333
840.378,332
840.496,317
840.614,330
840.732,323
840.85,329
840.968,308
841.087,313
841.205,315
841.323,317
841.441,329
841.559,322
841.677,314
841.795,321
841.913,328
842.031,325
842.149,313
842.267,325
842.385,329
842.504,333
842.622,318
842.74,305
842.858,324
842.976,314
843.094,331
843.212,320
843.33,327
843.448,321
843.566,328
843.684,327
843.802,329
843.92,305
844.038,331
844.156,315
844.274,321
844.392,317
844.51,318
844.628,322
844.746,319
844.864,325
844.982,313
845.1,313
845.218,324
845.336,322
845.454,322
845.572,310
845.69,322
845.808,327
845.926,306
846.044,333
846.162,326
846.28,331
846.398,324
846.516,322
846.634,316
846.752,311
846.87,339
846.988,324
847.106,318
847.224,324
847.342,330
847.46,318
847.578,328
847.696,316
847.814,323
847.932,321
848.05,322
848.168,311
848.285,322
848.403,320
848.521,307
848.639,323
848.757,317
848.875,318
848.993,323
849.111,317
849.229,322
849.347,310
849.465,315
849.582,304
849.7,338
849.818,314
849.936,329
850.054,318
850.172,338
850.29,321
850.408,326
850.525,311
850.643,320
850.761,315
850.879,328
850.997,303
851.115,321
851.233,321
851.35,318
851.468,323
851.586,312
851.704,318
851.822,324
851.94,322
852.057,325
852.175,318
852.293,322
852.411,321
852.529,313
852.647,320
852.764,323
852.882,326
853.0,320
853.118,328
853.236,320
853.353,324
853.471,323
853.589,315
853.707,325
853.824,322
853.942,311
854.06,322
854.178,310
854.296,320
854.413,323
854.531,315
854.649,327
854.767,331
854.884,315
855.002,334
855.12,321
855.238,321
855.355,334
855.473,320
855.591,321
855.708,312
855.826,337
855.944,317
856.062,312
856.179,314
856.297,316
856.415,319
856.532,329
856.65,332
856.768,329
856.886,326
857.003,309
857.121,312
857.239,320
857.356,327
857.474,305
857.592,315
857.709,336
857.827,320
857.945,324
858.062,325
858.18,331
858.298,325
858.415,325
858.533,329
858.651,322
858.768,322
858.886,302
859.003,320
859.121,324
859.239,321
859.356,320
859.474,321
859.592,320
859.709,322
859.827,324
859.944,330
860.062,304
860.18,322
860.297,317
860.415,321
860.532,311
860.65,310
860.768,326
860.885,315
861.003,318
861.12,319
861.238,322
861.356,310
861.473,329
861.591,313
861.708,314
861.826,322
861.943,310
862.061,322
862.178,321
862.296,324
862.414,324
862.531,325
862.649,324
862.766,311
862.884,313
863.001,325
863.119,327
863.236,322
863.354,315
863.471,318
863.589,325
863.706,316
863.824,321
863.941,308
864.059,326
864.176,321
864.294,328
864.411,301
864.529,311
864.646,317
864.764,306
864.881,305
864.999,321
865.116,333
865.233,331
865.351,324
865.468,312
865.586,319
865.703,323
865.821,314
865.938,316
866.056,322
866.173,317
866.29,316
866.408,316
866.525,328
866.643,329
866.76,320
866.878,306
866.995,311
867.112,316
867.23,321
867.347,316
867.465,334
867.582,329
867.699,321
867.817,313
867.934,325
868.051,324
868.169,321
868.286,308
868.404,320
868.521,327
868.638,322
868.756,311
868.873,324
868.99,306
869.108,321
869.225,316
869.342,308
869.46,321
869.577,323
869.694,310
869.812,314
869.929,339
870.046,322
870.164,311
870.281,325
870.398,319
870.516,322
870.633,327
870.75,335
870.867,321
870.985,325
871.102,313
871.219,309
871.337,319
871.454,320
871.571,325
871.688,319
871.806,319
871.923,314
872.04,329
872.157,323
872.275,325
872.392,304
872.509,318
872.626,310
872.744,309
872.861,320
872.978,337
873.095,329
873.213,320
873.33,328
873.447,327
873.564,313
873.681,321
873.799,324
873.916,337
874.033,307
874.15,321
874.267,334
874.385,328
874.502,308
874.619,313
874.736,309
874.853,326
874.97,313
875.088,325
875.205,324
875.322,316
875.439,311
875.556,329
875.673,319
875.791,303
875.908,324
876.025,320
876.142,309
876.259,322
876.376,327
876.493,317
876.61,316
876.728,316
876.845,318
876.962,324
877.079,308
877.196,338
877.313,327
877.43,303
877.547,322
877.664,312
877.781,330
877.898,308
878.016,319
878.133,327
878.25,318
878.367,313
878.484,321
878.601,313
878.718,309
878.835,322
878.952,333
879.069,322
879.186,309
879.303,330
879.42,307
879.537,322
879.654,329
879.771,314
879.888,316
880.005,329
880.122,313
880.239,314
880.356,324
880.473,319
880.59,305
880.707,333
880.824,314
880.941,326
881.058,331
881.175,317
881.292,316
881.409,312
881.526,319
881.643,323
881.76,316
881.877,322
881.994,316
882.111,323
882.228,324
882.345,318
882.462,322
882.579,321
882.696,310
882.812,321
882.929,315
883.046,321
883.163,310
883.28,324
883.397,302
883.514,320
883.631,315
883.748,315
883.865,305
883.982,323
884.098,325
884.215,325
884.332,321
884.449,323
884.566,330
884.683,323
884.8,314
884.916,337
885.033,325
885.15,329
885.267,312
885.384,322
885.501,324
885.617,332
885.734,326
885.851,320
885.968,326
886.085,335
886.202,317
886.318,327
886.435,323
886.552,334
886.669,329
886.786,311
886.902,325
887.019,325
887.136,309
887.253,326
887.369,318
887.486,329
887.603,315
887.72,338
887.837,321
887.953,303
888.07,319
888.187,320
888.304,313
888.42,324
888.537,318
888.654,323
888.77,321
888.887,328
889.004,320
889.121,324
889.237,319
889.354,310
889.471,309
889.587,323
889.704,320
889.821,317
889.938,329
890.054,318
890.171,311
890.288,322
890.404,320
890.521,310
890.638,313
890.754,317
890.871,326
890.988,334
891.104,332
891.221,322
891.337,318
891.454,318
891.571,310
891.687,328
891.804,337
891.921,315
892.037,320
892.154,309
892.27,305
892.387,310
892.504,323
892.62,308
892.737,320
892.854,320
892.97,322
893.087,309
893.203,315
893.32,314
893.436,315
893.553,323
893.67,313
893.786,326
893.903,317
894.019,325
894.136,313
894.252,316
894.369,312
894.485,322
894.602,318
894.718,327
894.835,338
894.951,316
895.068,308
895.184,317
895.301,331
895.417,323
895.534,290
895.65,322
895.767,315
895.883,317
896.0,314
896.116,312
896.233,312
896.349,311
896.466,318
896.582,327
896.699,314
896.815,317
896.932,316
897.048,323
897.165,306
897.281,320
897.397,310
897.514,316
897.63,318
897.747,321
897.863,317
897.979,317
898.096,309
898.212,319
898.329,315
898.445,322
898.561,319
898.678,307
898.794,321
898.911,326
899.027,307
899.143,325
899.26,322
899.376,318
899.492,320
899.609,319
899.725,312
899.842,313
899.958,330
900.074,325
900.191,309
900.307,317
900.423,311
900.539,329
900.656,322
900.772,311
900.888,300
901.005,331
901.121,321
901.237,308
901.354,315
901.47,317
901.586,305
901.703,322
901.819,319
901.935,312
902.051,321
902.168,308
902.284,312
902.4,320
902.516,312
902.633,327
902.749,324
902.865,326
902.981,317
903.098,307
903.214,321
903.33,322
903.446,315
903.562,318
903.679,315
903.795,312
903.911,327
904.027,329
904.143,315
904.26,325
904.376,304
904.492,319
904.608,309
904.724,314
904.841,314
904.957,320
905.073,306
905.189,325
905.305,324
905.421,324
905.538,305
905.654,303
905.77,312
905.886,316
906.002,316
906.118,315
906.234,318
906.35,323
906.466,319
906.583,324
906.699,310
906.815,324
906.931,325
907.047,313
907.163,321
907.279,320
907.395,303
907.511,320
907.627,304
907.743,326
907.859,317
907.976,334
908.092,319
908.208,319
908.324,321
908.44,335
908.556,316
908.672,325
908.788,316
908.904,332
909.02,327
909.136,328
909.252,317
909.368,313
909.484,308
909.6,332
909.716,301
909.832,317
909.948,314
910.064,327
910.18,325
910.296,319
910.412,314
910.528,318
910.644,310
910.76,318
910.875,312
910.991,316
911.107,315
911.223,331
911.339,311
911.455,331
911.571,306
911.687,322
911.803,298
911.919,311
912.035,312
912.151,318
912.267,308
912.382,306
912.498,319
912.614,310
912.73,319
912.846,315
792.446,326
792.565,370
792.684,404
792.803,388
792.922,327
793.041,317
793.16,336
793.279,358
793.398,317
793.518,320
793.637,321
793.756,350
793.875,361
793.994,350
794.113,356
794.232,326
794.351,329
794.47,336
794.589,333
794.708,324
794.827,329
794.946,347
795.066,352
795.185,344
795.304,329
795.423,343
795.542,341
795.661,328
795.78,339
795.899,331
796.018,320
796.137,334
796.256,336
796.375,335
796.494,331
796.613,337
796.732,324
796.851,337
796.97,323
797.089,326
797.208,335
797.327,341
797.446,334
797.565,339
797.684,325
797.803,327
797.922,337
798.041,329
798.16,322
798.279,335
798.398,317
798.517,329
798.636,337
798.755,334
798.874,333
798.993,323
799.112,319
799.231,328
799.35,322
799.469,332
799.588,321
799.707,331
799.826,319
799.945,351
800.064,332
800.183,327
800.302,340
800.421,327
800.54,337
800.659,318
800.778,323
800.897,329
801.016,331
801.135,330
801.254,335
801.373,335
801.492,325
801.611,321
801.729,328
801.848,331
801.967,331
802.086,338
802.205,323
802.324,342
802.443,330
802.562,324
802.681,322
802.8,327
802.919,309
803.038,335
803.157,312
803.276,344
803.394,327
803.513,327
803.632,321
803.751,325
803.87,325
803.989,308
804.108,334
804.227,315
804.346,325
804.465,336
804.583,324
804.702,334
804.821,335
804.94,327
805.059,321
805.178,341
805.297,328
805.416,327
805.535,323
805.653,331
805.772,335
805.891,330
806.01,331
806.129,333
806.248,317
806.367,325
806.485,320
806.604,322
806.723,322
806.842,333
806.961,332
807.08,316
807.198,334
807.317,322
807.436,329
807.555,330
807.674,319
807.793,334
807.912,331
808.03,336
808.149,320
808.268,336
808.387,312
808.506,327
808.624,333
808.743,326
808.862,325
808.981,330
809.1,317
809.219,328
809.337,324
809.456,324
809.575,330
809.694,328
809.812,318
809.931,324
810.05,329
810.169,324
810.288,327
810.406,328
810.525,330
810.644,319
810.763,324
810.882,332
811.0,332
811.119,320
811.238,322
811.357,311
811.475,328
811.594,316
811.713,333
811.832,324
811.95,327
812.069,338
812.188,319
812.307,328
812.425,333
812.544,315
812.663,316
812.782,329
812.9,330
813.019,330
813.138,332
813.257,346
813.375,324
813.494,324
813.613,333
813.731,318
813.85,317
813.969,325
814.088,333
814.206,325
814.325,322
814.444,315
814.562,331
814.681,325
814.8,317
814.918,332
815.037,324
815.156,330
815.274,320
815.393,325
815.512,325
815.631,326
815.749,321
815.868,334
815.987,321
816.105,320
816.224,324
816.343,324
816.461,322
816.58,329
816.698,317
816.817,333
816.936,322
817.055,323
817.173,327
817.292,326
817.41,330
817.529,335
817.648,333
817.766,337
817.885,321
818.004,319
818.122,321
818.241,332
818.359,307
818.478,324
818.597,312
818.715,328
818.834,311
818.953,319
819.071,330
819.19,327
819.308,324
819.427,329
819.546,320
819.664,322
819.783,314
819.901,323
820.02,307
820.138,315
820.257,317
820.376,317
820.494,325
820.613,308
820.731,317
820.85,322
820.969,333
821.087,332
821.206,313
821.324,321
821.443,326
821.561,336
821.68,310
821.798,327
821.917,316
822.035,330
822.154,321
822.273,328
822.391,323
822.51,298
822.628,316
822.747,310
822.865,313
822.984,297
823.102,314
823.221,320
823.339,320
823.458,326
823.576,325
823.695,322
823.813,309
823.932,327
824.05,322
824.169,325
824.287,318
824.406,316
824.524,317
824.643,325
824.761,330
824.88,328
824.998,309
825.117,325
825.235,335
825.354,315
825.472,317
825.591,327
825.709,321
825.828,325
825.946,322
826.064,327
826.183,325
826.301,316
826.42,329
826.538,340
826.657,311
826.775,317
826.894,330
827.012,324
827.13,318
827.249,320
827.367,329
827.486,317
827.604,319
827.723,316
827.841,316
827.959,322
828.078,324
828.196,323
828.315,322
828.433,322
828.552,328
828.67,328
828.788,322
828.907,311
829.025,320
829.143,316
829.262,326
829.38,319
829.499,317
829.617,303
829.735,319
829.854,321
829.972,308
830.091,333
830.209,307
830.327,331
830.446,325
830.564,334
830.682,327
830.801,324
830.919,319
831.037,311
831.156,336
831.274,342
831.392,325
831.511,332
831.629,319
831.747,333
831.866,324
831.984,320
832.102,315
832.221,319
832.339,318
832.457,341
832.576,313
832.694,323
832.812,315
832.93,320
833.049,313
833.167,322
833.285,312
833.404,315
833.522,314
833.64,334
833.759,299
833.877,332
833.995,321
834.113,323
834.232,312
834.35,323
834.468,323
834.586,329
834.705,317
834.823,306
834.941,322
835.059,326
835.178,318
835.296,316
835.414,316
835.532,322
835.651,310
835.769,304
835.887,323
836.005,325
836.124,325
836.242,315
836.36,320
836.478,323
836.596,317
836.715,296
836.833,327
836.951,315
837.069,322
837.188,321
837.306,318
837.424,332
837.542,309
837.66,302
837.779,328
837.897,325
838.015,326
838.133,313
838.251,320
838.369,310
838.487,312
838.606,317
838.724,324
838.842,317
838.96,323
839.078,310
839.196,322
839.315,317
839.433,323
839.551,320
839.669,310
839.787,313
839.905,309
840.023,335
840.142,313
840.26,315
840.378,316
840.496,313
840.614,328
840.732,317
840.85,316
840.968,330
841.087,330
841.205,321
841.323,318
841.441,327
841.559,318
841.677,324
841.795,315
841.913,325
842.031,319
842.149,328
842.267,334
842.385,307
842.504,319
842.622,323
842.74,317
842.858,318
842.976,341
843.094,325
843.212,316
843.33,319
843.448,319
843.566,318
843.684,327
843.802,321
843.92,325
844.038,325
844.156,329
844.274,320
844.392,327
844.51,329
844.628,323
844.746,316
844.864,320
844.982,326
845.1,320
845.218,321
845.336,314
845.454,321
845.572,322
845.69,307
845.808,326
845.926,314
846.044,320
846.162,313
846.28,317
846.398,334
846.516,314
846.634,320
846.752,323
846.87,317
846.988,313
847.106,318
847.224,316
847.342,322
847.46,318
847.578,326
847.696,330
847.814,324
847.932,323
848.05,315
848.168,325
848.285,331
848.403,330
848.521,318
848.639,319
848.757,310
848.875,315
848.993,316
849.111,329
849.229,321
849.347,332
849.465,329
849.582,313
849.7,312
849.818,309
849.936,328
850.054,337
850.172,324
850.29,320
850.408,329
850.525,318
850.643,332
850.761,329
850.879,312
850.997,319
851.115,320
851.233,314
851.35,314
851.468,313
851.586,329
851.704,310
851.822,315
851.94,314
852.057,322
852.175,323
852.293,320
852.411,316
852.529,324
852.647,329
852.764,327
852.882,317
853.0,330
853.118,338
853.236,323
853.353,319
853.471,319
853.589,313
853.707,324
853.824,312
853.942,318
854.06,319
854.178,329
854.296,323
854.413,309
854.531,319
854.649,332
854.767,324
854.884,324
855.002,317
855.12,314
855.238,315
855.355,313
855.473,316
855.591,314
855.708,319
855.826,304
855.944,315
856.062,334
856.179,321
856.297,326
856.415,316
856.532,323
856.65,324
856.768,320
856.886,333
857.003,310
857.121,332
857.239,325
857.356,333
857.474,321
857.592,327
857.709,327
857.827,323
857.945,309
858.062,329
858.18,315
858.298,309
858.415,316
858.533,320
858.651,333
858.768,311
858.886,318
859.003,324
859.121,318
859.239,338
859.356,319
859.474,312
859.592,322
859.709,327
859.827,328
859.944,317
860.062,298
860.18,323
860.297,327
860.415,329
860.532,326
860.65,330
860.768,324
860.885,313
861.003,324
861.12,311
861.238,310
861.356,323
861.473,328
861.591,318
861.708,317
861.826,313
861.943,303
862.061,316
862.178,326
862.296,321
862.414,316
862.531,319
862.649,330
862.766,316
862.884,317
863.001,318
863.119,321
863.236,309
863.354,316
863.471,318
863.589,329
863.706,330
863.824,317
863.941,326
864.059,328
864.176,324
864.294,324
864.411,315
864.529,333
864.646,315
864.764,316
864.881,320
864.999,313
865.116,320
865.233,319
865.351,312
865.468,313
865.586,318
865.703,324
865.821,305
865.938,308
866.056,319
866.173,321
866.29,312
866.408,315
866.525,333
866.643,317
866.76,310
866.878,311
866.995,322
867.112,323
867.23,322
867.347,303
867.465,333
867.582,331
867.699,326
867.817,330
867.934,319
868.051,332
868.169,324
868.286,343
868.404,306
868.521,309
868.638,314
868.756,321
868.873,327
868.99,319
869.108,315
869.225,328
869.342,324
869.46,307
869.577,312
869.694,305
869.812,321
869.929,326
870.046,327
870.164,308
870.281,328
870.398,318
870.516,317
870.633,330
870.75,323
870.867,329
870.985,326
871.102,326
871.219,331
871.337,313
871.454,320
871.571,326
871.688,316
871.806,328
871.923,335
872.04,320
872.157,329
872.275,326
872.392,322
872.509,301
872.626,323
872.744,330
872.861,325
872.978,316
873.095,318
873.213,325
873.33,319
873.447,322
873.564,311
873.681,323
873.799,316
873.916,316
874.033,310
874.15,319
874.267,320
874.385,321
874.502,310
874.619,310
874.736,303
874.853,300
874.97,330
875.088,328
875.205,314
875.322,319
875.439,317
875.556,313
875.673,328
875.791,319
875.908,319
876.025,314
876.142,313
876.259,310
876.376,315
876.493,331
876.61,339
876.728,322
876.845,309
876.962,313
877.079,325
877.196,307
877.313,325
877.43,329
877.547,332
877.664,332
877.781,323
877.898,319
878.016,328
878.133,325
878.25,321
878.367,318
878.484,321
878.601,326
878.718,314
878.835,320
878.952,310
879.069,322
879.186,312
879.303,325
879.42,330
879.537,316
879.654,302
879.771,305
879.888,324
880.005,319
880.122,322
880.239,313
880.356,318
880.473,312
880.59,315
880.707,328
880.824,308
880.941,325
881.058,320
881.175,304
881.292,323
881.409,318
881.526,319
881.643,321
881.76,315
881.877,311
881.994,315
882.111,318
882.228,317
882.345,311
882.462,310
882.579,322
882.696,309
882.812,311
882.929,314
883.046,311
883.163,329
883.28,325
883.397,323
883.514,323
883.631,316
883.748,320
883.865,311
883.982,315
884.098,309
884.215,332
884.332,317
884.449,321
884.566,301
884.683,322
884.8,317
884.916,318
885.033,322
885.15,317
885.267,329
885.384,324
885.501,329
885.617,326
885.734,316
885.851,312
885.968,328
886.085,321
886.202,321
886.318,321
886.435,322
886.552,320
886.669,325
886.786,317
886.902,312
887.019,324
887.136,326
887.253,333
887.369,315
887.486,318
887.603,324
887.72,319
887.837,315
887.953,321
888.07,305
888.187,329
888.304,313
888.42,309
888.537,325
888.654,317
888.77,325
888.887,318
889.004,308
889.121,320
889.237,321
889.354,318
889.471,316
889.587,321
889.704,322
889.821,318
889.938,320
890.054,318
890.171,320
890.288,319
890.404,311
890.521,327
890.638,324
890.754,321
890.871,319
890.988,311
891.104,309
891.221,328
891.337,315
891.454,333
891.571,320
891.687,316
891.804,319
891.921,306
892.037,308
892.154,329
892.27,307
892.387,321
892.504,325
892.62,316
892.737,322
892.854,326
892.97,304
893.087,326
893.203,321
893.32,320
893.436,323
893.553,314
893.67,307
893.786,316
893.903,314
894.019,326
894.136,323
894.252,305
894.369,322
894.485,314
894.602,321
894.718,319
894.835,329
894.951,325
895.068,314
895.184,329
895.301,332
895.417,317
895.534,323
895.65,319
895.767,309
895.883,327
896.0,313
896.116,315
896.233,326
896.349,319
896.466,328
896.582,311
896.699,302
896.815,319
896.932,305
897.048,318
897.165,321
897.281,328
897.397,315
897.514,319
897.63,301
897.747,312
897.863,321
897.979,316
898.096,320
898.212,319
898.329,303
898.445,330
898.561,319
898.678,322
898.794,323
898.911,319
899.027,318
899.143,330
899.26,326
899.376,323
899.492,306
899.609,312
899.725,323
899.842,312
899.958,317
900.074,319
900.191,330
900.307,315
900.423,318
900.539,318
900.656,319
900.772,313
900.888,324
901.005,321
901.121,313
901.237,325
901.354,325
901.47,317
901.586,316
901.703,311
901.819,328
901.935,336
902.051,324
902.168,329
902.284,319
902.4,305
902.516,314
902.633,324
902.749,315
902.865,331
902.981,325
903.098,325
903.214,325
903.33,320
903.446,325
903.562,328
903.679,328
903.795,317
903.911,319
904.027,323
904.143,330
904.26,318
904.376,309
904.492,317
904.608,321
904.724,312
904.841,306
904.957,321
905.073,322
905.189,326
905.305,331
905.421,325
905.538,317
905.654,323
905.77,320
905.886,321
906.002,327
906.118,327
906.234,328
906.35,329
906.466,316
906.583,320
906.699,309
906.815,321
906.931,320
907.047,326
907.163,325
907.279,322
907.395,318
907.511,314
907.627,310
907.743,319
907.859,330
907.976,327
908.092,327
908.208,315
908.324,326
908.44,331
908.556,320
908.672,327
908.788,307
908.904,329
909.02,306
909.136,311
909.252,314
909.368,322
909.484,320
909.6,321
909.716,318
909.832,315
909.948,311
910.064,321
910.18,309
910.296,316
910.412,313
910.528,302
910.644,326
910.76,332
910.875,301
910.991,323
911.107,313
911.223,321
911.339,310
911.455,321
911.571,313
911.687,326
911.803,305
911.919,327
912.035,317
912.151,318
912.267,318
912.382,317
912.498,315
912.614,322
912.73,316
912.846,311
792.446,327
792.565,376
792.684,406
792.803,378
792.922,353
793.041,324
793.16,326
793.279,349
793.398,329
793.518,329
793.637,334
793.756,343
793.875,352
793.994,343
794.113,334
794.232,319
794.351,335
794.47,322
794.589,334
794.708,332
794.827,333
794.946,342
795.066,348
795.185,338
795.304,344
795.423,329
795.542,331
795.661,332
795.78,337
795.899,335
796.018,336
796.137,328
796.256,322
796.375,324
796.494,335
796.613,323
796.732,311
796.851,323
796.97,335
797.089,318
797.208,329
797.327,315
797.446,334
797.565,325
797.684,319
797.803,327
797.922,337
798.041,321
798.16,330
798.279,319
798.398,316
798.517,320
798.636,341
798.755,307
798.874,329
798.993,334
799.112,339
799.231,296
799.35,321
799.469,334
799.588,327
799.707,323
799.826,335
799.945,335
800.064,330
800.183,322
800.302,319
800.421,323
800.54,332
800.659,334
800.778,338
800.897,328
801.016,337
801.135,330
801.254,318
801.373,329
801.492,316
801.611,333
801.729,315
801.848,337
801.967,326
802.086,313
802.205,308
802.324,334
802.443,321
802.562,320
802.681,327
802.8,332
802.919,314
803.038,327
803.157,336
803.276,330
803.394,321
803.513,332
803.632,332
803.751,328
803.87,332
803.989,321
804.108,313
804.227,318
804.346,342
804.465,325
804.583,345
804.702,317
804.821,334
804.94,320
805.059,308
805.178,320
805.297,317
805.416,306
805.535,332
805.653,327
805.772,323
805.891,319
806.01,331
806.129,327
806.248,324
806.367,327
806.485,311
806.604,332
806.723,321
806.842,313
806.961,331
807.08,323
807.198,321
807.317,328
807.436,329
807.555,320
807.674,339
807.793,304
807.912,321
808.03,313
808.149,319
808.268,314
808.387,312
808.506,327
808.624,316
808.743,326
808.862,322
808.981,325
809.1,338
809.219,313
809.337,328
809.456,315
809.575,320
809.694,331
809.812,316
809.931,320
810.05,314
810.169,317
810.288,337
810.406,304
810.525,327
810.644,327
810.763,322
810.882,327
811.0,326
811.119,314
811.238,327
811.357,339
811.475,328
811.594,323
811.713,327
811.832,331
811.95,322
812.069,327
812.188,296
812.307,315
812.425,331
812.544,317
812.663,322
812.782,320
812.9,323
813.019,324
813.138,328
813.257,326
813.375,323
813.494,332
813.613,311
813.731,322
813.85,325
813.969,327
814.088,335
814.206,328
814.325,322
814.444,327
814.562,315
814.681,316
814.8,334
814.918,327
815.037,346
815.156,318
815.274,325
815.393,317
815.512,324
815.631,321
815.749,323
815.868,311
815.987,326
816.105,322
816.224,316
816.343,318
816.461,321
816.58,318
816.698,334
816.817,334
816.936,318
817.055,321
817.173,309
817.292,307
817.41,327
817.529,327
817.648,339
817.766,318
817.885,328
818.004,336
818.122,334
818.241,320
818.359,319
818.478,324
818.597,326
818.715,309
818.834,319
818.953,318
819.071,336
819.19,308
819.308,325
819.427,319
819.546,318
819.664,307
819.783,331
819.901,322
820.02,320
820.138,318
820.257,329
820.376,309
820.494,327
820.613,306
820.731,322
820.85,326
820.969,328
821.087,316
821.206,315
821.324,306
821.443,331
821.561,324
821.68,328
821.798,313
821.917,319
822.035,314
822.154,319
822.273,310
822.391,336
822.51,310
822.628,338
822.747,308
822.865,339
822.984,315
823.102,321
823.221,317
823.339,319
823.458,314
823.576,312
823.695,313
823.813,330
823.932,315
824.05,331
824.169,317
824.287,330
824.406,332
824.524,317
824.643,319
824.761,318
824.88,315
824.998,328
825.117,324
825.235,317
825.354,320
825.472,312
825.591,334
825.709,313
825.828,319
825.946,314
826.064,324
826.183,317
826.301,319
826.42,299
826.538,308
826.657,325
826.775,313
826.894,322
827.012,313
827.13,329
827.249,311
827.367,324
827.486,315
827.604,308
827.723,317
827.841,331
827.959,314
828.078,320
828.196,297
828.315,329
828.433,328
828.552,326
828.67,315
828.788,313
828.907,316
829.025,352
829.143,299
829.262,308
829.38,321
829.499,336
829.617,326
829.735,325
829.854,327
829.972,331
830.091,318
830.209,329
830.327,311
830.446,310
830.564,317
830.682,319
830.801,322
830.919,316
831.037,317
831.156,328
831.274,318
831.392,323
831.511,323
831.629,328
831.747,317
831.866,328
831.984,323
832.102,338
832.221,311
832.339,309
832.457,313
832.576,320
832.694,327
832.812,328
832.93,313
833.049,320
833.167,328
833.285,331
833.404,315
833.522,312
833.64,313
833.759,322
833.877,309
833.995,325
834.113,319
834.232,321
834.35,309
834.468,326
834.586,320
834.705,312
834.823,316
834.941,323
835.059,326
835.178,313
835.296,321
835.414,315
835.532,318
835.651,324
835.769,313
835.887,310
836.005,328
836.124,323
836.242,328
836.36,311
836.478,310
836.596,328
836.715,315
836.833,313
836.951,304
837.069,320
837.188,307
837.306,328
837.424,315
837.542,317
837.66,317
837.779,326
837.897,295
838.015,325
838.133,323
838.251,328
838.369,318
838.487,320
838.606,322
838.724,324
838.842,324
838.96,328
839.078,305
839.196,306
839.315,320
839.433,320
839.551,322
839.669,321
839.787,308
839.905,318
840.023,319
840.142,332
840.26,318
840.378,320
840.496,311
840.614,324
840.732,332
840.85,323
840.968,316
841.087,327
841.205,318
841.323,312
841.441,326
841.559,321
841.677,321
841.795,331
841.913,328
842.031,333
842.149,325
842.267,315
842.385,312
842.504,321
842.622,313
842.74,321
842.858,318
842.976,318
843.094,315
843.212,307
843.33,322
843.448,322
843.566,305
843.684,323
843.802,325
843.92,314
844.038,323
844.156,304
844.274,314
844.392,325
844.51,328
844.628,327
844.746,318
844.864,316
844.982,323
845.1,325
845.218,326
845.336,307
845.454,325
845.572,310
845.69,310
845.808,318
845.926,315
846.044,318
846.162,316
846.28,319
846.398,313
846.516,330
846.634,304
846.752,319
846.87,330
846.988,315
847.106,328
847.224,328
847.342,311
847.46,323
847.578,321
847.696,311
847.814,312
847.932,335
848.05,324
848.168,321
848.285,316
848.403,331
848.521,316
848.639,327
848.757,318
848.875,300
848.993,318
849.111,312
849.229,312
849.347,335
849.465,315
849.582,315
849.7,320
849.818,318
849.936,320
850.054,329
850.172,316
850.29,328
850.408,305
850.525,331
850.643,317
850.761,321
850.879,326
850.997,322
851.115,319
851.233,310
851.35,314
851.468,321
851.586,311
851.704,321
851.822,315
851.94,326
852.057,326
852.175,329
852.293,311
852.411,323
852.529,324
852.647,316
852.764,313
852.882,321
853.0,322
853.118,321
853.236,314
853.353,331
853.471,312
853.589,322
853.707,318
853.824,314
853.942,327
854.06,321
854.178,317
854.296,323
854.413,312
854.531,312
854.649,318
854.767,320
854.884,321
855.002,321
855.12,319
855.238,318
855.355,320
855.473,324
855.591,311
855.708,329
855.826,317
855.944,326
856.062,326
856.179,323
856.297,315
856.415,324
856.532,326
856.65,314
856.768,299
856.886,336
857.003,332
857.121,311
857.239,327
857.356,332
857.474,325
857.592,322
857.709,306
857.827,331
857.945,326
858.062,322
858.18,313
858.298,325
858.415,314
858.533,329
858.651,316
858.768,320
858.886,321
859.003,319
859.121,319
859.239,317
859.356,326
859.474,324
859.592,303
859.709,332
859.827,305
859.944,328
860.062,313
860.18,321
860.297,325
860.415,327
860.532,310
860.65,324
860.768,314
860.885,308
861.003,297
861.12,319
861.238,301
861.356,328
861.473,309
861.591,330
861.708,313
861.826,322
861.943,322
862.061,325
862.178,314
862.296,321
862.414,321
862.531,312
862.649,317
862.766,320
862.884,335
863.001,312
863.119,316
863.236,311
863.354,330
863.471,320
863.589,307
863.706,329
863.824,311
863.941,319
864.059,308
864.176,312
864.294,316
864.411,320
864.529,321
864.646,302
864.764,314
864.881,305
864.999,317
865.116,335
865.233,317
865.351,315
865.468,319
865.586,311
865.703,322
865.821,326
865.938,314
866.056,309
866.173,312
866.29,334
866.408,318
866.525,320
866.643,298
866.76,333
866.878,310
866.995,321
867.112,319
867.23,318
867.347,301
867.465,324
867.582,329
867.699,318
867.817,320
867.934,304
868.051,313
868.169,329
868.286,310
868.404,322
868.521,325
868.638,314
868.756,324
868.873,319
868.99,303
869.108,309
869.225,308
869.342,321
869.46,316
869.577,318
869.694,302
869.812,326
869.929,324
870.046,323
870.164,323
870.281,312
870.398,317
870.516,318
870.633,313
870.75,307
870.867,311
870.985,318
871.102,325
871.219,308
871.337,322
871.454,329
871.571,316
871.688,329
871.806,306
871.923,326
872.04,315
872.157,325
872.275,309
872.392,316
872.509,305
872.626,322
872.744,337
872.861,322
872.978,313
873.095,326
873.213,310
873.33,324
873.447,317
873.564,318
873.681,327
873.799,318
873.916,320
874.033,325
874.15,304
874.267,325
874.385,317
874.502,327
874.619,321
874.736,320
874.853,318
874.97,317
875.088,328
875.205,315
875.322,326
875.439,326
875.556,323
875.673,310
875.791,318
875.908,320
876.025,323
876.142,316
876.259,323
876.376,310
876.493,314
876.61,318
876.728,305
876.845,326
876.962,316
877.079,313
877.196,309
877.313,324
877.43,315
877.547,331
877.664,315
877.781,325
877.898,318
878.016,314
878.133,323
878.25,318
878.367,320
878.484,320
878.601,315
878.718,336
878.835,315
878.952,315
879.069,305
879.186,321
879.303,316
879.42,318
879.537,316
879.654,312
879.771,321
879.888,328
880.005,323
880.122,319
880.239,324
880.356,315
880.473,311
880.59,308
880.707,312
880.824,315
880.941,328
881.058,321
881.175,305
881.292,329
881.409,317
881.526,320
881.643,319
881.76,321
881.877,321
881.994,317
882.111,313
882.228,336
882.345,318
882.462,316
882.579,309
882.696,327
882.812,315
882.929,320
883.046,317
883.163,311
883.28,319
883.397,328
883.514,315
883.631,319
883.748,316
883.865,308
883.982,322
884.098,326
884.215,296
884.332,336
884.449,318
884.566,324
884.683,299
884.8,307
884.916,307
885.033,334
885.15,320
885.267,323
885.384,319
885.501,321
885.617,325
885.734,317
885.851,313
885.968,323
886.085,331
886.202,324
886.318,309
886.435,323
886.552,322
886.669,310
886.786,320
886.902,323
887.019,315
887.136,328
887.253,306
887.369,322
887.486,332
887.603,325
887.72,323
887.837,321
887.953,319
888.07,341
888.187,309
888.304,320
888.42,320
888.537,334
888.654,310
888.77,301
888.887,311
889.004,329
889.121,323
889.237,318
889.354,307
889.471,318
889.587,306
889.704,308
889.821,312
889.938,301
890.054,316
890.171,329
890.288,317
890.404,334
890.521,320
890.638,327
890.754,314
890.871,314
890.988,311
891.104,305
891.221,309
891.337,313
891.454,315
891.571,312
891.687,314
891.804,322
891.921,318
892.037,319
892.154,324
892.27,303
892.387,314
892.504,329
892.62,309
892.737,316
892.854,317
892.97,332
893.087,329
893.203,322
893.32,308
893.436,318
893.553,318
893.67,307
893.786,314
893.903,319
894.019,311
894.136,319
894.252,317
894.369,317
894.485,317
894.602,316
894.718,301
894.835,327
894.951,331
895.068,317
895.184,317
895.301,317
895.417,306
895.534,325
895.65,328
895.767,311
895.883,316
896.0,308
896.116,322
896.233,310
896.349,319
896.466,320
896.582,311
896.699,326
896.815,325
896.932,310
897.048,324
897.165,311
897.281,313
897.397,309
897.514,305
897.63,324
897.747,323
897.863,317
897.979,315
898.096,320
898.212,305
898.329,308
898.445,308
898.561,328
898.678,315
898.794,312
898.911,312
899.027,323
899.143,319
899.26,318
899.376,316
899.492,311
899.609,329
899.725,318
899.842,311
899.958,323
900.074,300
900.191,317
900.307,318
900.423,316
900.539,318
900.656,315
900.772,321
900.888,321
901.005,316
901.121,318
901.237,314
901.354,313
901.47,318
901.586,312
901.703,316
901.819,321
901.935,311
902.051,308
902.168,310
902.284,317
902.4,308
902.516,314
902.633,328
902.749,309
902.865,322
902.981,308
903.098,322
903.214,323
903.33,321
903.446,323
903.562,302
903.679,310
903.795,315
903.911,326
904.027,327
904.143,319
904.26,327
904.376,317
904.492,319
904.608,306
904.724,309
904.841,324
904.957,316
905.073,309
905.189,325
905.305,316
905.421,324
905.538,318
905.654,310
905.77,308
905.886,319
906.002,337
906.118,313
906.234,317
906.35,312
906.466,314
906.583,315
906.699,318
906.815,317
906.931,318
907.047,323
907.163,322
907.279,314
907.395,321
907.511,307
907.627,299
907.743,317
907.859,316
907.976,305
908.092,314
908.208,307
908.324,322
908.44,315
908.556,316
908.672,306
908.788,310
908.904,324
909.02,324
909.136,302
909.252,316
909.368,305
909.484,323
909.6,312
909.716,316
909.832,318
909.948,317
910.064,322
910.18,323
910.296,314
910.412,323
910.528,305
910.644,324
910.76,311
910.875,319
910.991,324
911.107,331
911.223,320
911.339,318
911.455,330
911.571,325
911.687,311
911.803,320
911.919,310
912.035,310
912.151,305
912.267,311
912.382,301
912.498,323
912.614,307
912.73,335
912.846,306
