792.446,821
792.565,822
792.684,844
792.803,828
792.922,790
793.041,766
793.16,739
793.279,721
793.398,754
793.518,729
793.637,736
793.756,712
793.875,726
793.994,712
794.113,677
794.232,686
794.351,684
794.47,658
794.589,669
794.708,702
794.827,679
794.946,649
795.066,647
795.185,649
795.304,666
795.423,635
795.542,636
795.661,642
795.78,638
795.899,652
796.018,620
796.137,631
796.256,625
796.375,632
796.494,640
796.613,642
796.732,600
796.851,599
796.97,606
797.089,620
797.208,637
797.327,605
797.446,615
797.565,577
797.684,611
797.803,591
797.922,598
798.041,609
798.16,599
798.279,576
798.398,592
798.517,587
798.636,602
798.755,566
798.874,565
798.993,610
799.112,586
799.231,606
799.35,600
799.469,590
799.588,563
799.707,563
799.826,568
799.945,574
800.064,553
800.183,540
800.302,569
800.421,579
800.54,584
800.659,585
800.778,593
800.897,575
801.016,593
801.135,584
801.254,571
801.373,566
801.492,558
801.611,576
801.729,570
801.848,579
801.967,579
802.086,564
802.205,554
802.324,557
802.443,579
802.562,560
802.681,558
802.8,573
802.919,568
803.038,569
803.157,569
803.276,550
803.394,554
803.513,566
803.632,563
803.751,552
803.87,574
803.989,580
804.108,528
804.227,558
804.346,592
804.465,557
804.583,581
804.702,576
804.821,566
804.94,568
805.059,579
805.178,557
805.297,557
805.416,568
805.535,577
805.653,554
805.772,558
805.891,556
806.01,570
806.129,552
806.248,564
806.367,575
806.485,590
806.604,560
806.723,575
806.842,583
806.961,576
807.08,560
807.198,565
807.317,561
807.436,545
807.555,578
807.674,558
807.793,574
807.912,565
808.03,564
808.149,553
808.268,579
808.387,570
808.506,571
808.624,586
808.743,570
808.862,565
808.981,564
809.1,571
809.219,553
809.337,571
809.456,567
809.575,570
809.694,564
809.812,569
809.931,573
810.05,566
810.169,548
810.288,589
810.406,550
810.525,555
810.644,585
810.763,556
810.882,562
811.0,572
811.119,585
811.238,594
811.357,560
811.475,595
811.594,575
811.713,571
811.832,556
811.95,585
812.069,580
812.188,576
812.307,550
812.425,582
812.544,557
812.663,577
812.782,557
812.9,562
813.019,580
813.138,566
813.257,563
813.375,572
813.494,559
813.613,582
813.731,561
813.85,552
813.969,567
814.088,574
814.206,585
814.325,578
814.444,568
814.562,577
814.681,544
814.8,564
814.918,555
815.037,568
815.156,557
815.274,540
815.393,554
815.512,545
815.631,542
815.749,557
815.868,590
815.987,550
816.105,528
816.224,570
816.343,555
816.461,578
816.58,559
816.698,559
816.817,560
816.936,593
817.055,554
817.173,551
817.292,555
817.41,567
817.529,545
817.648,522
817.766,559
817.885,545
818.004,535
818.122,546
818.241,536
818.359,520
818.478,515
818.597,520
818.715,510
818.834,508
818.953,501
819.071,502
819.19,503
819.308,501
819.427,507
819.546,519
819.664,483
819.783,519
819.901,504
820.02,519
820.138,477
820.257,492
820.376,510
820.494,491
820.613,495
820.731,506
820.85,497
820.969,467
821.087,485
821.206,486
821.324,485
821.443,491
821.561,503
821.68,488
821.798,477
821.917,477
822.035,506
822.154,497
822.273,472
822.391,489
822.51,458
822.628,503
822.747,501
822.865,477
822.984,462
823.102,469
823.221,479
823.339,494
823.458,493
823.576,476
823.695,466
823.813,480
823.932,462
824.05,484
824.169,494
824.287,499
824.406,473
824.524,476
824.643,497
824.761,474
824.88,457
824.998,476
825.117,481
825.235,488
825.354,484
825.472,493
825.591,485
825.709,492
825.828,487
825.946,481
826.064,475
826.183,479
826.301,482
826.42,484
826.538,467
826.657,445
826.775,472
826.894,475
827.012,466
827.13,471
827.249,469
827.367,488
827.486,475
827.604,473
827.723,477
827.841,473
827.959,471
828.078,463
828.196,460
828.315,477
828.433,463
828.552,459
828.67,458
828.788,471
828.907,469
829.025,475
829.143,451
829.262,466
829.38,485
829.499,474
829.617,457
829.735,492
829.854,468
829.972,482
830.091,459
830.209,463
830.327,488
830.446,452
830.564,455
830.682,476
830.801,462
830.919,473
831.037,477
831.156,475
831.274,461
831.392,505
831.511,481
831.629,484
831.747,454
831.866,450
831.984,462
832.102,464
832.221,465
832.339,492
832.457,465
832.576,474
832.694,448
832.812,476
832.93,488
833.049,456
833.167,456
833.285,462
833.404,467
833.522,484
833.64,470
833.759,479
833.877,476
833.995,473
834.113,453
834.232,486
834.35,450
834.468,465
834.586,454
834.705,481
834.823,462
834.941,477
835.059,474
835.178,471
835.296,481
835.414,485
835.532,453
835.651,471
835.769,462
835.887,486
836.005,471
836.124,469
836.242,463
836.36,469
836.478,456
836.596,475
836.715,469
836.833,478
836.951,470
837.069,483
837.188,478
837.306,482
837.424,460
837.542,487
837.66,462
837.779,480
837.897,479
838.015,467
838.133,459
838.251,476
838.369,465
838.487,484
838.606,480
838.724,485
838.842,478
838.96,483
839.078,471
839.196,458
839.315,493
839.433,482
839.551,475
839.669,477
839.787,468
839.905,493
840.023,451
840.142,488
840.26,477
840.378,495
840.496,475
840.614,492
840.732,473
840.85,480
840.968,485
841.087,483
841.205,475
841.323,494
841.441,490
841.559,485
841.677,493
841.795,478
841.913,497
842.031,490
842.149,491
842.267,473
842.385,483
842.504,491
842.622,467
842.74,499
842.858,480
842.976,477
843.094,482
843.212,495
843.33,472
843.448,497
843.566,479
843.684,480
843.802,464
843.92,499
844.038,473
844.156,489
844.274,474
844.392,494
844.51,476
844.628,484
844.746,481
844.864,485
844.982,466
845.1,475
845.218,469
845.336,474
845.454,474
845.572,488
845.69,463
845.808,472
845.926,482
846.044,485
846.162,464
846.28,479
846.398,489
846.516,475
846.634,471
846.752,474
846.87,470
846.988,482
847.106,467
847.224,486
847.342,482
847.46,491
847.578,464
847.696,481
847.814,479
847.932,476
848.05,450
848.168,493
848.285,451
848.403,467
848.521,467
848.639,465
848.757,453
848.875,487
848.993,476
849.111,478
849.229,464
849.347,488
849.465,487
849.582,490
849.7,477
849.818,473
849.936,474
850.054,485
850.172,458
850.29,479
850.408,477
850.525,468
850.643,475
850.761,483
850.879,483
850.997,480
851.115,486
851.233,493
851.35,459
851.468,476
851.586,471
851.704,489
851.822,476
851.94,484
852.057,475
852.175,469
852.293,498
852.411,498
852.529,490
852.647,509
852.764,484
852.882,504
853.0,473
853.118,483
853.236,479
853.353,463
853.471,453
853.589,502
853.707,475
853.824,497
853.942,487
854.06,463
854.178,490
854.296,478
854.413,492
854.531,487
854.649,477
854.767,486
854.884,477
855.002,491
855.12,481
855.238,520
855.355,482
855.473,492
855.591,485
855.708,493
855.826,478
855.944,475
856.062,482
856.179,487
856.297,475
856.415,497
856.532,468
856.65,475
856.768,481
856.886,479
857.003,494
857.121,474
857.239,490
857.356,489
857.474,469
857.592,481
857.709,486
857.827,473
857.945,484
858.062,472
858.18,484
858.298,492
858.415,459
858.533,497
858.651,493
858.768,499
858.886,487
859.003,477
859.121,499
859.239,479
859.356,490
859.474,463
859.592,459
859.709,477
859.827,491
859.944,483
860.062,482
860.18,480
860.297,470
860.415,492
860.532,465
860.65,478
860.768,477
860.885,480
861.003,466
861.12,482
861.238,469
861.356,486
861.473,479
861.591,480
861.708,477
861.826,495
861.943,465
862.061,485
862.178,440
862.296,469
862.414,477
862.531,445
862.649,483
862.766,486
862.884,478
863.001,449
863.119,462
863.236,482
863.354,478
863.471,480
863.589,477
863.706,470
863.824,468
863.941,474
864.059,470
864.176,475
864.294,459
864.411,460
864.529,476
864.646,487
864.764,474
864.881,477
864.999,482
865.116,454
865.233,463
865.351,474
865.468,481
865.586,474
865.703,452
865.821,460
865.938,477
866.056,474
866.173,471
866.29,487
866.408,474
866.525,455
866.643,473
866.76,475
866.878,468
866.995,482
867.112,478
867.23,480
867.347,472
867.465,458
867.582,471
867.699,489
867.817,478
867.934,480
868.051,463
868.169,481
868.286,481
868.404,478
868.521,479
868.638,475
868.756,458
868.873,488
868.99,484
869.108,480
869.225,479
869.342,491
869.46,479
869.577,509
869.694,465
869.812,461
869.929,495
870.046,504
870.164,492
870.281,497
870.398,484
870.516,481
870.633,483
870.75,482
870.867,495
870.985,499
871.102,486
871.219,481
871.337,482
871.454,497
871.571,486
871.688,498
871.806,481
871.923,501
872.04,475
872.157,488
872.275,487
872.392,487
872.509,471
872.626,493
872.744,486
872.861,481
872.978,469
873.095,484
873.213,495
873.33,473
873.447,489
873.564,498
873.681,478
873.799,478
873.916,475
874.033,495
874.15,493
874.267,483
874.385,476
874.502,487
874.619,480
874.736,474
874.853,475
874.97,511
875.088,476
875.205,482
875.322,470
875.439,490
875.556,485
875.673,466
875.791,471
875.908,487
876.025,482
876.142,491
876.259,466
876.376,485
876.493,477
876.61,482
876.728,498
876.845,476
876.962,475
877.079,482
877.196,470
877.313,486
877.43,484
877.547,496
877.664,495
877.781,482
877.898,478
878.016,504
878.133,484
878.25,499
878.367,470
878.484,491
878.601,475
878.718,466
878.835,479
878.952,502
879.069,469
879.186,484
879.303,474
879.42,462
879.537,466
879.654,481
879.771,466
879.888,486
880.005,450
880.122,466
880.239,473
880.356,472
880.473,477
880.59,470
880.707,459
880.824,464
880.941,454
881.058,490
881.175,489
881.292,473
881.409,479
881.526,453
881.643,476
881.76,506
881.877,462
881.994,477
882.111,472
882.228,469
882.345,466
882.462,462
882.579,462
882.696,472
882.812,466
882.929,473
883.046,454
883.163,482
883.28,445
883.397,459
883.514,480
883.631,480
883.748,482
883.865,473
883.982,461
884.098,479
884.215,469
884.332,479
884.449,472
884.566,489
884.683,465
884.8,503
884.916,481
885.033,498
885.15,508
885.267,491
885.384,501
885.501,510
885.617,490
885.734,520
885.851,513
885.968,500
886.085,497
886.202,500
886.318,486
886.435,487
886.552,495
886.669,480
886.786,486
886.902,507
887.019,525
887.136,477
887.253,493
887.369,488
887.486,504
887.603,482
887.72,488
887.837,494
887.953,452
888.07,470
888.187,476
888.304,476
888.42,465
888.537,493
888.654,466
888.77,487
888.887,459
889.004,470
889.121,464
889.237,467
889.354,445
889.471,458
889.587,451
889.704,468
889.821,438
889.938,450
890.054,465
890.171,475
890.288,452
890.404,453
890.521,462
890.638,461
890.754,455
890.871,460
890.988,456
891.104,473
891.221,466
891.337,468
891.454,458
891.571,488
891.687,453
891.804,487
891.921,471
892.037,461
892.154,463
892.27,481
892.387,453
892.504,472
892.62,463
892.737,478
892.854,478
892.97,458
893.087,455
893.203,456
893.32,463
893.436,457
893.553,461
893.67,473
893.786,473
893.903,447
894.019,461
894.136,471
894.252,471
894.369,490
894.485,490
894.602,470
894.718,463
894.835,485
894.951,476
895.068,465
895.184,474
895.301,462
895.417,455
895.534,472
895.65,488
895.767,482
895.883,465
896.0,455
896.116,459
896.233,483
896.349,468
896.466,466
896.582,475
896.699,483
896.815,482
896.932,474
897.048,453
897.165,474
897.281,472
897.397,473
897.514,469
897.63,469
897.747,479
897.863,475
897.979,470
898.096,475
898.212,460
898.329,482
898.445,475
898.561,486
898.678,470
898.794,453
898.911,476
899.027,470
899.143,458
899.26,466
899.376,468
899.492,461
899.609,469
899.725,464
899.842,453
899.958,486
900.074,481
900.191,476
900.307,474
900.423,499
900.539,485
900.656,473
900.772,457
900.888,480
901.005,463
901.121,470
901.237,489
901.354,495
901.47,460
901.586,463
901.703,463
901.819,484
901.935,453
902.051,495
902.168,481
902.284,485
902.4,480
902.516,480
902.633,496
902.749,490
902.865,483
902.981,499
903.098,485
903.214,504
903.33,470
903.446,493
903.562,478
903.679,485
903.795,508
903.911,495
904.027,499
904.143,477
904.26,497
904.376,496
904.492,483
904.608,461
904.724,467
904.841,498
904.957,468
905.073,486
905.189,479
905.305,471
905.421,469
905.538,490
905.654,453
905.77,476
905.886,463
906.002,470
906.118,467
906.234,464
906.35,468
906.466,469
906.583,461
906.699,470
906.815,489
906.931,461
907.047,473
907.163,445
907.279,470
907.395,450
907.511,461
907.627,480
907.743,462
907.859,468
907.976,467
908.092,465
908.208,461
908.324,474
908.44,485
908.556,437
908.672,474
908.788,469
908.904,476
909.02,475
909.136,463
909.252,479
909.368,462
909.484,458
909.6,472
909.716,472
909.832,443
909.948,482
910.064,488
910.18,462
910.296,472
910.412,447
910.528,476
910.644,471
910.76,442
910.875,463
910.991,476
911.107,471
911.223,470
911.339,465
911.455,445
911.571,470
911.687,478
911.803,466
911.919,482
912.035,464
912.151,454
912.267,469
912.382,457
912.498,488
912.614,454
912.73,471
912.846,471
792.446,793
792.565,859
792.684,834
792.803,818
792.922,749
793.041,762
793.16,732
793.279,741
793.398,741
793.518,726
793.637,726
793.756,732
793.875,739
793.994,703
794.113,729
794.232,668
794.351,683
794.47,692
794.589,695
794.708,714
794.827,686
794.946,640
795.066,675
795.185,652
795.304,668
795.423,651
795.542,644
795.661,630
795.78,639
795.899,625
796.018,636
796.137,632
796.256,636
796.375,620
796.494,625
796.613,608
796.732,599
796.851,621
796.97,597
797.089,601
797.208,589
797.327,618
797.446,614
797.565,583
797.684,614
797.803,610
797.922,609
798.041,601
798.16,609
798.279,582
798.398,555
798.517,579
798.636,602
798.755,593
798.874,596
798.993,584
799.112,590
799.231,581
799.35,593
799.469,575
799.588,571
799.707,572
799.826,595
799.945,554
800.064,582
800.183,566
800.302,578
800.421,582
800.54,600
800.659,559
800.778,592
800.897,582
801.016,569
801.135,572
801.254,583
801.373,571
801.492,578
801.611,566
801.729,564
801.848,573
801.967,553
802.086,566
802.205,550
802.324,563
802.443,570
802.562,572
802.681,566
802.8,572
802.919,566
803.038,578
803.157,560
803.276,552
803.394,536
803.513,562
803.632,550
803.751,572
803.87,574
803.989,557
804.108,578
804.227,557
804.346,578
804.465,553
804.583,547
804.702,579
804.821,602
804.94,562
805.059,554
805.178,557
805.297,591
805.416,592
805.535,577
805.653,574
805.772,554
805.891,582
806.01,571
806.129,575
806.248,577
806.367,570
806.485,572
806.604,555
806.723,570
806.842,586
806.961,579
807.08,567
807.198,577
807.317,567
807.436,557
807.555,571
807.674,551
807.793,556
807.912,553
808.03,569
808.149,588
808.268,568
808.387,577
808.506,560
808.624,567
808.743,552
808.862,544
808.981,565
809.1,579
809.219,578
809.337,554
809.456,552
809.575,542
809.694,571
809.812,572
809.931,557
810.05,560
810.169,566
810.288,554
810.406,568
810.525,566
810.644,585
810.763,588
810.882,557
811.0,587
811.119,552
811.238,566
811.357,566
811.475,589
811.594,552
811.713,557
811.832,555
811.95,582
812.069,593
812.188,576
812.307,587
812.425,565
812.544,584
812.663,588
812.782,558
812.9,562
813.019,583
813.138,567
813.257,582
813.375,590
813.494,565
813.613,568
813.731,576
813.85,555
813.969,558
814.088,578
814.206,559
814.325,555
814.444,564
814.562,601
814.681,572
814.8,582
814.918,553
815.037,559
815.156,561
815.274,563
815.393,555
815.512,590
815.631,543
815.749,571
815.868,530
815.987,541
816.105,547
816.224,562
816.343,552
816.461,592
816.58,552
816.698,539
816.817,576
816.936,565
817.055,560
817.173,573
817.292,542
817.41,553
817.529,554
817.648,541
817.766,565
817.885,518
818.004,530
818.122,536
818.241,534
818.359,522
818.478,522
818.597,515
818.715,512
818.834,520
818.953,510
819.071,504
819.19,513
819.308,506
819.427,491
819.546,499
819.664,494
819.783,524
819.901,508
820.02,510
820.138,510
820.257,492
820.376,503
820.494,481
820.613,493
820.731,490
820.85,502
820.969,511
821.087,506
821.206,498
821.324,493
821.443,487
821.561,478
821.68,481
821.798,476
821.917,497
822.035,476
822.154,478
822.273,475
822.391,492
822.51,471
822.628,495
822.747,468
822.865,484
822.984,484
823.102,498
823.221,471
823.339,502
823.458,476
823.576,490
823.695,491
823.813,470
823.932,488
824.05,499
824.169,492
824.287,506
824.406,462
824.524,486
824.643,488
824.761,489
824.88,508
824.998,478
825.117,483
825.235,511
825.354,477
825.472,472
825.591,497
825.709,483
825.828,472
825.946,474
826.064,483
826.183,498
826.301,481
826.42,487
826.538,481
826.657,473
826.775,488
826.894,486
827.012,469
827.13,478
827.249,454
827.367,475
827.486,484
827.604,480
827.723,488
827.841,453
827.959,486
828.078,492
828.196,468
828.315,466
828.433,462
828.552,460
828.67,472
828.788,463
828.907,464
829.025,466
829.143,467
829.262,463
829.38,467
829.499,471
829.617,493
829.735,492
829.854,484
829.972,469
830.091,460
830.209,474
830.327,479
830.446,456
830.564,475
830.682,446
830.801,480
830.919,486
831.037,487
831.156,464
831.274,494
831.392,472
831.511,488
831.629,486
831.747,465
831.866,485
831.984,464
832.102,475
832.221,468
832.339,457
832.457,481
832.576,474
832.694,458
832.812,482
832.93,460
833.049,474
833.167,487
833.285,485
833.404,471
833.522,482
833.64,466
833.759,481
833.877,480
833.995,482
834.113,434
834.232,481
834.35,476
834.468,473
834.586,482
834.705,463
834.823,468
834.941,476
835.059,479
835.178,483
835.296,468
835.414,477
835.532,465
835.651,456
835.769,470
835.887,468
836.005,480
836.124,456
836.242,480
836.36,465
836.478,468
836.596,492
836.715,479
836.833,465
836.951,467
837.069,471
837.188,473
837.306,474
837.424,487
837.542,491
837.66,485
837.779,475
837.897,467
838.015,479
838.133,476
838.251,487
838.369,484
838.487,479
838.606,453
838.724,481
838.842,491
838.96,492
839.078,479
839.196,498
839.315,475
839.433,468
839.551,480
839.669,489
839.787,490
839.905,484
840.023,471
840.142,480
840.26,500
840.378,463
840.496,477
840.614,494
840.732,472
840.85,478
840.968,476
841.087,465
841.205,479
841.323,481
841.441,471
841.559,492
841.677,486
841.795,497
841.913,488
842.031,494
842.149,484
842.267,479
842.385,478
842.504,458
842.622,489
842.74,469
842.858,464
842.976,500
843.094,501
843.212,497
843.33,478
843.448,495
843.566,472
843.684,464
843.802,469
843.92,468
844.038,485
844.156,490
844.274,489
844.392,481
844.51,493
844.628,487
844.746,482
844.864,489
844.982,470
845.1,489
845.218,468
845.336,465
845.454,471
845.572,451
845.69,453
845.808,473
845.926,462
846.044,481
846.162,464
846.28,474
846.398,466
846.516,458
846.634,486
846.752,471
846.87,454
846.988,476
847.106,484
847.224,470
847.342,461
847.46,487
847.578,482
847.696,465
847.814,475
847.932,493
848.05,472
848.168,482
848.285,469
848.403,481
848.521,471
848.639,475
848.757,491
848.875,478
848.993,478
849.111,471
849.229,486
849.347,478
849.465,482
849.582,481
849.7,482
849.818,496
849.936,470
850.054,471
850.172,462
850.29,473
850.408,481
850.525,492
850.643,479
850.761,469
850.879,452
850.997,485
851.115,458
851.233,467
851.35,470
851.468,483
851.586,476
851.704,484
851.822,470
851.94,485
852.057,469
852.175,471
852.293,496
852.411,464
852.529,482
852.647,505
852.764,488
852.882,490
853.0,480
853.118,490
853.236,467
853.353,482
853.471,480
853.589,491
853.707,479
853.824,473
853.942,472
854.06,467
854.178,445
854.296,475
854.413,498
854.531,482
854.649,498
854.767,486
854.884,477
855.002,481
855.12,476
855.238,488
855.355,471
855.473,479
855.591,475
855.708,492
855.826,478
855.944,496
856.062,469
856.179,485
856.297,487
856.415,475
856.532,484
856.65,486
856.768,459
856.886,504
857.003,489
857.121,485
857.239,494
857.356,484
857.474,483
857.592,498
857.709,509
857.827,490
857.945,481
858.062,491
858.18,483
858.298,494
858.415,496
858.533,491
858.651,491
858.768,487
858.886,480
859.003,481
859.121,485
859.239,495
859.356,474
859.474,490
859.592,471
859.709,456
859.827,460
859.944,488
860.062,471
860.18,485
860.297,479
860.415,488
860.532,475
860.65,462
860.768,480
860.885,475
861.003,476
861.12,467
861.238,481
861.356,484
861.473,470
861.591,490
861.708,470
861.826,494
861.943,477
862.061,502
862.178,489
862.296,474
862.414,445
862.531,488
862.649,474
862.766,487
862.884,462
863.001,457
863.119,472
863.236,483
863.354,488
863.471,477
863.589,458
863.706,474
863.824,461
863.941,471
864.059,473
864.176,476
864.294,469
864.411,475
864.529,475
864.646,456
864.764,462
864.881,477
864.999,466
865.116,472
865.233,470
865.351,485
865.468,463
865.586,486
865.703,479
865.821,472
865.938,470
866.056,468
866.173,447
866.29,473
866.408,459
866.525,479
866.643,478
866.76,494
866.878,481
866.995,488
867.112,479
867.23,475
867.347,484
867.465,489
867.582,504
867.699,464
867.817,472
867.934,481
868.051,481
868.169,492
868.286,483
868.404,463
868.521,493
868.638,503
868.756,485
868.873,482
868.99,472
869.108,478
869.225,471
869.342,480
869.46,458
869.577,500
869.694,508
869.812,477
869.929,492
870.046,493
870.164,478
870.281,470
870.398,478
870.516,503
870.633,471
870.75,489
870.867,485
870.985,474
871.102,509
871.219,482
871.337,496
871.454,509
871.571,481
871.688,489
871.806,473
871.923,498
872.04,508
872.157,509
872.275,473
872.392,484
872.509,493
872.626,490
872.744,490
872.861,496
872.978,494
873.095,483
873.213,502
873.33,480
873.447,495
873.564,476
873.681,483
873.799,500
873.916,484
874.033,501
874.15,471
874.267,516
874.385,473
874.502,487
874.619,464
874.736,488
874.853,482
874.97,506
875.088,472
875.205,471
875.322,466
875.439,480
875.556,478
875.673,494
875.791,510
875.908,502
876.025,483
876.142,500
876.259,494
876.376,490
876.493,478
876.61,478
876.728,483
876.845,505
876.962,479
877.079,467
877.196,478
877.313,490
877.43,489
877.547,490
877.664,491
877.781,469
877.898,491
878.016,491
878.133,478
878.25,479
878.367,493
878.484,494
878.601,473
878.718,517
878.835,483
878.952,490
879.069,499
879.186,488
879.303,475
879.42,479
879.537,458
879.654,477
879.771,477
879.888,466
880.005,457
880.122,479
880.239,465
880.356,465
880.473,476
880.59,475
880.707,442
880.824,475
880.941,471
881.058,489
881.175,502
881.292,486
881.409,471
881.526,474
881.643,466
881.76,469
881.877,477
881.994,462
882.111,470
882.228,484
882.345,487
882.462,495
882.579,480
882.696,460
882.812,447
882.929,482
883.046,472
883.163,490
883.28,474
883.397,483
883.514,461
883.631,454
883.748,454
883.865,492
883.982,472
884.098,489
884.215,478
884.332,469
884.449,467
884.566,481
884.683,495
884.8,490
884.916,484
885.033,512
885.15,484
885.267,500
885.384,476
885.501,499
885.617,493
885.734,497
885.851,507
885.968,513
886.085,493
886.202,485
886.318,501
886.435,487
886.552,484
886.669,500
886.786,500
886.902,512
887.019,473
887.136,510
887.253,490
887.369,488
887.486,471
887.603,511
887.72,488
887.837,475
887.953,493
888.07,491
888.187,476
888.304,469
888.42,448
888.537,483
888.654,466
888.77,449
888.887,463
889.004,468
889.121,465
889.237,484
889.354,466
889.471,462
889.587,449
889.704,484
889.821,443
889.938,441
890.054,461
890.171,479
890.288,473
890.404,463
890.521,475
890.638,489
890.754,461
890.871,477
890.988,461
891.104,459
891.221,463
891.337,479
891.454,473
891.571,469
891.687,467
891.804,470
891.921,461
892.037,476
892.154,473
892.27,455
892.387,440
892.504,468
892.62,472
892.737,471
892.854,446
892.97,467
893.087,473
893.203,466
893.32,466
893.436,480
893.553,465
893.67,469
893.786,452
893.903,492
894.019,457
894.136,461
894.252,471
894.369,473
894.485,478
894.602,478
894.718,481
894.835,464
894.951,460
895.068,468
895.184,461
895.301,483
895.417,473
895.534,472
895.65,465
895.767,461
895.883,462
896.0,462
896.116,502
896.233,474
896.349,448
896.466,486
896.582,468
896.699,467
896.815,462
896.932,463
897.048,459
897.165,445
897.281,494
897.397,485
897.514,469
897.63,500
897.747,484
897.863,472
897.979,463
898.096,464
898.212,478
898.329,474
898.445,483
898.561,473
898.678,474
898.794,481
898.911,471
899.027,483
899.143,477
899.26,471
899.376,480
899.492,481
899.609,491
899.725,488
899.842,468
899.958,463
900.074,479
900.191,489
900.307,467
900.423,487
900.539,477
900.656,494
900.772,478
900.888,464
901.005,459
901.121,463
901.237,480
901.354,471
901.47,482
901.586,474
901.703,466
901.819,471
901.935,486
902.051,463
902.168,489
902.284,495
902.4,491
902.516,501
902.633,498
902.749,491
902.865,515
902.981,493
903.098,495
903.214,480
903.33,491
903.446,509
903.562,503
903.679,504
903.795,483
903.911,464
904.027,504
904.143,499
904.26,477
904.376,507
904.492,465
904.608,473
904.724,477
904.841,470
904.957,468
905.073,490
905.189,479
905.305,488
905.421,477
905.538,457
905.654,458
905.77,492
905.886,469
906.002,476
906.118,482
906.234,447
906.35,455
906.466,470
906.583,463
906.699,493
906.815,487
906.931,474
907.047,484
907.163,471
907.279,466
907.395,449
907.511,461
907.627,479
907.743,453
907.859,484
907.976,478
908.092,466
908.208,445
908.324,477
908.44,473
908.556,481
908.672,473
908.788,448
908.904,477
909.02,483
909.136,460
909.252,463
909.368,476
909.484,487
909.6,465
909.716,481
909.832,461
909.948,469
910.064,470
910.18,474
910.296,476
910.412,499
910.528,473
910.644,478
910.76,481
910.875,460
910.991,468
911.107,485
911.223,461
911.339,488
911.455,476
911.571,477
911.687,473
911.803,473
911.919,466
912.035,470
912.151,484
912.267,486
912.382,455
912.498,484
912.614,439
912.73,467
912.846,443
792.446,811
792.565,831
792.684,877
792.803,836
792.922,784
793.041,754
793.16,1436
793.279,3598
793.398,659
793.518,718
793.637,727
793.756,729
793.875,735
793.994,711
794.113,703
794.232,717
794.351,672
794.47,693
794.589,684
794.708,688
794.827,673
794.946,693
795.066,661
795.185,653
795.304,658
795.423,660
795.542,663
795.661,651
795.78,646
795.899,637
796.018,638
796.137,665
796.256,608
796.375,636
796.494,616
796.613,629
796.732,632
796.851,604
796.97,606
797.089,625
797.208,586
797.327,581
797.446,586
797.565,601
797.684,591
797.803,590
797.922,621
798.041,598
798.16,595
798.279,588
798.398,585
798.517,581
798.636,615
798.755,589
798.874,591
798.993,593
799.112,586
799.231,585
799.35,603
799.469,590
799.588,578
799.707,589
799.826,599
799.945,613
800.064,566
800.183,595
800.302,586
800.421,591
800.54,591
800.659,574
800.778,579
800.897,591
801.016,570
801.135,583
801.254,558
801.373,582
801.492,563
801.611,608
801.729,576
801.848,574
801.967,599
802.086,573
802.205,588
802.324,572
802.443,573
802.562,582
802.681,576
802.8,578
802.919,567
803.038,573
803.157,569
803.276,588
803.394,559
803.513,593
803.632,574
803.751,564
803.87,590
803.989,579
804.108,593
804.227,570
804.346,562
804.465,577
804.583,584
804.702,571
804.821,587
804.94,566
805.059,566
805.178,572
805.297,576
805.416,549
805.535,559
805.653,566
805.772,575
805.891,584
806.01,578
806.129,583
806.248,581
806.367,556
806.485,568
806.604,571
806.723,569
806.842,575
806.961,588
807.08,557
807.198,552
807.317,581
807.436,561
807.555,560
807.674,567
807.793,575
807.912,570
808.03,563
808.149,593
808.268,568
808.387,568
808.506,581
808.624,572
808.743,589
808.862,553
808.981,573
809.1,571
809.219,578
809.337,573
809.456,569
809.575,581
809.694,579
809.812,570
809.931,579
810.05,580
810.169,594
810.288,568
810.406,558
810.525,561
810.644,574
810.763,562
810.882,579
811.0,566
811.119,558
811.238,571
811.357,569
811.475,588
811.594,572
811.713,556
811.832,567
811.95,581
812.069,573
812.188,583
812.307,556
812.425,584
812.544,553
812.663,583
812.782,568
812.9,595
813.019,593
813.138,575
813.257,559
813.375,566
813.494,581
813.613,568
813.731,582
813.85,563
813.969,585
814.088,598
814.206,559
814.325,566
814.444,560
814.562,566
814.681,554
814.8,570
814.918,574
815.037,559
815.156,556
815.274,552
815.393,554
815.512,541
815.631,561
815.749,564
815.868,567
815.987,583
816.105,564
816.224,571
816.343,565
816.461,563
816.58,570
816.698,556
816.817,561
816.936,566
817.055,548
817.173,562
817.292,573
817.41,553
817.529,519
817.648,557
817.766,545
817.885,535
818.004,543
818.122,515
818.241,534
818.359,542
818.478,527
818.597,525
818.715,529
818.834,511
818.953,521
819.071,528
819.19,489
819.308,521
819.427,500
819.546,495
819.664,502
819.783,500
819.901,511
820.02,497
820.138,493
820.257,502
820.376,503
820.494,496
820.613,504
820.731,487
820.85,516
820.969,476
821.087,496
821.206,496
821.324,510
821.443,516
821.561,504
821.68,488
821.798,507
821.917,504
822.035,490
822.154,484
822.273,519
822.391,492
822.51,484
822.628,490
822.747,494
822.865,497
822.984,478
823.102,489
823.221,465
823.339,495
823.458,479
823.576,472
823.695,491
823.813,472
823.932,475
824.05,490
824.169,499
824.287,477
824.406,493
824.524,472
824.643,498
824.761,497
824.88,499
824.998,488
825.117,460
825.235,495
825.354,500
825.472,496
825.591,489
825.709,485
825.828,481
825.946,490
826.064,475
826.183,483
826.301,471
826.42,474
826.538,492
826.657,465
826.775,474
826.894,471
827.012,467
827.13,482
827.249,489
827.367,466
827.486,468
827.604,467
827.723,468
827.841,489
827.959,466
828.078,461
828.196,481
828.315,469
828.433,474
828.552,474
828.67,451
828.788,488
828.907,465
829.025,480
829.143,488
829.262,476
829.38,479
829.499,460
829.617,457
829.735,466
829.854,483
829.972,477
830.091,477
830.209,479
830.327,477
830.446,457
830.564,473
830.682,453
830.801,469
830.919,476
831.037,480
831.156,468
831.274,474
831.392,453
831.511,464
831.629,461
831.747,474
831.866,474
831.984,480
832.102,478
832.221,467
832.339,477
832.457,484
832.576,483
832.694,478
832.812,464
832.93,499
833.049,464
833.167,489
833.285,487
833.404,466
833.522,474
833.64,500
833.759,474
833.877,469
833.995,450
834.113,486
834.232,470
834.35,490
834.468,467
834.586,464
834.705,483
834.823,489
834.941,480
835.059,481
835.178,487
835.296,482
835.414,493
835.532,483
835.651,461
835.769,468
835.887,440
836.005,475
836.124,479
836.242,460
836.36,474
836.478,483
836.596,476
836.715,467
836.833,470
836.951,479
837.069,496
837.188,492
837.306,477
837.424,461
837.542,489
837.66,477
837.779,487
837.897,473
838.015,494
838.133,454
838.251,444
838.369,486
838.487,482
838.606,482
838.724,456
838.842,494
838.96,451
839.078,483
839.196,478
839.315,476
839.433,491
839.551,481
839.669,479
839.787,491
839.905,478
840.023,475
840.142,481
840.26,500
840.378,481
840.496,472
840.614,484
840.732,490
840.85,493
840.968,490
841.087,487
841.205,499
841.323,491
841.441,476
841.559,513
841.677,489
841.795,499
841.913,499
842.031,486
842.149,494
842.267,480
842.385,476
842.504,485
842.622,479
842.74,465
842.858,491
842.976,478
843.094,481
843.212,495
843.33,493
843.448,494
843.566,480
843.684,471
843.802,490
843.92,471
844.038,506
844.156,478
844.274,477
844.392,499
844.51,486
844.628,467
844.746,480
844.864,463
844.982,482
845.1,479
845.218,470
845.336,453
845.454,472
845.572,484
845.69,484
845.808,464
845.926,485
846.044,475
846.162,469
846.28,468
846.398,478
846.516,474
846.634,492
846.752,466
846.87,490
846.988,473
847.106,493
847.224,488
847.342,479
847.46,489
847.578,515
847.696,480
847.814,464
847.932,468
848.05,474
848.168,460
848.285,481
848.403,469
848.521,500
848.639,468
848.757,466
848.875,486
848.993,488
849.111,489
849.229,472
849.347,469
849.465,482
849.582,472
849.7,480
849.818,483
849.936,493
850.054,486
850.172,481
850.29,478
850.408,485
850.525,463
850.643,474
850.761,479
850.879,489
850.997,470
851.115,471
851.233,475
851.35,499
851.468,468
851.586,491
851.704,471
851.822,492
851.94,479
852.057,478
852.175,488
852.293,490
852.411,486
852.529,506
852.647,485
852.764,505
852.882,475
853.0,522
853.118,479
853.236,481
853.353,478
853.471,498
853.589,481
853.707,472
853.824,480
853.942,477
854.06,476
854.178,477
854.296,483
854.413,489
854.531,478
854.649,493
854.767,482
854.884,481
855.002,487
855.12,484
855.238,467
855.355,490
855.473,487
855.591,481
855.708,481
855.826,481
855.944,489
856.062,490
856.179,504
856.297,484
856.415,458
856.532,488
856.65,496
856.768,476
856.886,495
857.003,481
857.121,476
857.239,503
857.356,485
857.474,490
857.592,488
857.709,501
857.827,494
857.945,509
858.062,472
858.18,486
858.298,492
858.415,481
858.533,477
858.651,488
858.768,511
858.886,493
859.003,504
859.121,471
859.239,458
859.356,486
859.474,483
859.592,485
859.709,462
859.827,487
859.944,483
860.062,487
860.18,515
860.297,487
860.415,476
860.532,494
860.65,465
860.768,464
860.885,468
861.003,484
861.12,482
861.238,479
861.356,471
861.473,492
861.591,474
861.708,486
861.826,491
861.943,483
862.061,464
862.178,469
862.296,474
862.414,477
862.531,486
862.649,483
862.766,461
862.884,467
863.001,477
863.119,464
863.236,475
863.354,466
863.471,446
863.589,483
863.706,460
863.824,487
863.941,483
864.059,460
864.176,468
864.294,475
864.411,487
864.529,473
864.646,470
864.764,468
864.881,482
864.999,480
865.116,468
865.233,471
865.351,468
865.468,478
865.586,489
865.703,482
865.821,477
865.938,483
866.056,473
866.173,475
866.29,483
866.408,461
866.525,469
866.643,476
866.76,493
866.878,485
866.995,474
867.112,479
867.23,475
867.347,470
867.465,475
867.582,494
867.699,469
867.817,483
867.934,472
868.051,475
868.169,486
868.286,500
868.404,459
868.521,483
868.638,462
868.756,491
868.873,494
868.99,485
869.108,471
869.225,494
869.342,481
869.46,491
869.577,476
869.694,495
869.812,489
869.929,466
870.046,492
870.164,495
870.281,506
870.398,495
870.516,504
870.633,503
870.75,499
870.867,491
870.985,484
871.102,503
871.219,518
871.337,512
871.454,495
871.571,486
871.688,482
871.806,506
871.923,486
872.04,489
872.157,501
872.275,480
872.392,494
872.509,503
872.626,486
872.744,480
872.861,497
872.978,497
873.095,479
873.213,498
873.33,492
873.447,495
873.564,478
873.681,480
873.799,491
873.916,488
874.033,476
874.15,499
874.267,484
874.385,500
874.502,481
874.619,482
874.736,491
874.853,493
874.97,486
875.088,479
875.205,484
875.322,500
875.439,468
875.556,485
875.673,492
875.791,481
875.908,484
876.025,504
876.142,496
876.259,482
876.376,504
876.493,492
876.61,484
876.728,479
876.845,484
876.962,487
877.079,459
877.196,500
877.313,485
877.43,507
877.547,480
877.664,483
877.781,471
877.898,500
878.016,467
878.133,490
878.25,460
878.367,477
878.484,487
878.601,490
878.718,482
878.835,478
878.952,467
879.069,475
879.186,470
879.303,497
879.42,486
879.537,496
879.654,470
879.771,479
879.888,466
880.005,482
880.122,474
880.239,471
880.356,458
880.473,467
880.59,480
880.707,470
880.824,468
880.941,456
881.058,465
881.175,482
881.292,486
881.409,477
881.526,479
881.643,482
881.76,466
881.877,465
881.994,473
882.111,494
882.228,473
882.345,494
882.462,482
882.579,475
882.696,476
882.812,465
882.929,472
883.046,489
883.163,455
883.28,469
883.397,479
883.514,473
883.631,488
883.748,500
883.865,461
883.982,478
884.098,461
884.215,462
884.332,483
884.449,480
884.566,500
884.683,471
884.8,490
884.916,485
885.033,474
885.15,495
885.267,499
885.384,521
885.501,509
885.617,512
885.734,501
885.851,501
885.968,526
886.085,506
886.202,501
886.318,513
886.435,500
886.552,512
886.669,491
886.786,514
886.902,503
887.019,494
887.136,499
887.253,483
887.369,489
887.486,506
887.603,487
887.72,496
887.837,488
887.953,477
888.07,482
888.187,487
888.304,481
888.42,472
888.537,489
888.654,458
888.77,478
888.887,476
889.004,485
889.121,475
889.237,471
889.354,450
889.471,483
889.587,471
889.704,483
889.821,485
889.938,468
890.054,465
890.171,457
890.288,473
890.404,452
890.521,460
890.638,475
890.754,445
890.871,458
890.988,468
891.104,471
891.221,476
891.337,463
891.454,477
891.571,457
891.687,479
891.804,487
891.921,486
892.037,467
892.154,476
892.27,479
892.387,474
892.504,472
892.62,480
892.737,475
892.854,479
892.97,464
893.087,462
893.203,475
893.32,492
893.436,490
893.553,490
893.67,475
893.786,479
893.903,490
894.019,487
894.136,467
894.252,479
894.369,485
894.485,472
894.602,471
894.718,468
894.835,456
894.951,468
895.068,454
895.184,478
895.301,483
895.417,478
895.534,468
895.65,464
895.767,468
895.883,480
896.0,488
896.116,482
896.233,460
896.349,475
896.466,462
896.582,481
896.699,459
896.815,486
896.932,459
897.048,464
897.165,466
897.281,489
897.397,470
897.514,471
897.63,472
897.747,465
897.863,477
897.979,482
898.096,471
898.212,476
898.329,468
898.445,497
898.561,475
898.678,480
898.794,477
898.911,460
899.027,488
899.143,479
899.26,480
899.376,474
899.492,478
899.609,483
899.725,461
899.842,471
899.958,468
900.074,460
900.191,471
900.307,475
900.423,481
900.539,483
900.656,469
900.772,490
900.888,471
901.005,475
901.121,494
901.237,489
901.354,485
901.47,458
901.586,477
901.703,480
901.819,480
901.935,503
902.051,509
902.168,465
902.284,485
902.4,480
902.516,481
902.633,490
902.749,507
902.865,517
902.981,507
903.098,510
903.214,494
903.33,487
903.446,492
903.562,485
903.679,500
903.795,522
903.911,485
904.027,500
904.143,492
904.26,465
904.376,489
904.492,491
904.608,483
904.724,472
904.841,471
904.957,495
905.073,475
905.189,471
905.305,485
905.421,467
905.538,486
905.654,484
905.77,470
905.886,474
906.002,470
906.118,486
906.234,456
906.35,492
906.466,475
906.583,462
906.699,469
906.815,466
906.931,476
907.047,471
907.163,450
907.279,471
907.395,482
907.511,461
907.627,487
907.743,462
907.859,486
907.976,485
908.092,481
908.208,476
908.324,465
908.44,487
908.556,482
908.672,472
908.788,500
908.904,468
909.02,484
909.136,479
909.252,468
909.368,479
909.484,482
909.6,477
909.716,468
909.832,484
909.948,472
910.064,468
910.18,485
910.296,485
910.412,488
910.528,477
910.644,477
910.76,473
910.875,482
910.991,473
911.107,477
911.223,474
911.339,496
911.455,495
911.571,479
911.687,491
911.803,478
911.919,453
912.035,462
912.151,466
912.267,463
912.382,475
912.498,461
912.614,479
912.73,473
912.846,457
