792.446,578
792.565,630
792.684,646
792.803,623
792.922,565
793.041,578
793.16,565
793.279,575
793.398,551
793.518,530
793.637,568
793.756,583
793.875,582
793.994,580
794.113,559
794.232,539
794.351,545
794.47,549
794.589,552
794.708,514
794.827,540
794.946,530
795.066,540
795.185,549
795.304,553
795.423,528
795.542,550
795.661,530
795.78,508
795.899,518
796.018,532
796.137,546
796.256,526
796.375,518
796.494,513
796.613,513
796.732,535
796.851,518
796.97,531
797.089,508
797.208,500
797.327,499
797.446,537
797.565,522
797.684,500
797.803,518
797.922,522
798.041,514
798.16,490
798.279,504
798.398,484
798.517,490
798.636,499
798.755,506
798.874,495
798.993,506
799.112,515
799.231,497
799.35,484
799.469,513
799.588,507
799.707,502
799.826,494
799.945,530
800.064,524
800.183,498
800.302,521
800.421,494
800.54,481
800.659,471
800.778,506
800.897,505
801.016,489
801.135,502
801.254,488
801.373,503
801.492,491
801.611,502
801.729,496
801.848,510
801.967,494
802.086,494
802.205,494
802.324,491
802.443,490
802.562,502
802.681,516
802.8,502
802.919,494
803.038,487
803.157,484
803.276,499
803.394,490
803.513,494
803.632,489
803.751,493
803.87,516
803.989,488
804.108,487
804.227,482
804.346,493
804.465,505
804.583,489
804.702,488
804.821,494
804.94,492
805.059,507
805.178,487
805.297,502
805.416,483
805.535,486
805.653,468
805.772,498
805.891,490
806.01,509
806.129,514
806.248,499
806.367,499
806.485,503
806.604,491
806.723,466
806.842,498
806.961,486
807.08,486
807.198,497
807.317,484
807.436,499
807.555,481
807.674,484
807.793,493
807.912,478
808.03,489
808.149,490
808.268,475
808.387,489
808.506,485
808.624,486
808.743,470
808.862,486
808.981,490
809.1,501
809.219,506
809.337,487
809.456,513
809.575,485
809.694,475
809.812,496
809.931,494
810.05,470
810.169,494
810.288,492
810.406,484
810.525,490
810.644,473
810.763,490
810.882,488
811.0,503
811.119,498
811.238,472
811.357,479
811.475,484
811.594,493
811.713,496
811.832,485
811.95,478
812.069,498
812.188,491
812.307,491
812.425,485
812.544,486
812.663,491
812.782,495
812.9,474
813.019,478
813.138,479
813.257,481
813.375,487
813.494,485
813.613,488
813.731,478
813.85,468
813.969,492
814.088,477
814.206,476
814.325,470
814.444,477
814.562,471
814.681,482
814.8,484
814.918,487
815.037,487
815.156,498
815.274,494
815.393,503
815.512,494
815.631,495
815.749,495
815.868,474
815.987,489
816.105,474
816.224,468
816.343,472
816.461,465
816.58,493
816.698,478
816.817,506
816.936,498
817.055,467
817.173,487
817.292,488
817.41,469
817.529,487
817.648,488
817.766,474
817.885,462
818.004,485
818.122,472
818.241,473
818.359,471
818.478,461
818.597,484
818.715,472
818.834,488
818.953,463
819.071,472
819.19,472
819.308,469
819.427,483
819.546,453
819.664,483
819.783,475
819.901,460
820.02,466
820.138,470
820.257,483
820.376,473
820.494,467
820.613,472
820.731,448
820.85,481
820.969,474
821.087,483
821.206,465
821.324,470
821.443,476
821.561,474
821.68,469
821.798,477
821.917,447
822.035,459
822.154,472
822.273,474
822.391,481
822.51,478
822.628,460
822.747,476
822.865,461
822.984,470
823.102,462
823.221,483
823.339,476
823.458,477
823.576,449
823.695,480
823.813,459
823.932,483
824.05,455
824.169,464
824.287,468
824.406,479
824.524,449
824.643,476
824.761,458
824.88,454
824.998,472
825.117,464
825.235,451
825.354,476
825.472,469
825.591,463
825.709,464
825.828,452
825.946,460
826.064,474
826.183,479
826.301,449
826.42,474
826.538,473
826.657,460
826.775,465
826.894,450
827.012,476
827.13,474
827.249,476
827.367,451
827.486,470
827.604,475
827.723,429
827.841,474
827.959,456
828.078,455
828.196,466
828.315,457
828.433,464
828.552,486
828.67,458
828.788,462
828.907,471
829.025,467
829.143,455
829.262,462
829.38,469
829.499,455
829.617,461
829.735,456
829.854,468
829.972,459
830.091,463
830.209,445
830.327,444
830.446,460
830.564,445
830.682,456
830.801,463
830.919,472
831.037,461
831.156,466
831.274,472
831.392,466
831.511,458
831.629,456
831.747,462
831.866,466
831.984,433
832.102,462
832.221,470
832.339,436
832.457,463
832.576,469
832.694,451
832.812,455
832.93,481
833.049,447
833.167,466
833.285,463
833.404,440
833.522,465
833.64,476
833.759,451
833.877,432
833.995,444
834.113,472
834.232,454
834.35,461
834.468,473
834.586,468
834.705,463
834.823,459
834.941,465
835.059,465
835.178,455
835.296,491
835.414,461
835.532,461
835.651,458
835.769,453
835.887,441
836.005,463
836.124,446
836.242,455
836.36,457
836.478,463
836.596,444
836.715,449
836.833,463
836.951,463
837.069,459
837.188,450
837.306,446
837.424,470
837.542,448
837.66,453
837.779,467
837.897,467
838.015,452
838.133,453
838.251,444
838.369,459
838.487,473
838.606,466
838.724,442
838.842,470
838.96,455
839.078,448
839.196,453
839.315,448
839.433,462
839.551,467
839.669,453
839.787,442
839.905,459
840.023,454
840.142,463
840.26,452
840.378,465
840.496,449
840.614,453
840.732,449
840.85,448
840.968,458
841.087,458
841.205,474
841.323,452
841.441,457
841.559,463
841.677,441
841.795,474
841.913,455
842.031,477
842.149,473
842.267,472
842.385,461
842.504,438
842.622,465
842.74,468
842.858,464
842.976,474
843.094,460
843.212,487
843.33,469
843.448,463
843.566,470
843.684,460
843.802,462
843.92,465
844.038,468
844.156,467
844.274,464
844.392,459
844.51,457
844.628,456
844.746,444
844.864,471
844.982,449
845.1,458
845.218,470
845.336,464
845.454,464
845.572,451
845.69,453
845.808,451
845.926,470
846.044,461
846.162,457
846.28,455
846.398,463
846.516,451
846.634,455
846.752,458
846.87,479
846.988,455
847.106,459
847.224,443
847.342,465
847.46,464
847.578,452
847.696,446
847.814,446
847.932,439
848.05,449
848.168,463
848.285,470
848.403,443
848.521,449
848.639,445
848.757,467
848.875,468
848.993,459
849.111,446
849.229,471
849.347,454
849.465,454
849.582,456
849.7,474
849.818,437
849.936,459
850.054,456
850.172,452
850.29,461
850.408,454
850.525,454
850.643,466
850.761,457
850.879,462
850.997,448
851.115,466
851.233,469
851.35,443
851.468,447
851.586,457
851.704,459
851.822,460
851.94,455
852.057,450
852.175,463
852.293,453
852.411,467
852.529,475
852.647,455
852.764,464
852.882,464
853.0,470
853.118,449
853.236,449
853.353,451
853.471,455
853.589,463
853.707,460
853.824,448
853.942,468
854.06,454
854.178,463
854.296,449
854.413,452
854.531,436
854.649,455
854.767,460
854.884,458
855.002,466
855.12,466
855.238,470
855.355,453
855.473,466
855.591,451
855.708,468
855.826,458
855.944,441
856.062,471
856.179,461
856.297,453
856.415,455
856.532,457
856.65,466
856.768,454
856.886,469
857.003,450
857.121,461
857.239,472
857.356,447
857.474,450
857.592,444
857.709,467
857.827,450
857.945,482
858.062,450
858.18,457
858.298,458
858.415,461
858.533,455
858.651,463
858.768,448
858.886,483
859.003,465
859.121,458
859.239,463
859.356,459
859.474,456
859.592,461
859.709,476
859.827,460
859.944,468
860.062,472
860.18,478
860.297,465
860.415,468
860.532,458
860.65,455
860.768,456
860.885,464
861.003,457
861.12,464
861.238,446
861.356,441
861.473,455
861.591,465
861.708,460
861.826,448
861.943,461
862.061,467
862.178,446
862.296,463
862.414,448
862.531,454
862.649,452
862.766,441
862.884,456
863.001,464
863.119,454
863.236,443
863.354,471
863.471,446
863.589,471
863.706,448
863.824,457
863.941,444
864.059,450
864.176,456
864.294,463
864.411,454
864.529,454
864.646,458
864.764,465
864.881,442
864.999,457
865.116,456
865.233,454
865.351,452
865.468,458
865.586,454
865.703,456
865.821,457
865.938,443
866.056,447
866.173,465
866.29,444
866.408,450
866.525,452
866.643,444
866.76,465
866.878,453
866.995,451
867.112,459
867.23,470
867.347,457
867.465,448
867.582,476
867.699,483
867.817,453
867.934,440
868.051,473
868.169,454
868.286,458
868.404,470
868.521,459
868.638,456
868.756,452
868.873,472
868.99,455
869.108,450
869.225,443
869.342,474
869.46,453
869.577,447
869.694,458
869.812,457
869.929,465
870.046,463
870.164,456
870.281,459
870.398,466
870.516,455
870.633,451
870.75,463
870.867,456
870.985,442
871.102,465
871.219,467
871.337,478
871.454,438
871.571,456
871.688,446
871.806,465
871.923,451
872.04,459
872.157,469
872.275,472
872.392,439
872.509,467
872.626,448
872.744,470
872.861,458
872.978,467
873.095,460
873.213,450
873.33,438
873.447,453
873.564,468
873.681,451
873.799,452
873.916,449
874.033,446
874.15,463
874.267,465
874.385,472
874.502,462
874.619,457
874.736,451
874.853,464
874.97,459
875.088,468
875.205,465
875.322,451
875.439,473
875.556,453
875.673,482
875.791,462
875.908,441
876.025,450
876.142,465
876.259,466
876.376,436
876.493,463
876.61,466
876.728,459
876.845,438
876.962,466
877.079,470
877.196,457
877.313,455
877.43,454
877.547,456
877.664,456
877.781,467
877.898,460
878.016,463
878.133,460
878.25,449
878.367,441
878.484,465
878.601,462
878.718,449
878.835,478
878.952,472
879.069,443
879.186,446
879.303,460
879.42,442
879.537,458
879.654,443
879.771,475
879.888,443
880.005,443
880.122,476
880.239,450
880.356,441
880.473,461
880.59,454
880.707,460
880.824,450
880.941,467
881.058,463
881.175,468
881.292,468
881.409,461
881.526,443
881.643,473
881.76,458
881.877,469
881.994,442
882.111,477
882.228,457
882.345,467
882.462,442
882.579,462
882.696,471
882.812,473
882.929,433
883.046,451
883.163,442
883.28,477
883.397,449
883.514,447
883.631,464
883.748,451
883.865,466
883.982,466
884.098,450
884.215,466
884.332,472
884.449,461
884.566,441
884.683,461
884.8,436
884.916,464
885.033,457
885.15,473
885.267,478
885.384,491
885.501,462
885.617,448
885.734,480
885.851,465
885.968,455
886.085,467
886.202,457
886.318,466
886.435,491
886.552,473
886.669,472
886.786,457
886.902,465
887.019,471
887.136,466
887.253,497
887.369,476
887.486,457
887.603,456
887.72,450
887.837,462
887.953,475
888.07,451
888.187,470
888.304,438
888.42,464
888.537,447
888.654,469
888.77,463
888.887,443
889.004,435
889.121,449
889.237,454
889.354,457
889.471,448
889.587,464
889.704,447
889.821,450
889.938,469
890.054,429
890.171,456
890.288,465
890.404,430
890.521,465
890.638,447
890.754,452
890.871,450
890.988,458
891.104,454
891.221,455
891.337,440
891.454,473
891.571,473
891.687,459
891.804,466
891.921,450
892.037,461
892.154,452
892.27,467
892.387,448
892.504,441
892.62,443
892.737,452
892.854,459
892.97,470
893.087,470
893.203,452
893.32,431
893.436,458
893.553,470
893.67,434
893.786,464
893.903,445
894.019,459
894.136,451
894.252,456
894.369,456
894.485,458
894.602,451
894.718,456
894.835,448
894.951,456
895.068,467
895.184,440
895.301,425
895.417,442
895.534,448
895.65,450
895.767,455
895.883,452
896.0,441
896.116,470
896.233,446
896.349,450
896.466,467
896.582,443
896.699,435
896.815,455
896.932,463
897.048,444
897.165,454
897.281,460
897.397,445
897.514,452
897.63,459
897.747,458
897.863,437
897.979,469
898.096,472
898.212,452
898.329,456
898.445,465
898.561,456
898.678,473
898.794,435
898.911,446
899.027,451
899.143,465
899.26,436
899.376,457
899.492,451
899.609,452
899.725,449
899.842,460
899.958,476
900.074,468
900.191,461
900.307,459
900.423,446
900.539,455
900.656,441
900.772,455
900.888,461
901.005,466
901.121,465
901.237,469
901.354,435
901.47,468
901.586,442
901.703,452
901.819,475
901.935,452
902.051,462
902.168,468
902.284,464
902.4,457
902.516,468
902.633,457
902.749,480
902.865,471
902.981,479
903.098,475
903.214,468
903.33,484
903.446,468
903.562,465
903.679,474
903.795,476
903.911,469
904.027,478
904.143,472
904.26,468
904.376,443
904.492,473
904.608,440
904.724,458
904.841,463
904.957,458
905.073,465
905.189,464
905.305,471
905.421,462
905.538,456
905.654,475
905.77,458
905.886,447
906.002,449
906.118,458
906.234,463
906.35,468
906.466,449
906.583,451
906.699,447
906.815,480
906.931,462
907.047,450
907.163,448
907.279,458
907.395,471
907.511,458
907.627,442
907.743,464
907.859,464
907.976,464
908.092,452
908.208,457
908.324,447
908.44,456
908.556,459
908.672,476
908.788,471
908.904,466
909.02,462
909.136,445
909.252,463
909.368,464
909.484,467
909.6,464
909.716,451
909.832,438
909.948,447
910.064,478
910.18,460
910.296,451
910.412,449
910.528,459
910.644,451
910.76,438
910.875,448
910.991,458
911.107,444
911.223,456
911.339,473
911.455,471
911.571,477
911.687,452
911.803,458
911.919,458
912.035,451
912.151,453
912.267,456
912.382,471
912.498,470
912.614,451
912.73,457
912.846,462
792.446,592
792.565,624
792.684,644
792.803,638
792.922,566
793.041,561
793.16,576
793.279,578
793.398,568
793.518,542
793.637,571
793.756,586
793.875,566
793.994,548
794.113,535
794.232,545
794.351,551
794.47,554
794.589,526
794.708,540
794.827,528
794.946,542
795.066,552
795.185,539
795.304,549
795.423,526
795.542,543
795.661,547
795.78,525
795.899,519
796.018,516
796.137,536
796.256,529
796.375,509
796.494,537
796.613,527
796.732,519
796.851,524
796.97,532
797.089,518
797.208,511
797.327,488
797.446,517
797.565,531
797.684,524
797.803,534
797.922,514
798.041,494
798.16,500
798.279,536
798.398,512
798.517,520
798.636,505
798.755,527
798.874,494
798.993,490
799.112,512
799.231,509
799.35,484
799.469,528
799.588,508
799.707,487
799.826,507
799.945,509
800.064,489
800.183,521
800.302,516
800.421,497
800.54,518
800.659,512
800.778,494
800.897,503
801.016,503
801.135,494
801.254,498
801.373,501
801.492,505
801.611,479
801.729,526
801.848,475
801.967,503
802.086,512
802.205,488
802.324,496
802.443,487
802.562,503
802.681,492
802.8,496
802.919,492
803.038,497
803.157,501
803.276,502
803.394,513
803.513,496
803.632,496
803.751,486
803.87,506
803.989,502
804.108,480
804.227,519
804.346,499
804.465,514
804.583,491
804.702,496
804.821,485
804.94,481
805.059,502
805.178,490
805.297,509
805.416,487
805.535,499
805.653,486
805.772,496
805.891,495
806.01,496
806.129,477
806.248,499
806.367,488
806.485,503
806.604,503
806.723,497
806.842,499
806.961,501
807.08,485
807.198,496
807.317,487
807.436,507
807.555,492
807.674,468
807.793,491
807.912,489
808.03,498
808.149,487
808.268,500
808.387,487
808.506,503
808.624,503
808.743,512
808.862,493
808.981,497
809.1,494
809.219,530
809.337,461
809.456,494
809.575,483
809.694,501
809.812,491
809.931,501
810.05,492
810.169,493
810.288,503
810.406,511
810.525,476
810.644,506
810.763,481
810.882,502
811.0,473
811.119,479
811.238,465
811.357,475
811.475,481
811.594,491
811.713,495
811.832,504
811.95,477
812.069,474
812.188,503
812.307,478
812.425,487
812.544,482
812.663,505
812.782,488
812.9,495
813.019,482
813.138,494
813.257,506
813.375,483
813.494,497
813.613,502
813.731,485
813.85,490
813.969,496
814.088,474
814.206,475
814.325,499
814.444,481
814.562,487
814.681,502
814.8,462
814.918,486
815.037,472
815.156,478
815.274,486
815.393,488
815.512,467
815.631,474
815.749,482
815.868,484
815.987,500
816.105,483
816.224,476
816.343,486
816.461,488
816.58,475
816.698,474
816.817,498
816.936,489
817.055,497
817.173,495
817.292,508
817.41,487
817.529,489
817.648,488
817.766,477
817.885,475
818.004,474
818.122,487
818.241,478
818.359,471
818.478,469
818.597,479
818.715,487
818.834,468
818.953,488
819.071,481
819.19,477
819.308,474
819.427,476
819.546,466
819.664,466
819.783,466
819.901,473
820.02,487
820.138,464
820.257,486
820.376,458
820.494,473
820.613,490
820.731,468
820.85,475
820.969,457
821.087,467
821.206,461
821.324,481
821.443,493
821.561,482
821.68,464
821.798,484
821.917,458
822.035,459
822.154,454
822.273,457
822.391,473
822.51,458
822.628,463
822.747,467
822.865,472
822.984,441
823.102,436
823.221,446
823.339,443
823.458,466
823.576,490
823.695,481
823.813,466
823.932,465
824.05,463
824.169,483
824.287,469
824.406,471
824.524,466
824.643,484
824.761,457
824.88,472
824.998,455
825.117,478
825.235,470
825.354,466
825.472,461
825.591,462
825.709,461
825.828,459
825.946,464
826.064,468
826.183,456
826.301,471
826.42,465
826.538,469
826.657,458
826.775,454
826.894,464
827.012,475
827.13,453
827.249,451
827.367,468
827.486,485
827.604,460
827.723,469
827.841,448
827.959,464
828.078,477
828.196,461
828.315,446
828.433,450
828.552,467
828.67,464
828.788,445
828.907,460
829.025,448
829.143,485
829.262,452
829.38,471
829.499,469
829.617,442
829.735,462
829.854,474
829.972,472
830.091,473
830.209,456
830.327,466
830.446,463
830.564,471
830.682,471
830.801,450
830.919,475
831.037,463
831.156,459
831.274,455
831.392,477
831.511,461
831.629,456
831.747,466
831.866,439
831.984,484
832.102,472
832.221,460
832.339,467
832.457,455
832.576,463
832.694,469
832.812,472
832.93,445
833.049,458
833.167,466
833.285,476
833.404,469
833.522,463
833.64,446
833.759,461
833.877,460
833.995,457
834.113,479
834.232,470
834.35,456
834.468,441
834.586,472
834.705,462
834.823,457
834.941,459
835.059,440
835.178,458
835.296,457
835.414,470
835.532,463
835.651,474
835.769,453
835.887,459
836.005,462
836.124,474
836.242,450
836.36,446
836.478,463
836.596,435
836.715,464
836.833,464
836.951,465
837.069,463
837.188,461
837.306,452
837.424,451
837.542,435
837.66,460
837.779,455
837.897,483
838.015,456
838.133,451
838.251,460
838.369,459
838.487,454
838.606,462
838.724,462
838.842,464
838.96,465
839.078,453
839.196,441
839.315,463
839.433,448
839.551,458
839.669,444
839.787,493
839.905,457
840.023,457
840.142,464
840.26,474
840.378,468
840.496,452
840.614,472
840.732,465
840.85,465
840.968,453
841.087,459
841.205,458
841.323,469
841.441,438
841.559,451
841.677,465
841.795,477
841.913,490
842.031,452
842.149,477
842.267,467
842.385,477
842.504,461
842.622,446
842.74,468
842.858,468
842.976,472
843.094,466
843.212,462
843.33,466
843.448,468
843.566,459
843.684,472
843.802,465
843.92,463
844.038,467
844.156,480
844.274,473
844.392,471
844.51,466
844.628,449
844.746,459
844.864,455
844.982,470
845.1,467
845.218,457
845.336,454
845.454,451
845.572,446
845.69,476
845.808,441
845.926,461
846.044,450
846.162,462
846.28,454
846.398,458
846.516,445
846.634,455
846.752,462
846.87,464
846.988,436
847.106,474
847.224,452
847.342,481
847.46,445
847.578,450
847.696,469
847.814,459
847.932,453
848.05,478
848.168,430
848.285,467
848.403,454
848.521,464
848.639,453
848.757,478
848.875,452
848.993,455
849.111,451
849.229,475
849.347,439
849.465,484
849.582,477
849.7,473
849.818,465
849.936,461
850.054,468
850.172,462
850.29,433
850.408,470
850.525,453
850.643,453
850.761,459
850.879,458
850.997,468
851.115,461
851.233,459
851.35,445
851.468,452
851.586,449
851.704,465
851.822,442
851.94,454
852.057,471
852.175,447
852.293,465
852.411,451
852.529,477
852.647,457
852.764,468
852.882,476
853.0,458
853.118,460
853.236,449
853.353,456
853.471,435
853.589,482
853.707,471
853.824,468
853.942,450
854.06,462
854.178,465
854.296,450
854.413,457
854.531,461
854.649,480
854.767,471
854.884,471
855.002,461
855.12,464
855.238,464
855.355,470
855.473,463
855.591,468
855.708,463
855.826,446
855.944,465
856.062,470
856.179,463
856.297,475
856.415,452
856.532,468
856.65,461
856.768,447
856.886,447
857.003,472
857.121,468
857.239,451
857.356,470
857.474,448
857.592,455
857.709,467
857.827,487
857.945,453
858.062,462
858.18,469
858.298,464
858.415,458
858.533,477
858.651,452
858.768,466
858.886,463
859.003,466
859.121,467
859.239,465
859.356,472
859.474,465
859.592,461
859.709,448
859.827,468
859.944,438
860.062,454
860.18,446
860.297,462
860.415,449
860.532,452
860.65,458
860.768,474
860.885,464
861.003,471
861.12,487
861.238,464
861.356,456
861.473,469
861.591,445
861.708,450
861.826,471
861.943,468
862.061,475
862.178,472
862.296,458
862.414,462
862.531,449
862.649,463
862.766,453
862.884,454
863.001,456
863.119,446
863.236,454
863.354,457
863.471,445
863.589,470
863.706,475
863.824,455
863.941,469
864.059,456
864.176,448
864.294,452
864.411,453
864.529,457
864.646,457
864.764,450
864.881,433
864.999,448
865.116,449
865.233,445
865.351,452
865.468,461
865.586,446
865.703,463
865.821,448
865.938,457
866.056,459
866.173,434
866.29,464
866.408,443
866.525,453
866.643,454
866.76,457
866.878,465
866.995,458
867.112,480
867.23,465
867.347,431
867.465,456
867.582,460
867.699,453
867.817,441
867.934,455
868.051,445
868.169,445
868.286,470
868.404,486
868.521,464
868.638,493
868.756,459
868.873,470
868.99,454
869.108,466
869.225,460
869.342,465
869.46,457
869.577,458
869.694,460
869.812,433
869.929,445
870.046,451
870.164,448
870.281,485
870.398,455
870.516,457
870.633,467
870.75,462
870.867,478
870.985,450
871.102,475
871.219,478
871.337,471
871.454,466
871.571,481
871.688,474
871.806,472
871.923,462
872.04,462
872.157,467
872.275,459
872.392,447
872.509,465
872.626,449
872.744,478
872.861,460
872.978,473
873.095,475
873.213,461
873.33,456
873.447,478
873.564,455
873.681,450
873.799,460
873.916,469
874.033,447
874.15,464
874.267,441
874.385,474
874.502,471
874.619,458
874.736,473
874.853,459
874.97,453
875.088,469
875.205,447
875.322,465
875.439,458
875.556,460
875.673,466
875.791,454
875.908,438
876.025,467
876.142,456
876.259,459
876.376,457
876.493,464
876.61,471
876.728,438
876.845,447
876.962,441
877.079,444
877.196,460
877.313,459
877.43,462
877.547,470
877.664,479
877.781,467
877.898,469
878.016,483
878.133,452
878.25,457
878.367,454
878.484,450
878.601,468
878.718,466
878.835,466
878.952,477
879.069,449
879.186,444
879.303,465
879.42,450
879.537,447
879.654,460
879.771,459
879.888,464
880.005,447
880.122,479
880.239,464
880.356,485
880.473,459
880.59,435
880.707,463
880.824,452
880.941,473
881.058,451
881.175,457
881.292,458
881.409,450
881.526,445
881.643,472
881.76,463
881.877,461
881.994,444
882.111,456
882.228,430
882.345,456
882.462,472
882.579,440
882.696,460
882.812,449
882.929,475
883.046,470
883.163,458
883.28,463
883.397,468
883.514,457
883.631,469
883.748,448
883.865,463
883.982,448
884.098,472
884.215,445
884.332,469
884.449,461
884.566,441
884.683,447
884.8,467
884.916,465
885.033,452
885.15,466
885.267,483
885.384,480
885.501,449
885.617,471
885.734,472
885.851,465
885.968,427
886.085,483
886.202,473
886.318,447
886.435,468
886.552,460
886.669,454
886.786,484
886.902,475
887.019,467
887.136,467
887.253,469
887.369,455
887.486,473
887.603,461
887.72,470
887.837,468
887.953,467
888.07,459
888.187,456
888.304,472
888.42,448
888.537,474
888.654,464
888.77,465
888.887,441
889.004,449
889.121,459
889.237,461
889.354,460
889.471,450
889.587,442
889.704,436
889.821,453
889.938,462
890.054,465
890.171,440
890.288,460
890.404,460
890.521,459
890.638,469
890.754,451
890.871,471
890.988,467
891.104,444
891.221,462
891.337,440
891.454,455
891.571,452
891.687,463
891.804,442
891.921,448
892.037,449
892.154,449
892.27,454
892.387,472
892.504,458
892.62,448
892.737,443
892.854,477
892.97,461
893.087,459
893.203,464
893.32,463
893.436,451
893.553,437
893.67,455
893.786,495
893.903,451
894.019,472
894.136,457
894.252,446
894.369,462
894.485,458
894.602,468
894.718,471
894.835,448
894.951,470
895.068,456
895.184,469
895.301,462
895.417,482
895.534,442
895.65,453
895.767,467
895.883,468
896.0,464
896.116,465
896.233,444
896.349,466
896.466,452
896.582,475
896.699,467
896.815,465
896.932,466
897.048,472
897.165,456
897.281,446
897.397,457
897.514,468
897.63,469
897.747,455
897.863,457
897.979,445
898.096,457
898.212,459
898.329,451
898.445,454
898.561,461
898.678,459
898.794,441
898.911,468
899.027,456
899.143,442
899.26,467
899.376,471
899.492,453
899.609,461
899.725,470
899.842,444
899.958,467
900.074,451
900.191,456
900.307,460
900.423,453
900.539,473
900.656,463
900.772,460
900.888,475
901.005,466
901.121,453
901.237,456
901.354,444
901.47,463
901.586,478
901.703,466
901.819,451
901.935,451
902.051,438
902.168,460
902.284,452
902.4,454
902.516,480
902.633,467
902.749,467
902.865,459
902.981,455
903.098,475
903.214,471
903.33,463
903.446,456
903.562,458
903.679,459
903.795,482
903.911,463
904.027,466
904.143,463
904.26,472
904.376,472
904.492,458
904.608,467
904.724,468
904.841,455
904.957,499
905.073,456
905.189,465
905.305,461
905.421,469
905.538,473
905.654,468
905.77,454
905.886,454
906.002,463
906.118,457
906.234,481
906.35,441
906.466,463
906.583,458
906.699,445
906.815,468
906.931,458
907.047,460
907.163,489
907.279,454
907.395,460
907.511,461
907.627,447
907.743,466
907.859,461
907.976,482
908.092,465
908.208,458
908.324,460
908.44,458
908.556,454
908.672,460
908.788,455
908.904,486
909.02,454
909.136,454
909.252,457
909.368,460
909.484,461
909.6,461
909.716,467
909.832,459
909.948,466
910.064,463
910.18,446
910.296,458
910.412,465
910.528,473
910.644,464
910.76,452
910.875,455
910.991,468
911.107,463
911.223,447
911.339,446
911.455,465
911.571,448
911.687,484
911.803,465
911.919,484
912.035,478
912.151,462
912.267,453
912.382,457
912.498,461
912.614,463
912.73,473
912.846,480
792.446,585
792.565,612
792.684,666
792.803,627
792.922,589
793.041,543
793.16,553
793.279,561
793.398,558
793.518,575
793.637,556
793.756,558
793.875,582
793.994,554
794.113,551
794.232,530
794.351,521
794.47,552
794.589,519
794.708,536
794.827,538
794.946,520
795.066,574
795.185,542
795.304,552
795.423,520
795.542,540
795.661,532
795.78,514
795.899,511
796.018,522
796.137,522
796.256,551
796.375,535
796.494,537
796.613,513
796.732,519
796.851,511
796.97,518
797.089,518
797.208,525
797.327,529
797.446,521
797.565,506
797.684,536
797.803,510
797.922,534
798.041,509
798.16,527
798.279,510
798.398,509
798.517,518
798.636,503
798.755,510
798.874,516
798.993,519
799.112,495
799.231,489
799.35,517
799.469,519
799.588,510
799.707,519
799.826,505
799.945,508
800.064,514
800.183,495
800.302,520
800.421,488
800.54,505
800.659,518
800.778,504
800.897,514
801.016,493
801.135,490
801.254,501
801.373,486
801.492,516
801.611,518
801.729,525
801.848,519
801.967,488
802.086,529
802.205,499
802.324,488
802.443,518
802.562,485
802.681,501
802.8,512
802.919,496
803.038,498
803.157,496
803.276,503
803.394,486
803.513,516
803.632,506
803.751,491
803.87,494
803.989,510
804.108,518
804.227,490
804.346,489
804.465,528
804.583,506
804.702,499
804.821,511
804.94,499
805.059,493
805.178,506
805.297,494
805.416,487
805.535,504
805.653,502
805.772,515
805.891,498
806.01,499
806.129,495
806.248,514
806.367,487
806.485,495
806.604,472
806.723,515
806.842,486
806.961,487
807.08,495
807.198,495
807.317,493
807.436,514
807.555,478
807.674,509
807.793,480
807.912,495
808.03,483
808.149,482
808.268,491
808.387,499
808.506,488
808.624,481
808.743,494
808.862,508
808.981,484
809.1,496
809.219,463
809.337,486
809.456,491
809.575,491
809.694,499
809.812,498
809.931,499
810.05,505
810.169,473
810.288,489
810.406,470
810.525,499
810.644,478
810.763,479
810.882,501
811.0,485
811.119,463
811.238,474
811.357,513
811.475,493
811.594,477
811.713,523
811.832,481
811.95,499
812.069,489
812.188,492
812.307,496
812.425,480
812.544,496
812.663,476
812.782,500
812.9,471
813.019,477
813.138,497
813.257,495
813.375,500
813.494,468
813.613,504
813.731,495
813.85,500
813.969,474
814.088,504
814.206,473
814.325,469
814.444,475
814.562,492
814.681,487
814.8,487
814.918,463
815.037,478
815.156,476
815.274,508
815.393,492
815.512,474
815.631,476
815.749,489
815.868,478
815.987,496
816.105,480
816.224,470
816.343,478
816.461,489
816.58,493
816.698,496
816.817,470
816.936,484
817.055,485
817.173,486
817.292,483
817.41,515
817.529,475
817.648,496
817.766,487
817.885,504
818.004,478
818.122,474
818.241,481
818.359,482
818.478,479
818.597,489
818.715,475
818.834,485
818.953,479
819.071,486
819.19,452
819.308,477
819.427,477
819.546,476
819.664,463
819.783,474
819.901,475
820.02,477
820.138,470
820.257,465
820.376,474
820.494,490
820.613,460
820.731,473
820.85,463
820.969,485
821.087,474
821.206,474
821.324,476
821.443,478
821.561,448
821.68,474
821.798,484
821.917,465
822.035,461
822.154,475
822.273,477
822.391,478
822.51,463
822.628,491
822.747,465
822.865,470
822.984,454
823.102,469
823.221,468
823.339,465
823.458,470
823.576,466
823.695,454
823.813,456
823.932,454
824.05,478
824.169,461
824.287,471
824.406,474
824.524,465
824.643,463
824.761,471
824.88,467
824.998,460
825.117,465
825.235,456
825.354,487
825.472,468
825.591,465
825.709,466
825.828,461
825.946,452
826.064,461
826.183,503
826.301,455
826.42,472
826.538,469
826.657,469
826.775,463
826.894,470
827.012,457
827.13,446
827.249,467
827.367,472
827.486,475
827.604,483
827.723,459
827.841,472
827.959,462
828.078,448
828.196,468
828.315,453
828.433,466
828.552,473
828.67,483
828.788,470
828.907,455
829.025,468
829.143,455
829.262,474
829.38,463
829.499,466
829.617,467
829.735,466
829.854,436
829.972,485
830.091,444
830.209,481
830.327,461
830.446,459
830.564,472
830.682,460
830.801,455
830.919,462
831.037,465
831.156,466
831.274,470
831.392,458
831.511,462
831.629,465
831.747,469
831.866,455
831.984,456
832.102,457
832.221,462
832.339,467
832.457,457
832.576,462
832.694,457
832.812,467
832.93,473
833.049,462
833.167,462
833.285,477
833.404,452
833.522,476
833.64,463
833.759,464
833.877,461
833.995,463
834.113,481
834.232,457
834.35,452
834.468,482
834.586,464
834.705,471
834.823,462
834.941,470
835.059,454
835.178,460
835.296,445
835.414,455
835.532,463
835.651,456
835.769,453
835.887,466
836.005,452
836.124,453
836.242,448
836.36,452
836.478,456
836.596,464
836.715,452
836.833,448
836.951,438
837.069,467
837.188,446
837.306,467
837.424,444
837.542,466
837.66,471
837.779,438
837.897,450
838.015,452
838.133,452
838.251,470
838.369,445
838.487,455
838.606,470
838.724,464
838.842,470
838.96,471
839.078,471
839.196,464
839.315,466
839.433,477
839.551,452
839.669,476
839.787,451
839.905,459
840.023,459
840.142,460
840.26,458
840.378,466
840.496,485
840.614,466
840.732,442
840.85,483
840.968,436
841.087,445
841.205,454
841.323,461
841.441,469
841.559,491
841.677,459
841.795,456
841.913,459
842.031,465
842.149,458
842.267,466
842.385,462
842.504,460
842.622,492
842.74,458
842.858,459
842.976,467
843.094,465
843.212,459
843.33,478
843.448,445
843.566,466
843.684,466
843.802,466
843.92,463
844.038,449
844.156,467
844.274,457
844.392,478
844.51,456
844.628,463
844.746,467
844.864,472
844.982,444
845.1,452
845.218,439
845.336,464
845.454,446
845.572,469
845.69,470
845.808,439
845.926,451
846.044,459
846.162,452
846.28,451
846.398,439
846.516,454
846.634,467
846.752,470
846.87,464
846.988,456
847.106,441
847.224,460
847.342,450
847.46,473
847.578,475
847.696,456
847.814,452
847.932,472
848.05,467
848.168,441
848.285,478
848.403,467
848.521,452
848.639,449
848.757,439
848.875,456
848.993,441
849.111,457
849.229,463
849.347,452
849.465,472
849.582,453
849.7,454
849.818,437
849.936,454
850.054,439
850.172,448
850.29,450
850.408,459
850.525,461
850.643,456
850.761,449
850.879,441
850.997,461
851.115,455
851.233,447
851.35,449
851.468,462
851.586,446
851.704,459
851.822,461
851.94,462
852.057,457
852.175,465
852.293,466
852.411,462
852.529,454
852.647,449
852.764,457
852.882,469
853.0,464
853.118,470
853.236,449
853.353,467
853.471,440
853.589,450
853.707,444
853.824,472
853.942,449
854.06,439
854.178,441
854.296,473
854.413,463
854.531,450
854.649,453
854.767,459
854.884,463
855.002,468
855.12,463
855.238,452
855.355,447
855.473,456
855.591,484
855.708,458
855.826,449
855.944,452
856.062,464
856.179,465
856.297,468
856.415,476
856.532,451
856.65,469
856.768,452
856.886,469
857.003,450
857.121,474
857.239,457
857.356,448
857.474,468
857.592,480
857.709,445
857.827,443
857.945,462
858.062,492
858.18,462
858.298,469
858.415,478
858.533,465
858.651,455
858.768,460
858.886,471
859.003,450
859.121,455
859.239,472
859.356,439
859.474,458
859.592,467
859.709,461
859.827,457
859.944,479
860.062,462
860.18,455
860.297,448
860.415,464
860.532,456
860.65,454
860.768,476
860.885,458
861.003,458
861.12,446
861.238,453
861.356,464
861.473,460
861.591,478
861.708,446
861.826,464
861.943,424
862.061,458
862.178,463
862.296,447
862.414,465
862.531,455
862.649,427
862.766,468
862.884,451
863.001,454
863.119,440
863.236,460
863.354,469
863.471,461
863.589,460
863.706,453
863.824,470
863.941,444
864.059,467
864.176,460
864.294,455
864.411,468
864.529,450
864.646,455
864.764,456
864.881,469
864.999,483
865.116,462
865.233,459
865.351,460
865.468,455
865.586,460
865.703,449
865.821,457
865.938,445
866.056,451
866.173,450
866.29,471
866.408,433
866.525,463
866.643,452
866.76,459
866.878,450
866.995,439
867.112,463
867.23,459
867.347,480
867.465,461
867.582,450
867.699,470
867.817,448
867.934,449
868.051,462
868.169,449
868.286,451
868.404,472
868.521,446
868.638,446
868.756,456
868.873,464
868.99,429
869.108,459
869.225,460
869.342,468
869.46,461
869.577,461
869.694,463
869.812,463
869.929,452
870.046,470
870.164,452
870.281,459
870.398,468
870.516,452
870.633,480
870.75,451
870.867,450
870.985,485
871.102,490
871.219,462
871.337,471
871.454,469
871.571,482
871.688,453
871.806,467
871.923,439
872.04,469
872.157,499
872.275,469
872.392,470
872.509,439
872.626,480
872.744,448
872.861,443
872.978,467
873.095,487
873.213,448
873.33,439
873.447,447
873.564,474
873.681,475
873.799,465
873.916,452
874.033,476
874.15,455
874.267,460
874.385,467
874.502,483
874.619,466
874.736,467
874.853,441
874.97,462
875.088,473
875.205,451
875.322,472
875.439,476
875.556,466
875.673,452
875.791,460
875.908,476
876.025,470
876.142,463
876.259,443
876.376,433
876.493,458
876.61,462
876.728,451
876.845,458
876.962,474
877.079,474
877.196,476
877.313,476
877.43,460
877.547,453
877.664,445
877.781,458
877.898,486
878.016,451
878.133,445
878.25,461
878.367,452
878.484,455
878.601,456
878.718,458
878.835,450
878.952,458
879.069,465
879.186,454
879.303,466
879.42,455
879.537,449
879.654,476
879.771,464
879.888,453
880.005,451
880.122,440
880.239,441
880.356,490
880.473,442
880.59,460
880.707,453
880.824,438
880.941,465
881.058,455
881.175,458
881.292,450
881.409,452
881.526,469
881.643,458
881.76,462
881.877,475
881.994,469
882.111,457
882.228,447
882.345,449
882.462,460
882.579,445
882.696,458
882.812,462
882.929,461
883.046,445
883.163,453
883.28,452
883.397,481
883.514,454
883.631,464
883.748,440
883.865,460
883.982,462
884.098,463
884.215,457
884.332,462
884.449,450
884.566,443
884.683,454
884.8,456
884.916,460
885.033,448
885.15,454
885.267,458
885.384,484
885.501,465
885.617,459
885.734,489
885.851,451
885.968,484
886.085,465
886.202,464
886.318,470
886.435,471
886.552,464
886.669,487
886.786,465
886.902,467
887.019,462
887.136,450
887.253,469
887.369,471
887.486,465
887.603,458
887.72,457
887.837,467
887.953,451
888.07,480
888.187,456
888.304,449
888.42,447
888.537,457
888.654,429
888.77,474
888.887,458
889.004,472
889.121,443
889.237,459
889.354,450
889.471,441
889.587,452
889.704,476
889.821,446
889.938,460
890.054,451
890.171,440
890.288,480
890.404,469
890.521,467
890.638,455
890.754,470
890.871,468
890.988,439
891.104,478
891.221,451
891.337,457
891.454,453
891.571,454
891.687,450
891.804,464
891.921,462
892.037,467
892.154,432
892.27,461
892.387,433
892.504,454
892.62,459
892.737,475
892.854,434
892.97,457
893.087,448
893.203,457
893.32,468
893.436,463
893.553,474
893.67,478
893.786,448
893.903,462
894.019,455
894.136,445
894.252,453
894.369,469
894.485,448
894.602,459
894.718,443
894.835,455
894.951,441
895.068,477
895.184,469
895.301,459
895.417,451
895.534,459
895.65,463
895.767,481
895.883,458
896.0,460
896.116,465
896.233,453
896.349,470
896.466,453
896.582,434
896.699,460
896.815,467
896.932,466
897.048,454
897.165,449
897.281,470
897.397,473
897.514,482
897.63,462
897.747,463
897.863,473
897.979,453
898.096,465
898.212,448
898.329,490
898.445,491
898.561,454
898.678,468
898.794,459
898.911,442
899.027,467
899.143,454
899.26,453
899.376,442
899.492,467
899.609,460
899.725,477
899.842,453
899.958,465
900.074,468
900.191,464
900.307,462
900.423,459
900.539,454
900.656,463
900.772,464
900.888,461
901.005,460
901.121,463
901.237,464
901.354,462
901.47,453
901.586,470
901.703,450
901.819,445
901.935,449
902.051,477
902.168,468
902.284,465
902.4,476
902.516,482
902.633,473
902.749,471
902.865,453
902.981,462
903.098,479
903.214,452
903.33,472
903.446,459
903.562,469
903.679,453
903.795,471
903.911,448
904.027,466
904.143,485
904.26,467
904.376,466
904.492,450
904.608,469
904.724,468
904.841,470
904.957,451
905.073,453
905.189,465
905.305,468
905.421,445
905.538,471
905.654,469
905.77,470
905.886,466
906.002,469
906.118,448
906.234,461
906.35,450
906.466,481
906.583,477
906.699,478
906.815,436
906.931,454
907.047,472
907.163,469
907.279,459
907.395,457
907.511,470
907.627,454
907.743,455
907.859,476
907.976,456
908.092,461
908.208,470
908.324,471
908.44,458
908.556,462
908.672,458
908.788,458
908.904,462
909.02,451
909.136,476
909.252,442
909.368,471
909.484,476
909.6,462
909.716,474
909.832,443
909.948,470
910.064,476
910.18,485
910.296,471
910.412,484
910.528,450
910.644,459
910.76,452
910.875,458
910.991,448
911.107,460
911.223,452
911.339,451
911.455,459
911.571,495
911.687,472
911.803,467
911.919,469
912.035,469
912.151,467
912.267,464
912.382,453
912.498,454
912.614,445
912.73,456
912.846,458
