792.446,309
792.565,322
792.684,397
792.803,371
792.922,326
793.041,299
793.16,320
793.279,327
793.398,315
793.518,313
793.637,320
793.756,318
793.875,341
793.994,337
794.113,321
794.232,322
794.351,325
794.47,320
794.589,321
794.708,324
794.827,326
794.946,328
795.066,331
795.185,324
795.304,324
795.423,330
795.542,312
795.661,314
795.78,332
795.899,311
796.018,322
796.137,319
796.256,330
796.375,299
796.494,318
796.613,329
796.732,318
796.851,306
796.97,319
797.089,319
797.208,319
797.327,322
797.446,337
797.565,322
797.684,327
797.803,313
797.922,323
798.041,324
798.16,324
798.279,314
798.398,316
798.517,313
798.636,311
798.755,331
798.874,322
798.993,325
799.112,327
799.231,320
799.35,328
799.469,318
799.588,324
799.707,307
799.826,325
799.945,313
800.064,327
800.183,324
800.302,321
800.421,314
800.54,327
800.659,315
800.778,321
800.897,316
801.016,326
801.135,329
801.254,327
801.373,323
801.492,324
801.611,326
801.729,317
801.848,298
801.967,312
802.086,304
802.205,309
802.324,321
802.443,320
802.562,330
802.681,316
802.8,318
802.919,323
803.038,317
803.157,326
803.276,325
803.394,315
803.513,327
803.632,331
803.751,321
803.87,314
803.989,325
804.108,322
804.227,326
804.346,337
804.465,332
804.583,319
804.702,308
804.821,318
804.94,314
805.059,316
805.178,334
805.297,325
805.416,332
805.535,310
805.653,315
805.772,324
805.891,331
806.01,314
806.129,322
806.248,321
806.367,325
806.485,326
806.604,314
806.723,320
806.842,310
806.961,333
807.08,297
807.198,327
807.317,311
807.436,325
807.555,315
807.674,322
807.793,312
807.912,311
808.03,302
808.149,333
808.268,318
808.387,314
808.506,309
808.624,325
808.743,327
808.862,322
808.981,317
809.1,309
809.219,320
809.337,326
809.456,304
809.575,325
809.694,321
809.812,320
809.931,305
810.05,326
810.169,308
810.288,315
810.406,320
810.525,335
810.644,311
810.763,320
810.882,316
811.0,307
811.119,316
811.238,302
811.357,313
811.475,333
811.594,320
811.713,320
811.832,323
811.95,328
812.069,315
812.188,314
812.307,324
812.425,316
812.544,321
812.663,310
812.782,324
812.9,326
813.019,315
813.138,318
813.257,310
813.375,331
813.494,319
813.613,330
813.731,305
813.85,317
813.969,311
814.088,317
814.206,313
814.325,333
814.444,309
814.562,323
814.681,307
814.8,317
814.918,319
815.037,315
815.156,318
815.274,307
815.393,303
815.512,321
815.631,316
815.749,325
815.868,319
815.987,323
816.105,318
816.224,325
816.343,299
816.461,320
816.58,305
816.698,323
816.817,304
816.936,327
817.055,328
817.173,323
817.292,323
817.41,301
817.529,322
817.648,326
817.766,320
817.885,318
818.004,316
818.122,329
818.241,313
818.359,314
818.478,307
818.597,316
818.715,312
818.834,317
818.953,316
819.071,319
819.19,307
819.308,317
819.427,320
819.546,303
819.664,329
819.783,316
819.901,320
820.02,316
820.138,329
820.257,314
820.376,309
820.494,324
820.613,307
820.731,315
820.85,313
820.969,314
821.087,323
821.206,325
821.324,316
821.443,314
821.561,301
821.68,333
821.798,312
821.917,304
822.035,313
822.154,315
822.273,320
822.391,315
822.51,320
822.628,320
822.747,299
822.865,314
822.984,316
823.102,319
823.221,323
823.339,313
823.458,320
823.576,313
823.695,315
823.813,315
823.932,314
824.05,311
824.169,312
824.287,293
824.406,310
824.524,330
824.643,306
824.761,324
824.88,302
824.998,316
825.117,322
825.235,306
825.354,316
825.472,321
825.591,316
825.709,310
825.828,316
825.946,315
826.064,324
826.183,322
826.301,314
826.42,319
826.538,308
826.657,321
826.775,311
826.894,308
827.012,316
827.13,315
827.249,300
827.367,304
827.486,319
827.604,323
827.723,311
827.841,316
827.959,309
828.078,335
828.196,316
828.315,318
828.433,305
828.552,328
828.67,310
828.788,310
828.907,337
829.025,324
829.143,322
829.262,325
829.38,312
829.499,326
829.617,316
829.735,309
829.854,304
829.972,325
830.091,316
830.209,315
830.327,307
830.446,306
830.564,311
830.682,315
830.801,317
830.919,313
831.037,319
831.156,314
831.274,320
831.392,315
831.511,313
831.629,313
831.747,309
831.866,327
831.984,322
832.102,330
832.221,301
832.339,317
832.457,316
832.576,330
832.694,290
832.812,317
832.93,318
833.049,318
833.167,315
833.285,320
833.404,303
833.522,317
833.64,310
833.759,322
833.877,309
833.995,320
834.113,301
834.232,328
834.35,310
834.468,304
834.586,327
834.705,318
834.823,303
834.941,318
835.059,316
835.178,314
835.296,315
835.414,318
835.532,317
835.651,327
835.769,307
835.887,318
836.005,317
836.124,322
836.242,304
836.36,312
836.478,304
836.596,315
836.715,312
836.833,316
836.951,324
837.069,315
837.188,311
837.306,316
837.424,322
837.542,317
837.66,319
837.779,324
837.897,304
838.015,320
838.133,324
838.251,316
838.369,315
838.487,319
838.606,324
838.724,308
838.842,308
838.96,327
839.078,308
839.196,317
839.315,315
839.433,322
839.551,322
839.669,319
839.787,319
839.905,328
840.023,307
840.142,328
840.26,315
840.378,318
840.496,309
840.614,307
840.732,316
840.85,315
840.968,321
841.087,324
841.205,312
841.323,312
841.441,313
841.559,302
841.677,309
841.795,319
841.913,305
842.031,313
842.149,303
842.267,310
842.385,316
842.504,330
842.622,315
842.74,313
842.858,323
842.976,321
843.094,307
843.212,312
843.33,315
843.448,314
843.566,318
843.684,316
843.802,312
843.92,309
844.038,329
844.156,323
844.274,304
844.392,318
844.51,311
844.628,320
844.746,308
844.864,311
844.982,312
845.1,317
845.218,314
845.336,315
845.454,324
845.572,310
845.69,308
845.808,319
845.926,303
846.044,317
846.162,311
846.28,321
846.398,325
846.516,327
846.634,318
846.752,317
846.87,310
846.988,307
847.106,320
847.224,315
847.342,293
847.46,322
847.578,299
847.696,316
847.814,300
847.932,313
848.05,312
848.168,310
848.285,313
848.403,312
848.521,312
848.639,322
848.757,313
848.875,313
848.993,314
849.111,313
849.229,310
849.347,319
849.465,320
849.582,321
849.7,311
849.818,317
849.936,312
850.054,318
850.172,317
850.29,318
850.408,312
850.525,312
850.643,300
850.761,316
850.879,308
850.997,321
851.115,313
851.233,319
851.35,309
851.468,303
851.586,305
851.704,319
851.822,310
851.94,314
852.057,314
852.175,324
852.293,309
852.411,316
852.529,333
852.647,309
852.764,325
852.882,309
853.0,310
853.118,327
853.236,326
853.353,311
853.471,319
853.589,319
853.707,309
853.824,309
853.942,308
854.06,317
854.178,312
854.296,325
854.413,317
854.531,304
854.649,313
854.767,322
854.884,312
855.002,317
855.12,305
855.238,327
855.355,300
855.473,317
855.591,316
855.708,312
855.826,314
855.944,306
856.062,320
856.179,325
856.297,319
856.415,321
856.532,320
856.65,332
856.768,323
856.886,310
857.003,317
857.121,296
857.239,326
857.356,323
857.474,308
857.592,315
857.709,316
857.827,320
857.945,300
858.062,312
858.18,318
858.298,314
858.415,314
858.533,318
858.651,317
858.768,313
858.886,317
859.003,318
859.121,325
859.239,314
859.356,314
859.474,319
859.592,329
859.709,333
859.827,320
859.944,318
860.062,314
860.18,321
860.297,322
860.415,314
860.532,312
860.65,311
860.768,310
860.885,325
861.003,308
861.12,324
861.238,310
861.356,313
861.473,307
861.591,309
861.708,302
861.826,319
861.943,306
862.061,318
862.178,310
862.296,331
862.414,310
862.531,314
862.649,310
862.766,311
862.884,313
863.001,317
863.119,323
863.236,314
863.354,308
863.471,326
863.589,310
863.706,333
863.824,308
863.941,327
864.059,314
864.176,324
864.294,320
864.411,319
864.529,318
864.646,315
864.764,301
864.881,314
864.999,323
865.116,311
865.233,319
865.351,303
865.468,319
865.586,318
865.703,312
865.821,313
865.938,313
866.056,317
866.173,313
866.29,317
866.408,308
866.525,319
866.643,317
866.76,305
866.878,307
866.995,309
867.112,304
867.23,325
867.347,309
867.465,321
867.582,313
867.699,319
867.817,316
867.934,321
868.051,320
868.169,319
868.286,302
868.404,324
868.521,308
868.638,311
868.756,319
868.873,320
868.99,313
869.108,339
869.225,305
869.342,318
869.46,307
869.577,331
869.694,322
869.812,313
869.929,311
870.046,316
870.164,323
870.281,309
870.398,308
870.516,327
870.633,304
870.75,310
870.867,314
870.985,307
871.102,318
871.219,319
871.337,320
871.454,316
871.571,314
871.688,312
871.806,299
871.923,320
872.04,306
872.157,319
872.275,321
872.392,312
872.509,304
872.626,318
872.744,308
872.861,318
872.978,306
873.095,318
873.213,321
873.33,310
873.447,312
873.564,300
873.681,303
873.799,326
873.916,307
874.033,315
874.15,302
874.267,322
874.385,297
874.502,310
874.619,310
874.736,321
874.853,316
874.97,313
875.088,305
875.205,312
875.322,313
875.439,326
875.556,310
875.673,308
875.791,314
875.908,304
876.025,320
876.142,321
876.259,308
876.376,306
876.493,315
876.61,327
876.728,309
876.845,325
876.962,301
877.079,323
877.196,305
877.313,324
877.43,307
877.547,327
877.664,311
877.781,305
877.898,317
878.016,322
878.133,311
878.25,324
878.367,312
878.484,331
878.601,321
878.718,319
878.835,312
878.952,308
879.069,304
879.186,298
879.303,331
879.42,313
879.537,312
879.654,320
879.771,321
879.888,317
880.005,312
880.122,311
880.239,316
880.356,313
880.473,309
880.59,323
880.707,305
880.824,326
880.941,325
881.058,329
881.175,311
881.292,319
881.409,302
881.526,299
881.643,303
881.76,317
881.877,327
881.994,313
882.111,317
882.228,323
882.345,314
882.462,321
882.579,314
882.696,320
882.812,313
882.929,311
883.046,308
883.163,315
883.28,302
883.397,317
883.514,299
883.631,321
883.748,308
883.865,307
883.982,312
884.098,321
884.215,308
884.332,324
884.449,312
884.566,332
884.683,312
884.8,325
884.916,316
885.033,312
885.15,315
885.267,317
885.384,316
885.501,311
885.617,319
885.734,307
885.851,310
885.968,320
886.085,316
886.202,305
886.318,316
886.435,325
886.552,322
886.669,314
886.786,324
886.902,317
887.019,312
887.136,320
887.253,317
887.369,324
887.486,317
887.603,311
887.72,314
887.837,327
887.953,321
888.07,307
888.187,313
888.304,313
888.42,313
888.537,338
888.654,317
888.77,314
888.887,313
889.004,312
889.121,315
889.237,310
889.354,310
889.471,326
889.587,324
889.704,319
889.821,311
889.938,306
890.054,324
890.171,328
890.288,303
890.404,312
890.521,324
890.638,324
890.754,303
890.871,309
890.988,311
891.104,317
891.221,323
891.337,314
891.454,318
891.571,322
891.687,321
891.804,319
891.921,324
892.037,326
892.154,316
892.27,309
892.387,304
892.504,307
892.62,311
892.737,322
892.854,316
892.97,326
893.087,303
893.203,313
893.32,326
893.436,312
893.553,311
893.67,312
893.786,301
893.903,330
894.019,307
894.136,314
894.252,314
894.369,303
894.485,315
894.602,313
894.718,324
894.835,312
894.951,328
895.068,347
895.184,309
895.301,315
895.417,305
895.534,318
895.65,304
895.767,310
895.883,322
896.0,319
896.116,314
896.233,324
896.349,302
896.466,325
896.582,310
896.699,320
896.815,306
896.932,331
897.048,312
897.165,334
897.281,313
897.397,323
897.514,310
897.63,315
897.747,307
897.863,304
897.979,320
898.096,322
898.212,312
898.329,321
898.445,310
898.561,318
898.678,311
898.794,322
898.911,322
899.027,319
899.143,320
899.26,328
899.376,319
899.492,328
899.609,311
899.725,329
899.842,313
899.958,309
900.074,311
900.191,327
900.307,315
900.423,314
900.539,319
900.656,329
900.772,305
900.888,314
901.005,318
901.121,324
901.237,310
901.354,321
901.47,319
901.586,320
901.703,312
901.819,338
901.935,314
902.051,309
902.168,308
902.284,333
902.4,306
902.516,307
902.633,324
902.749,319
902.865,322
902.981,328
903.098,312
903.214,320
903.33,327
903.446,325
903.562,321
903.679,316
903.795,314
903.911,326
904.027,329
904.143,316
904.26,314
904.376,316
904.492,311
904.608,329
904.724,330
904.841,317
904.957,313
905.073,332
905.189,314
905.305,319
905.421,303
905.538,324
905.654,304
905.77,334
905.886,305
906.002,318
906.118,324
906.234,323
906.35,316
906.466,315
906.583,323
906.699,327
906.815,315
906.931,328
907.047,325
907.163,319
907.279,305
907.395,328
907.511,319
907.627,321
907.743,324
907.859,315
907.976,317
908.092,314
908.208,319
908.324,322
908.44,312
908.556,325
908.672,308
908.788,317
908.904,314
909.02,318
909.136,303
909.252,324
909.368,323
909.484,319
909.6,324
909.716,318
909.832,305
909.948,334
910.064,313
910.18,308
910.296,315
910.412,315
910.528,311
910.644,328
910.76,313
910.875,311
910.991,319
911.107,322
911.223,310
911.339,324
911.455,325
911.571,307
911.687,314
911.803,324
911.919,326
912.035,305
912.151,305
912.267,316
912.382,304
912.498,313
912.614,317
912.73,324
912.846,300
792.446,310
792.565,337
792.684,379
792.803,357
792.922,341
793.041,302
793.16,315
793.279,317
793.398,338
793.518,299
793.637,302
793.756,331
793.875,344
793.994,348
794.113,316
794.232,304
794.351,327
794.47,316
794.589,317
794.708,313
794.827,320
794.946,325
795.066,331
795.185,316
795.304,330
795.423,331
795.542,332
795.661,329
795.78,318
795.899,313
796.018,326
796.137,324
796.256,334
796.375,325
796.494,334
796.613,329
796.732,317
796.851,314
796.97,315
797.089,310
797.208,326
797.327,313
797.446,330
797.565,317
797.684,324
797.803,314
797.922,335
798.041,325
798.16,321
798.279,331
798.398,326
798.517,318
798.636,320
798.755,317
798.874,325
798.993,314
799.112,328
799.231,307
799.35,320
799.469,309
799.588,319
799.707,318
799.826,327
799.945,314
800.064,310
800.183,315
800.302,319
800.421,332
800.54,329
800.659,316
800.778,330
800.897,325
801.016,321
801.135,308
801.254,316
801.373,319
801.492,319
801.611,320
801.729,325
801.848,308
801.967,321
802.086,328
802.205,303
802.324,319
802.443,321
802.562,322
802.681,321
802.8,314
802.919,325
803.038,328
803.157,325
803.276,320
803.394,324
803.513,323
803.632,328
803.751,319
803.87,316
803.989,319
804.108,312
804.227,320
804.346,308
804.465,314
804.583,318
804.702,309
804.821,328
804.94,319
805.059,315
805.178,323
805.297,322
805.416,308
805.535,315
805.653,323
805.772,341
805.891,308
806.01,306
806.129,309
806.248,309
806.367,316
806.485,325
806.604,332
806.723,318
806.842,313
806.961,312
807.08,317
807.198,319
807.317,328
807.436,326
807.555,315
807.674,314
807.793,325
807.912,316
808.03,313
808.149,324
808.268,320
808.387,301
808.506,316
808.624,321
808.743,316
808.862,319
808.981,322
809.1,325
809.219,321
809.337,321
809.456,316
809.575,320
809.694,314
809.812,332
809.931,312
810.05,320
810.169,312
810.288,322
810.406,323
810.525,320
810.644,328
810.763,315
810.882,319
811.0,316
811.119,327
811.238,324
811.357,322
811.475,320
811.594,323
811.713,318
811.832,306
811.95,331
812.069,309
812.188,324
812.307,311
812.425,317
812.544,315
812.663,326
812.782,317
812.9,326
813.019,314
813.138,313
813.257,328
813.375,326
813.494,313
813.613,314
813.731,313
813.85,313
813.969,316
814.088,309
814.206,318
814.325,326
814.444,294
814.562,315
814.681,314
814.8,308
814.918,320
815.037,328
815.156,313
815.274,324
815.393,304
815.512,316
815.631,306
815.749,323
815.868,326
815.987,316
816.105,316
816.224,333
816.343,313
816.461,323
816.58,305
816.698,329
816.817,313
816.936,334
817.055,311
817.173,328
817.292,325
817.41,322
817.529,318
817.648,314
817.766,317
817.885,325
818.004,315
818.122,332
818.241,312
818.359,315
818.478,321
818.597,312
818.715,308
818.834,302
818.953,310
819.071,310
819.19,299
819.308,320
819.427,309
819.546,326
819.664,316
819.783,327
819.901,314
820.02,308
820.138,316
820.257,326
820.376,303
820.494,326
820.613,319
820.731,327
820.85,311
820.969,332
821.087,309
821.206,314
821.324,309
821.443,307
821.561,317
821.68,324
821.798,315
821.917,330
822.035,324
822.154,319
822.273,313
822.391,333
822.51,309
822.628,331
822.747,315
822.865,317
822.984,318
823.102,311
823.221,311
823.339,310
823.458,316
823.576,332
823.695,311
823.813,323
823.932,305
824.05,326
824.169,315
824.287,322
824.406,323
824.524,317
824.643,313
824.761,320
824.88,318
824.998,334
825.117,318
825.235,327
825.354,306
825.472,325
825.591,301
825.709,316
825.828,326
825.946,322
826.064,325
826.183,334
826.301,319
826.42,312
826.538,317
826.657,310
826.775,321
826.894,313
827.012,309
827.13,310
827.249,304
827.367,324
827.486,315
827.604,308
827.723,315
827.841,316
827.959,322
828.078,307
828.196,321
828.315,323
828.433,313
828.552,332
828.67,299
828.788,325
828.907,312
829.025,308
829.143,325
829.262,318
829.38,311
829.499,334
829.617,320
829.735,302
829.854,316
829.972,330
830.091,315
830.209,314
830.327,309
830.446,312
830.564,320
830.682,311
830.801,303
830.919,325
831.037,301
831.156,305
831.274,317
831.392,306
831.511,306
831.629,318
831.747,322
831.866,300
831.984,311
832.102,328
832.221,315
832.339,322
832.457,311
832.576,321
832.694,305
832.812,308
832.93,313
833.049,319
833.167,315
833.285,323
833.404,311
833.522,314
833.64,311
833.759,304
833.877,311
833.995,326
834.113,319
834.232,329
834.35,320
834.468,317
834.586,313
834.705,315
834.823,320
834.941,313
835.059,323
835.178,321
835.296,316
835.414,318
835.532,318
835.651,301
835.769,313
835.887,328
836.005,307
836.124,322
836.242,315
836.36,330
836.478,319
836.596,330
836.715,293
836.833,324
836.951,317
837.069,317
837.188,301
837.306,322
837.424,326
837.542,322
837.66,321
837.779,323
837.897,307
838.015,325
838.133,301
838.251,323
838.369,317
838.487,309
838.606,313
838.724,333
838.842,304
838.96,309
839.078,316
839.196,333
839.315,312
839.433,325
839.551,325
839.669,310
839.787,315
839.905,318
840.023,308
840.142,319
840.26,316
840.378,327
840.496,312
840.614,330
840.732,315
840.85,318
840.968,322
841.087,314
841.205,313
841.323,314
841.441,303
841.559,322
841.677,316
841.795,330
841.913,311
842.031,312
842.149,320
842.267,310
842.385,315
842.504,313
842.622,319
842.74,338
842.858,309
842.976,323
843.094,304
843.212,315
843.33,310
843.448,327
843.566,323
843.684,328
843.802,321
843.92,313
844.038,319
844.156,317
844.274,311
844.392,319
844.51,311
844.628,320
844.746,320
844.864,320
844.982,307
845.1,322
845.218,314
845.336,325
845.454,301
845.572,323
845.69,315
845.808,316
845.926,310
846.044,315
846.162,305
846.28,328
846.398,312
846.516,303
846.634,317
846.752,313
846.87,316
846.988,311
847.106,317
847.224,315
847.342,316
847.46,319
847.578,306
847.696,325
847.814,323
847.932,307
848.05,309
848.168,324
848.285,321
848.403,320
848.521,301
848.639,301
848.757,311
848.875,308
848.993,307
849.111,319
849.229,304
849.347,314
849.465,302
849.582,315
849.7,325
849.818,324
849.936,314
850.054,322
850.172,306
850.29,324
850.408,311
850.525,322
850.643,312
850.761,317
850.879,312
850.997,321
851.115,308
851.233,324
851.35,306
851.468,322
851.586,313
851.704,317
851.822,313
851.94,313
852.057,313
852.175,325
852.293,309
852.411,319
852.529,312
852.647,319
852.764,319
852.882,324
853.0,316
853.118,314
853.236,325
853.353,316
853.471,302
853.589,316
853.707,314
853.824,314
853.942,317
854.06,317
854.178,320
854.296,316
854.413,310
854.531,333
854.649,326
854.767,318
854.884,315
855.002,325
855.12,313
855.238,306
855.355,305
855.473,321
855.591,308
855.708,320
855.826,314
855.944,324
856.062,321
856.179,312
856.297,304
856.415,313
856.532,311
856.65,311
856.768,320
856.886,329
857.003,311
857.121,316
857.239,310
857.356,318
857.474,311
857.592,313
857.709,314
857.827,311
857.945,324
858.062,326
858.18,316
858.298,321
858.415,318
858.533,320
858.651,312
858.768,322
858.886,308
859.003,329
859.121,314
859.239,315
859.356,310
859.474,315
859.592,317
859.709,325
859.827,302
859.944,335
860.062,326
860.18,316
860.297,307
860.415,330
860.532,317
860.65,315
860.768,316
860.885,321
861.003,310
861.12,314
861.238,315
861.356,314
861.473,309
861.591,307
861.708,312
861.826,323
861.943,310
862.061,322
862.178,316
862.296,312
862.414,329
862.531,306
862.649,318
862.766,318
862.884,318
863.001,303
863.119,319
863.236,318
863.354,306
863.471,303
863.589,314
863.706,315
863.824,320
863.941,313
864.059,315
864.176,326
864.294,306
864.411,325
864.529,322
864.646,319
864.764,305
864.881,323
864.999,315
865.116,310
865.233,309
865.351,308
865.468,311
865.586,321
865.703,307
865.821,313
865.938,314
866.056,316
866.173,323
866.29,330
866.408,310
866.525,319
866.643,316
866.76,310
866.878,328
866.995,311
867.112,309
867.23,307
867.347,298
867.465,308
867.582,319
867.699,313
867.817,314
867.934,317
868.051,333
868.169,312
868.286,329
868.404,318
868.521,310
868.638,324
868.756,320
868.873,330
868.99,323
869.108,309
869.225,305
869.342,319
869.46,317
869.577,328
869.694,312
869.812,315
869.929,312
870.046,326
870.164,312
870.281,315
870.398,301
870.516,317
870.633,315
870.75,316
870.867,301
870.985,318
871.102,312
871.219,319
871.337,312
871.454,314
871.571,304
871.688,311
871.806,306
871.923,318
872.04,308
872.157,325
872.275,312
872.392,322
872.509,303
872.626,315
872.744,300
872.861,312
872.978,302
873.095,315
873.213,322
873.33,311
873.447,306
873.564,306
873.681,310
873.799,309
873.916,309
874.033,321
874.15,304
874.267,318
874.385,307
874.502,307
874.619,310
874.736,323
874.853,312
874.97,325
875.088,299
875.205,306
875.322,321
875.439,325
875.556,324
875.673,311
875.791,320
875.908,333
876.025,323
876.142,311
876.259,332
876.376,319
876.493,313
876.61,311
876.728,319
876.845,317
876.962,307
877.079,330
877.196,321
877.313,295
877.43,310
877.547,304
877.664,313
877.781,320
877.898,313
878.016,313
878.133,298
878.25,325
878.367,317
878.484,317
878.601,309
878.718,329
878.835,319
878.952,316
879.069,307
879.186,314
879.303,305
879.42,321
879.537,313
879.654,320
879.771,312
879.888,324
880.005,319
880.122,331
880.239,308
880.356,301
880.473,310
880.59,331
880.707,318
880.824,322
880.941,319
881.058,325
881.175,322
881.292,313
881.409,304
881.526,316
881.643,313
881.76,328
881.877,305
881.994,320
882.111,318
882.228,304
882.345,313
882.462,318
882.579,323
882.696,316
882.812,322
882.929,321
883.046,313
883.163,310
883.28,316
883.397,324
883.514,307
883.631,319
883.748,301
883.865,322
883.982,316
884.098,317
884.215,319
884.332,302
884.449,309
884.566,315
884.683,310
884.8,318
884.916,310
885.033,313
885.15,310
885.267,320
885.384,299
885.501,318
885.617,323
885.734,319
885.851,322
885.968,316
886.085,317
886.202,319
886.318,307
886.435,321
886.552,301
886.669,322
886.786,323
886.902,315
887.019,327
887.136,305
887.253,320
887.369,324
887.486,316
887.603,304
887.72,316
887.837,319
887.953,306
888.07,322
888.187,315
888.304,325
888.42,317
888.537,311
888.654,317
888.77,313
888.887,313
889.004,311
889.121,316
889.237,328
889.354,322
889.471,318
889.587,306
889.704,311
889.821,316
889.938,327
890.054,318
890.171,327
890.288,311
890.404,329
890.521,321
890.638,332
890.754,312
890.871,319
890.988,300
891.104,334
891.221,309
891.337,308
891.454,318
891.571,311
891.687,322
891.804,320
891.921,286
892.037,323
892.154,318
892.27,313
892.387,318
892.504,315
892.62,308
892.737,316
892.854,324
892.97,317
893.087,313
893.203,323
893.32,301
893.436,320
893.553,321
893.67,313
893.786,322
893.903,305
894.019,325
894.136,328
894.252,316
894.369,322
894.485,313
894.602,321
894.718,318
894.835,313
894.951,322
895.068,318
895.184,314
895.301,334
895.417,313
895.534,321
895.65,307
895.767,320
895.883,308
896.0,312
896.116,323
896.233,320
896.349,309
896.466,307
896.582,307
896.699,327
896.815,307
896.932,317
897.048,315
897.165,313
897.281,294
897.397,321
897.514,309
897.63,325
897.747,332
897.863,323
897.979,302
898.096,304
898.212,323
898.329,318
898.445,312
898.561,309
898.678,328
898.794,303
898.911,312
899.027,314
899.143,315
899.26,304
899.376,313
899.492,309
899.609,309
899.725,325
899.842,311
899.958,308
900.074,303
900.191,321
900.307,309
900.423,314
900.539,320
900.656,316
900.772,316
900.888,321
901.005,318
901.121,322
901.237,319
901.354,319
901.47,315
901.586,342
901.703,301
901.819,310
901.935,320
902.051,306
902.168,324
902.284,316
902.4,318
902.516,321
902.633,308
902.749,315
902.865,325
902.981,304
903.098,319
903.214,318
903.33,319
903.446,325
903.562,306
903.679,313
903.795,303
903.911,309
904.027,314
904.143,327
904.26,316
904.376,325
904.492,322
904.608,318
904.724,316
904.841,320
904.957,316
905.073,330
905.189,317
905.305,320
905.421,308
905.538,302
905.654,316
905.77,326
905.886,313
906.002,327
906.118,309
906.234,324
906.35,312
906.466,304
906.583,311
906.699,319
906.815,307
906.931,324
907.047,310
907.163,332
907.279,317
907.395,330
907.511,317
907.627,305
907.743,315
907.859,310
907.976,319
908.092,324
908.208,309
908.324,321
908.44,315
908.556,325
908.672,314
908.788,314
908.904,313
909.02,326
909.136,308
909.252,313
909.368,306
909.484,316
909.6,304
909.716,321
909.832,318
909.948,315
910.064,313
910.18,322
910.296,314
910.412,311
910.528,311
910.644,322
910.76,321
910.875,318
910.991,296
911.107,317
911.223,301
911.339,328
911.455,329
911.571,323
911.687,333
911.803,319
911.919,312
912.035,319
912.151,329
912.267,314
912.382,311
912.498,331
912.614,323
912.73,317
912.846,311
792.446,293
792.565,334
792.684,380
792.803,370
792.922,326
793.041,310
793.16,295
793.279,332
793.398,322
793.518,315
793.637,317
793.756,335
793.875,338
793.994,328
794.113,331
794.232,318
794.351,318
794.47,348
794.589,311
794.708,326
794.827,319
794.946,320
795.066,327
795.185,317
795.304,315
795.423,316
795.542,321
795.661,317
795.78,318
795.899,323
796.018,314
796.137,324
796.256,331
796.375,319
796.494,321
796.613,328
796.732,312
796.851,322
796.97,312
797.089,329
797.208,317
797.327,307
797.446,309
797.565,314
797.684,325
797.803,329
797.922,312
798.041,329
798.16,318
798.279,331
798.398,313
798.517,321
798.636,313
798.755,331
798.874,320
798.993,319
799.112,311
799.231,316
799.35,306
799.469,310
799.588,329
799.707,310
799.826,331
799.945,315
800.064,325
800.183,327
800.302,313
800.421,329
800.54,329
800.659,324
800.778,324
800.897,329
801.016,304
801.135,312
801.254,317
801.373,316
801.492,331
801.611,324
801.729,316
801.848,313
801.967,330
802.086,303
802.205,324
802.324,322
802.443,315
802.562,315
802.681,320
802.8,319
802.919,323
803.038,305
803.157,324
803.276,323
803.394,320
803.513,324
803.632,315
803.751,322
803.87,326
803.989,331
804.108,304
804.227,331
804.346,322
804.465,324
804.583,336
804.702,320
804.821,319
804.94,325
805.059,315
805.178,314
805.297,321
805.416,320
805.535,328
805.653,315
805.772,312
805.891,329
806.01,321
806.129,319
806.248,312
806.367,314
806.485,308
806.604,320
806.723,323
806.842,303
806.961,316
807.08,315
807.198,340
807.317,319
807.436,312
807.555,314
807.674,336
807.793,309
807.912,316
808.03,316
808.149,322
808.268,319
808.387,323
808.506,317
808.624,323
808.743,316
808.862,331
808.981,321
809.1,324
809.219,318
809.337,339
809.456,323
809.575,324
809.694,300
809.812,301
809.931,316
810.05,317
810.169,320
810.288,316
810.406,319
810.525,315
810.644,316
810.763,301
810.882,323
811.0,318
811.119,316
811.238,316
811.357,316
811.475,308
811.594,308
811.713,324
811.832,319
811.95,317
812.069,325
812.188,312
812.307,324
812.425,306
812.544,309
812.663,317
812.782,318
812.9,327
813.019,327
813.138,323
813.257,321
813.375,315
813.494,325
813.613,299
813.731,315
813.85,325
813.969,312
814.088,315
814.206,308
814.325,304
814.444,322
814.562,303
814.681,305
814.8,313
814.918,309
815.037,322
815.156,313
815.274,320
815.393,315
815.512,325
815.631,331
815.749,305
815.868,323
815.987,306
816.105,310
816.224,329
816.343,316
816.461,328
816.58,314
816.698,328
816.817,324
816.936,314
817.055,320
817.173,317
817.292,313
817.41,305
817.529,310
817.648,326
817.766,336
817.885,324
818.004,320
818.122,311
818.241,320
818.359,311
818.478,302
818.597,301
818.715,317
818.834,314
818.953,323
819.071,323
819.19,323
819.308,317
819.427,306
819.546,317
819.664,321
819.783,307
819.901,313
820.02,312
820.138,312
820.257,316
820.376,326
820.494,315
820.613,316
820.731,323
820.85,310
820.969,322
821.087,320
821.206,309
821.324,328
821.443,312
821.561,322
821.68,318
821.798,315
821.917,320
822.035,326
822.154,304
822.273,315
822.391,313
822.51,323
822.628,324
822.747,326
822.865,310
822.984,317
823.102,305
823.221,317
823.339,310
823.458,313
823.576,319
823.695,320
823.813,311
823.932,314
824.05,323
824.169,302
824.287,299
824.406,318
824.524,311
824.643,295
824.761,318
824.88,304
824.998,312
825.117,315
825.235,301
825.354,315
825.472,322
825.591,309
825.709,301
825.828,315
825.946,321
826.064,303
826.183,309
826.301,319
826.42,305
826.538,323
826.657,322
826.775,324
826.894,304
827.012,324
827.13,296
827.249,318
827.367,310
827.486,312
827.604,321
827.723,307
827.841,319
827.959,306
828.078,309
828.196,315
828.315,299
828.433,314
828.552,316
828.67,319
828.788,320
828.907,325
829.025,306
829.143,313
829.262,323
829.38,321
829.499,315
829.617,316
829.735,315
829.854,319
829.972,307
830.091,310
830.209,303
830.327,309
830.446,314
830.564,306
830.682,331
830.801,318
830.919,301
831.037,309
831.156,311
831.274,315
831.392,309
831.511,294
831.629,323
831.747,311
831.866,311
831.984,318
832.102,313
832.221,316
832.339,312
832.457,316
832.576,304
832.694,323
832.812,314
832.93,317
833.049,316
833.167,309
833.285,296
833.404,313
833.522,313
833.64,305
833.759,313
833.877,324
833.995,320
834.113,307
834.232,311
834.35,319
834.468,312
834.586,308
834.705,328
834.823,315
834.941,298
835.059,308
835.178,319
835.296,328
835.414,305
835.532,329
835.651,304
835.769,327
835.887,310
836.005,334
836.124,315
836.242,315
836.36,316
836.478,315
836.596,324
836.715,319
836.833,318
836.951,302
837.069,307
837.188,317
837.306,310
837.424,315
837.542,315
837.66,313
837.779,322
837.897,319
838.015,316
838.133,319
838.251,306
838.369,316
838.487,313
838.606,316
838.724,322
838.842,311
838.96,321
839.078,308
839.196,319
839.315,319
839.433,293
839.551,329
839.669,322
839.787,322
839.905,323
840.023,307
840.142,321
840.26,320
840.378,310
840.496,316
840.614,314
840.732,323
840.85,322
840.968,303
841.087,328
841.205,318
841.323,319
841.441,326
841.559,308
841.677,324
841.795,328
841.913,303
842.031,318
842.149,328
842.267,325
842.385,317
842.504,322
842.622,322
842.74,322
842.858,297
842.976,315
843.094,317
843.212,310
843.33,322
843.448,320
843.566,324
843.684,311
843.802,321
843.92,320
844.038,307
844.156,308
844.274,306
844.392,319
844.51,335
844.628,313
844.746,315
844.864,312
844.982,315
845.1,308
845.218,320
845.336,316
845.454,322
845.572,305
845.69,317
845.808,317
845.926,308
846.044,314
846.162,317
846.28,323
846.398,311
846.516,306
846.634,307
846.752,322
846.87,310
846.988,319
847.106,314
847.224,314
847.342,304
847.46,306
847.578,315
847.696,305
847.814,319
847.932,301
848.05,318
848.168,317
848.285,314
848.403,328
848.521,332
848.639,323
848.757,309
848.875,305
848.993,312
849.111,307
849.229,317
849.347,326
849.465,302
849.582,317
849.7,308
849.818,315
849.936,326
850.054,318
850.172,310
850.29,294
850.408,308
850.525,317
850.643,306
850.761,313
850.879,322
850.997,308
851.115,311
851.233,315
851.35,304
851.468,316
851.586,317
851.704,309
851.822,296
851.94,321
852.057,307
852.175,322
852.293,319
852.411,304
852.529,310
852.647,304
852.764,315
852.882,306
853.0,313
853.118,317
853.236,302
853.353,306
853.471,313
853.589,317
853.707,307
853.824,326
853.942,309
854.06,307
854.178,317
854.296,309
854.413,311
854.531,301
854.649,310
854.767,313
854.884,319
855.002,314
855.12,323
855.238,311
855.355,320
855.473,314
855.591,321
855.708,317
855.826,313
855.944,313
856.062,313
856.179,313
856.297,326
856.415,314
856.532,320
856.65,319
856.768,320
856.886,325
857.003,317
857.121,305
857.239,315
857.356,301
857.474,336
857.592,323
857.709,308
857.827,311
857.945,314
858.062,311
858.18,316
858.298,304
858.415,310
858.533,324
858.651,321
858.768,320
858.886,304
859.003,299
859.121,310
859.239,312
859.356,315
859.474,317
859.592,308
859.709,304
859.827,332
859.944,315
860.062,322
860.18,311
860.297,329
860.415,316
860.532,314
860.65,313
860.768,316
860.885,318
861.003,299
861.12,318
861.238,316
861.356,316
861.473,313
861.591,327
861.708,312
861.826,316
861.943,324
862.061,311
862.178,320
862.296,289
862.414,306
862.531,313
862.649,308
862.766,305
862.884,309
863.001,311
863.119,318
863.236,322
863.354,324
863.471,305
863.589,316
863.706,312
863.824,311
863.941,316
864.059,317
864.176,318
864.294,309
864.411,311
864.529,316
864.646,329
864.764,303
864.881,312
864.999,325
865.116,308
865.233,323
865.351,304
865.468,298
865.586,322
865.703,319
865.821,317
865.938,317
866.056,311
866.173,300
866.29,309
866.408,322
866.525,302
866.643,323
866.76,305
866.878,319
866.995,319
867.112,314
867.23,314
867.347,315
867.465,326
867.582,321
867.699,318
867.817,318
867.934,305
868.051,309
868.169,313
868.286,309
868.404,308
868.521,314
868.638,327
868.756,324
868.873,316
868.99,322
869.108,301
869.225,311
869.342,314
869.46,317
869.577,307
869.694,315
869.812,293
869.929,310
870.046,305
870.164,313
870.281,314
870.398,321
870.516,298
870.633,317
870.75,313
870.867,319
870.985,316
871.102,315
871.219,312
871.337,312
871.454,308
871.571,311
871.688,312
871.806,305
871.923,308
872.04,313
872.157,329
872.275,314
872.392,320
872.509,310
872.626,306
872.744,312
872.861,315
872.978,319
873.095,318
873.213,319
873.33,315
873.447,319
873.564,320
873.681,320
873.799,317
873.916,329
874.033,326
874.15,313
874.267,316
874.385,316
874.502,321
874.619,325
874.736,310
874.853,314
874.97,325
875.088,315
875.205,315
875.322,320
875.439,331
875.556,320
875.673,318
875.791,320
875.908,312
876.025,312
876.142,310
876.259,321
876.376,323
876.493,313
876.61,294
876.728,307
876.845,310
876.962,317
877.079,308
877.196,310
877.313,303
877.43,319
877.547,323
877.664,313
877.781,306
877.898,316
878.016,316
878.133,314
878.25,303
878.367,303
878.484,320
878.601,319
878.718,309
878.835,327
878.952,308
879.069,316
879.186,315
879.303,330
879.42,308
879.537,313
879.654,311
879.771,329
879.888,309
880.005,315
880.122,302
880.239,311
880.356,311
880.473,327
880.59,313
880.707,307
880.824,316
880.941,313
881.058,313
881.175,325
881.292,322
881.409,319
881.526,317
881.643,325
881.76,315
881.877,325
881.994,317
882.111,322
882.228,315
882.345,324
882.462,309
882.579,316
882.696,312
882.812,325
882.929,315
883.046,301
883.163,324
883.28,310
883.397,328
883.514,323
883.631,316
883.748,320
883.865,314
883.982,313
884.098,320
884.215,320
884.332,318
884.449,320
884.566,311
884.683,317
884.8,314
884.916,320
885.033,317
885.15,324
885.267,314
885.384,302
885.501,305
885.617,322
885.734,313
885.851,315
885.968,323
886.085,313
886.202,299
886.318,319
886.435,308
886.552,328
886.669,315
886.786,310
886.902,310
887.019,324
887.136,323
887.253,308
887.369,322
887.486,326
887.603,308
887.72,312
887.837,306
887.953,309
888.07,310
888.187,318
888.304,301
888.42,314
888.537,312
888.654,321
888.77,309
888.887,312
889.004,315
889.121,324
889.237,305
889.354,311
889.471,302
889.587,319
889.704,315
889.821,310
889.938,320
890.054,310
890.171,311
890.288,316
890.404,302
890.521,312
890.638,317
890.754,298
890.871,324
890.988,310
891.104,308
891.221,316
891.337,311
891.454,331
891.571,321
891.687,301
891.804,303
891.921,297
892.037,318
892.154,306
892.27,300
892.387,318
892.504,296
892.62,317
892.737,306
892.854,304
892.97,306
893.087,314
893.203,310
893.32,313
893.436,329
893.553,309
893.67,310
893.786,328
893.903,319
894.019,321
894.136,314
894.252,321
894.369,316
894.485,318
894.602,315
894.718,323
894.835,314
894.951,323
895.068,310
895.184,329
895.301,325
895.417,297
895.534,302
895.65,322
895.767,309
895.883,315
896.0,308
896.116,316
896.233,313
896.349,318
896.466,316
896.582,315
896.699,317
896.815,314
896.932,317
897.048,306
897.165,321
897.281,332
897.397,309
897.514,306
897.63,302
897.747,309
897.863,311
897.979,315
898.096,319
898.212,320
898.329,311
898.445,320
898.561,310
898.678,320
898.794,304
898.911,312
899.027,303
899.143,312
899.26,312
899.376,325
899.492,317
899.609,304
899.725,312
899.842,319
899.958,312
900.074,310
900.191,314
900.307,307
900.423,305
900.539,339
900.656,307
900.772,313
900.888,315
901.005,318
901.121,315
901.237,314
901.354,326
901.47,327
901.586,302
901.703,312
901.819,307
901.935,301
902.051,314
902.168,320
902.284,311
902.4,320
902.516,325
902.633,312
902.749,312
902.865,322
902.981,310
903.098,326
903.214,314
903.33,313
903.446,326
903.562,309
903.679,314
903.795,317
903.911,313
904.027,316
904.143,309
904.26,320
904.376,304
904.492,314
904.608,319
904.724,312
904.841,316
904.957,310
905.073,298
905.189,318
905.305,316
905.421,310
905.538,318
905.654,311
905.77,321
905.886,318
906.002,334
906.118,323
906.234,307
906.35,317
906.466,317
906.583,318
906.699,303
906.815,315
906.931,326
907.047,317
907.163,316
907.279,326
907.395,313
907.511,318
907.627,311
907.743,316
907.859,318
907.976,311
908.092,312
908.208,304
908.324,319
908.44,311
908.556,310
908.672,315
908.788,304
908.904,316
909.02,324
909.136,308
909.252,325
909.368,315
909.484,322
909.6,308
909.716,306
909.832,318
909.948,321
910.064,329
910.18,315
910.296,322
910.412,305
910.528,297
910.644,314
910.76,312
910.875,305
910.991,320
911.107,313
911.223,318
911.339,302
911.455,313
911.571,310
911.687,305
911.803,333
911.919,324
912.035,309
912.151,316
912.267,310
912.382,323
912.498,299
912.614,320
912.73,314
912.846,317
