792.446,314
792.565,355
792.684,409
792.803,374
792.922,341
793.041,310
793.16,335
793.279,342
793.398,328
793.518,317
793.637,312
793.756,350
793.875,367
793.994,341
794.113,347
794.232,326
794.351,328
794.47,333
794.589,335
794.708,335
794.827,314
794.946,324
795.066,334
795.185,323
795.304,334
795.423,315
795.542,345
795.661,328
795.78,323
795.899,333
796.018,346
796.137,334
796.256,330
796.375,328
796.494,322
796.613,327
796.732,327
796.851,330
796.97,316
797.089,331
797.208,338
797.327,320
797.446,320
797.565,333
797.684,325
797.803,316
797.922,333
798.041,330
798.16,310
798.279,323
798.398,316
798.517,336
798.636,328
798.755,328
798.874,344
798.993,335
799.112,332
799.231,319
799.35,334
799.469,328
799.588,337
799.707,339
799.826,329
799.945,336
800.064,319
800.183,313
800.302,325
800.421,327
800.54,326
800.659,319
800.778,322
800.897,329
801.016,323
801.135,316
801.254,317
801.373,330
801.492,334
801.611,323
801.729,317
801.848,318
801.967,335
802.086,315
802.205,321
802.324,325
802.443,331
802.562,316
802.681,307
802.8,315
802.919,331
803.038,325
803.157,317
803.276,342
803.394,318
803.513,330
803.632,320
803.751,323
803.87,328
803.989,335
804.108,306
804.227,317
804.346,336
804.465,327
804.583,325
804.702,321
804.821,337
804.94,312
805.059,342
805.178,319
805.297,324
805.416,329
805.535,313
805.653,312
805.772,324
805.891,321
806.01,324
806.129,309
806.248,327
806.367,308
806.485,336
806.604,323
806.723,328
806.842,319
806.961,332
807.08,332
807.198,330
807.317,320
807.436,323
807.555,323
807.674,322
807.793,336
807.912,328
808.03,320
808.149,319
808.268,307
808.387,330
808.506,324
808.624,310
808.743,326
808.862,317
808.981,321
809.1,327
809.219,318
809.337,335
809.456,320
809.575,321
809.694,317
809.812,333
809.931,316
810.05,323
810.169,311
810.288,328
810.406,330
810.525,338
810.644,319
810.763,336
810.882,317
811.0,320
811.119,305
811.238,328
811.357,337
811.475,315
811.594,335
811.713,332
811.832,327
811.95,322
812.069,328
812.188,335
812.307,313
812.425,320
812.544,317
812.663,326
812.782,325
812.9,333
813.019,314
813.138,340
813.257,329
813.375,337
813.494,323
813.613,323
813.731,319
813.85,319
813.969,328
814.088,329
814.206,309
814.325,331
814.444,320
814.562,326
814.681,312
814.8,329
814.918,327
815.037,327
815.156,330
815.274,324
815.393,324
815.512,337
815.631,309
815.749,328
815.868,325
815.987,316
816.105,314
816.224,313
816.343,335
816.461,331
816.58,323
816.698,319
816.817,323
816.936,325
817.055,324
817.173,313
817.292,323
817.41,316
817.529,312
817.648,319
817.766,325
817.885,318
818.004,316
818.122,316
818.241,311
818.359,330
818.478,326
818.597,331
818.715,321
818.834,332
818.953,311
819.071,327
819.19,308
819.308,332
819.427,321
819.546,328
819.664,322
819.783,314
819.901,334
820.02,323
820.138,323
820.257,311
820.376,314
820.494,319
820.613,304
820.731,318
820.85,315
820.969,306
821.087,319
821.206,312
821.324,306
821.443,315
821.561,299
821.68,330
821.798,307
821.917,317
822.035,308
822.154,328
822.273,317
822.391,335
822.51,315
822.628,331
822.747,321
822.865,323
822.984,321
823.102,332
823.221,320
823.339,312
823.458,307
823.576,323
823.695,321
823.813,314
823.932,316
824.05,331
824.169,316
824.287,314
824.406,318
824.524,310
824.643,326
824.761,329
824.88,308
824.998,335
825.117,318
825.235,316
825.354,308
825.472,313
825.591,314
825.709,318
825.828,324
825.946,314
826.064,321
826.183,332
826.301,318
826.42,305
826.538,316
826.657,319
826.775,310
826.894,319
827.012,323
827.13,321
827.249,313
827.367,306
827.486,326
827.604,309
827.723,318
827.841,334
827.959,310
828.078,307
828.196,313
828.315,314
828.433,314
828.552,316
828.67,312
828.788,317
828.907,290
829.025,320
829.143,313
829.262,310
829.38,337
829.499,323
829.617,332
829.735,302
829.854,306
829.972,313
830.091,309
830.209,313
830.327,322
830.446,321
830.564,317
830.682,309
830.801,300
830.919,315
831.037,314
831.156,321
831.274,315
831.392,320
831.511,316
831.629,325
831.747,313
831.866,310
831.984,319
832.102,318
832.221,313
832.339,311
832.457,316
832.576,310
832.694,306
832.812,310
832.93,322
833.049,318
833.167,318
833.285,319
833.404,308
833.522,325
833.64,309
833.759,313
833.877,302
833.995,319
834.113,312
834.232,312
834.35,312
834.468,325
834.586,314
834.705,321
834.823,308
834.941,305
835.059,325
835.178,314
835.296,319
835.414,334
835.532,311
835.651,327
835.769,300
835.887,316
836.005,307
836.124,329
836.242,311
836.36,298
836.478,324
836.596,313
836.715,295
836.833,315
836.951,318
837.069,328
837.188,310
837.306,327
837.424,301
837.542,314
837.66,328
837.779,325
837.897,325
838.015,305
838.133,331
838.251,321
838.369,316
838.487,318
838.606,317
838.724,310
838.842,310
838.96,322
839.078,309
839.196,323
839.315,334
839.433,317
839.551,320
839.669,322
839.787,305
839.905,327
840.023,327
840.142,323
840.26,320
840.378,318
840.496,312
840.614,320
840.732,307
840.85,311
840.968,311
841.087,324
841.205,320
841.323,309
841.441,318
841.559,313
841.677,315
841.795,326
841.913,316
842.031,322
842.149,320
842.267,326
842.385,321
842.504,323
842.622,316
842.74,309
842.858,318
842.976,315
843.094,320
843.212,317
843.33,318
843.448,312
843.566,314
843.684,341
843.802,301
843.92,324
844.038,304
844.156,323
844.274,320
844.392,313
844.51,303
844.628,318
844.746,310
844.864,328
844.982,300
845.1,333
845.218,302
845.336,318
845.454,318
845.572,326
845.69,306
845.808,309
845.926,329
846.044,320
846.162,320
846.28,313
846.398,311
846.516,319
846.634,327
846.752,322
846.87,331
846.988,320
847.106,309
847.224,311
847.342,302
847.46,326
847.578,326
847.696,326
847.814,314
847.932,309
848.05,316
848.168,315
848.285,303
848.403,321
848.521,299
848.639,298
848.757,332
848.875,323
848.993,308
849.111,324
849.229,303
849.347,318
849.465,302
849.582,329
849.7,316
849.818,313
849.936,309
850.054,331
850.172,305
850.29,305
850.408,326
850.525,317
850.643,312
850.761,319
850.879,306
850.997,311
851.115,314
851.233,326
851.35,326
851.468,325
851.586,316
851.704,323
851.822,310
851.94,322
852.057,332
852.175,316
852.293,311
852.411,307
852.529,316
852.647,303
852.764,320
852.882,315
853.0,311
853.118,320
853.236,304
853.353,313
853.471,314
853.589,306
853.707,312
853.824,316
853.942,312
854.06,321
854.178,318
854.296,312
854.413,325
854.531,313
854.649,304
854.767,314
854.884,312
855.002,321
855.12,322
855.238,309
855.355,332
855.473,311
855.591,324
855.708,303
855.826,313
855.944,325
856.062,320
856.179,316
856.297,308
856.415,316
856.532,310
856.65,314
856.768,315
856.886,329
857.003,301
857.121,327
857.239,323
857.356,311
857.474,325
857.592,322
857.709,310
857.827,314
857.945,305
858.062,317
858.18,316
858.298,310
858.415,311
858.533,323
858.651,316
858.768,320
858.886,316
859.003,315
859.121,311
859.239,321
859.356,314
859.474,316
859.592,322
859.709,310
859.827,313
859.944,318
860.062,320
860.18,318
860.297,309
860.415,318
860.532,312
860.65,325
860.768,310
860.885,309
861.003,315
861.12,323
861.238,315
861.356,314
861.473,307
861.591,328
861.708,310
861.826,321
861.943,319
862.061,309
862.178,311
862.296,314
862.414,322
862.531,318
862.649,320
862.766,312
862.884,313
863.001,327
863.119,322
863.236,314
863.354,313
863.471,320
863.589,316
863.706,322
863.824,311
863.941,313
864.059,325
864.176,322
864.294,315
864.411,314
864.529,317
864.646,303
864.764,300
864.881,310
864.999,317
865.116,320
865.233,310
865.351,317
865.468,300
865.586,320
865.703,307
865.821,324
865.938,303
866.056,323
866.173,299
866.29,317
866.408,317
866.525,318
866.643,318
866.76,315
866.878,309
866.995,316
867.112,334
867.23,319
867.347,324
867.465,310
867.582,307
867.699,316
867.817,310
867.934,322
868.051,312
868.169,324
868.286,320
868.404,311
868.521,324
868.638,318
868.756,313
868.873,317
868.99,312
869.108,311
869.225,326
869.342,322
869.46,314
869.577,321
869.694,317
869.812,312
869.929,314
870.046,325
870.164,314
870.281,310
870.398,311
870.516,310
870.633,310
870.75,314
870.867,304
870.985,314
871.102,319
871.219,338
871.337,320
871.454,316
871.571,321
871.688,310
871.806,326
871.923,312
872.04,317
872.157,310
872.275,307
872.392,328
872.509,310
872.626,323
872.744,317
872.861,327
872.978,319
873.095,322
873.213,322
873.33,309
873.447,320
873.564,335
873.681,332
873.799,302
873.916,314
874.033,325
874.15,326
874.267,310
874.385,304
874.502,319
874.619,323
874.736,311
874.853,307
874.97,306
875.088,327
875.205,326
875.322,317
875.439,314
875.556,318
875.673,315
875.791,310
875.908,320
876.025,323
876.142,319
876.259,317
876.376,330
876.493,311
876.61,315
876.728,309
876.845,301
876.962,314
877.079,317
877.196,309
877.313,312
877.43,324
877.547,316
877.664,310
877.781,305
877.898,321
878.016,303
878.133,310
878.25,322
878.367,311
878.484,314
878.601,314
878.718,318
878.835,320
878.952,308
879.069,315
879.186,323
879.303,312
879.42,321
879.537,322
879.654,307
879.771,311
879.888,311
880.005,304
880.122,323
880.239,306
880.356,313
880.473,311
880.59,320
880.707,330
880.824,308
880.941,310
881.058,316
881.175,323
881.292,329
881.409,307
881.526,325
881.643,316
881.76,319
881.877,307
881.994,305
882.111,306
882.228,309
882.345,307
882.462,319
882.579,320
882.696,300
882.812,309
882.929,304
883.046,308
883.163,318
883.28,312
883.397,306
883.514,308
883.631,313
883.748,306
883.865,315
883.982,309
884.098,324
884.215,310
884.332,304
884.449,312
884.566,321
884.683,325
884.8,311
884.916,322
885.033,320
885.15,310
885.267,314
885.384,324
885.501,330
885.617,319
885.734,317
885.851,316
885.968,315
886.085,311
886.202,311
886.318,319
886.435,319
886.552,330
886.669,315
886.786,314
886.902,322
887.019,330
887.136,321
887.253,325
887.369,319
887.486,315
887.603,321
887.72,319
887.837,323
887.953,313
888.07,301
888.187,313
888.304,321
888.42,315
888.537,312
888.654,309
888.77,316
888.887,319
889.004,314
889.121,317
889.237,311
889.354,324
889.471,309
889.587,318
889.704,317
889.821,311
889.938,312
890.054,314
890.171,301
890.288,326
890.404,312
890.521,318
890.638,334
890.754,316
890.871,321
890.988,314
891.104,314
891.221,322
891.337,321
891.454,326
891.571,317
891.687,315
891.804,318
891.921,321
892.037,321
892.154,318
892.27,319
892.387,325
892.504,330
892.62,326
892.737,317
892.854,315
892.97,322
893.087,321
893.203,334
893.32,305
893.436,320
893.553,311
893.67,307
893.786,317
893.903,318
894.019,316
894.136,321
894.252,308
894.369,318
894.485,299
894.602,324
894.718,315
894.835,307
894.951,305
895.068,313
895.184,313
895.301,326
895.417,318
895.534,326
895.65,312
895.767,314
895.883,311
896.0,318
896.116,306
896.233,312
896.349,312
896.466,318
896.582,306
896.699,327
896.815,311
896.932,328
897.048,297
897.165,314
897.281,313
897.397,313
897.514,320
897.63,307
897.747,310
897.863,311
897.979,316
898.096,313
898.212,324
898.329,315
898.445,313
898.561,319
898.678,314
898.794,312
898.911,298
899.027,321
899.143,313
899.26,331
899.376,322
899.492,312
899.609,312
899.725,322
899.842,320
899.958,319
900.074,322
900.191,324
900.307,317
900.423,325
900.539,314
900.656,308
900.772,309
900.888,311
901.005,314
901.121,312
901.237,314
901.354,307
901.47,314
901.586,328
901.703,310
901.819,315
901.935,310
902.051,315
902.168,315
902.284,327
902.4,300
902.516,323
902.633,317
902.749,322
902.865,309
902.981,306
903.098,311
903.214,311
903.33,321
903.446,324
903.562,315
903.679,318
903.795,306
903.911,326
904.027,308
904.143,311
904.26,323
904.376,324
904.492,320
904.608,309
904.724,313
904.841,320
904.957,302
905.073,321
905.189,308
905.305,312
905.421,333
905.538,312
905.654,305
905.77,315
905.886,320
906.002,319
906.118,317
906.234,322
906.35,321
906.466,304
906.583,327
906.699,320
906.815,319
906.931,311
907.047,315
907.163,312
907.279,299
907.395,310
907.511,314
907.627,316
907.743,313
907.859,321
907.976,311
908.092,314
908.208,304
908.324,331
908.44,316
908.556,317
908.672,313
908.788,325
908.904,309
909.02,321
909.136,317
909.252,323
909.368,318
909.484,327
909.6,312
909.716,312
909.832,319
909.948,314
910.064,315
910.18,320
910.296,326
910.412,316
910.528,297
910.644,328
910.76,318
910.875,322
910.991,308
911.107,320
911.223,328
911.339,317
911.455,319
911.571,329
911.687,307
911.803,312
911.919,306
912.035,307
912.151,307
912.267,314
912.382,301
912.498,316
912.614,310
912.73,319
912.846,302
792.446,326
792.565,354
792.684,411
792.803,375
792.922,347
793.041,324
793.16,329
793.279,350
793.398,332
793.518,326
793.637,328
793.756,350
793.875,358
793.994,337
794.113,327
794.232,335
794.351,327
794.47,337
794.589,325
794.708,342
794.827,340
794.946,341
795.066,339
795.185,328
795.304,339
795.423,334
795.542,316
795.661,330
795.78,329
795.899,333
796.018,326
796.137,321
796.256,333
796.375,344
796.494,332
796.613,334
796.732,335
796.851,315
796.97,331
797.089,330
797.208,337
797.327,317
797.446,329
797.565,323
797.684,333
797.803,334
797.922,329
798.041,325
798.16,327
798.279,334
798.398,338
798.517,327
798.636,329
798.755,331
798.874,316
798.993,343
799.112,321
799.231,326
799.35,317
799.469,331
799.588,317
799.707,332
799.826,341
799.945,310
800.064,326
800.183,331
800.302,330
800.421,336
800.54,322
800.659,325
800.778,326
800.897,325
801.016,318
801.135,335
801.254,322
801.373,333
801.492,321
801.611,334
801.729,321
801.848,327
801.967,326
802.086,331
802.205,326
802.324,320
802.443,332
802.562,332
802.681,336
802.8,323
802.919,324
803.038,335
803.157,331
803.276,321
803.394,334
803.513,329
803.632,330
803.751,329
803.87,326
803.989,326
804.108,323
804.227,324
804.346,329
804.465,305
804.583,345
804.702,316
804.821,331
804.94,334
805.059,319
805.178,318
805.297,319
805.416,332
805.535,326
805.653,320
805.772,305
805.891,317
806.01,328
806.129,321
806.248,338
806.367,325
806.485,324
806.604,329
806.723,324
806.842,322
806.961,322
807.08,330
807.198,339
807.317,331
807.436,311
807.555,320
807.674,332
807.793,319
807.912,334
808.03,333
808.149,327
808.268,324
808.387,321
808.506,333
808.624,312
808.743,322
808.862,316
808.981,335
809.1,323
809.219,328
809.337,330
809.456,332
809.575,331
809.694,339
809.812,307
809.931,321
810.05,329
810.169,326
810.288,337
810.406,312
810.525,333
810.644,322
810.763,324
810.882,318
811.0,333
811.119,328
811.238,332
811.357,339
811.475,340
811.594,331
811.713,313
811.832,336
811.95,329
812.069,323
812.188,331
812.307,343
812.425,325
812.544,329
812.663,314
812.782,317
812.9,315
813.019,328
813.138,321
813.257,329
813.375,331
813.494,323
813.613,315
813.731,321
813.85,322
813.969,329
814.088,322
814.206,317
814.325,333
814.444,316
814.562,323
814.681,332
814.8,328
814.918,335
815.037,329
815.156,341
815.274,307
815.393,328
815.512,328
815.631,322
815.749,331
815.868,339
815.987,315
816.105,326
816.224,317
816.343,325
816.461,321
816.58,317
816.698,317
816.817,314
816.936,311
817.055,316
817.173,319
817.292,320
817.41,328
817.529,325
817.648,327
817.766,324
817.885,326
818.004,321
818.122,329
818.241,333
818.359,317
818.478,310
818.597,334
818.715,325
818.834,326
818.953,328
819.071,317
819.19,319
819.308,315
819.427,331
819.546,313
819.664,331
819.783,318
819.901,318
820.02,335
820.138,320
820.257,332
820.376,326
820.494,325
820.613,328
820.731,307
820.85,327
820.969,320
821.087,314
821.206,300
821.324,324
821.443,314
821.561,314
821.68,333
821.798,314
821.917,320
822.035,334
822.154,324
822.273,326
822.391,313
822.51,318
822.628,322
822.747,322
822.865,315
822.984,323
823.102,327
823.221,319
823.339,323
823.458,320
823.576,306
823.695,329
823.813,336
823.932,305
824.05,330
824.169,310
824.287,320
824.406,319
824.524,328
824.643,316
824.761,312
824.88,325
824.998,314
825.117,310
825.235,318
825.354,322
825.472,305
825.591,319
825.709,319
825.828,329
825.946,336
826.064,334
826.183,309
826.301,325
826.42,305
826.538,300
826.657,327
826.775,313
826.894,321
827.012,326
827.13,321
827.249,326
827.367,310
827.486,314
827.604,313
827.723,306
827.841,321
827.959,318
828.078,304
828.196,323
828.315,311
828.433,316
828.552,318
828.67,311
828.788,319
828.907,309
829.025,303
829.143,321
829.262,310
829.38,313
829.499,313
829.617,319
829.735,315
829.854,331
829.972,311
830.091,316
830.209,321
830.327,320
830.446,305
830.564,307
830.682,316
830.801,332
830.919,331
831.037,319
831.156,319
831.274,332
831.392,309
831.511,329
831.629,338
831.747,316
831.866,315
831.984,304
832.102,320
832.221,325
832.339,323
832.457,324
832.576,310
832.694,324
832.812,312
832.93,314
833.049,325
833.167,319
833.285,315
833.404,311
833.522,306
833.64,310
833.759,318
833.877,320
833.995,315
834.113,307
834.232,322
834.35,320
834.468,310
834.586,308
834.705,324
834.823,326
834.941,327
835.059,323
835.178,327
835.296,316
835.414,315
835.532,311
835.651,320
835.769,326
835.887,319
836.005,310
836.124,308
836.242,320
836.36,315
836.478,324
836.596,308
836.715,320
836.833,318
836.951,324
837.069,315
837.188,324
837.306,311
837.424,310
837.542,313
837.66,306
837.779,321
837.897,322
838.015,315
838.133,316
838.251,324
838.369,312
838.487,316
838.606,322
838.724,312
838.842,315
838.96,315
839.078,318
839.196,306
839.315,322
839.433,307
839.551,309
839.669,312
839.787,314
839.905,316
840.023,308
840.142,307
840.26,331
840.378,315
840.496,316
840.614,300
840.732,323
840.85,329
840.968,320
841.087,312
841.205,314
841.323,313
841.441,322
841.559,328
841.677,321
841.795,316
841.913,325
842.031,325
842.149,331
842.267,313
842.385,322
842.504,326
842.622,321
842.74,326
842.858,320
842.976,303
843.094,325
843.212,321
843.33,330
843.448,304
843.566,308
843.684,314
843.802,312
843.92,317
844.038,321
844.156,315
844.274,308
844.392,318
844.51,317
844.628,321
844.746,321
844.864,325
844.982,339
845.1,310
845.218,328
845.336,313
845.454,337
845.572,313
845.69,319
845.808,322
845.926,319
846.044,323
846.162,326
846.28,322
846.398,316
846.516,305
846.634,338
846.752,321
846.87,324
846.988,324
847.106,324
847.224,323
847.342,323
847.46,331
847.578,320
847.696,308
847.814,329
847.932,322
848.05,318
848.168,324
848.285,330
848.403,336
848.521,322
848.639,325
848.757,322
848.875,323
848.993,322
849.111,312
849.229,314
849.347,327
849.465,320
849.582,319
849.7,314
849.818,328
849.936,324
850.054,304
850.172,303
850.29,314
850.408,312
850.525,317
850.643,313
850.761,319
850.879,311
850.997,315
851.115,326
851.233,319
851.35,327
851.468,323
851.586,327
851.704,330
851.822,303
851.94,329
852.057,331
852.175,318
852.293,327
852.411,327
852.529,318
852.647,319
852.764,327
852.882,339
853.0,311
853.118,323
853.236,334
853.353,332
853.471,318
853.589,321
853.707,315
853.824,325
853.942,335
854.06,310
854.178,316
854.296,317
854.413,319
854.531,304
854.649,345
854.767,318
854.884,309
855.002,318
855.12,309
855.238,327
855.355,306
855.473,311
855.591,324
855.708,322
855.826,320
855.944,320
856.062,319
856.179,318
856.297,324
856.415,324
856.532,320
856.65,319
856.768,320
856.886,316
857.003,324
857.121,314
857.239,336
857.356,325
857.474,323
857.592,332
857.709,307
857.827,318
857.945,329
858.062,330
858.18,325
858.298,319
858.415,326
858.533,328
858.651,338
858.768,329
858.886,324
859.003,319
859.121,328
859.239,315
859.356,328
859.474,306
859.592,322
859.709,312
859.827,309
859.944,329
860.062,314
860.18,326
860.297,318
860.415,305
860.532,322
860.65,323
860.768,311
860.885,312
861.003,319
861.12,301
861.238,318
861.356,320
861.473,310
861.591,319
861.708,318
861.826,315
861.943,321
862.061,323
862.178,323
862.296,320
862.414,320
862.531,310
862.649,314
862.766,310
862.884,324
863.001,319
863.119,324
863.236,316
863.354,320
863.471,311
863.589,320
863.706,329
863.824,325
863.941,311
864.059,316
864.176,316
864.294,321
864.411,333
864.529,314
864.646,332
864.764,303
864.881,324
864.999,314
865.116,323
865.233,320
865.351,314
865.468,309
865.586,307
865.703,325
865.821,314
865.938,317
866.056,328
866.173,319
866.29,320
866.408,310
866.525,319
866.643,313
866.76,330
866.878,311
866.995,321
867.112,318
867.23,311
867.347,309
867.465,319
867.582,310
867.699,318
867.817,324
867.934,319
868.051,321
868.169,309
868.286,319
868.404,317
868.521,313
868.638,329
868.756,328
868.873,326
868.99,318
869.108,325
869.225,322
869.342,302
869.46,321
869.577,316
869.694,324
869.812,311
869.929,305
870.046,327
870.164,319
870.281,322
870.398,325
870.516,329
870.633,314
870.75,324
870.867,320
870.985,317
871.102,325
871.219,329
871.337,313
871.454,319
871.571,327
871.688,322
871.806,319
871.923,326
872.04,321
872.157,324
872.275,323
872.392,325
872.509,331
872.626,324
872.744,326
872.861,319
872.978,318
873.095,325
873.213,323
873.33,312
873.447,322
873.564,330
873.681,326
873.799,325
873.916,325
874.033,326
874.15,307
874.267,325
874.385,324
874.502,323
874.619,333
874.736,336
874.853,317
874.97,319
875.088,310
875.205,315
875.322,316
875.439,329
875.556,317
875.673,309
875.791,318
875.908,313
876.025,306
876.142,313
876.259,306
876.376,317
876.493,311
876.61,311
876.728,314
876.845,327
876.962,328
877.079,311
877.196,338
877.313,315
877.43,313
877.547,315
877.664,327
877.781,318
877.898,324
878.016,318
878.133,325
878.25,317
878.367,317
878.484,325
878.601,319
878.718,310
878.835,325
878.952,325
879.069,319
879.186,320
879.303,323
879.42,305
879.537,318
879.654,319
879.771,311
879.888,315
880.005,320
880.122,317
880.239,315
880.356,317
880.473,313
880.59,327
880.707,331
880.824,303
880.941,320
881.058,318
881.175,325
881.292,325
881.409,321
881.526,309
881.643,323
881.76,300
881.877,320
881.994,306
882.111,341
882.228,322
882.345,329
882.462,324
882.579,304
882.696,311
882.812,322
882.929,305
883.046,334
883.163,317
883.28,322
883.397,319
883.514,311
883.631,334
883.748,322
883.865,309
883.982,323
884.098,308
884.215,320
884.332,318
884.449,333
884.566,315
884.683,312
884.8,322
884.916,319
885.033,327
885.15,333
885.267,314
885.384,318
885.501,318
885.617,334
885.734,326
885.851,316
885.968,327
886.085,333
886.202,341
886.318,320
886.435,322
886.552,328
886.669,321
886.786,330
886.902,316
887.019,309
887.136,319
887.253,324
887.369,318
887.486,326
887.603,321
887.72,310
887.837,321
887.953,324
888.07,327
888.187,316
888.304,318
888.42,324
888.537,320
888.654,321
888.77,316
888.887,325
889.004,321
889.121,329
889.237,327
889.354,314
889.471,324
889.587,317
889.704,305
889.821,317
889.938,316
890.054,312
890.171,315
890.288,322
890.404,309
890.521,308
890.638,323
890.754,307
890.871,317
890.988,326
891.104,318
891.221,315
891.337,328
891.454,323
891.571,317
891.687,328
891.804,333
891.921,314
892.037,316
892.154,318
892.27,317
892.387,325
892.504,321
892.62,325
892.737,321
892.854,318
892.97,307
893.087,317
893.203,332
893.32,315
893.436,327
893.553,327
893.67,308
893.786,329
893.903,317
894.019,325
894.136,310
894.252,338
894.369,313
894.485,319
894.602,307
894.718,322
894.835,309
894.951,327
895.068,309
895.184,323
895.301,325
895.417,313
895.534,319
895.65,330
895.767,317
895.883,324
896.0,319
896.116,304
896.233,316
896.349,322
896.466,314
896.582,321
896.699,318
896.815,336
896.932,290
897.048,317
897.165,327
897.281,308
897.397,324
897.514,311
897.63,319
897.747,314
897.863,316
897.979,317
898.096,305
898.212,318
898.329,324
898.445,307
898.561,317
898.678,324
898.794,331
898.911,311
899.027,325
899.143,316
899.26,297
899.376,320
899.492,311
899.609,314
899.725,319
899.842,314
899.958,313
900.074,332
900.191,314
900.307,315
900.423,318
900.539,316
900.656,323
900.772,321
900.888,318
901.005,315
901.121,318
901.237,324
901.354,313
901.47,308
901.586,314
901.703,323
901.819,309
901.935,323
902.051,332
902.168,321
902.284,315
902.4,315
902.516,320
902.633,324
902.749,322
902.865,320
902.981,316
903.098,328
903.214,307
903.33,308
903.446,310
903.562,313
903.679,318
903.795,322
903.911,329
904.027,325
904.143,323
904.26,331
904.376,320
904.492,308
904.608,316
904.724,322
904.841,315
904.957,324
905.073,307
905.189,306
905.305,322
905.421,335
905.538,308
905.654,311
905.77,317
905.886,323
906.002,306
906.118,317
906.234,315
906.35,337
906.466,325
906.583,317
906.699,325
906.815,319
906.931,311
907.047,318
907.163,317
907.279,325
907.395,320
907.511,327
907.627,311
907.743,321
907.859,316
907.976,320
908.092,325
908.208,308
908.324,335
908.44,319
908.556,320
908.672,331
908.788,309
908.904,323
909.02,324
909.136,315
909.252,332
909.368,315
909.484,303
909.6,324
909.716,313
909.832,312
909.948,317
910.064,314
910.18,324
910.296,322
910.412,336
910.528,315
910.644,339
910.76,319
910.875,330
910.991,306
911.107,315
911.223,321
911.339,323
911.455,311
911.571,311
911.687,326
911.803,320
911.919,319
912.035,313
912.151,318
912.267,312
912.382,315
912.498,311
912.614,317
912.73,317
912.846,312
792.446,335
792.565,360
792.684,415
792.803,381
792.922,334
793.041,304
793.16,326
793.279,349
793.398,344
793.518,309
793.637,318
793.756,337
793.875,347
793.994,356
794.113,329
794.232,328
794.351,336
794.47,350
794.589,333
794.708,325
794.827,323
794.946,330
795.066,336
795.185,341
795.304,333
795.423,329
795.542,332
795.661,349
795.78,330
795.899,324
796.018,319
796.137,338
796.256,324
796.375,339
796.494,337
796.613,327
796.732,326
796.851,334
796.97,315
797.089,329
797.208,327
797.327,340
797.446,332
797.565,333
797.684,321
797.803,322
797.922,324
798.041,332
798.16,334
798.279,333
798.398,330
798.517,321
798.636,329
798.755,327
798.874,317
798.993,340
799.112,325
799.231,327
799.35,316
799.469,327
799.588,331
799.707,325
799.826,328
799.945,324
800.064,309
800.183,327
800.302,322
800.421,328
800.54,330
800.659,337
800.778,314
800.897,327
801.016,318
801.135,327
801.254,329
801.373,322
801.492,336
801.611,330
801.729,320
801.848,329
801.967,325
802.086,331
802.205,322
802.324,328
802.443,338
802.562,321
802.681,325
802.8,323
802.919,319
803.038,340
803.157,319
803.276,315
803.394,335
803.513,331
803.632,319
803.751,336
803.87,318
803.989,332
804.108,332
804.227,338
804.346,332
804.465,328
804.583,326
804.702,321
804.821,335
804.94,327
805.059,306
805.178,326
805.297,332
805.416,316
805.535,330
805.653,321
805.772,330
805.891,337
806.01,314
806.129,326
806.248,321
806.367,316
806.485,317
806.604,324
806.723,312
806.842,320
806.961,349
807.08,319
807.198,329
807.317,319
807.436,322
807.555,332
807.674,321
807.793,332
807.912,323
808.03,314
808.149,318
808.268,312
808.387,323
808.506,324
808.624,332
808.743,319
808.862,335
808.981,321
809.1,321
809.219,326
809.337,318
809.456,320
809.575,314
809.694,325
809.812,310
809.931,335
810.05,318
810.169,338
810.288,329
810.406,320
810.525,316
810.644,326
810.763,326
810.882,322
811.0,316
811.119,315
811.238,321
811.357,318
811.475,316
811.594,341
811.713,333
811.832,326
811.95,316
812.069,324
812.188,316
812.307,322
812.425,311
812.544,321
812.663,315
812.782,323
812.9,322
813.019,311
813.138,322
813.257,316
813.375,313
813.494,319
813.613,337
813.731,323
813.85,337
813.969,315
814.088,329
814.206,334
814.325,321
814.444,319
814.562,301
814.681,326
814.8,332
814.918,325
815.037,322
815.156,322
815.274,316
815.393,321
815.512,323
815.631,321
815.749,317
815.868,314
815.987,312
816.105,329
816.224,299
816.343,330
816.461,311
816.58,323
816.698,332
816.817,317
816.936,316
817.055,330
817.173,326
817.292,337
817.41,319
817.529,319
817.648,318
817.766,329
817.885,324
818.004,316
818.122,310
818.241,322
818.359,328
818.478,306
818.597,316
818.715,320
818.834,316
818.953,325
819.071,328
819.19,316
819.308,315
819.427,326
819.546,319
819.664,317
819.783,314
819.901,318
820.02,299
820.138,319
820.257,333
820.376,311
820.494,327
820.613,318
820.731,321
820.85,333
820.969,321
821.087,315
821.206,325
821.324,324
821.443,320
821.561,326
821.68,314
821.798,339
821.917,310
822.035,322
822.154,321
822.273,305
822.391,325
822.51,324
822.628,316
822.747,328
822.865,304
822.984,319
823.102,319
823.221,324
823.339,324
823.458,301
823.576,322
823.695,325
823.813,320
823.932,320
824.05,306
824.169,317
824.287,312
824.406,316
824.524,314
824.643,317
824.761,315
824.88,327
824.998,317
825.117,321
825.235,307
825.354,329
825.472,310
825.591,319
825.709,317
825.828,313
825.946,324
826.064,323
826.183,325
826.301,326
826.42,316
826.538,311
826.657,310
826.775,318
826.894,333
827.012,325
827.13,330
827.249,313
827.367,323
827.486,313
827.604,317
827.723,317
827.841,320
827.959,335
828.078,306
828.196,327
828.315,307
828.433,313
828.552,323
828.67,324
828.788,319
828.907,313
829.025,315
829.143,314
829.262,323
829.38,328
829.499,308
829.617,304
829.735,300
829.854,326
829.972,314
830.091,322
830.209,322
830.327,324
830.446,307
830.564,320
830.682,304
830.801,315
830.919,316
831.037,309
831.156,318
831.274,329
831.392,311
831.511,327
831.629,319
831.747,327
831.866,310
831.984,330
832.102,320
832.221,313
832.339,300
832.457,318
832.576,318
832.694,315
832.812,327
832.93,314
833.049,318
833.167,317
833.285,319
833.404,313
833.522,319
833.64,310
833.759,324
833.877,325
833.995,316
834.113,318
834.232,317
834.35,302
834.468,311
834.586,323
834.705,323
834.823,322
834.941,316
835.059,323
835.178,318
835.296,308
835.414,311
835.532,307
835.651,328
835.769,320
835.887,312
836.005,321
836.124,321
836.242,328
836.36,317
836.478,310
836.596,326
836.715,329
836.833,309
836.951,305
837.069,313
837.188,316
837.306,314
837.424,319
837.542,309
837.66,324
837.779,319
837.897,314
838.015,316
838.133,318
838.251,311
838.369,319
838.487,310
838.606,302
838.724,320
838.842,314
838.96,304
839.078,309
839.196,310
839.315,321
839.433,319
839.551,330
839.669,299
839.787,329
839.905,314
840.023,301
840.142,326
840.26,302
840.378,329
840.496,314
840.614,310
840.732,326
840.85,314
840.968,329
841.087,313
841.205,320
841.323,322
841.441,315
841.559,315
841.677,319
841.795,309
841.913,324
842.031,321
842.149,321
842.267,326
842.385,310
842.504,310
842.622,310
842.74,332
842.858,309
842.976,317
843.094,319
843.212,316
843.33,314
843.448,299
843.566,316
843.684,322
843.802,305
843.92,315
844.038,321
844.156,307
844.274,323
844.392,314
844.51,317
844.628,325
844.746,306
844.864,307
844.982,308
845.1,329
845.218,322
845.336,313
845.454,318
845.572,323
845.69,321
845.808,323
845.926,323
846.044,311
846.162,330
846.28,323
846.398,324
846.516,313
846.634,321
846.752,322
846.87,303
846.988,310
847.106,321
847.224,322
847.342,324
847.46,319
847.578,303
847.696,324
847.814,316
847.932,321
848.05,320
848.168,328
848.285,312
848.403,326
848.521,309
848.639,314
848.757,327
848.875,306
848.993,325
849.111,325
849.229,324
849.347,307
849.465,314
849.582,320
849.7,317
849.818,329
849.936,310
850.054,330
850.172,309
850.29,320
850.408,320
850.525,321
850.643,321
850.761,323
850.879,327
850.997,323
851.115,319
851.233,322
851.35,321
851.468,302
851.586,314
851.704,320
851.822,324
851.94,322
852.057,306
852.175,320
852.293,322
852.411,315
852.529,321
852.647,329
852.764,324
852.882,309
853.0,325
853.118,320
853.236,301
853.353,323
853.471,323
853.589,298
853.707,315
853.824,307
853.942,325
854.06,318
854.178,322
854.296,306
854.413,312
854.531,310
854.649,314
854.767,323
854.884,315
855.002,317
855.12,319
855.238,327
855.355,321
855.473,316
855.591,315
855.708,299
855.826,328
855.944,322
856.062,318
856.179,318
856.297,321
856.415,318
856.532,308
856.65,333
856.768,314
856.886,322
857.003,318
857.121,309
857.239,320
857.356,328
857.474,323
857.592,326
857.709,319
857.827,317
857.945,325
858.062,331
858.18,317
858.298,322
858.415,317
858.533,332
858.651,326
858.768,321
858.886,319
859.003,304
859.121,312
859.239,321
859.356,334
859.474,314
859.592,328
859.709,304
859.827,311
859.944,313
860.062,314
860.18,311
860.297,319
860.415,311
860.532,319
860.65,318
860.768,304
860.885,303
861.003,325
861.12,318
861.238,307
861.356,316
861.473,311
861.591,319
861.708,309
861.826,321
861.943,319
862.061,320
862.178,308
862.296,314
862.414,315
862.531,318
862.649,311
862.766,314
862.884,320
863.001,324
863.119,307
863.236,318
863.354,310
863.471,315
863.589,318
863.706,317
863.824,322
863.941,306
864.059,311
864.176,322
864.294,313
864.411,305
864.529,297
864.646,316
864.764,332
864.881,320
864.999,316
865.116,316
865.233,326
865.351,318
865.468,306
865.586,316
865.703,324
865.821,319
865.938,323
866.056,328
866.173,320
866.29,334
866.408,327
866.525,316
866.643,316
866.76,327
866.878,310
866.995,318
867.112,319
867.23,317
867.347,330
867.465,325
867.582,336
867.699,317
867.817,328
867.934,311
868.051,318
868.169,312
868.286,320
868.404,315
868.521,317
868.638,318
868.756,328
868.873,314
868.99,304
869.108,317
869.225,334
869.342,309
869.46,321
869.577,316
869.694,309
869.812,322
869.929,322
870.046,313
870.164,312
870.281,316
870.398,322
870.516,313
870.633,314
870.75,314
870.867,313
870.985,315
871.102,308
871.219,325
871.337,318
871.454,313
871.571,324
871.688,308
871.806,310
871.923,312
872.04,305
872.157,320
872.275,305
872.392,317
872.509,311
872.626,316
872.744,327
872.861,326
872.978,312
873.095,312
873.213,323
873.33,323
873.447,317
873.564,307
873.681,312
873.799,331
873.916,316
874.033,321
874.15,321
874.267,315
874.385,324
874.502,336
874.619,326
874.736,315
874.853,308
874.97,321
875.088,326
875.205,322
875.322,318
875.439,319
875.556,316
875.673,328
875.791,316
875.908,306
876.025,311
876.142,323
876.259,324
876.376,322
876.493,314
876.61,319
876.728,304
876.845,319
876.962,322
877.079,324
877.196,307
877.313,310
877.43,310
877.547,322
877.664,324
877.781,322
877.898,323
878.016,305
878.133,326
878.25,316
878.367,317
878.484,310
878.601,316
878.718,309
878.835,315
878.952,312
879.069,321
879.186,316
879.303,320
879.42,325
879.537,330
879.654,302
879.771,323
879.888,320
880.005,320
880.122,305
880.239,324
880.356,326
880.473,316
880.59,320
880.707,325
880.824,317
880.941,324
881.058,328
881.175,316
881.292,317
881.409,317
881.526,336
881.643,326
881.76,323
881.877,315
881.994,310
882.111,313
882.228,314
882.345,329
882.462,324
882.579,310
882.696,320
882.812,326
882.929,308
883.046,319
883.163,332
883.28,325
883.397,319
883.514,324
883.631,320
883.748,315
883.865,324
883.982,311
884.098,320
884.215,305
884.332,309
884.449,322
884.566,316
884.683,313
884.8,323
884.916,319
885.033,324
885.15,320
885.267,320
885.384,323
885.501,326
885.617,315
885.734,323
885.851,315
885.968,322
886.085,326
886.202,327
886.318,317
886.435,310
886.552,311
886.669,314
886.786,314
886.902,321
887.019,317
887.136,323
887.253,317
887.369,318
887.486,318
887.603,318
887.72,324
887.837,326
887.953,326
888.07,328
888.187,320
888.304,318
888.42,320
888.537,327
888.654,317
888.77,318
888.887,308
889.004,308
889.121,321
889.237,327
889.354,306
889.471,320
889.587,327
889.704,306
889.821,317
889.938,312
890.054,311
890.171,313
890.288,318
890.404,308
890.521,316
890.638,306
890.754,319
890.871,319
890.988,323
891.104,314
891.221,318
891.337,313
891.454,314
891.571,317
891.687,328
891.804,317
891.921,309
892.037,319
892.154,318
892.27,313
892.387,314
892.504,319
892.62,312
892.737,321
892.854,330
892.97,324
893.087,317
893.203,322
893.32,324
893.436,318
893.553,320
893.67,318
893.786,326
893.903,319
894.019,304
894.136,312
894.252,313
894.369,337
894.485,317
894.602,317
894.718,317
894.835,320
894.951,313
895.068,313
895.184,316
895.301,320
895.417,311
895.534,319
895.65,317
895.767,315
895.883,309
896.0,318
896.116,316
896.233,324
896.349,315
896.466,315
896.582,316
896.699,314
896.815,316
896.932,321
897.048,331
897.165,315
897.281,324
897.397,321
897.514,323
897.63,318
897.747,316
897.863,316
897.979,308
898.096,312
898.212,304
898.329,317
898.445,320
898.561,322
898.678,314
898.794,309
898.911,318
899.027,315
899.143,312
899.26,312
899.376,321
899.492,309
899.609,321
899.725,320
899.842,321
899.958,313
900.074,311
900.191,306
900.307,315
900.423,309
900.539,322
900.656,324
900.772,310
900.888,312
901.005,312
901.121,314
901.237,323
901.354,323
901.47,318
901.586,316
901.703,314
901.819,324
901.935,317
902.051,315
902.168,318
902.284,307
902.4,340
902.516,317
902.633,323
902.749,316
902.865,309
902.981,305
903.098,328
903.214,325
903.33,320
903.446,322
903.562,307
903.679,317
903.795,323
903.911,322
904.027,308
904.143,318
904.26,325
904.376,325
904.492,308
904.608,320
904.724,323
904.841,321
904.957,321
905.073,324
905.189,326
905.305,327
905.421,307
905.538,311
905.654,318
905.77,310
905.886,317
906.002,325
906.118,336
906.234,315
906.35,315
906.466,323
906.583,325
906.699,308
906.815,322
906.931,310
907.047,329
907.163,323
907.279,317
907.395,307
907.511,304
907.627,311
907.743,316
907.859,328
907.976,313
908.092,323
908.208,310
908.324,313
908.44,309
908.556,317
908.672,302
908.788,325
908.904,310
909.02,318
909.136,321
909.252,312
909.368,320
909.484,326
909.6,330
909.716,306
909.832,326
909.948,320
910.064,309
910.18,324
910.296,303
910.412,317
910.528,321
910.644,322
910.76,325
910.875,313
910.991,307
911.107,324
911.223,319
911.339,322
911.455,316
911.571,310
911.687,307
911.803,323
911.919,317
912.035,318
912.151,320
912.267,313
912.382,320
912.498,324
912.614,324
912.73,305
912.846,324
