792.446,353
792.565,376
792.684,411
792.803,401
792.922,369
793.041,339
793.16,340
793.279,352
793.398,351
793.518,328
793.637,341
793.756,356
793.875,369
793.994,347
794.113,352
794.232,314
794.351,349
794.47,331
794.589,346
794.708,349
794.827,347
794.946,328
795.066,357
795.185,339
795.304,339
795.423,353
795.542,346
795.661,326
795.78,335
795.899,333
796.018,341
796.137,319
796.256,348
796.375,333
796.494,346
796.613,337
796.732,336
796.851,337
796.97,331
797.089,347
797.208,335
797.327,324
797.446,342
797.565,325
797.684,331
797.803,320
797.922,325
798.041,332
798.16,338
798.279,329
798.398,334
798.517,337
798.636,325
798.755,330
798.874,330
798.993,326
799.112,320
799.231,315
799.35,325
799.469,338
799.588,333
799.707,325
799.826,347
799.945,335
800.064,341
800.183,324
800.302,325
800.421,326
800.54,315
800.659,326
800.778,328
800.897,337
801.016,334
801.135,327
801.254,327
801.373,351
801.492,328
801.611,317
801.729,335
801.848,325
801.967,335
802.086,327
802.205,335
802.324,329
802.443,327
802.562,332
802.681,339
802.8,320
802.919,326
803.038,322
803.157,330
803.276,312
803.394,330
803.513,312
803.632,331
803.751,312
803.87,336
803.989,309
804.108,331
804.227,321
804.346,335
804.465,320
804.583,321
804.702,324
804.821,327
804.94,302
805.059,327
805.178,331
805.297,331
805.416,322
805.535,338
805.653,306
805.772,334
805.891,321
806.01,322
806.129,317
806.248,332
806.367,320
806.485,328
806.604,340
806.723,316
806.842,336
806.961,316
807.08,309
807.198,333
807.317,319
807.436,328
807.555,323
807.674,320
807.793,318
807.912,326
808.03,321
808.149,328
808.268,327
808.387,328
808.506,330
808.624,338
808.743,330
808.862,329
808.981,329
809.1,329
809.219,334
809.337,328
809.456,323
809.575,330
809.694,321
809.812,315
809.931,332
810.05,309
810.169,318
810.288,328
810.406,330
810.525,329
810.644,331
810.763,330
810.882,308
811.0,339
811.119,325
811.238,322
811.357,311
811.475,332
811.594,325
811.713,318
811.832,327
811.95,316
812.069,307
812.188,322
812.307,318
812.425,332
812.544,333
812.663,318
812.782,318
812.9,323
813.019,315
813.138,328
813.257,318
813.375,325
813.494,314
813.613,329
813.731,318
813.85,311
813.969,331
814.088,320
814.206,318
814.325,313
814.444,321
814.562,329
814.681,326
814.8,326
814.918,333
815.037,319
815.156,322
815.274,326
815.393,316
815.512,319
815.631,312
815.749,332
815.868,323
815.987,332
816.105,314
816.224,314
816.343,326
816.461,328
816.58,318
816.698,328
816.817,324
816.936,321
817.055,313
817.173,334
817.292,319
817.41,322
817.529,325
817.648,322
817.766,310
817.885,308
818.004,325
818.122,313
818.241,314
818.359,320
818.478,324
818.597,316
818.715,323
818.834,330
818.953,309
819.071,318
819.19,313
819.308,319
819.427,328
819.546,320
819.664,314
819.783,319
819.901,305
820.02,321
820.138,321
820.257,317
820.376,319
820.494,326
820.613,315
820.731,316
820.85,329
820.969,313
821.087,327
821.206,318
821.324,313
821.443,301
821.561,321
821.68,325
821.798,314
821.917,325
822.035,336
822.154,319
822.273,315
822.391,319
822.51,311
822.628,307
822.747,319
822.865,312
822.984,321
823.102,303
823.221,302
823.339,323
823.458,311
823.576,323
823.695,315
823.813,331
823.932,295
824.05,328
824.169,315
824.287,316
824.406,324
824.524,317
824.643,307
824.761,316
824.88,319
824.998,321
825.117,307
825.235,310
825.354,305
825.472,333
825.591,317
825.709,314
825.828,316
825.946,321
826.064,311
826.183,319
826.301,314
826.42,315
826.538,326
826.657,317
826.775,309
826.894,318
827.012,317
827.13,326
827.249,312
827.367,314
827.486,313
827.604,315
827.723,324
827.841,318
827.959,303
828.078,315
828.196,321
828.315,312
828.433,313
828.552,327
828.67,299
828.788,326
828.907,321
829.025,324
829.143,323
829.262,331
829.38,318
829.499,318
829.617,326
829.735,320
829.854,309
829.972,299
830.091,320
830.209,314
830.327,318
830.446,312
830.564,322
830.682,325
830.801,314
830.919,327
831.037,313
831.156,324
831.274,310
831.392,316
831.511,302
831.629,327
831.747,324
831.866,310
831.984,313
832.102,332
832.221,311
832.339,328
832.457,313
832.576,317
832.694,315
832.812,324
832.93,314
833.049,307
833.167,310
833.285,315
833.404,310
833.522,323
833.64,313
833.759,324
833.877,307
833.995,308
834.113,316
834.232,305
834.35,307
834.468,316
834.586,314
834.705,323
834.823,323
834.941,321
835.059,310
835.178,315
835.296,321
835.414,311
835.532,318
835.651,333
835.769,315
835.887,321
836.005,339
836.124,318
836.242,325
836.36,303
836.478,321
836.596,315
836.715,320
836.833,321
836.951,304
837.069,323
837.188,319
837.306,309
837.424,303
837.542,326
837.66,320
837.779,310
837.897,316
838.015,323
838.133,320
838.251,319
838.369,316
838.487,324
838.606,317
838.724,309
838.842,322
838.96,319
839.078,316
839.196,331
839.315,310
839.433,334
839.551,310
839.669,312
839.787,314
839.905,331
840.023,321
840.142,313
840.26,313
840.378,330
840.496,320
840.614,340
840.732,311
840.85,314
840.968,299
841.087,306
841.205,318
841.323,316
841.441,329
841.559,316
841.677,324
841.795,312
841.913,325
842.031,332
842.149,313
842.267,307
842.385,308
842.504,316
842.622,310
842.74,316
842.858,319
842.976,330
843.094,312
843.212,321
843.33,321
843.448,319
843.566,308
843.684,321
843.802,316
843.92,312
844.038,306
844.156,319
844.274,313
844.392,316
844.51,318
844.628,323
844.746,310
844.864,316
844.982,320
845.1,323
845.218,312
845.336,337
845.454,322
845.572,314
845.69,324
845.808,311
845.926,307
846.044,320
846.162,311
846.28,328
846.398,305
846.516,318
846.634,310
846.752,317
846.87,301
846.988,315
847.106,315
847.224,313
847.342,310
847.46,333
847.578,302
847.696,317
847.814,310
847.932,321
848.05,311
848.168,318
848.285,323
848.403,313
848.521,311
848.639,321
848.757,327
848.875,322
848.993,329
849.111,324
849.229,325
849.347,324
849.465,315
849.582,332
849.7,321
849.818,302
849.936,316
850.054,320
850.172,328
850.29,323
850.408,329
850.525,326
850.643,319
850.761,316
850.879,317
850.997,331
851.115,314
851.233,311
851.35,330
851.468,319
851.586,320
851.704,317
851.822,328
851.94,316
852.057,317
852.175,326
852.293,330
852.411,332
852.529,307
852.647,323
852.764,320
852.882,329
853.0,321
853.118,330
853.236,309
853.353,307
853.471,326
853.589,313
853.707,320
853.824,324
853.942,315
854.06,321
854.178,309
854.296,321
854.413,300
854.531,321
854.649,302
854.767,331
854.884,305
855.002,320
855.12,313
855.238,318
855.355,318
855.473,331
855.591,316
855.708,329
855.826,313
855.944,329
856.062,319
856.179,321
856.297,315
856.415,317
856.532,327
856.65,334
856.768,328
856.886,319
857.003,317
857.121,336
857.239,316
857.356,329
857.474,313
857.592,315
857.709,323
857.827,334
857.945,313
858.062,309
858.18,330
858.298,343
858.415,312
858.533,314
858.651,308
858.768,313
858.886,315
859.003,333
859.121,322
859.239,322
859.356,313
859.474,324
859.592,330
859.709,312
859.827,325
859.944,324
860.062,330
860.18,319
860.297,305
860.415,327
860.532,323
860.65,323
860.768,319
860.885,320
861.003,313
861.12,307
861.238,322
861.356,319
861.473,289
861.591,319
861.708,318
861.826,334
861.943,325
862.061,323
862.178,313
862.296,328
862.414,322
862.531,316
862.649,328
862.766,321
862.884,325
863.001,321
863.119,315
863.236,317
863.354,330
863.471,328
863.589,310
863.706,329
863.824,316
863.941,325
864.059,314
864.176,319
864.294,309
864.411,327
864.529,308
864.646,310
864.764,321
864.881,320
864.999,306
865.116,315
865.233,319
865.351,317
865.468,321
865.586,319
865.703,332
865.821,317
865.938,320
866.056,315
866.173,336
866.29,321
866.408,308
866.525,319
866.643,323
866.76,311
866.878,303
866.995,311
867.112,334
867.23,318
867.347,324
867.465,320
867.582,309
867.699,312
867.817,319
867.934,324
868.051,313
868.169,321
868.286,300
868.404,340
868.521,336
868.638,332
868.756,313
868.873,323
868.99,326
869.108,329
869.225,309
869.342,314
869.46,315
869.577,323
869.694,303
869.812,317
869.929,319
870.046,310
870.164,311
870.281,323
870.398,329
870.516,327
870.633,327
870.75,315
870.867,315
870.985,324
871.102,313
871.219,327
871.337,321
871.454,327
871.571,320
871.688,321
871.806,323
871.923,318
872.04,319
872.157,315
872.275,313
872.392,325
872.509,322
872.626,315
872.744,324
872.861,324
872.978,323
873.095,316
873.213,319
873.33,325
873.447,327
873.564,322
873.681,315
873.799,328
873.916,319
874.033,321
874.15,325
874.267,327
874.385,323
874.502,326
874.619,320
874.736,323
874.853,324
874.97,329
875.088,317
875.205,330
875.322,319
875.439,329
875.556,328
875.673,316
875.791,311
875.908,316
876.025,322
876.142,298
876.259,308
876.376,314
876.493,327
876.61,322
876.728,314
876.845,314
876.962,319
877.079,332
877.196,323
877.313,327
877.43,332
877.547,305
877.664,312
877.781,323
877.898,311
878.016,322
878.133,326
878.25,319
878.367,313
878.484,328
878.601,316
878.718,321
878.835,309
878.952,321
879.069,315
879.186,323
879.303,323
879.42,319
879.537,312
879.654,323
879.771,317
879.888,325
880.005,313
880.122,318
880.239,315
880.356,327
880.473,307
880.59,322
880.707,303
880.824,322
880.941,315
881.058,320
881.175,299
881.292,319
881.409,322
881.526,324
881.643,313
881.76,326
881.877,305
881.994,332
882.111,307
882.228,319
882.345,311
882.462,318
882.579,307
882.696,324
882.812,306
882.929,322
883.046,320
883.163,321
883.28,323
883.397,328
883.514,312
883.631,305
883.748,300
883.865,328
883.982,320
884.098,320
884.215,330
884.332,320
884.449,302
884.566,300
884.683,328
884.8,329
884.916,311
885.033,319
885.15,309
885.267,339
885.384,334
885.501,330
885.617,341
885.734,322
885.851,330
885.968,333
886.085,322
886.202,329
886.318,330
886.435,332
886.552,308
886.669,326
886.786,337
886.902,316
887.019,323
887.136,328
887.253,326
887.369,319
887.486,321
887.603,327
887.72,313
887.837,324
887.953,323
888.07,314
888.187,310
888.304,323
888.42,316
888.537,327
888.654,313
888.77,319
888.887,315
889.004,313
889.121,317
889.237,318
889.354,310
889.471,316
889.587,309
889.704,320
889.821,328
889.938,320
890.054,304
890.171,315
890.288,303
890.404,321
890.521,325
890.638,309
890.754,307
890.871,314
890.988,320
891.104,324
891.221,312
891.337,321
891.454,312
891.571,316
891.687,332
891.804,329
891.921,306
892.037,318
892.154,327
892.27,333
892.387,318
892.504,321
892.62,305
892.737,325
892.854,308
892.97,312
893.087,317
893.203,315
893.32,324
893.436,319
893.553,314
893.67,316
893.786,314
893.903,313
894.019,300
894.136,335
894.252,310
894.369,318
894.485,321
894.602,328
894.718,309
894.835,328
894.951,307
895.068,299
895.184,317
895.301,323
895.417,310
895.534,320
895.65,310
895.767,321
895.883,316
896.0,312
896.116,313
896.233,321
896.349,321
896.466,325
896.582,319
896.699,311
896.815,305
896.932,320
897.048,310
897.165,312
897.281,308
897.397,319
897.514,314
897.63,322
897.747,306
897.863,315
897.979,306
898.096,334
898.212,321
898.329,329
898.445,307
898.561,310
898.678,326
898.794,326
898.911,309
899.027,325
899.143,309
899.26,313
899.376,306
899.492,314
899.609,302
899.725,309
899.842,306
899.958,322
900.074,295
900.191,316
900.307,313
900.423,323
900.539,313
900.656,324
900.772,321
900.888,328
901.005,320
901.121,329
901.237,305
901.354,325
901.47,324
901.586,316
901.703,308
901.819,332
901.935,313
902.051,317
902.168,315
902.284,317
902.4,301
902.516,328
902.633,310
902.749,328
902.865,327
902.981,324
903.098,331
903.214,309
903.33,314
903.446,309
903.562,319
903.679,322
903.795,319
903.911,324
904.027,325
904.143,325
904.26,319
904.376,320
904.492,326
904.608,326
904.724,303
904.841,332
904.957,310
905.073,313
905.189,325
905.305,318
905.421,318
905.538,318
905.654,325
905.77,329
905.886,302
906.002,321
906.118,304
906.234,304
906.35,313
906.466,316
906.583,307
906.699,319
906.815,326
906.931,310
907.047,321
907.163,310
907.279,325
907.395,325
907.511,324
907.627,310
907.743,323
907.859,321
907.976,317
908.092,312
908.208,305
908.324,320
908.44,313
908.556,334
908.672,307
908.788,311
908.904,321
909.02,308
909.136,311
909.252,327
909.368,299
909.484,305
909.6,316
909.716,325
909.832,314
909.948,309
910.064,309
910.18,311
910.296,314
910.412,317
910.528,302
910.644,312
910.76,313
910.875,318
910.991,308
911.107,322
911.223,290
911.339,310
911.455,305
911.571,324
911.687,318
911.803,324
911.919,317
912.035,330
912.151,314
912.267,316
912.382,315
912.498,323
912.614,300
912.73,313
912.846,304
792.446,343
792.565,376
792.684,417
792.803,403
792.922,365
793.041,322
793.16,339
793.279,355
793.398,351
793.518,328
793.637,348
793.756,354
793.875,368
793.994,369
794.113,353
794.232,341
794.351,347
794.47,348
794.589,338
794.708,358
794.827,322
794.946,349
795.066,357
795.185,343
795.304,355
795.423,331
795.542,337
795.661,331
795.78,330
795.899,333
796.018,339
796.137,329
796.256,337
796.375,355
796.494,337
796.613,352
796.732,330
796.851,342
796.97,326
797.089,337
797.208,316
797.327,344
797.446,333
797.565,326
797.684,334
797.803,338
797.922,342
798.041,334
798.16,340
798.279,334
798.398,332
798.517,338
798.636,324
798.755,324
798.874,326
798.993,334
799.112,333
799.231,339
799.35,319
799.469,326
799.588,327
799.707,333
799.826,331
799.945,334
800.064,320
800.183,351
800.302,330
800.421,322
800.54,340
800.659,330
800.778,332
800.897,334
801.016,326
801.135,316
801.254,332
801.373,331
801.492,331
801.611,331
801.729,320
801.848,339
801.967,323
802.086,309
802.205,340
802.324,336
802.443,324
802.562,314
802.681,337
802.8,326
802.919,336
803.038,327
803.157,338
803.276,324
803.394,322
803.513,325
803.632,330
803.751,336
803.87,323
803.989,312
804.108,343
804.227,315
804.346,334
804.465,341
804.583,331
804.702,327
804.821,318
804.94,325
805.059,328
805.178,331
805.297,326
805.416,334
805.535,313
805.653,328
805.772,318
805.891,335
806.01,334
806.129,331
806.248,324
806.367,332
806.485,325
806.604,335
806.723,330
806.842,335
806.961,326
807.08,326
807.198,316
807.317,319
807.436,331
807.555,316
807.674,325
807.793,319
807.912,320
808.03,325
808.149,326
808.268,321
808.387,315
808.506,342
808.624,328
808.743,326
808.862,323
808.981,327
809.1,330
809.219,326
809.337,325
809.456,325
809.575,325
809.694,319
809.812,326
809.931,322
810.05,323
810.169,314
810.288,322
810.406,326
810.525,315
810.644,317
810.763,328
810.882,329
811.0,325
811.119,328
811.238,318
811.357,327
811.475,334
811.594,320
811.713,317
811.832,322
811.95,325
812.069,336
812.188,333
812.307,333
812.425,329
812.544,336
812.663,329
812.782,326
812.9,332
813.019,319
813.138,336
813.257,340
813.375,317
813.494,326
813.613,329
813.731,328
813.85,315
813.969,322
814.088,323
814.206,326
814.325,309
814.444,322
814.562,306
814.681,328
814.8,311
814.918,320
815.037,318
815.156,317
815.274,329
815.393,328
815.512,335
815.631,324
815.749,322
815.868,321
815.987,332
816.105,318
816.224,327
816.343,316
816.461,326
816.58,339
816.698,327
816.817,332
816.936,335
817.055,323
817.173,325
817.292,325
817.41,338
817.529,338
817.648,319
817.766,315
817.885,321
818.004,325
818.122,326
818.241,317
818.359,310
818.478,321
818.597,329
818.715,327
818.834,315
818.953,323
819.071,318
819.19,318
819.308,323
819.427,327
819.546,303
819.664,331
819.783,300
819.901,327
820.02,313
820.138,325
820.257,327
820.376,321
820.494,321
820.613,319
820.731,327
820.85,328
820.969,317
821.087,320
821.206,330
821.324,319
821.443,322
821.561,322
821.68,327
821.798,326
821.917,320
822.035,327
822.154,313
822.273,320
822.391,319
822.51,316
822.628,301
822.747,339
822.865,318
822.984,306
823.102,322
823.221,323
823.339,315
823.458,326
823.576,311
823.695,319
823.813,314
823.932,322
824.05,325
824.169,336
824.287,313
824.406,311
824.524,331
824.643,323
824.761,321
824.88,322
824.998,326
825.117,322
825.235,317
825.354,319
825.472,320
825.591,320
825.709,316
825.828,329
825.946,313
826.064,333
826.183,314
826.301,324
826.42,325
826.538,326
826.657,331
826.775,319
826.894,320
827.012,323
827.13,310
827.249,331
827.367,314
827.486,323
827.604,326
827.723,315
827.841,314
827.959,318
828.078,322
828.196,322
828.315,326
828.433,308
828.552,323
828.67,311
828.788,315
828.907,325
829.025,323
829.143,321
829.262,324
829.38,319
829.499,328
829.617,315
829.735,323
829.854,326
829.972,328
830.091,302
830.209,305
830.327,328
830.446,314
830.564,330
830.682,310
830.801,319
830.919,315
831.037,317
831.156,327
831.274,329
831.392,317
831.511,321
831.629,321
831.747,308
831.866,304
831.984,319
832.102,309
832.221,320
832.339,314
832.457,322
832.576,319
832.694,321
832.812,320
832.93,326
833.049,306
833.167,327
833.285,332
833.404,311
833.522,323
833.64,322
833.759,303
833.877,316
833.995,322
834.113,321
834.232,313
834.35,331
834.468,303
834.586,312
834.705,311
834.823,323
834.941,317
835.059,326
835.178,307
835.296,324
835.414,330
835.532,314
835.651,317
835.769,311
835.887,316
836.005,316
836.124,314
836.242,309
836.36,317
836.478,320
836.596,305
836.715,322
836.833,318
836.951,312
837.069,317
837.188,316
837.306,313
837.424,335
837.542,313
837.66,322
837.779,326
837.897,318
838.015,327
838.133,314
838.251,319
838.369,322
838.487,316
838.606,327
838.724,300
838.842,329
838.96,322
839.078,312
839.196,337
839.315,320
839.433,329
839.551,328
839.669,301
839.787,313
839.905,329
840.023,314
840.142,326
840.26,326
840.378,325
840.496,306
840.614,328
840.732,325
840.85,305
840.968,314
841.087,302
841.205,323
841.323,315
841.441,322
841.559,337
841.677,339
841.795,325
841.913,341
842.031,316
842.149,323
842.267,310
842.385,328
842.504,315
842.622,328
842.74,326
842.858,302
842.976,315
843.094,326
843.212,320
843.33,318
843.448,323
843.566,324
843.684,323
843.802,322
843.92,305
844.038,324
844.156,311
844.274,326
844.392,309
844.51,314
844.628,315
844.746,316
844.864,314
844.982,308
845.1,310
845.218,314
845.336,325
845.454,322
845.572,329
845.69,328
845.808,330
845.926,326
846.044,324
846.162,320
846.28,319
846.398,316
846.516,323
846.634,314
846.752,315
846.87,321
846.988,309
847.106,324
847.224,320
847.342,330
847.46,305
847.578,309
847.696,315
847.814,323
847.932,314
848.05,326
848.168,311
848.285,329
848.403,308
848.521,322
848.639,315
848.757,326
848.875,320
848.993,333
849.111,308
849.229,316
849.347,314
849.465,324
849.582,327
849.7,328
849.818,325
849.936,313
850.054,321
850.172,319
850.29,314
850.408,324
850.525,325
850.643,318
850.761,311
850.879,321
850.997,318
851.115,312
851.233,305
851.35,325
851.468,315
851.586,335
851.704,324
851.822,334
851.94,321
852.057,334
852.175,314
852.293,323
852.411,327
852.529,316
852.647,324
852.764,333
852.882,332
853.0,329
853.118,324
853.236,322
853.353,312
853.471,323
853.589,324
853.707,315
853.824,319
853.942,314
854.06,321
854.178,323
854.296,326
854.413,316
854.531,329
854.649,317
854.767,323
854.884,312
855.002,314
855.12,328
855.238,311
855.355,337
855.473,325
855.591,331
855.708,330
855.826,315
855.944,339
856.062,327
856.179,313
856.297,312
856.415,306
856.532,316
856.65,314
856.768,329
856.886,330
857.003,307
857.121,322
857.239,309
857.356,336
857.474,322
857.592,330
857.709,317
857.827,321
857.945,326
858.062,314
858.18,309
858.298,326
858.415,312
858.533,323
858.651,329
858.768,326
858.886,330
859.003,322
859.121,322
859.239,319
859.356,310
859.474,309
859.592,324
859.709,329
859.827,325
859.944,323
860.062,322
860.18,304
860.297,325
860.415,317
860.532,324
860.65,318
860.768,309
860.885,315
861.003,312
861.12,313
861.238,326
861.356,313
861.473,332
861.591,325
861.708,316
861.826,328
861.943,319
862.061,324
862.178,326
862.296,311
862.414,336
862.531,316
862.649,303
862.766,313
862.884,322
863.001,328
863.119,324
863.236,317
863.354,325
863.471,327
863.589,332
863.706,314
863.824,320
863.941,320
864.059,315
864.176,317
864.294,315
864.411,319
864.529,314
864.646,319
864.764,315
864.881,320
864.999,322
865.116,306
865.233,318
865.351,323
865.468,319
865.586,320
865.703,311
865.821,315
865.938,315
866.056,325
866.173,320
866.29,314
866.408,318
866.525,314
866.643,325
866.76,314
866.878,326
866.995,314
867.112,333
867.23,321
867.347,314
867.465,316
867.582,325
867.699,326
867.817,323
867.934,303
868.051,322
868.169,326
868.286,310
868.404,327
868.521,315
868.638,323
868.756,326
868.873,311
868.99,320
869.108,325
869.225,314
869.342,314
869.46,322
869.577,318
869.694,323
869.812,323
869.929,321
870.046,315
870.164,323
870.281,311
870.398,311
870.516,322
870.633,329
870.75,330
870.867,321
870.985,316
871.102,326
871.219,313
871.337,324
871.454,310
871.571,316
871.688,319
871.806,326
871.923,307
872.04,317
872.157,322
872.275,329
872.392,319
872.509,304
872.626,317
872.744,317
872.861,316
872.978,314
873.095,319
873.213,318
873.33,320
873.447,316
873.564,329
873.681,318
873.799,322
873.916,312
874.033,323
874.15,311
874.267,325
874.385,320
874.502,329
874.619,308
874.736,319
874.853,320
874.97,319
875.088,325
875.205,309
875.322,317
875.439,309
875.556,302
875.673,323
875.791,324
875.908,329
876.025,313
876.142,314
876.259,327
876.376,309
876.493,339
876.61,335
876.728,303
876.845,325
876.962,321
877.079,318
877.196,325
877.313,319
877.43,326
877.547,324
877.664,336
877.781,307
877.898,325
878.016,317
878.133,332
878.25,325
878.367,337
878.484,325
878.601,323
878.718,317
878.835,324
878.952,318
879.069,326
879.186,317
879.303,323
879.42,312
879.537,325
879.654,319
879.771,333
879.888,306
880.005,319
880.122,324
880.239,300
880.356,317
880.473,325
880.59,313
880.707,320
880.824,319
880.941,336
881.058,310
881.175,308
881.292,306
881.409,328
881.526,317
881.643,308
881.76,321
881.877,328
881.994,311
882.111,319
882.228,308
882.345,323
882.462,320
882.579,314
882.696,306
882.812,321
882.929,313
883.046,330
883.163,296
883.28,324
883.397,311
883.514,316
883.631,317
883.748,324
883.865,320
883.982,304
884.098,315
884.215,309
884.332,315
884.449,322
884.566,311
884.683,326
884.8,327
884.916,322
885.033,327
885.15,329
885.267,328
885.384,330
885.501,318
885.617,337
885.734,329
885.851,329
885.968,338
886.085,318
886.202,317
886.318,330
886.435,327
886.552,329
886.669,325
886.786,315
886.902,317
887.019,329
887.136,310
887.253,329
887.369,325
887.486,329
887.603,329
887.72,326
887.837,311
887.953,327
888.07,323
888.187,326
888.304,320
888.42,317
888.537,316
888.654,322
888.77,327
888.887,319
889.004,328
889.121,321
889.237,311
889.354,319
889.471,317
889.587,326
889.704,320
889.821,319
889.938,324
890.054,317
890.171,314
890.288,301
890.404,315
890.521,316
890.638,320
890.754,322
890.871,319
890.988,331
891.104,313
891.221,318
891.337,318
891.454,324
891.571,327
891.687,321
891.804,326
891.921,320
892.037,310
892.154,313
892.27,312
892.387,312
892.504,316
892.62,320
892.737,303
892.854,315
892.97,310
893.087,325
893.203,324
893.32,325
893.436,316
893.553,321
893.67,316
893.786,333
893.903,312
894.019,324
894.136,328
894.252,322
894.369,308
894.485,320
894.602,319
894.718,319
894.835,318
894.951,324
895.068,322
895.184,325
895.301,312
895.417,321
895.534,321
895.65,320
895.767,321
895.883,311
896.0,319
896.116,320
896.233,311
896.349,317
896.466,316
896.582,314
896.699,327
896.815,311
896.932,328
897.048,317
897.165,316
897.281,320
897.397,305
897.514,309
897.63,332
897.747,301
897.863,312
897.979,321
898.096,321
898.212,311
898.329,307
898.445,320
898.561,307
898.678,315
898.794,309
898.911,318
899.027,316
899.143,309
899.26,320
899.376,317
899.492,301
899.609,313
899.725,322
899.842,325
899.958,321
900.074,312
900.191,322
900.307,322
900.423,318
900.539,316
900.656,312
900.772,312
900.888,315
901.005,318
901.121,311
901.237,301
901.354,312
901.47,325
901.586,325
901.703,310
901.819,321
901.935,321
902.051,315
902.168,323
902.284,306
902.4,313
902.516,329
902.633,319
902.749,335
902.865,332
902.981,320
903.098,324
903.214,336
903.33,330
903.446,320
903.562,317
903.679,331
903.795,321
903.911,335
904.027,321
904.143,307
904.26,325
904.376,324
904.492,321
904.608,322
904.724,317
904.841,311
904.957,314
905.073,315
905.189,314
905.305,307
905.421,327
905.538,296
905.654,318
905.77,316
905.886,306
906.002,318
906.118,318
906.234,309
906.35,325
906.466,314
906.583,327
906.699,320
906.815,313
906.931,309
907.047,331
907.163,329
907.279,324
907.395,311
907.511,330
907.627,315
907.743,314
907.859,301
907.976,322
908.092,310
908.208,328
908.324,321
908.44,307
908.556,310
908.672,322
908.788,322
908.904,323
909.02,306
909.136,307
909.252,323
909.368,309
909.484,299
909.6,312
909.716,337
909.832,317
909.948,306
910.064,310
910.18,315
910.296,321
910.412,318
910.528,323
910.644,320
910.76,303
910.875,311
910.991,309
911.107,301
911.223,323
911.339,311
911.455,316
911.571,325
911.687,320
911.803,326
911.919,326
912.035,318
912.151,299
912.267,312
912.382,312
912.498,314
912.614,317
912.73,305
912.846,319
792.446,339
792.565,376
792.684,429
792.803,406
792.922,370
793.041,328
793.16,342
793.279,356
793.398,349
793.518,331
793.637,344
793.756,351
793.875,364
793.994,361
794.113,344
794.232,338
794.351,349
794.47,342
794.589,340
794.708,339
794.827,339
794.946,344
795.066,330
795.185,358
795.304,352
795.423,338
795.542,350
795.661,343
795.78,351
795.899,323
796.018,346
796.137,355
796.256,342
796.375,340
796.494,329
796.613,342
796.732,323
796.851,338
796.97,337
797.089,328
797.208,335
797.327,346
797.446,337
797.565,318
797.684,327
797.803,338
797.922,327
798.041,335
798.16,342
798.279,333
798.398,329
798.517,329
798.636,323
798.755,322
798.874,330
798.993,325
799.112,321
799.231,326
799.35,330
799.469,331
799.588,341
799.707,318
799.826,324
799.945,325
800.064,328
800.183,331
800.302,338
800.421,330
800.54,337
800.659,332
800.778,325
800.897,315
801.016,327
801.135,320
801.254,323
801.373,341
801.492,332
801.611,323
801.729,330
801.848,331
801.967,319
802.086,340
802.205,328
802.324,321
802.443,321
802.562,329
802.681,333
802.8,332
802.919,331
803.038,341
803.157,308
803.276,325
803.394,328
803.513,325
803.632,329
803.751,319
803.87,339
803.989,316
804.108,329
804.227,323
804.346,324
804.465,318
804.583,320
804.702,317
804.821,335
804.94,311
805.059,336
805.178,322
805.297,333
805.416,325
805.535,326
805.653,320
805.772,332
805.891,316
806.01,325
806.129,334
806.248,317
806.367,304
806.485,319
806.604,316
806.723,333
806.842,316
806.961,326
807.08,318
807.198,322
807.317,329
807.436,325
807.555,325
807.674,314
807.793,301
807.912,325
808.03,322
808.149,334
808.268,316
808.387,326
808.506,329
808.624,330
808.743,331
808.862,320
808.981,324
809.1,317
809.219,339
809.337,323
809.456,314
809.575,331
809.694,319
809.812,319
809.931,325
810.05,317
810.169,331
810.288,327
810.406,311
810.525,318
810.644,318
810.763,325
810.882,325
811.0,343
811.119,317
811.238,317
811.357,328
811.475,319
811.594,335
811.713,325
811.832,325
811.95,337
812.069,318
812.188,313
812.307,327
812.425,322
812.544,326
812.663,335
812.782,328
812.9,322
813.019,322
813.138,335
813.257,330
813.375,331
813.494,309
813.613,331
813.731,334
813.85,328
813.969,320
814.088,322
814.206,325
814.325,320
814.444,308
814.562,325
814.681,331
814.8,316
814.918,322
815.037,317
815.156,335
815.274,326
815.393,317
815.512,320
815.631,334
815.749,330
815.868,324
815.987,332
816.105,321
816.224,324
816.343,310
816.461,317
816.58,324
816.698,341
816.817,327
816.936,332
817.055,317
817.173,331
817.292,318
817.41,321
817.529,308
817.648,331
817.766,316
817.885,336
818.004,308
818.122,318
818.241,303
818.359,327
818.478,312
818.597,326
818.715,320
818.834,329
818.953,310
819.071,333
819.19,322
819.308,326
819.427,327
819.546,327
819.664,313
819.783,310
819.901,328
820.02,334
820.138,307
820.257,320
820.376,331
820.494,320
820.613,320
820.731,316
820.85,322
820.969,330
821.087,322
821.206,331
821.324,329
821.443,313
821.561,321
821.68,334
821.798,317
821.917,316
822.035,327
822.154,314
822.273,322
822.391,333
822.51,319
822.628,332
822.747,319
822.865,311
822.984,318
823.102,326
823.221,318
823.339,319
823.458,320
823.576,319
823.695,319
823.813,330
823.932,307
824.05,315
824.169,320
824.287,320
824.406,327
824.524,313
824.643,315
824.761,310
824.88,325
824.998,314
825.117,327
825.235,333
825.354,312
825.472,321
825.591,314
825.709,322
825.828,311
825.946,320
826.064,313
826.183,320
826.301,318
826.42,308
826.538,308
826.657,316
826.775,311
826.894,315
827.012,314
827.13,313
827.249,316
827.367,325
827.486,306
827.604,321
827.723,315
827.841,320
827.959,317
828.078,313
828.196,302
828.315,331
828.433,300
828.552,315
828.67,294
828.788,323
828.907,330
829.025,319
829.143,320
829.262,315
829.38,316
829.499,318
829.617,298
829.735,305
829.854,314
829.972,321
830.091,319
830.209,319
830.327,317
830.446,307
830.564,319
830.682,307
830.801,325
830.919,321
831.037,321
831.156,329
831.274,335
831.392,320
831.511,323
831.629,317
831.747,329
831.866,324
831.984,315
832.102,325
832.221,315
832.339,322
832.457,313
832.576,318
832.694,309
832.812,315
832.93,304
833.049,321
833.167,328
833.285,322
833.404,323
833.522,321
833.64,308
833.759,297
833.877,299
833.995,335
834.113,311
834.232,312
834.35,312
834.468,314
834.586,315
834.705,318
834.823,319
834.941,322
835.059,327
835.178,318
835.296,318
835.414,308
835.532,307
835.651,329
835.769,314
835.887,323
836.005,313
836.124,328
836.242,309
836.36,308
836.478,305
836.596,313
836.715,320
836.833,343
836.951,320
837.069,328
837.188,310
837.306,322
837.424,304
837.542,323
837.66,316
837.779,324
837.897,317
838.015,325
838.133,304
838.251,315
838.369,313
838.487,312
838.606,302
838.724,322
838.842,323
838.96,322
839.078,320
839.196,327
839.315,324
839.433,329
839.551,319
839.669,327
839.787,327
839.905,324
840.023,320
840.142,320
840.26,328
840.378,330
840.496,337
840.614,318
840.732,310
840.85,325
840.968,323
841.087,322
841.205,309
841.323,327
841.441,327
841.559,321
841.677,312
841.795,299
841.913,325
842.031,306
842.149,325
842.267,318
842.385,307
842.504,313
842.622,318
842.74,319
842.858,326
842.976,333
843.094,305
843.212,318
843.33,288
843.448,320
843.566,313
843.684,320
843.802,323
843.92,317
844.038,310
844.156,334
844.274,305
844.392,342
844.51,331
844.628,324
844.746,312
844.864,316
844.982,319
845.1,333
845.218,320
845.336,325
845.454,311
845.572,322
845.69,308
845.808,313
845.926,321
846.044,322
846.162,314
846.28,313
846.398,317
846.516,316
846.634,320
846.752,326
846.87,324
846.988,331
847.106,307
847.224,308
847.342,330
847.46,322
847.578,310
847.696,339
847.814,306
847.932,330
848.05,315
848.168,308
848.285,310
848.403,322
848.521,309
848.639,311
848.757,312
848.875,319
848.993,303
849.111,336
849.229,314
849.347,329
849.465,324
849.582,322
849.7,315
849.818,315
849.936,319
850.054,320
850.172,323
850.29,330
850.408,302
850.525,325
850.643,321
850.761,325
850.879,325
850.997,319
851.115,321
851.233,328
851.35,313
851.468,313
851.586,315
851.704,332
851.822,316
851.94,317
852.057,327
852.175,340
852.293,332
852.411,331
852.529,327
852.647,335
852.764,317
852.882,327
853.0,311
853.118,333
853.236,308
853.353,332
853.471,320
853.589,327
853.707,324
853.824,313
853.942,317
854.06,314
854.178,337
854.296,324
854.413,313
854.531,327
854.649,300
854.767,326
854.884,318
855.002,328
855.12,320
855.238,332
855.355,326
855.473,325
855.591,324
855.708,327
855.826,311
855.944,323
856.062,299
856.179,324
856.297,315
856.415,317
856.532,321
856.65,323
856.768,316
856.886,327
857.003,327
857.121,315
857.239,317
857.356,313
857.474,343
857.592,330
857.709,325
857.827,316
857.945,313
858.062,330
858.18,316
858.298,327
858.415,302
858.533,323
858.651,325
858.768,315
858.886,329
859.003,323
859.121,327
859.239,323
859.356,327
859.474,304
859.592,318
859.709,317
859.827,304
859.944,318
860.062,324
860.18,314
860.297,313
860.415,325
860.532,308
860.65,322
860.768,325
860.885,325
861.003,309
861.12,319
861.238,307
861.356,315
861.473,335
861.591,319
861.708,324
861.826,329
861.943,315
862.061,324
862.178,317
862.296,320
862.414,319
862.531,329
862.649,304
862.766,310
862.884,313
863.001,312
863.119,322
863.236,323
863.354,319
863.471,323
863.589,316
863.706,327
863.824,308
863.941,325
864.059,326
864.176,326
864.294,314
864.411,317
864.529,324
864.646,327
864.764,324
864.881,315
864.999,327
865.116,312
865.233,303
865.351,325
865.468,311
865.586,314
865.703,315
865.821,315
865.938,324
866.056,308
866.173,323
866.29,323
866.408,321
866.525,325
866.643,319
866.76,322
866.878,317
866.995,332
867.112,317
867.23,314
867.347,313
867.465,314
867.582,321
867.699,326
867.817,300
867.934,316
868.051,323
868.169,318
868.286,316
868.404,314
868.521,310
868.638,325
868.756,310
868.873,320
868.99,330
869.108,325
869.225,315
869.342,318
869.46,313
869.577,330
869.694,316
869.812,323
869.929,305
870.046,323
870.164,324
870.281,308
870.398,320
870.516,311
870.633,311
870.75,334
870.867,327
870.985,319
871.102,316
871.219,312
871.337,327
871.454,330
871.571,328
871.688,326
871.806,321
871.923,308
872.04,326
872.157,333
872.275,312
872.392,319
872.509,327
872.626,323
872.744,327
872.861,319
872.978,318
873.095,319
873.213,318
873.33,314
873.447,315
873.564,322
873.681,322
873.799,324
873.916,315
874.033,321
874.15,332
874.267,344
874.385,327
874.502,332
874.619,305
874.736,317
874.853,319
874.97,331
875.088,312
875.205,314
875.322,311
875.439,314
875.556,315
875.673,320
875.791,324
875.908,315
876.025,322
876.142,321
876.259,320
876.376,314
876.493,319
876.61,329
876.728,316
876.845,319
876.962,315
877.079,315
877.196,317
877.313,319
877.43,305
877.547,326
877.664,311
877.781,300
877.898,322
878.016,311
878.133,316
878.25,321
878.367,316
878.484,336
878.601,317
878.718,322
878.835,315
878.952,316
879.069,315
879.186,339
879.303,321
879.42,318
879.537,321
879.654,316
879.771,308
879.888,309
880.005,324
880.122,329
880.239,316
880.356,324
880.473,317
880.59,324
880.707,320
880.824,315
880.941,311
881.058,314
881.175,323
881.292,314
881.409,315
881.526,321
881.643,317
881.76,319
881.877,310
881.994,321
882.111,329
882.228,303
882.345,322
882.462,316
882.579,319
882.696,308
882.812,303
882.929,331
883.046,302
883.163,321
883.28,315
883.397,317
883.514,313
883.631,317
883.748,317
883.865,326
883.982,304
884.098,315
884.215,300
884.332,315
884.449,324
884.566,336
884.683,317
884.8,322
884.916,328
885.033,336
885.15,325
885.267,325
885.384,330
885.501,328
885.617,313
885.734,331
885.851,322
885.968,328
886.085,329
886.202,328
886.318,318
886.435,337
886.552,321
886.669,327
886.786,326
886.902,310
887.019,317
887.136,325
887.253,323
887.369,318
887.486,318
887.603,321
887.72,323
887.837,329
887.953,326
888.07,317
888.187,314
888.304,317
888.42,326
888.537,311
888.654,321
888.77,318
888.887,310
889.004,312
889.121,310
889.237,312
889.354,338
889.471,313
889.587,297
889.704,321
889.821,310
889.938,306
890.054,307
890.171,336
890.288,328
890.404,311
890.521,322
890.638,312
890.754,306
890.871,337
890.988,327
891.104,317
891.221,329
891.337,319
891.454,310
891.571,317
891.687,328
891.804,306
891.921,322
892.037,339
892.154,320
892.27,308
892.387,318
892.504,335
892.62,308
892.737,311
892.854,330
892.97,328
893.087,312
893.203,323
893.32,312
893.436,314
893.553,313
893.67,331
893.786,317
893.903,325
894.019,306
894.136,317
894.252,320
894.369,324
894.485,312
894.602,329
894.718,308
894.835,321
894.951,310
895.068,321
895.184,324
895.301,321
895.417,309
895.534,318
895.65,309
895.767,322
895.883,309
896.0,313
896.116,317
896.233,319
896.349,320
896.466,322
896.582,311
896.699,319
896.815,315
896.932,315
897.048,308
897.165,325
897.281,323
897.397,327
897.514,321
897.63,319
897.747,317
897.863,327
897.979,312
898.096,323
898.212,309
898.329,325
898.445,320
898.561,310
898.678,317
898.794,309
898.911,313
899.027,299
899.143,321
899.26,326
899.376,329
899.492,319
899.609,304
899.725,321
899.842,313
899.958,318
900.074,321
900.191,317
900.307,317
900.423,307
900.539,305
900.656,316
900.772,299
900.888,314
901.005,316
901.121,308
901.237,315
901.354,316
901.47,314
901.586,303
901.703,303
901.819,308
901.935,316
902.051,313
902.168,316
902.284,315
902.4,320
902.516,325
902.633,318
902.749,330
902.865,321
902.981,315
903.098,323
903.214,328
903.33,318
903.446,313
903.562,326
903.679,325
903.795,306
903.911,316
904.027,315
904.143,315
904.26,311
904.376,321
904.492,318
904.608,318
904.724,318
904.841,313
904.957,318
905.073,315
905.189,310
905.305,319
905.421,313
905.538,314
905.654,319
905.77,331
905.886,309
906.002,307
906.118,315
906.234,306
906.35,316
906.466,321
906.583,314
906.699,327
906.815,302
906.931,328
907.047,323
907.163,320
907.279,316
907.395,317
907.511,304
907.627,330
907.743,308
907.859,310
907.976,308
908.092,324
908.208,316
908.324,316
908.44,312
908.556,309
908.672,305
908.788,321
908.904,317
909.02,320
909.136,317
909.252,318
909.368,314
909.484,315
909.6,322
909.716,320
909.832,312
909.948,309
910.064,317
910.18,322
910.296,309
910.412,313
910.528,312
910.644,329
910.76,307
910.875,308
910.991,312
911.107,341
911.223,320
911.339,314
911.455,322
911.571,311
911.687,307
911.803,308
911.919,323
912.035,308
912.151,305
912.267,315
912.382,301
912.498,308
912.614,306
912.73,302
912.846,307
