792.446,4052
792.565,4013
792.684,3962
792.803,3829
792.922,3690
793.041,3495
793.16,3457
793.279,3478
793.398,3361
793.518,3305
793.637,3240
793.756,3188
793.875,3127
793.994,3062
794.113,3012
794.232,2956
794.351,2876
794.47,2866
794.589,2834
794.708,2735
794.827,2700
794.946,2655
795.066,2676
795.185,2601
795.304,2535
795.423,2587
795.542,2526
795.661,2491
795.78,2470
795.899,2428
796.018,2368
796.137,2352
796.256,2333
796.375,2312
796.494,2302
796.613,2258
796.732,2260
796.851,2242
796.97,2187
797.089,2217
797.208,2171
797.327,2110
797.446,2152
797.565,2105
797.684,2126
797.803,2146
797.922,2095
798.041,2092
798.16,2046
798.279,1977
798.398,2023
798.517,2012
798.636,2005
798.755,1974
798.874,2023
798.993,2010
799.112,1999
799.231,1980
799.35,1960
799.469,1978
799.588,2001
799.707,1999
799.826,1982
799.945,1956
800.064,1914
800.183,1912
800.302,1941
800.421,1941
800.54,1890
800.659,1912
800.778,1883
800.897,1839
801.016,1885
801.135,1883
801.254,1831
801.373,1876
801.492,1835
801.611,1843
801.729,1839
801.848,1827
801.967,1882
802.086,1853
802.205,1850
802.324,1789
802.443,1795
802.562,1788
802.681,1807
802.8,1864
802.919,1767
803.038,1812
803.157,1801
803.276,1809
803.394,1780
803.513,1783
803.632,1734
803.751,1795
803.87,1755
803.989,1756
804.108,1791
804.227,1789
804.346,1794
804.465,1727
804.583,1814
804.702,1765
804.821,1751
804.94,1760
805.059,1772
805.178,1793
805.297,1711
805.416,1769
805.535,1747
805.653,1716
805.772,1773
805.891,1746
806.01,1701
806.129,1721
806.248,1741
806.367,1780
806.485,1689
806.604,1711
806.723,1752
806.842,1709
806.961,1711
807.08,1744
807.198,1711
807.317,1672
807.436,1690
807.555,1687
807.674,1707
807.793,1693
807.912,1632
808.03,1672
808.149,1650
808.268,1684
808.387,1655
808.506,1740
808.624,1707
808.743,1660
808.862,1670
808.981,1649
809.1,1662
809.219,1658
809.337,1663
809.456,1648
809.575,1615
809.694,1677
809.812,1645
809.931,1635
810.05,1644
810.169,1660
810.288,1663
810.406,1687
810.525,1667
810.644,1673
810.763,1650
810.882,1649
811.0,1674
811.119,1624
811.238,1677
811.357,1657
811.475,1635
811.594,1630
811.713,1652
811.832,1645
811.95,1659
812.069,1679
812.188,1678
812.307,1619
812.425,1672
812.544,1669
812.663,1652
812.782,1659
812.9,1670
813.019,1653
813.138,1630
813.257,1640
813.375,1635
813.494,1625
813.613,1685
813.731,1608
813.85,1596
813.969,1643
814.088,1637
814.206,1635
814.325,1649
814.444,1587
814.562,1637
814.681,1656
814.8,1613
814.918,1627
815.037,1611
815.156,1621
815.274,1620
815.393,1638
815.512,1597
815.631,1621
815.749,1546
815.868,1592
815.987,1644
816.105,1589
816.224,1626
816.343,1606
816.461,1600
816.58,1602
816.698,1591
816.817,1637
816.936,1658
817.055,1633
817.173,1591
817.292,1627
817.41,1629
817.529,1680
817.648,1591
817.766,1569
817.885,1583
818.004,1565
818.122,1588
818.241,1566
818.359,1572
818.478,1535
818.597,1524
818.715,1550
818.834,1533
818.953,1510
819.071,1540
819.19,1532
819.308,1552
819.427,1511
819.546,1553
819.664,1519
819.783,1526
819.901,1512
820.02,1487
820.138,1464
820.257,1543
820.376,1515
820.494,1534
820.613,1495
820.731,1501
820.85,1480
820.969,1445
821.087,1474
821.206,1487
821.324,1473
821.443,1488
821.561,1440
821.68,1499
821.798,1478
821.917,1450
822.035,1469
822.154,1495
822.273,1479
822.391,1476
822.51,1419
822.628,1450
822.747,1471
822.865,1450
822.984,1426
823.102,1413
823.221,1390
823.339,1434
823.458,1437
823.576,1461
823.695,1441
823.813,1454
823.932,1422
824.05,1445
824.169,1449
824.287,1437
824.406,1457
824.524,1446
824.643,1447
824.761,1425
824.88,1456
824.998,1457
825.117,1434
825.235,1469
825.354,1410
825.472,1412
825.591,1452
825.709,1446
825.828,1497
825.946,1449
826.064,1453
826.183,1443
826.301,1434
826.42,1446
826.538,1410
826.657,1431
826.775,1440
826.894,1350
827.012,1440
827.13,1419
827.249,1455
827.367,1458
827.486,1468
827.604,1440
827.723,1417
827.841,1432
827.959,1411
828.078,1394
828.196,1431
828.315,1372
828.433,1434
828.552,1412
828.67,1421
828.788,1408
828.907,1389
829.025,1344
829.143,1398
829.262,1428
829.38,1396
829.499,1421
829.617,1384
829.735,1379
829.854,1402
829.972,1364
830.091,1373
830.209,1404
830.327,1386
830.446,1394
830.564,1390
830.682,1344
830.801,1438
830.919,1392
831.037,1419
831.156,1427
831.274,1404
831.392,1405
831.511,1409
831.629,1373
831.747,1377
831.866,1423
831.984,1389
832.102,1432
832.221,1407
832.339,1408
832.457,1399
832.576,1431
832.694,1399
832.812,1411
832.93,1374
833.049,1386
833.167,1406
833.285,1417
833.404,1410
833.522,1398
833.64,1428
833.759,1427
833.877,1431
833.995,1413
834.113,1366
834.232,1402
834.35,1390
834.468,1417
834.586,1426
834.705,1450
834.823,1452
834.941,1396
835.059,1425
835.178,1452
835.296,1426
835.414,1470
835.532,1480
835.651,1417
835.769,1374
835.887,1418
836.005,1379
836.124,1432
836.242,1357
836.36,1434
836.478,1359
836.596,1404
836.715,1348
836.833,1390
836.951,1438
837.069,1398
837.188,1378
837.306,1371
837.424,1379
837.542,1433
837.66,1376
837.779,1357
837.897,1443
838.015,1368
838.133,1393
838.251,1425
838.369,1396
838.487,1409
838.606,1364
838.724,1453
838.842,1434
838.96,1396
839.078,1400
839.196,1420
839.315,1458
839.433,1449
839.551,1436
839.669,1417
839.787,1451
839.905,1464
840.023,1411
840.142,1470
840.26,1474
840.378,1431
840.496,1480
840.614,1424
840.732,1486
840.85,1404
840.968,1415
841.087,1470
841.205,1430
841.323,1480
841.441,1425
841.559,1490
841.677,1515
841.795,1443
841.913,1470
842.031,1473
842.149,1480
842.267,1470
842.385,1450
842.504,1400
842.622,1412
842.74,1453
842.858,1451
842.976,1432
843.094,1443
843.212,1398
843.33,1467
843.448,1451
843.566,1481
843.684,1452
843.802,1493
843.92,1449
844.038,1469
844.156,1439
844.274,1457
844.392,1493
844.51,1403
844.628,1447
844.746,1444
844.864,1476
844.982,1499
845.1,1456
845.218,1446
845.336,1448
845.454,1458
845.572,1436
845.69,1433
845.808,1466
845.926,1485
846.044,1441
846.162,1454
846.28,1452
846.398,1422
846.516,1469
846.634,1451
846.752,1450
846.87,1467
846.988,1456
847.106,1474
847.224,1426
847.342,1438
847.46,1443
847.578,1464
847.696,1457
847.814,1492
847.932,1458
848.05,1500
848.168,1451
848.285,1529
848.403,1470
848.521,1474
848.639,1467
848.757,1498
848.875,1490
848.993,1470
849.111,1447
849.229,1477
849.347,1480
849.465,1471
849.582,1465
849.7,1494
849.818,1446
849.936,1440
850.054,1429
850.172,1424
850.29,1447
850.408,1452
850.525,1422
850.643,1474
850.761,1428
850.879,1433
850.997,1444
851.115,1458
851.233,1435
851.35,1417
851.468,1457
851.586,1444
851.704,1411
851.822,1441
851.94,1498
852.057,1466
852.175,1494
852.293,1573
852.411,1597
852.529,1612
852.647,1755
852.764,1661
852.882,1627
853.0,1584
853.118,1539
853.236,1503
853.353,1488
853.471,1500
853.589,1464
853.707,1542
853.824,1428
853.942,1477
854.06,1441
854.178,1460
854.296,1474
854.413,1479
854.531,1444
854.649,1482
854.767,1469
854.884,1483
855.002,1493
855.12,1430
855.238,1473
855.355,1525
855.473,1448
855.591,1419
855.708,1406
855.826,1435
855.944,1447
856.062,1464
856.179,1430
856.297,1473
856.415,1397
856.532,1439
856.65,1447
856.768,1471
856.886,1459
857.003,1422
857.121,1430
857.239,1460
857.356,1447
857.474,1436
857.592,1411
857.709,1451
857.827,1439
857.945,1416
858.062,1460
858.18,1419
858.298,1464
858.415,1434
858.533,1431
858.651,1430
858.768,1441
858.886,1473
859.003,1451
859.121,1427
859.239,1444
859.356,1426
859.474,1421
859.592,1419
859.709,1426
859.827,1417
859.944,1426
860.062,1444
860.18,1426
860.297,1439
860.415,1411
860.532,1424
860.65,1397
860.768,1419
860.885,1381
861.003,1403
861.12,1446
861.238,1447
861.356,1407
861.473,1436
861.591,1396
861.708,1408
861.826,1442
861.943,1427
862.061,1413
862.178,1422
862.296,1403
862.414,1387
862.531,1392
862.649,1394
862.766,1397
862.884,1398
863.001,1395
863.119,1410
863.236,1430
863.354,1388
863.471,1421
863.589,1421
863.706,1478
863.824,1448
863.941,1436
864.059,1431
864.176,1386
864.294,1416
864.411,1428
864.529,1406
864.646,1413
864.764,1410
864.881,1389
864.999,1416
865.116,1430
865.233,1443
865.351,1411
865.468,1427
865.586,1423
865.703,1430
865.821,1422
865.938,1388
866.056,1453
866.173,1392
866.29,1421
866.408,1383
866.525,1433
866.643,1396
866.76,1456
866.878,1408
866.995,1424
867.112,1392
867.23,1437
867.347,1485
867.465,1451
867.582,1461
867.699,1514
867.817,1455
867.934,1439
868.051,1446
868.169,1457
868.286,1461
868.404,1412
868.521,1461
868.638,1462
868.756,1464
868.873,1460
868.99,1468
869.108,1493
869.225,1461
869.342,1477
869.46,1479
869.577,1502
869.694,1506
869.812,1492
869.929,1489
870.046,1544
870.164,1536
870.281,1518
870.398,1530
870.516,1530
870.633,1475
870.75,1481
870.867,1530
870.985,1555
871.102,1457
871.219,1527
871.337,1514
871.454,1545
871.571,1524
871.688,1519
871.806,1514
871.923,1468
872.04,1457
872.157,1520
872.275,1451
872.392,1461
872.509,1499
872.626,1478
872.744,1476
872.861,1493
872.978,1488
873.095,1487
873.213,1482
873.33,1473
873.447,1460
873.564,1436
873.681,1440
873.799,1471
873.916,1446
874.033,1488
874.15,1459
874.267,1442
874.385,1440
874.502,1470
874.619,1440
874.736,1462
874.853,1461
874.97,1485
875.088,1471
875.205,1472
875.322,1474
875.439,1516
875.556,1529
875.673,1492
875.791,1503
875.908,1521
876.025,1483
876.142,1508
876.259,1503
876.376,1549
876.493,1487
876.61,1497
876.728,1481
876.845,1514
876.962,1473
877.079,1467
877.196,1502
877.313,1524
877.43,1503
877.547,1509
877.664,1480
877.781,1504
877.898,1493
878.016,1510
878.133,1487
878.25,1467
878.367,1474
878.484,1487
878.601,1430
878.718,1475
878.835,1447
878.952,1461
879.069,1414
879.186,1417
879.303,1434
879.42,1456
879.537,1420
879.654,1420
879.771,1415
879.888,1373
880.005,1443
880.122,1434
880.239,1391
880.356,1365
880.473,1428
880.59,1382
880.707,1363
880.824,1370
880.941,1370
881.058,1392
881.175,1439
881.292,1390
881.409,1401
881.526,1395
881.643,1378
881.76,1455
881.877,1419
881.994,1421
882.111,1387
882.228,1436
882.345,1434
882.462,1401
882.579,1445
882.696,1422
882.812,1395
882.929,1427
883.046,1436
883.163,1421
883.28,1412
883.397,1420
883.514,1397
883.631,1428
883.748,1408
883.865,1422
883.982,1413
884.098,1396
884.215,1426
884.332,1433
884.449,1431
884.566,1449
884.683,1417
884.8,1432
884.916,1498
885.033,1447
885.15,1469
885.267,1511
885.384,1510
885.501,1519
885.617,1529
885.734,1552
885.851,1549
885.968,1592
886.085,1611
886.202,1582
886.318,1576
886.435,1600
886.552,1579
886.669,1601
886.786,1537
886.902,1538
887.019,1518
887.136,1529
887.253,1518
887.369,1500
887.486,1502
887.603,1499
887.72,1493
887.837,1492
887.953,1458
888.07,1427
888.187,1439
888.304,1405
888.42,1450
888.537,1403
888.654,1411
888.77,1383
888.887,1390
889.004,1388
889.121,1413
889.237,1330
889.354,1404
889.471,1354
889.587,1352
889.704,1356
889.821,1359
889.938,1340
890.054,1365
890.171,1356
890.288,1341
890.404,1370
890.521,1357
890.638,1367
890.754,1350
890.871,1345
890.988,1375
891.104,1367
891.221,1406
891.337,1357
891.454,1322
891.571,1369
891.687,1369
891.804,1398
891.921,1375
892.037,1382
892.154,1382
892.27,1358
892.387,1376
892.504,1392
892.62,1401
892.737,1351
892.854,1363
892.97,1378
893.087,1361
893.203,1372
893.32,1329
893.436,1375
893.553,1360
893.67,1407
893.786,1344
893.903,1339
894.019,1407
894.136,1374
894.252,1375
894.369,1445
894.485,1401
894.602,1378
894.718,1454
894.835,1373
894.951,1380
895.068,1362
895.184,1390
895.301,1368
895.417,1398
895.534,1378
895.65,1366
895.767,1400
895.883,1383
896.0,1347
896.116,1365
896.233,1424
896.349,1357
896.466,1436
896.582,1317
896.699,1388
896.815,1390
896.932,1389
897.048,1331
897.165,1423
897.281,1365
897.397,1415
897.514,1378
897.63,1399
897.747,1404
897.863,1416
897.979,1415
898.096,1428
898.212,1381
898.329,1433
898.445,1427
898.561,1423
898.678,1441
898.794,1421
898.911,1420
899.027,1438
899.143,1451
899.26,1404
899.376,1435
899.492,1424
899.609,1400
899.725,1354
899.842,1397
899.958,1392
900.074,1412
900.191,1427
900.307,1390
900.423,1491
900.539,1411
900.656,1386
900.772,1438
900.888,1423
901.005,1390
901.121,1445
901.237,1390
901.354,1429
901.47,1429
901.586,1456
901.703,1435
901.819,1481
901.935,1437
902.051,1434
902.168,1487
902.284,1504
902.4,1465
902.516,1483
902.633,1515
902.749,1503
902.865,1493
902.981,1511
903.098,1503
903.214,1543
903.33,1526
903.446,1586
903.562,1537
903.679,1510
903.795,1531
903.911,1537
904.027,1494
904.143,1537
904.26,1530
904.376,1500
904.492,1520
904.608,1471
904.724,1463
904.841,1503
904.957,1411
905.073,1448
905.189,1382
905.305,1432
905.421,1391
905.538,1441
905.654,1406
905.77,1449
905.886,1425
906.002,1403
906.118,1402
906.234,1412
906.35,1383
906.466,1424
906.583,1396
906.699,1383
906.815,1397
906.931,1413
907.047,1394
907.163,1383
907.279,1392
907.395,1390
907.511,1377
907.627,1361
907.743,1353
907.859,1380
907.976,1394
908.092,1380
908.208,1377
908.324,1363
908.44,1365
908.556,1376
908.672,1402
908.788,1361
908.904,1382
909.02,1356
909.136,1342
909.252,1358
909.368,1402
909.484,1333
909.6,1375
909.716,1388
909.832,1352
909.948,1387
910.064,1360
910.18,1392
910.296,1364
910.412,1439
910.528,1433
910.644,1376
910.76,1341
910.875,1357
910.991,1362
911.107,1334
911.223,1376
911.339,1359
911.455,1357
911.571,1375
911.687,1392
911.803,1425
911.919,1406
912.035,1342
912.151,1351
912.267,1369
912.382,1394
912.498,1315
912.614,1368
912.73,1355
912.846,1377
792.446,4158
792.565,3977
792.684,3958
792.803,3884
792.922,3684
793.041,3631
793.16,3531
793.279,3463
793.398,3394
793.518,3281
793.637,3179
793.756,3144
793.875,3173
793.994,3097
794.113,3034
794.232,2963
794.351,2912
794.47,2851
794.589,2851
794.708,2775
794.827,2779
794.946,2656
795.066,2661
795.185,2674
795.304,2568
795.423,2622
795.542,2497
795.661,2524
795.78,2472
795.899,2457
796.018,2421
796.137,2390
796.256,2408
796.375,2368
796.494,2338
796.613,2316
796.732,2265
796.851,2278
796.97,2332
797.089,2243
797.208,2247
797.327,2226
797.446,2223
797.565,2173
797.684,2139
797.803,2139
797.922,2130
798.041,2089
798.16,2069
798.279,2078
798.398,2054
798.517,2039
798.636,2034
798.755,2091
798.874,2024
798.993,2026
799.112,2006
799.231,1992
799.35,1994
799.469,2041
799.588,2010
799.707,1996
799.826,1983
799.945,1959
800.064,1981
800.183,1953
800.302,1934
800.421,2010
800.54,1954
800.659,1983
800.778,1943
800.897,1917
801.016,1912
801.135,1889
801.254,1885
801.373,1871
801.492,1917
801.611,1854
801.729,1874
801.848,1846
801.967,1834
802.086,1925
802.205,1875
802.324,1819
802.443,1832
802.562,1837
802.681,1888
802.8,1866
802.919,1864
803.038,1836
803.157,1815
803.276,1815
803.394,1842
803.513,1785
803.632,1801
803.751,1763
803.87,1769
803.989,1780
804.108,1784
804.227,1752
804.346,1833
804.465,1814
804.583,1818
804.702,1775
804.821,1748
804.94,1737
805.059,1763
805.178,1787
805.297,1741
805.416,1733
805.535,1799
805.653,1762
805.772,1782
805.891,1775
806.01,1768
806.129,1746
806.248,1717
806.367,1756
806.485,1757
806.604,1754
806.723,1715
806.842,1772
806.961,1757
807.08,1709
807.198,1709
807.317,1714
807.436,1743
807.555,1738
807.674,1730
807.793,1737
807.912,1709
808.03,1676
808.149,1713
808.268,1700
808.387,1672
808.506,1731
808.624,1710
808.743,1693
808.862,1732
808.981,1724
809.1,1674
809.219,1689
809.337,1718
809.456,1642
809.575,1656
809.694,1664
809.812,1707
809.931,1660
810.05,1727
810.169,1640
810.288,1628
810.406,1703
810.525,1755
810.644,1633
810.763,1667
810.882,1705
811.0,1663
811.119,1689
811.238,1694
811.357,1679
811.475,1676
811.594,1730
811.713,1697
811.832,1692
811.95,1723
812.069,1714
812.188,1699
812.307,1644
812.425,1710
812.544,1691
812.663,1691
812.782,1667
812.9,1696
813.019,1673
813.138,1684
813.257,1680
813.375,1673
813.494,1639
813.613,1653
813.731,1653
813.85,1622
813.969,1675
814.088,1692
814.206,1637
814.325,1684
814.444,1659
814.562,1659
814.681,1642
814.8,1669
814.918,1631
815.037,1660
815.156,1640
815.274,1656
815.393,1703
815.512,1632
815.631,1637
815.749,1669
815.868,1610
815.987,1632
816.105,1668
816.224,1686
816.343,1651
816.461,1640
816.58,1619
816.698,1604
816.817,1645
816.936,1663
817.055,1585
817.173,1640
817.292,1634
817.41,1631
817.529,1639
817.648,1636
817.766,1648
817.885,1586
818.004,1631
818.122,1611
818.241,1620
818.359,1584
818.478,1576
818.597,1621
818.715,1560
818.834,1592
818.953,1545
819.071,1590
819.19,1582
819.308,1524
819.427,1602
819.546,1575
819.664,1549
819.783,1531
819.901,1532
820.02,1497
820.138,1524
820.257,1502
820.376,1547
820.494,1516
820.613,1523
820.731,1518
820.85,1482
820.969,1493
821.087,1499
821.206,1574
821.324,1499
821.443,1514
821.561,1498
821.68,1483
821.798,1437
821.917,1505
822.035,1543
822.154,1523
822.273,1491
822.391,1458
822.51,1506
822.628,1491
822.747,1477
822.865,1446
822.984,1465
823.102,1501
823.221,1450
823.339,1488
823.458,1417
823.576,1501
823.695,1426
823.813,1469
823.932,1462
824.05,1476
824.169,1390
824.287,1496
824.406,1481
824.524,1450
824.643,1439
824.761,1522
824.88,1455
824.998,1492
825.117,1435
825.235,1506
825.354,1447
825.472,1451
825.591,1474
825.709,1463
825.828,1462
825.946,1456
826.064,1481
826.183,1449
826.301,1385
826.42,1483
826.538,1428
826.657,1444
826.775,1463
826.894,1434
827.012,1460
827.13,1447
827.249,1499
827.367,1447
827.486,1461
827.604,1503
827.723,1425
827.841,1418
827.959,1491
828.078,1407
828.196,1421
828.315,1445
828.433,1440
828.552,1434
828.67,1452
828.788,1415
828.907,1410
829.025,1465
829.143,1403
829.262,1427
829.38,1451
829.499,1472
829.617,1413
829.735,1398
829.854,1444
829.972,1455
830.091,1397
830.209,1421
830.327,1368
830.446,1401
830.564,1469
830.682,1410
830.801,1412
830.919,1436
831.037,1436
831.156,1444
831.274,1404
831.392,1443
831.511,1413
831.629,1459
831.747,1395
831.866,1446
831.984,1414
832.102,1424
832.221,1441
832.339,1423
832.457,1449
832.576,1417
832.694,1421
832.812,1401
832.93,1396
833.049,1441
833.167,1449
833.285,1458
833.404,1426
833.522,1459
833.64,1397
833.759,1425
833.877,1411
833.995,1479
834.113,1421
834.232,1457
834.35,1455
834.468,1428
834.586,1425
834.705,1416
834.823,1453
834.941,1455
835.059,1468
835.178,1501
835.296,1484
835.414,1470
835.532,1475
835.651,1451
835.769,1420
835.887,1430
836.005,1421
836.124,1465
836.242,1399
836.36,1419
836.478,1438
836.596,1427
836.715,1440
836.833,1454
836.951,1426
837.069,1401
837.188,1448
837.306,1380
837.424,1386
837.542,1413
837.66,1402
837.779,1466
837.897,1365
838.015,1382
838.133,1439
838.251,1390
838.369,1402
838.487,1382
838.606,1424
838.724,1436
838.842,1387
838.96,1432
839.078,1418
839.196,1408
839.315,1441
839.433,1439
839.551,1428
839.669,1414
839.787,1465
839.905,1461
840.023,1466
840.142,1491
840.26,1469
840.378,1413
840.496,1479
840.614,1505
840.732,1451
840.85,1483
840.968,1471
841.087,1458
841.205,1434
841.323,1449
841.441,1501
841.559,1439
841.677,1499
841.795,1453
841.913,1499
842.031,1445
842.149,1478
842.267,1475
842.385,1480
842.504,1452
842.622,1483
842.74,1457
842.858,1469
842.976,1422
843.094,1503
843.212,1510
843.33,1478
843.448,1455
843.566,1457
843.684,1481
843.802,1499
843.92,1495
844.038,1461
844.156,1455
844.274,1462
844.392,1522
844.51,1483
844.628,1463
844.746,1486
844.864,1515
844.982,1481
845.1,1455
845.218,1461
845.336,1451
845.454,1451
845.572,1454
845.69,1460
845.808,1415
845.926,1445
846.044,1413
846.162,1419
846.28,1463
846.398,1484
846.516,1464
846.634,1411
846.752,1493
846.87,1496
846.988,1444
847.106,1472
847.224,1482
847.342,1491
847.46,1484
847.578,1511
847.696,1487
847.814,1480
847.932,1492
848.05,1472
848.168,1477
848.285,1494
848.403,1547
848.521,1534
848.639,1473
848.757,1505
848.875,1519
848.993,1482
849.111,1497
849.229,1502
849.347,1483
849.465,1508
849.582,1491
849.7,1491
849.818,1424
849.936,1511
850.054,1494
850.172,1446
850.29,1445
850.408,1434
850.525,1491
850.643,1477
850.761,1446
850.879,1472
850.997,1471
851.115,1456
851.233,1460
851.35,1497
851.468,1494
851.586,1469
851.704,1491
851.822,1466
851.94,1418
852.057,1506
852.175,1496
852.293,1557
852.411,1581
852.529,1651
852.647,1670
852.764,1669
852.882,1631
853.0,1593
853.118,1543
853.236,1517
853.353,1515
853.471,1486
853.589,1491
853.707,1445
853.824,1478
853.942,1474
854.06,1473
854.178,1509
854.296,1462
854.413,1487
854.531,1513
854.649,1510
854.767,1461
854.884,1494
855.002,1486
855.12,1477
855.238,1489
855.355,1419
855.473,1463
855.591,1443
855.708,1477
855.826,1476
855.944,1455
856.062,1443
856.179,1440
856.297,1483
856.415,1455
856.532,1477
856.65,1457
856.768,1469
856.886,1475
857.003,1507
857.121,1472
857.239,1458
857.356,1479
857.474,1450
857.592,1459
857.709,1467
857.827,1415
857.945,1438
858.062,1483
858.18,1460
858.298,1448
858.415,1447
858.533,1452
858.651,1451
858.768,1484
858.886,1465
859.003,1474
859.121,1487
859.239,1428
859.356,1450
859.474,1487
859.592,1464
859.709,1449
859.827,1479
859.944,1427
860.062,1482
860.18,1404
860.297,1433
860.415,1437
860.532,1426
860.65,1431
860.768,1411
860.885,1478
861.003,1433
861.12,1419
861.238,1460
861.356,1461
861.473,1483
861.591,1453
861.708,1472
861.826,1478
861.943,1461
862.061,1456
862.178,1419
862.296,1418
862.414,1408
862.531,1408
862.649,1426
862.766,1442
862.884,1404
863.001,1406
863.119,1428
863.236,1405
863.354,1431
863.471,1427
863.589,1449
863.706,1488
863.824,1386
863.941,1450
864.059,1475
864.176,1418
864.294,1445
864.411,1441
864.529,1429
864.646,1414
864.764,1412
864.881,1424
864.999,1467
865.116,1398
865.233,1439
865.351,1414
865.468,1422
865.586,1477
865.703,1397
865.821,1430
865.938,1428
866.056,1403
866.173,1447
866.29,1428
866.408,1437
866.525,1457
866.643,1446
866.76,1433
866.878,1466
866.995,1426
867.112,1464
867.23,1467
867.347,1452
867.465,1488
867.582,1500
867.699,1468
867.817,1464
867.934,1519
868.051,1490
868.169,1449
868.286,1435
868.404,1447
868.521,1475
868.638,1457
868.756,1484
868.873,1467
868.99,1502
869.108,1524
869.225,1509
869.342,1507
869.46,1539
869.577,1481
869.694,1484
869.812,1507
869.929,1542
870.046,1553
870.164,1526
870.281,1557
870.398,1536
870.516,1537
870.633,1545
870.75,1541
870.867,1527
870.985,1500
871.102,1554
871.219,1545
871.337,1525
871.454,1495
871.571,1517
871.688,1514
871.806,1515
871.923,1503
872.04,1531
872.157,1518
872.275,1526
872.392,1526
872.509,1498
872.626,1500
872.744,1497
872.861,1505
872.978,1518
873.095,1532
873.213,1506
873.33,1509
873.447,1501
873.564,1490
873.681,1534
873.799,1466
873.916,1455
874.033,1474
874.15,1482
874.267,1510
874.385,1484
874.502,1499
874.619,1484
874.736,1509
874.853,1518
874.97,1481
875.088,1535
875.205,1492
875.322,1478
875.439,1475
875.556,1525
875.673,1505
875.791,1489
875.908,1519
876.025,1518
876.142,1511
876.259,1521
876.376,1535
876.493,1478
876.61,1544
876.728,1521
876.845,1550
876.962,1487
877.079,1532
877.196,1551
877.313,1532
877.43,1543
877.547,1522
877.664,1547
877.781,1577
877.898,1516
878.016,1518
878.133,1559
878.25,1485
878.367,1467
878.484,1500
878.601,1449
878.718,1494
878.835,1448
878.952,1442
879.069,1479
879.186,1464
879.303,1409
879.42,1486
879.537,1434
879.654,1431
879.771,1378
879.888,1426
880.005,1433
880.122,1449
880.239,1411
880.356,1404
880.473,1393
880.59,1392
880.707,1451
880.824,1414
880.941,1420
881.058,1416
881.175,1403
881.292,1438
881.409,1408
881.526,1395
881.643,1432
881.76,1443
881.877,1423
881.994,1429
882.111,1400
882.228,1444
882.345,1453
882.462,1428
882.579,1427
882.696,1416
882.812,1432
882.929,1483
883.046,1454
883.163,1405
883.28,1446
883.397,1443
883.514,1400
883.631,1452
883.748,1421
883.865,1438
883.982,1449
884.098,1511
884.215,1449
884.332,1426
884.449,1456
884.566,1461
884.683,1448
884.8,1459
884.916,1522
885.033,1553
885.15,1540
885.267,1555
885.384,1554
885.501,1584
885.617,1520
885.734,1562
885.851,1606
885.968,1618
886.085,1560
886.202,1580
886.318,1583
886.435,1609
886.552,1576
886.669,1593
886.786,1580
886.902,1565
887.019,1545
887.136,1537
887.253,1572
887.369,1520
887.486,1508
887.603,1519
887.72,1468
887.837,1486
887.953,1460
888.07,1447
888.187,1448
888.304,1417
888.42,1423
888.537,1382
888.654,1396
888.77,1375
888.887,1403
889.004,1375
889.121,1392
889.237,1407
889.354,1387
889.471,1362
889.587,1367
889.704,1421
889.821,1396
889.938,1368
890.054,1341
890.171,1379
890.288,1392
890.404,1362
890.521,1317
890.638,1393
890.754,1368
890.871,1368
890.988,1452
891.104,1345
891.221,1380
891.337,1389
891.454,1379
891.571,1376
891.687,1390
891.804,1388
891.921,1417
892.037,1391
892.154,1411
892.27,1396
892.387,1375
892.504,1395
892.62,1389
892.737,1409
892.854,1368
892.97,1420
893.087,1401
893.203,1396
893.32,1369
893.436,1371
893.553,1374
893.67,1430
893.786,1382
893.903,1411
894.019,1391
894.136,1449
894.252,1409
894.369,1436
894.485,1430
894.602,1401
894.718,1417
894.835,1401
894.951,1414
895.068,1418
895.184,1383
895.301,1397
895.417,1410
895.534,1380
895.65,1385
895.767,1423
895.883,1402
896.0,1390
896.116,1391
896.233,1439
896.349,1398
896.466,1404
896.582,1355
896.699,1414
896.815,1379
896.932,1448
897.048,1431
897.165,1439
897.281,1454
897.397,1364
897.514,1415
897.63,1415
897.747,1380
897.863,1429
897.979,1418
898.096,1391
898.212,1452
898.329,1434
898.445,1454
898.561,1441
898.678,1410
898.794,1468
898.911,1452
899.027,1457
899.143,1425
899.26,1464
899.376,1408
899.492,1455
899.609,1441
899.725,1495
899.842,1404
899.958,1449
900.074,1413
900.191,1458
900.307,1430
900.423,1404
900.539,1443
900.656,1481
900.772,1453
900.888,1464
901.005,1447
901.121,1449
901.237,1457
901.354,1477
901.47,1444
901.586,1486
901.703,1444
901.819,1511
901.935,1495
902.051,1539
902.168,1503
902.284,1514
902.4,1555
902.516,1525
902.633,1525
902.749,1562
902.865,1551
902.981,1539
903.098,1542
903.214,1548
903.33,1621
903.446,1556
903.562,1545
903.679,1576
903.795,1531
903.911,1548
904.027,1613
904.143,1566
904.26,1550
904.376,1539
904.492,1534
904.608,1515
904.724,1481
904.841,1493
904.957,1492
905.073,1504
905.189,1480
905.305,1426
905.421,1489
905.538,1456
905.654,1392
905.77,1432
905.886,1437
906.002,1428
906.118,1418
906.234,1411
906.35,1424
906.466,1439
906.583,1411
906.699,1444
906.815,1391
906.931,1448
907.047,1378
907.163,1401
907.279,1397
907.395,1435
907.511,1391
907.627,1419
907.743,1378
907.859,1451
907.976,1376
908.092,1388
908.208,1377
908.324,1427
908.44,1361
908.556,1436
908.672,1426
908.788,1409
908.904,1366
909.02,1404
909.136,1366
909.252,1382
909.368,1423
909.484,1384
909.6,1402
909.716,1361
909.832,1421
909.948,1405
910.064,1403
910.18,1433
910.296,1460
910.412,1390
910.528,1428
910.644,1424
910.76,1384
910.875,1401
910.991,1450
911.107,1420
911.223,1403
911.339,1377
911.455,1415
911.571,1415
911.687,1421
911.803,1429
911.919,1441
912.035,1383
912.151,1380
912.267,1380
912.382,1387
912.498,1395
912.614,1418
912.73,1386
912.846,1371
792.446,4189
792.565,4178
792.684,3971
792.803,3989
792.922,3816
793.041,3680
793.16,3603
793.279,3548
793.398,3486
793.518,3351
793.637,3346
793.756,3264
793.875,3196
793.994,3166
794.113,3126
794.232,3022
794.351,2970
794.47,2979
794.589,2846
794.708,2836
794.827,2803
794.946,2708
795.066,2752
795.185,2706
795.304,2676
795.423,2612
795.542,2625
795.661,2592
795.78,2591
795.899,2462
796.018,2460
796.137,2473
796.256,2450
796.375,2418
796.494,2337
796.613,2353
796.732,2300
796.851,2309
796.97,2255
797.089,2256
797.208,2254
797.327,2236
797.446,2157
797.565,2181
797.684,2193
797.803,2175
797.922,2152
798.041,2091
798.16,2111
798.279,2091
798.398,2065
798.517,2114
798.636,2077
798.755,2070
798.874,2077
798.993,2050
799.112,1995
799.231,2018
799.35,2011
799.469,2039
799.588,2008
799.707,2058
799.826,2003
799.945,1975
800.064,1999
800.183,1927
800.302,2049
800.421,1961
800.54,1977
800.659,1955
800.778,1953
800.897,1904
801.016,1904
801.135,1906
801.254,1936
801.373,1914
801.492,1930
801.611,1924
801.729,1962
801.848,1888
801.967,1910
802.086,1877
802.205,1856
802.324,1858
802.443,1879
802.562,1894
802.681,1836
802.8,1842
802.919,1812
803.038,1795
803.157,1912
803.276,1817
803.394,1876
803.513,1815
803.632,1801
803.751,1811
803.87,1795
803.989,1791
804.108,1821
804.227,1771
804.346,1803
804.465,1847
804.583,1778
804.702,1769
804.821,1748
804.94,1853
805.059,1759
805.178,1808
805.297,1763
805.416,1782
805.535,1770
805.653,1786
805.772,1784
805.891,1764
806.01,1796
806.129,1763
806.248,1772
806.367,1776
806.485,1760
806.604,1771
806.723,1766
806.842,1713
806.961,1732
807.08,1728
807.198,1753
807.317,1732
807.436,1730
807.555,1747
807.674,1780
807.793,1767
807.912,1750
808.03,1730
808.149,1734
808.268,1673
808.387,1739
808.506,1720
808.624,1755
808.743,1713
808.862,1652
808.981,1676
809.1,1726
809.219,1724
809.337,1693
809.456,1683
809.575,1647
809.694,1718
809.812,1641
809.931,1679
810.05,1693
810.169,1677
810.288,1681
810.406,1697
810.525,1669
810.644,1691
810.763,1692
810.882,1655
811.0,1695
811.119,1641
811.238,1711
811.357,1662
811.475,1696
811.594,1670
811.713,1748
811.832,1685
811.95,1753
812.069,1745
812.188,1726
812.307,1691
812.425,1727
812.544,1725
812.663,1718
812.782,1677
812.9,1706
813.019,1715
813.138,1707
813.257,1690
813.375,1748
813.494,1701
813.613,1699
813.731,1654
813.85,1667
813.969,1656
814.088,1654
814.206,1678
814.325,1677
814.444,1670
814.562,1718
814.681,1644
814.8,1650
814.918,1649
815.037,1724
815.156,1690
815.274,1636
815.393,1618
815.512,1640
815.631,1644
815.749,1687
815.868,1652
815.987,1613
816.105,1664
816.224,1638
816.343,1648
816.461,1672
816.58,1637
816.698,1671
816.817,1638
816.936,1669
817.055,1667
817.173,1705
817.292,1670
817.41,1662
817.529,1609
817.648,1644
817.766,1645
817.885,1621
818.004,1627
818.122,1623
818.241,1592
818.359,1609
818.478,1616
818.597,1579
818.715,1587
818.834,1564
818.953,1588
819.071,1570
819.19,1527
819.308,1532
819.427,1565
819.546,1521
819.664,1623
819.783,1527
819.901,1551
820.02,1566
820.138,1537
820.257,1572
820.376,1551
820.494,1504
820.613,1526
820.731,1556
820.85,1529
820.969,1511
821.087,1515
821.206,1502
821.324,1510
821.443,1530
821.561,1470
821.68,1507
821.798,1489
821.917,1494
822.035,1499
822.154,1533
822.273,1441
822.391,1440
822.51,1507
822.628,1509
822.747,1468
822.865,1448
822.984,1499
823.102,1465
823.221,1490
823.339,1463
823.458,1463
823.576,1482
823.695,1489
823.813,1441
823.932,1470
824.05,1476
824.169,1438
824.287,1516
824.406,1455
824.524,1462
824.643,1514
824.761,1501
824.88,1445
824.998,1474
825.117,1490
825.235,1457
825.354,1477
825.472,1439
825.591,1463
825.709,1502
825.828,1427
825.946,1497
826.064,1502
826.183,1490
826.301,1434
826.42,1457
826.538,1408
826.657,1437
826.775,1457
826.894,1442
827.012,1467
827.13,1445
827.249,1496
827.367,1496
827.486,1485
827.604,1483
827.723,1429
827.841,1398
827.959,1449
828.078,1435
828.196,1446
828.315,1443
828.433,1437
828.552,1472
828.67,1466
828.788,1426
828.907,1413
829.025,1454
829.143,1480
829.262,1410
829.38,1489
829.499,1405
829.617,1433
829.735,1439
829.854,1412
829.972,1471
830.091,1448
830.209,1416
830.327,1410
830.446,1425
830.564,1439
830.682,1417
830.801,1415
830.919,1413
831.037,1437
831.156,1468
831.274,1422
831.392,1441
831.511,1414
831.629,1462
831.747,1406
831.866,1474
831.984,1432
832.102,1401
832.221,1409
832.339,1405
832.457,1427
832.576,1387
832.694,1439
832.812,1438
832.93,1436
833.049,1442
833.167,1444
833.285,1447
833.404,1438
833.522,1425
833.64,1464
833.759,1442
833.877,1435
833.995,1443
834.113,1458
834.232,1448
834.35,1482
834.468,1450
834.586,1473
834.705,1479
834.823,1464
834.941,1472
835.059,1490
835.178,1509
835.296,1529
835.414,1478
835.532,1461
835.651,1430
835.769,1477
835.887,1449
836.005,1440
836.124,1462
836.242,1407
836.36,1387
836.478,1416
836.596,1441
836.715,1403
836.833,1398
836.951,1424
837.069,1442
837.188,1415
837.306,1418
837.424,1405
837.542,1406
837.66,1399
837.779,1404
837.897,1402
838.015,1386
838.133,1388
838.251,1399
838.369,1455
838.487,1438
838.606,1426
838.724,1390
838.842,1443
838.96,1415
839.078,1456
839.196,1395
839.315,1419
839.433,1467
839.551,1470
839.669,1481
839.787,1438
839.905,1547
840.023,1486
840.142,1459
840.26,1473
840.378,1500
840.496,1527
840.614,1470
840.732,1471
840.85,1457
840.968,1456
841.087,1437
841.205,1485
841.323,1476
841.441,1466
841.559,1519
841.677,1489
841.795,1503
841.913,1507
842.031,1455
842.149,1525
842.267,1500
842.385,1437
842.504,1529
842.622,1441
842.74,1503
842.858,1488
842.976,1480
843.094,1453
843.212,1510
843.33,1463
843.448,1532
843.566,1461
843.684,1516
843.802,1487
843.92,1502
844.038,1483
844.156,1518
844.274,1482
844.392,1486
844.51,1484
844.628,1482
844.746,1487
844.864,1501
844.982,1457
845.1,1455
845.218,1470
845.336,1416
845.454,1499
845.572,1454
845.69,1495
845.808,1471
845.926,1449
846.044,1483
846.162,1458
846.28,1475
846.398,1420
846.516,1441
846.634,1477
846.752,1467
846.87,1486
846.988,1452
847.106,1475
847.224,1508
847.342,1504
847.46,1500
847.578,1508
847.696,1512
847.814,1508
847.932,1533
848.05,1492
848.168,1544
848.285,1494
848.403,1484
848.521,1535
848.639,1507
848.757,1446
848.875,1505
848.993,1503
849.111,1478
849.229,1522
849.347,1505
849.465,1514
849.582,1558
849.7,1512
849.818,1468
849.936,1497
850.054,1445
850.172,1482
850.29,1476
850.408,1464
850.525,1444
850.643,1491
850.761,1467
850.879,1453
850.997,1452
851.115,1413
851.233,1484
851.35,1479
851.468,1471
851.586,1508
851.704,1461
851.822,1524
851.94,1507
852.057,1503
852.175,1532
852.293,1540
852.411,1652
852.529,1685
852.647,1737
852.764,1686
852.882,1646
853.0,1556
853.118,1589
853.236,1527
853.353,1519
853.471,1468
853.589,1499
853.707,1504
853.824,1464
853.942,1530
854.06,1482
854.178,1517
854.296,1512
854.413,1517
854.531,1502
854.649,1486
854.767,1511
854.884,1544
855.002,1513
855.12,1470
855.238,1470
855.355,1483
855.473,1472
855.591,1480
855.708,1513
855.826,1484
855.944,1483
856.062,1493
856.179,1439
856.297,1440
856.415,1484
856.532,1469
856.65,1507
856.768,1450
856.886,1468
857.003,1451
857.121,1449
857.239,1478
857.356,1489
857.474,1463
857.592,1449
857.709,1466
857.827,1468
857.945,1487
858.062,1477
858.18,1466
858.298,1516
858.415,1448
858.533,1522
858.651,1465
858.768,1506
858.886,1493
859.003,1467
859.121,1439
859.239,1473
859.356,1476
859.474,1457
859.592,1488
859.709,1510
859.827,1478
859.944,1454
860.062,1451
860.18,1484
860.297,1475
860.415,1461
860.532,1442
860.65,1470
860.768,1435
860.885,1446
861.003,1470
861.12,1476
861.238,1468
861.356,1503
861.473,1467
861.591,1498
861.708,1521
861.826,1506
861.943,1468
862.061,1453
862.178,1423
862.296,1469
862.414,1447
862.531,1410
862.649,1377
862.766,1420
862.884,1425
863.001,1443
863.119,1451
863.236,1444
863.354,1450
863.471,1456
863.589,1432
863.706,1466
863.824,1464
863.941,1481
864.059,1428
864.176,1467
864.294,1455
864.411,1455
864.529,1444
864.646,1434
864.764,1446
864.881,1457
864.999,1480
865.116,1461
865.233,1463
865.351,1447
865.468,1454
865.586,1441
865.703,1464
865.821,1392
865.938,1427
866.056,1433
866.173,1441
866.29,1453
866.408,1419
866.525,1422
866.643,1476
866.76,1483
866.878,1479
866.995,1463
867.112,1493
867.23,1460
867.347,1501
867.465,1481
867.582,1482
867.699,1486
867.817,1524
867.934,1445
868.051,1507
868.169,1446
868.286,1498
868.404,1481
868.521,1443
868.638,1527
868.756,1501
868.873,1485
868.99,1512
869.108,1540
869.225,1509
869.342,1501
869.46,1546
869.577,1488
869.694,1536
869.812,1529
869.929,1485
870.046,1550
870.164,1595
870.281,1541
870.398,1568
870.516,1556
870.633,1522
870.75,1577
870.867,1514
870.985,1587
871.102,1514
871.219,1538
871.337,1553
871.454,1520
871.571,1531
871.688,1490
871.806,1508
871.923,1516
872.04,1541
872.157,1525
872.275,1526
872.392,1521
872.509,1505
872.626,1515
872.744,1566
872.861,1535
872.978,1526
873.095,1481
873.213,1517
873.33,1468
873.447,1499
873.564,1528
873.681,1516
873.799,1552
873.916,1529
874.033,1495
874.15,1485
874.267,1513
874.385,1487
874.502,1484
874.619,1524
874.736,1506
874.853,1497
874.97,1566
875.088,1530
875.205,1494
875.322,1496
875.439,1495
875.556,1551
875.673,1534
875.791,1545
875.908,1549
876.025,1519
876.142,1579
876.259,1534
876.376,1541
876.493,1515
876.61,1527
876.728,1542
876.845,1511
876.962,1517
877.079,1573
877.196,1599
877.313,1558
877.43,1577
877.547,1537
877.664,1551
877.781,1541
877.898,1499
878.016,1496
878.133,1555
878.25,1519
878.367,1522
878.484,1522
878.601,1470
878.718,1490
878.835,1458
878.952,1503
879.069,1489
879.186,1475
879.303,1434
879.42,1502
879.537,1441
879.654,1469
879.771,1436
879.888,1426
880.005,1451
880.122,1446
880.239,1429
880.356,1403
880.473,1442
880.59,1435
880.707,1412
880.824,1452
880.941,1433
881.058,1426
881.175,1414
881.292,1428
881.409,1429
881.526,1439
881.643,1436
881.76,1405
881.877,1435
881.994,1455
882.111,1411
882.228,1462
882.345,1432
882.462,1454
882.579,1428
882.696,1462
882.812,1425
882.929,1445
883.046,1432
883.163,1447
883.28,1415
883.397,1455
883.514,1393
883.631,1441
883.748,1443
883.865,1432
883.982,1454
884.098,1440
884.215,1477
884.332,1448
884.449,1442
884.566,1447
884.683,1482
884.8,1482
884.916,1511
885.033,1521
885.15,1526
885.267,1542
885.384,1516
885.501,1496
885.617,1581
885.734,1617
885.851,1607
885.968,1664
886.085,1633
886.202,1598
886.318,1639
886.435,1608
886.552,1616
886.669,1639
886.786,1563
886.902,1560
887.019,1614
887.136,1597
887.253,1525
887.369,1511
887.486,1548
887.603,1521
887.72,1498
887.837,1539
887.953,1483
888.07,1483
888.187,1450
888.304,1444
888.42,1451
888.537,1381
888.654,1392
888.77,1409
888.887,1367
889.004,1447
889.121,1384
889.237,1379
889.354,1398
889.471,1380
889.587,1416
889.704,1394
889.821,1384
889.938,1360
890.054,1401
890.171,1380
890.288,1363
890.404,1399
890.521,1352
890.638,1409
890.754,1408
890.871,1399
890.988,1347
891.104,1397
891.221,1375
891.337,1377
891.454,1385
891.571,1401
891.687,1412
891.804,1392
891.921,1451
892.037,1401
892.154,1428
892.27,1365
892.387,1410
892.504,1407
892.62,1441
892.737,1420
892.854,1428
892.97,1380
893.087,1395
893.203,1409
893.32,1411
893.436,1408
893.553,1391
893.67,1413
893.786,1401
893.903,1419
894.019,1436
894.136,1380
894.252,1436
894.369,1450
894.485,1435
894.602,1412
894.718,1447
894.835,1436
894.951,1401
895.068,1444
895.184,1404
895.301,1389
895.417,1445
895.534,1371
895.65,1417
895.767,1444
895.883,1413
896.0,1384
896.116,1474
896.233,1413
896.349,1447
896.466,1384
896.582,1432
896.699,1430
896.815,1413
896.932,1440
897.048,1407
897.165,1474
897.281,1440
897.397,1430
897.514,1420
897.63,1465
897.747,1369
897.863,1405
897.979,1464
898.096,1438
898.212,1425
898.329,1474
898.445,1442
898.561,1498
898.678,1462
898.794,1434
898.911,1436
899.027,1495
899.143,1456
899.26,1462
899.376,1437
899.492,1449
899.609,1465
899.725,1472
899.842,1451
899.958,1453
900.074,1494
900.191,1420
900.307,1418
900.423,1447
900.539,1477
900.656,1444
900.772,1489
900.888,1454
901.005,1466
901.121,1448
901.237,1431
901.354,1477
901.47,1510
901.586,1473
901.703,1487
901.819,1524
901.935,1530
902.051,1494
902.168,1538
902.284,1498
902.4,1551
902.516,1540
902.633,1547
902.749,1546
902.865,1553
902.981,1563
903.098,1598
903.214,1598
903.33,1572
903.446,1542
903.562,1580
903.679,1590
903.795,1553
903.911,1602
904.027,1587
904.143,1593
904.26,1566
904.376,1569
904.492,1496
904.608,1514
904.724,1493
904.841,1510
904.957,1516
905.073,1459
905.189,1503
905.305,1477
905.421,1483
905.538,1429
905.654,1452
905.77,1465
905.886,1413
906.002,1450
906.118,1440
906.234,1460
906.35,1424
906.466,1421
906.583,1412
906.699,1428
906.815,1488
906.931,1425
907.047,1417
907.163,1446
907.279,1413
907.395,1416
907.511,1405
907.627,1390
907.743,1404
907.859,1437
907.976,1438
908.092,1423
908.208,1428
908.324,1410
908.44,1428
908.556,1406
908.672,1429
908.788,1389
908.904,1441
909.02,1433
909.136,1379
909.252,1416
909.368,1393
909.484,1477
909.6,1397
909.716,1452
909.832,1408
909.948,1411
910.064,1409
910.18,1394
910.296,1441
910.412,1428
910.528,1423
910.644,1470
910.76,1412
910.875,1450
910.991,1396
911.107,1444
911.223,1418
911.339,1493
911.455,1445
911.571,1393
911.687,1436
911.803,1417
911.919,1430
912.035,1446
912.151,1422
912.267,1449
912.382,1386
912.498,1413
912.614,1420
912.73,1426
912.846,1431
