792.446,351
792.565,393
792.684,437
792.803,400
792.922,347
793.041,347
793.16,370
793.279,369
793.398,363
793.518,351
793.637,333
793.756,368
793.875,364
793.994,366
794.113,347
794.232,337
794.351,355
794.47,353
794.589,369
794.708,332
794.827,359
794.946,340
795.066,349
795.185,341
795.304,350
795.423,337
795.542,338
795.661,348
795.78,334
795.899,335
796.018,352
796.137,343
796.256,347
796.375,353
796.494,339
796.613,351
796.732,326
796.851,335
796.97,338
797.089,343
797.208,334
797.327,339
797.446,342
797.565,329
797.684,328
797.803,330
797.922,328
798.041,329
798.16,331
798.279,326
798.398,337
798.517,341
798.636,340
798.755,345
798.874,342
798.993,340
799.112,338
799.231,333
799.35,331
799.469,343
799.588,332
799.707,329
799.826,331
799.945,330
800.064,323
800.183,345
800.302,324
800.421,341
800.54,335
800.659,328
800.778,340
800.897,331
801.016,331
801.135,335
801.254,325
801.373,322
801.492,336
801.611,340
801.729,315
801.848,337
801.967,325
802.086,337
802.205,334
802.324,321
802.443,321
802.562,332
802.681,335
802.8,331
802.919,321
803.038,321
803.157,325
803.276,321
803.394,338
803.513,332
803.632,322
803.751,334
803.87,326
803.989,327
804.108,331
804.227,341
804.346,323
804.465,324
804.583,343
804.702,351
804.821,326
804.94,316
805.059,324
805.178,327
805.297,335
805.416,338
805.535,303
805.653,335
805.772,331
805.891,330
806.01,331
806.129,334
806.248,314
806.367,335
806.485,329
806.604,329
806.723,337
806.842,324
806.961,328
807.08,328
807.198,326
807.317,334
807.436,315
807.555,345
807.674,328
807.793,326
807.912,317
808.03,321
808.149,336
808.268,319
808.387,334
808.506,330
808.624,312
808.743,312
808.862,330
808.981,318
809.1,336
809.219,329
809.337,333
809.456,331
809.575,327
809.694,328
809.812,327
809.931,319
810.05,339
810.169,325
810.288,316
810.406,330
810.525,323
810.644,324
810.763,321
810.882,310
811.0,322
811.119,324
811.238,327
811.357,315
811.475,322
811.594,309
811.713,329
811.832,321
811.95,332
812.069,328
812.188,311
812.307,339
812.425,322
812.544,331
812.663,324
812.782,331
812.9,324
813.019,331
813.138,324
813.257,319
813.375,322
813.494,325
813.613,331
813.731,319
813.85,330
813.969,318
814.088,325
814.206,324
814.325,322
814.444,321
814.562,328
814.681,343
814.8,334
814.918,314
815.037,344
815.156,318
815.274,317
815.393,316
815.512,327
815.631,325
815.749,323
815.868,323
815.987,324
816.105,325
816.224,336
816.343,322
816.461,330
816.58,334
816.698,321
816.817,339
816.936,328
817.055,338
817.173,310
817.292,311
817.41,321
817.529,332
817.648,311
817.766,321
817.885,328
818.004,327
818.122,326
818.241,323
818.359,323
818.478,322
818.597,322
818.715,325
818.834,300
818.953,313
819.071,319
819.19,326
819.308,323
819.427,329
819.546,314
819.664,321
819.783,323
819.901,323
820.02,336
820.138,314
820.257,332
820.376,316
820.494,333
820.613,317
820.731,325
820.85,324
820.969,328
821.087,313
821.206,314
821.324,313
821.443,333
821.561,305
821.68,318
821.798,319
821.917,322
822.035,319
822.154,335
822.273,326
822.391,326
822.51,339
822.628,313
822.747,322
822.865,324
822.984,308
823.102,325
823.221,319
823.339,320
823.458,308
823.576,325
823.695,328
823.813,322
823.932,320
824.05,321
824.169,317
824.287,325
824.406,317
824.524,313
824.643,314
824.761,323
824.88,329
824.998,322
825.117,324
825.235,318
825.354,319
825.472,318
825.591,309
825.709,340
825.828,321
825.946,306
826.064,327
826.183,308
826.301,331
826.42,320
826.538,321
826.657,336
826.775,325
826.894,320
827.012,315
827.13,324
827.249,322
827.367,334
827.486,322
827.604,320
827.723,336
827.841,317
827.959,324
828.078,320
828.196,312
828.315,324
828.433,316
828.552,323
828.67,318
828.788,328
828.907,326
829.025,321
829.143,322
829.262,329
829.38,321
829.499,308
829.617,319
829.735,317
829.854,320
829.972,314
830.091,326
830.209,316
830.327,318
830.446,327
830.564,318
830.682,311
830.801,316
830.919,306
831.037,327
831.156,328
831.274,322
831.392,309
831.511,330
831.629,316
831.747,330
831.866,314
831.984,329
832.102,320
832.221,321
832.339,329
832.457,304
832.576,312
832.694,309
832.812,327
832.93,312
833.049,319
833.167,320
833.285,317
833.404,320
833.522,319
833.64,316
833.759,320
833.877,320
833.995,332
834.113,320
834.232,323
834.35,315
834.468,321
834.586,317
834.705,323
834.823,316
834.941,327
835.059,331
835.178,335
835.296,326
835.414,325
835.532,320
835.651,325
835.769,312
835.887,316
836.005,332
836.124,314
836.242,315
836.36,327
836.478,317
836.596,326
836.715,332
836.833,312
836.951,329
837.069,310
837.188,328
837.306,315
837.424,328
837.542,314
837.66,313
837.779,336
837.897,309
838.015,313
838.133,326
838.251,312
838.369,319
838.487,324
838.606,323
838.724,315
838.842,334
838.96,311
839.078,321
839.196,323
839.315,321
839.433,326
839.551,314
839.669,329
839.787,309
839.905,323
840.023,327
840.142,324
840.26,320
840.378,320
840.496,311
840.614,321
840.732,320
840.85,317
840.968,319
841.087,323
841.205,312
841.323,321
841.441,332
841.559,330
841.677,314
841.795,316
841.913,333
842.031,317
842.149,323
842.267,314
842.385,321
842.504,319
842.622,320
842.74,309
842.858,323
842.976,326
843.094,327
843.212,320
843.33,303
843.448,325
843.566,323
843.684,308
843.802,333
843.92,323
844.038,335
844.156,316
844.274,326
844.392,321
844.51,331
844.628,322
844.746,318
844.864,306
844.982,315
845.1,308
845.218,332
845.336,331
845.454,320
845.572,316
845.69,306
845.808,330
845.926,321
846.044,309
846.162,325
846.28,316
846.398,330
846.516,323
846.634,322
846.752,313
846.87,335
846.988,318
847.106,330
847.224,327
847.342,319
847.46,320
847.578,309
847.696,317
847.814,331
847.932,329
848.05,313
848.168,316
848.285,331
848.403,312
848.521,318
848.639,323
848.757,328
848.875,313
848.993,319
849.111,315
849.229,324
849.347,319
849.465,318
849.582,324
849.7,316
849.818,322
849.936,329
850.054,307
850.172,318
850.29,323
850.408,325
850.525,305
850.643,327
850.761,321
850.879,335
850.997,322
851.115,323
851.233,310
851.35,322
851.468,330
851.586,313
851.704,338
851.822,320
851.94,318
852.057,335
852.175,331
852.293,324
852.411,324
852.529,332
852.647,324
852.764,316
852.882,323
853.0,327
853.118,317
853.236,333
853.353,318
853.471,328
853.589,320
853.707,331
853.824,324
853.942,321
854.06,331
854.178,327
854.296,341
854.413,322
854.531,311
854.649,313
854.767,327
854.884,318
855.002,327
855.12,319
855.238,320
855.355,319
855.473,316
855.591,335
855.708,317
855.826,324
855.944,331
856.062,320
856.179,312
856.297,326
856.415,332
856.532,325
856.65,332
856.768,312
856.886,313
857.003,313
857.121,326
857.239,328
857.356,315
857.474,332
857.592,317
857.709,318
857.827,327
857.945,314
858.062,326
858.18,315
858.298,328
858.415,318
858.533,328
858.651,331
858.768,330
858.886,325
859.003,324
859.121,322
859.239,327
859.356,332
859.474,323
859.592,334
859.709,339
859.827,326
859.944,320
860.062,317
860.18,328
860.297,324
860.415,313
860.532,334
860.65,313
860.768,321
860.885,319
861.003,330
861.12,319
861.238,309
861.356,315
861.473,331
861.591,316
861.708,319
861.826,311
861.943,318
862.061,323
862.178,318
862.296,326
862.414,326
862.531,312
862.649,322
862.766,323
862.884,314
863.001,332
863.119,320
863.236,326
863.354,318
863.471,320
863.589,329
863.706,331
863.824,320
863.941,327
864.059,311
864.176,338
864.294,327
864.411,306
864.529,313
864.646,317
864.764,317
864.881,316
864.999,314
865.116,316
865.233,324
865.351,329
865.468,327
865.586,328
865.703,327
865.821,316
865.938,328
866.056,320
866.173,322
866.29,319
866.408,315
866.525,314
866.643,311
866.76,330
866.878,313
866.995,317
867.112,331
867.23,335
867.347,331
867.465,317
867.582,315
867.699,325
867.817,318
867.934,327
868.051,324
868.169,320
868.286,328
868.404,312
868.521,333
868.638,322
868.756,320
868.873,319
868.99,335
869.108,331
869.225,310
869.342,330
869.46,327
869.577,326
869.694,328
869.812,320
869.929,317
870.046,321
870.164,322
870.281,315
870.398,325
870.516,304
870.633,338
870.75,321
870.867,314
870.985,312
871.102,323
871.219,325
871.337,326
871.454,316
871.571,323
871.688,326
871.806,330
871.923,324
872.04,320
872.157,318
872.275,331
872.392,327
872.509,334
872.626,324
872.744,331
872.861,322
872.978,332
873.095,324
873.213,319
873.33,320
873.447,333
873.564,324
873.681,330
873.799,317
873.916,313
874.033,322
874.15,330
874.267,326
874.385,316
874.502,326
874.619,320
874.736,324
874.853,318
874.97,330
875.088,320
875.205,331
875.322,327
875.439,319
875.556,318
875.673,330
875.791,329
875.908,330
876.025,320
876.142,330
876.259,323
876.376,325
876.493,325
876.61,322
876.728,329
876.845,327
876.962,328
877.079,323
877.196,324
877.313,319
877.43,326
877.547,326
877.664,326
877.781,326
877.898,323
878.016,315
878.133,317
878.25,320
878.367,334
878.484,320
878.601,320
878.718,313
878.835,314
878.952,319
879.069,319
879.186,314
879.303,316
879.42,310
879.537,318
879.654,325
879.771,317
879.888,328
880.005,320
880.122,317
880.239,314
880.356,316
880.473,326
880.59,326
880.707,315
880.824,316
880.941,310
881.058,325
881.175,315
881.292,312
881.409,322
881.526,315
881.643,329
881.76,313
881.877,306
881.994,326
882.111,313
882.228,321
882.345,300
882.462,326
882.579,335
882.696,309
882.812,326
882.929,315
883.046,322
883.163,311
883.28,315
883.397,323
883.514,313
883.631,319
883.748,315
883.865,321
883.982,328
884.098,320
884.215,320
884.332,323
884.449,316
884.566,318
884.683,313
884.8,320
884.916,318
885.033,319
885.15,332
885.267,332
885.384,319
885.501,340
885.617,335
885.734,316
885.851,328
885.968,328
886.085,322
886.202,334
886.318,332
886.435,329
886.552,340
886.669,333
886.786,325
886.902,330
887.019,323
887.136,325
887.253,321
887.369,309
887.486,332
887.603,310
887.72,318
887.837,318
887.953,332
888.07,324
888.187,307
888.304,329
888.42,319
888.537,319
888.654,315
888.77,312
888.887,325
889.004,316
889.121,326
889.237,303
889.354,305
889.471,326
889.587,323
889.704,323
889.821,318
889.938,315
890.054,322
890.171,328
890.288,336
890.404,311
890.521,319
890.638,329
890.754,316
890.871,326
890.988,328
891.104,309
891.221,330
891.337,328
891.454,328
891.571,331
891.687,325
891.804,321
891.921,325
892.037,332
892.154,324
892.27,309
892.387,327
892.504,328
892.62,323
892.737,320
892.854,311
892.97,327
893.087,317
893.203,315
893.32,323
893.436,309
893.553,324
893.67,309
893.786,317
893.903,316
894.019,316
894.136,309
894.252,327
894.369,310
894.485,323
894.602,313
894.718,322
894.835,315
894.951,312
895.068,318
895.184,325
895.301,318
895.417,319
895.534,310
895.65,310
895.767,325
895.883,326
896.0,325
896.116,308
896.233,309
896.349,322
896.466,313
896.582,317
896.699,319
896.815,320
896.932,322
897.048,328
897.165,313
897.281,327
897.397,308
897.514,302
897.63,321
897.747,329
897.863,319
897.979,327
898.096,318
898.212,307
898.329,317
898.445,309
898.561,321
898.678,310
898.794,318
898.911,318
899.027,305
899.143,328
899.26,315
899.376,326
899.492,327
899.609,322
899.725,308
899.842,306
899.958,324
900.074,315
900.191,323
900.307,322
900.423,314
900.539,324
900.656,317
900.772,315
900.888,300
901.005,323
901.121,321
901.237,333
901.354,320
901.47,313
901.586,328
901.703,316
901.819,327
901.935,320
902.051,322
902.168,310
902.284,328
902.4,332
902.516,320
902.633,317
902.749,330
902.865,335
902.981,325
903.098,324
903.214,322
903.33,311
903.446,328
903.562,322
903.679,317
903.795,310
903.911,326
904.027,329
904.143,325
904.26,314
904.376,314
904.492,311
904.608,317
904.724,317
904.841,311
904.957,320
905.073,306
905.189,312
905.305,319
905.421,323
905.538,305
905.654,320
905.77,307
905.886,325
906.002,303
906.118,319
906.234,312
906.35,320
906.466,307
906.583,315
906.699,315
906.815,318
906.931,316
907.047,325
907.163,314
907.279,328
907.395,308
907.511,314
907.627,312
907.743,313
907.859,315
907.976,329
908.092,308
908.208,330
908.324,315
908.44,314
908.556,313
908.672,320
908.788,299
908.904,328
909.02,309
909.136,306
909.252,328
909.368,325
909.484,300
909.6,327
909.716,319
909.832,325
909.948,320
910.064,312
910.18,302
910.296,327
910.412,311
910.528,311
910.644,311
910.76,326
910.875,319
910.991,309
911.107,306
911.223,314
911.339,315
911.455,304
911.571,320
911.687,336
911.803,307
911.919,325
912.035,312
912.151,317
912.267,314
912.382,321
912.498,309
912.614,312
912.73,310
912.846,313
792.446,339
792.565,373
792.684,440
792.803,419
792.922,362
793.041,350
793.16,341
793.279,375
793.398,359
793.518,346
793.637,340
793.756,368
793.875,364
793.994,359
794.113,342
794.232,348
794.351,342
794.47,355
794.589,341
794.708,348
794.827,344
794.946,343
795.066,351
795.185,341
795.304,350
795.423,346
795.542,352
795.661,350
795.78,335
795.899,323
796.018,349
796.137,337
796.256,353
796.375,342
796.494,342
796.613,329
796.732,329
796.851,344
796.97,312
797.089,351
797.208,322
797.327,332
797.446,326
797.565,341
797.684,337
797.803,343
797.922,344
798.041,345
798.16,338
798.279,332
798.398,341
798.517,341
798.636,339
798.755,329
798.874,335
798.993,344
799.112,352
799.231,333
799.35,324
799.469,322
799.588,317
799.707,338
799.826,344
799.945,341
800.064,327
800.183,332
800.302,326
800.421,341
800.54,321
800.659,324
800.778,328
800.897,333
801.016,331
801.135,333
801.254,332
801.373,322
801.492,329
801.611,327
801.729,320
801.848,336
801.967,330
802.086,334
802.205,322
802.324,340
802.443,332
802.562,324
802.681,326
802.8,341
802.919,315
803.038,325
803.157,333
803.276,324
803.394,333
803.513,323
803.632,319
803.751,344
803.87,340
803.989,335
804.108,329
804.227,328
804.346,330
804.465,333
804.583,328
804.702,328
804.821,332
804.94,327
805.059,311
805.178,317
805.297,341
805.416,322
805.535,315
805.653,329
805.772,329
805.891,331
806.01,322
806.129,326
806.248,321
806.367,336
806.485,316
806.604,327
806.723,324
806.842,333
806.961,327
807.08,310
807.198,322
807.317,336
807.436,319
807.555,328
807.674,321
807.793,334
807.912,333
808.03,328
808.149,317
808.268,317
808.387,318
808.506,332
808.624,324
808.743,323
808.862,331
808.981,324
809.1,335
809.219,316
809.337,329
809.456,328
809.575,320
809.694,326
809.812,321
809.931,340
810.05,320
810.169,336
810.288,325
810.406,321
810.525,323
810.644,331
810.763,334
810.882,322
811.0,320
811.119,314
811.238,327
811.357,335
811.475,316
811.594,329
811.713,336
811.832,326
811.95,312
812.069,338
812.188,336
812.307,336
812.425,317
812.544,319
812.663,333
812.782,330
812.9,321
813.019,316
813.138,325
813.257,321
813.375,325
813.494,326
813.613,333
813.731,314
813.85,326
813.969,315
814.088,323
814.206,340
814.325,317
814.444,321
814.562,317
814.681,321
814.8,324
814.918,318
815.037,311
815.156,321
815.274,321
815.393,331
815.512,323
815.631,319
815.749,326
815.868,323
815.987,326
816.105,329
816.224,320
816.343,321
816.461,331
816.58,334
816.698,337
816.817,328
816.936,314
817.055,331
817.173,329
817.292,333
817.41,336
817.529,311
817.648,330
817.766,320
817.885,319
818.004,331
818.122,315
818.241,335
818.359,313
818.478,343
818.597,328
818.715,321
818.834,328
818.953,351
819.071,328
819.19,325
819.308,326
819.427,321
819.546,321
819.664,316
819.783,319
819.901,309
820.02,319
820.138,326
820.257,323
820.376,311
820.494,321
820.613,310
820.731,335
820.85,312
820.969,312
821.087,323
821.206,320
821.324,323
821.443,314
821.561,322
821.68,324
821.798,324
821.917,308
822.035,325
822.154,327
822.273,332
822.391,308
822.51,320
822.628,318
822.747,317
822.865,309
822.984,318
823.102,332
823.221,319
823.339,320
823.458,310
823.576,326
823.695,320
823.813,320
823.932,322
824.05,303
824.169,327
824.287,316
824.406,327
824.524,319
824.643,313
824.761,317
824.88,322
824.998,316
825.117,325
825.235,318
825.354,329
825.472,320
825.591,333
825.709,310
825.828,327
825.946,323
826.064,310
826.183,317
826.301,320
826.42,327
826.538,306
826.657,305
826.775,315
826.894,309
827.012,342
827.13,320
827.249,327
827.367,320
827.486,311
827.604,337
827.723,325
827.841,307
827.959,312
828.078,322
828.196,309
828.315,330
828.433,313
828.552,329
828.67,317
828.788,310
828.907,330
829.025,327
829.143,323
829.262,319
829.38,316
829.499,317
829.617,333
829.735,327
829.854,324
829.972,321
830.091,324
830.209,308
830.327,312
830.446,326
830.564,331
830.682,322
830.801,334
830.919,306
831.037,313
831.156,312
831.274,313
831.392,320
831.511,313
831.629,307
831.747,306
831.866,313
831.984,322
832.102,311
832.221,317
832.339,311
832.457,315
832.576,326
832.694,331
832.812,316
832.93,312
833.049,305
833.167,326
833.285,319
833.404,303
833.522,311
833.64,341
833.759,328
833.877,320
833.995,306
834.113,316
834.232,310
834.35,324
834.468,306
834.586,336
834.705,321
834.823,323
834.941,321
835.059,317
835.178,319
835.296,328
835.414,321
835.532,332
835.651,320
835.769,323
835.887,311
836.005,321
836.124,314
836.242,315
836.36,307
836.478,342
836.596,317
836.715,318
836.833,318
836.951,321
837.069,307
837.188,318
837.306,320
837.424,325
837.542,329
837.66,304
837.779,316
837.897,330
838.015,318
838.133,324
838.251,320
838.369,304
838.487,326
838.606,326
838.724,323
838.842,301
838.96,329
839.078,305
839.196,327
839.315,328
839.433,324
839.551,316
839.669,317
839.787,325
839.905,320
840.023,319
840.142,321
840.26,326
840.378,330
840.496,318
840.614,335
840.732,326
840.85,326
840.968,315
841.087,326
841.205,324
841.323,311
841.441,333
841.559,316
841.677,336
841.795,330
841.913,320
842.031,317
842.149,323
842.267,318
842.385,323
842.504,317
842.622,321
842.74,303
842.858,320
842.976,314
843.094,321
843.212,325
843.33,341
843.448,333
843.566,335
843.684,323
843.802,321
843.92,321
844.038,324
844.156,315
844.274,326
844.392,321
844.51,324
844.628,332
844.746,322
844.864,327
844.982,320
845.1,335
845.218,337
845.336,324
845.454,311
845.572,318
845.69,327
845.808,317
845.926,318
846.044,334
846.162,315
846.28,324
846.398,307
846.516,321
846.634,331
846.752,326
846.87,311
846.988,316
847.106,325
847.224,325
847.342,314
847.46,324
847.578,316
847.696,322
847.814,309
847.932,314
848.05,318
848.168,328
848.285,322
848.403,316
848.521,315
848.639,326
848.757,316
848.875,337
848.993,327
849.111,333
849.229,317
849.347,320
849.465,318
849.582,322
849.7,324
849.818,318
849.936,323
850.054,323
850.172,320
850.29,328
850.408,328
850.525,321
850.643,322
850.761,318
850.879,321
850.997,319
851.115,323
851.233,311
851.35,316
851.468,321
851.586,327
851.704,314
851.822,309
851.94,330
852.057,335
852.175,314
852.293,324
852.411,331
852.529,310
852.647,318
852.764,323
852.882,330
853.0,320
853.118,339
853.236,318
853.353,326
853.471,318
853.589,324
853.707,326
853.824,312
853.942,331
854.06,326
854.178,310
854.296,329
854.413,327
854.531,310
854.649,311
854.767,316
854.884,331
855.002,332
855.12,313
855.238,321
855.355,317
855.473,326
855.591,320
855.708,318
855.826,332
855.944,319
856.062,325
856.179,318
856.297,306
856.415,328
856.532,328
856.65,323
856.768,314
856.886,330
857.003,332
857.121,326
857.239,324
857.356,313
857.474,317
857.592,328
857.709,341
857.827,327
857.945,329
858.062,321
858.18,309
858.298,316
858.415,331
858.533,322
858.651,310
858.768,331
858.886,314
859.003,328
859.121,309
859.239,318
859.356,332
859.474,317
859.592,328
859.709,318
859.827,322
859.944,312
860.062,329
860.18,327
860.297,315
860.415,315
860.532,322
860.65,306
860.768,333
860.885,331
861.003,322
861.12,313
861.238,322
861.356,323
861.473,329
861.591,317
861.708,318
861.826,317
861.943,327
862.061,311
862.178,316
862.296,321
862.414,310
862.531,330
862.649,312
862.766,311
862.884,325
863.001,320
863.119,328
863.236,325
863.354,322
863.471,312
863.589,319
863.706,325
863.824,315
863.941,320
864.059,328
864.176,311
864.294,336
864.411,323
864.529,329
864.646,323
864.764,316
864.881,313
864.999,328
865.116,311
865.233,307
865.351,306
865.468,322
865.586,310
865.703,311
865.821,322
865.938,327
866.056,320
866.173,325
866.29,316
866.408,321
866.525,319
866.643,336
866.76,312
866.878,321
866.995,306
867.112,335
867.23,313
867.347,318
867.465,312
867.582,324
867.699,312
867.817,324
867.934,321
868.051,318
868.169,324
868.286,336
868.404,321
868.521,325
868.638,317
868.756,328
868.873,319
868.99,316
869.108,327
869.225,308
869.342,317
869.46,308
869.577,314
869.694,321
869.812,308
869.929,336
870.046,311
870.164,322
870.281,333
870.398,317
870.516,325
870.633,327
870.75,314
870.867,332
870.985,309
871.102,329
871.219,325
871.337,334
871.454,324
871.571,328
871.688,327
871.806,330
871.923,328
872.04,329
872.157,308
872.275,318
872.392,311
872.509,324
872.626,332
872.744,316
872.861,324
872.978,327
873.095,319
873.213,322
873.33,325
873.447,329
873.564,340
873.681,336
873.799,315
873.916,329
874.033,318
874.15,319
874.267,318
874.385,341
874.502,324
874.619,317
874.736,315
874.853,322
874.97,321
875.088,327
875.205,328
875.322,309
875.439,315
875.556,326
875.673,315
875.791,329
875.908,314
876.025,318
876.142,312
876.259,314
876.376,317
876.493,322
876.61,327
876.728,316
876.845,311
876.962,315
877.079,320
877.196,313
877.313,319
877.43,321
877.547,311
877.664,321
877.781,304
877.898,339
878.016,313
878.133,320
878.25,311
878.367,324
878.484,321
878.601,319
878.718,309
878.835,315
878.952,312
879.069,315
879.186,301
879.303,327
879.42,307
879.537,325
879.654,322
879.771,318
879.888,316
880.005,330
880.122,315
880.239,325
880.356,321
880.473,338
880.59,322
880.707,324
880.824,320
880.941,310
881.058,318
881.175,317
881.292,316
881.409,328
881.526,311
881.643,319
881.76,318
881.877,307
881.994,318
882.111,313
882.228,323
882.345,315
882.462,310
882.579,311
882.696,312
882.812,323
882.929,315
883.046,321
883.163,308
883.28,319
883.397,325
883.514,313
883.631,322
883.748,325
883.865,314
883.982,315
884.098,333
884.215,313
884.332,319
884.449,309
884.566,311
884.683,315
884.8,323
884.916,329
885.033,320
885.15,326
885.267,340
885.384,333
885.501,328
885.617,344
885.734,334
885.851,319
885.968,312
886.085,329
886.202,312
886.318,320
886.435,324
886.552,332
886.669,328
886.786,322
886.902,333
887.019,330
887.136,338
887.253,322
887.369,331
887.486,329
887.603,325
887.72,323
887.837,324
887.953,314
888.07,332
888.187,322
888.304,331
888.42,320
888.537,321
888.654,323
888.77,318
888.887,308
889.004,327
889.121,312
889.237,316
889.354,326
889.471,321
889.587,305
889.704,313
889.821,320
889.938,307
890.054,312
890.171,311
890.288,326
890.404,300
890.521,316
890.638,326
890.754,321
890.871,324
890.988,316
891.104,316
891.221,306
891.337,320
891.454,334
891.571,315
891.687,318
891.804,313
891.921,320
892.037,311
892.154,320
892.27,321
892.387,328
892.504,323
892.62,315
892.737,318
892.854,317
892.97,323
893.087,317
893.203,316
893.32,323
893.436,298
893.553,328
893.67,316
893.786,317
893.903,327
894.019,326
894.136,326
894.252,311
894.369,319
894.485,308
894.602,320
894.718,321
894.835,311
894.951,310
895.068,316
895.184,320
895.301,302
895.417,332
895.534,315
895.65,321
895.767,328
895.883,322
896.0,313
896.116,306
896.233,329
896.349,315
896.466,311
896.582,324
896.699,311
896.815,309
896.932,311
897.048,320
897.165,311
897.281,310
897.397,320
897.514,315
897.63,307
897.747,326
897.863,317
897.979,322
898.096,314
898.212,315
898.329,329
898.445,306
898.561,324
898.678,306
898.794,319
898.911,311
899.027,319
899.143,322
899.26,305
899.376,310
899.492,315
899.609,310
899.725,319
899.842,318
899.958,315
900.074,317
900.191,308
900.307,306
900.423,327
900.539,328
900.656,306
900.772,322
900.888,324
901.005,310
901.121,333
901.237,304
901.354,321
901.47,328
901.586,322
901.703,328
901.819,314
901.935,310
902.051,329
902.168,321
902.284,317
902.4,311
902.516,328
902.633,314
902.749,325
902.865,314
902.981,338
903.098,313
903.214,306
903.33,332
903.446,314
903.562,328
903.679,314
903.795,324
903.911,309
904.027,316
904.143,298
904.26,325
904.376,324
904.492,322
904.608,309
904.724,321
904.841,316
904.957,312
905.073,328
905.189,318
905.305,321
905.421,313
905.538,312
905.654,324
905.77,317
905.886,321
906.002,308
906.118,325
906.234,320
906.35,319
906.466,302
906.583,313
906.699,315
906.815,304
906.931,298
907.047,310
907.163,311
907.279,325
907.395,309
907.511,323
907.627,300
907.743,326
907.859,304
907.976,329
908.092,324
908.208,321
908.324,304
908.44,330
908.556,319
908.672,311
908.788,318
908.904,328
909.02,316
909.136,320
909.252,305
909.368,319
909.484,308
909.6,334
909.716,306
909.832,325
909.948,308
910.064,313
910.18,327
910.296,312
910.412,309
910.528,326
910.644,309
910.76,313
910.875,317
910.991,326
911.107,326
911.223,314
911.339,322
911.455,319
911.571,308
911.687,321
911.803,308
911.919,313
912.035,301
912.151,319
912.267,311
912.382,318
912.498,300
912.614,318
912.73,308
912.846,318
792.446,362
792.565,390
792.684,432
792.803,412
792.922,347
793.041,359
793.16,346
793.279,359
793.398,358
793.518,342
793.637,348
793.756,363
793.875,388
793.994,364
794.113,371
794.232,334
794.351,347
794.47,350
794.589,345
794.708,347
794.827,337
794.946,345
795.066,345
795.185,344
795.304,336
795.423,340
795.542,354
795.661,338
795.78,331
795.899,339
796.018,339
796.137,345
796.256,341
796.375,324
796.494,336
796.613,333
796.732,340
796.851,340
796.97,334
797.089,321
797.208,342
797.327,339
797.446,349
797.565,329
797.684,338
797.803,337
797.922,343
798.041,335
798.16,337
798.279,345
798.398,348
798.517,317
798.636,339
798.755,329
798.874,335
798.993,332
799.112,340
799.231,330
799.35,339
799.469,331
799.588,318
799.707,334
799.826,329
799.945,333
800.064,337
800.183,317
800.302,324
800.421,333
800.54,348
800.659,336
800.778,319
800.897,328
801.016,319
801.135,323
801.254,332
801.373,338
801.492,330
801.611,336
801.729,309
801.848,334
801.967,315
802.086,334
802.205,328
802.324,323
802.443,350
802.562,324
802.681,327
802.8,338
802.919,328
803.038,333
803.157,320
803.276,336
803.394,303
803.513,322
803.632,332
803.751,332
803.87,341
803.989,317
804.108,319
804.227,329
804.346,315
804.465,331
804.583,336
804.702,312
804.821,334
804.94,338
805.059,330
805.178,324
805.297,318
805.416,328
805.535,339
805.653,331
805.772,310
805.891,335
806.01,340
806.129,328
806.248,322
806.367,334
806.485,319
806.604,319
806.723,318
806.842,319
806.961,325
807.08,333
807.198,315
807.317,332
807.436,312
807.555,324
807.674,317
807.793,323
807.912,330
808.03,327
808.149,329
808.268,320
808.387,314
808.506,324
808.624,320
808.743,316
808.862,317
808.981,324
809.1,319
809.219,328
809.337,328
809.456,318
809.575,331
809.694,318
809.812,318
809.931,320
810.05,320
810.169,325
810.288,323
810.406,334
810.525,319
810.644,330
810.763,317
810.882,334
811.0,334
811.119,318
811.238,324
811.357,322
811.475,330
811.594,323
811.713,323
811.832,323
811.95,329
812.069,322
812.188,320
812.307,319
812.425,331
812.544,328
812.663,323
812.782,318
812.9,322
813.019,321
813.138,326
813.257,318
813.375,332
813.494,320
813.613,330
813.731,328
813.85,324
813.969,327
814.088,330
814.206,320
814.325,321
814.444,318
814.562,323
814.681,330
814.8,329
814.918,335
815.037,311
815.156,322
815.274,323
815.393,340
815.512,306
815.631,338
815.749,334
815.868,326
815.987,310
816.105,334
816.224,323
816.343,324
816.461,327
816.58,307
816.698,318
816.817,332
816.936,316
817.055,333
817.173,330
817.292,312
817.41,318
817.529,330
817.648,317
817.766,338
817.885,323
818.004,301
818.122,325
818.241,314
818.359,316
818.478,314
818.597,316
818.715,326
818.834,327
818.953,325
819.071,331
819.19,317
819.308,310
819.427,327
819.546,308
819.664,323
819.783,323
819.901,321
820.02,320
820.138,315
820.257,323
820.376,314
820.494,319
820.613,333
820.731,312
820.85,305
820.969,321
821.087,321
821.206,310
821.324,317
821.443,337
821.561,331
821.68,324
821.798,316
821.917,327
822.035,316
822.154,324
822.273,320
822.391,325
822.51,309
822.628,316
822.747,314
822.865,327
822.984,318
823.102,317
823.221,315
823.339,326
823.458,300
823.576,316
823.695,309
823.813,325
823.932,320
824.05,327
824.169,326
824.287,322
824.406,324
824.524,326
824.643,324
824.761,325
824.88,324
824.998,317
825.117,324
825.235,317
825.354,304
825.472,311
825.591,323
825.709,309
825.828,321
825.946,318
826.064,318
826.183,322
826.301,312
826.42,329
826.538,329
826.657,321
826.775,318
826.894,321
827.012,312
827.13,319
827.249,308
827.367,333
827.486,322
827.604,325
827.723,316
827.841,310
827.959,315
828.078,330
828.196,302
828.315,324
828.433,311
828.552,306
828.67,308
828.788,326
828.907,315
829.025,308
829.143,321
829.262,318
829.38,318
829.499,329
829.617,330
829.735,327
829.854,325
829.972,321
830.091,316
830.209,324
830.327,329
830.446,315
830.564,338
830.682,319
830.801,321
830.919,309
831.037,321
831.156,320
831.274,320
831.392,325
831.511,321
831.629,322
831.747,310
831.866,324
831.984,309
832.102,317
832.221,334
832.339,311
832.457,315
832.576,320
832.694,325
832.812,318
832.93,317
833.049,326
833.167,307
833.285,327
833.404,325
833.522,315
833.64,335
833.759,313
833.877,323
833.995,308
834.113,324
834.232,319
834.35,324
834.468,323
834.586,297
834.705,333
834.823,331
834.941,316
835.059,316
835.178,325
835.296,310
835.414,337
835.532,317
835.651,319
835.769,317
835.887,326
836.005,328
836.124,314
836.242,319
836.36,318
836.478,331
836.596,324
836.715,311
836.833,316
836.951,296
837.069,322
837.188,306
837.306,313
837.424,320
837.542,316
837.66,323
837.779,321
837.897,319
838.015,325
838.133,321
838.251,317
838.369,318
838.487,315
838.606,313
838.724,320
838.842,317
838.96,325
839.078,318
839.196,318
839.315,328
839.433,327
839.551,315
839.669,336
839.787,328
839.905,318
840.023,321
840.142,324
840.26,317
840.378,324
840.496,315
840.614,315
840.732,313
840.85,321
840.968,322
841.087,337
841.205,325
841.323,321
841.441,321
841.559,325
841.677,326
841.795,316
841.913,321
842.031,318
842.149,336
842.267,326
842.385,334
842.504,324
842.622,328
842.74,310
842.858,324
842.976,326
843.094,320
843.212,319
843.33,321
843.448,332
843.566,323
843.684,320
843.802,317
843.92,332
844.038,320
844.156,314
844.274,311
844.392,334
844.51,329
844.628,318
844.746,318
844.864,324
844.982,328
845.1,326
845.218,322
845.336,322
845.454,320
845.572,315
845.69,314
845.808,333
845.926,320
846.044,320
846.162,309
846.28,315
846.398,325
846.516,323
846.634,323
846.752,311
846.87,333
846.988,331
847.106,323
847.224,323
847.342,324
847.46,322
847.578,314
847.696,318
847.814,328
847.932,310
848.05,314
848.168,326
848.285,335
848.403,313
848.521,332
848.639,315
848.757,317
848.875,328
848.993,330
849.111,314
849.229,327
849.347,322
849.465,318
849.582,318
849.7,317
849.818,322
849.936,313
850.054,325
850.172,330
850.29,333
850.408,327
850.525,307
850.643,323
850.761,314
850.879,305
850.997,318
851.115,316
851.233,328
851.35,324
851.468,325
851.586,325
851.704,320
851.822,315
851.94,327
852.057,319
852.175,329
852.293,326
852.411,325
852.529,326
852.647,309
852.764,328
852.882,320
853.0,336
853.118,316
853.236,305
853.353,319
853.471,317
853.589,319
853.707,315
853.824,320
853.942,324
854.06,309
854.178,320
854.296,312
854.413,328
854.531,329
854.649,326
854.767,320
854.884,320
855.002,327
855.12,323
855.238,318
855.355,323
855.473,326
855.591,320
855.708,329
855.826,314
855.944,339
856.062,322
856.179,331
856.297,330
856.415,315
856.532,317
856.65,324
856.768,324
856.886,316
857.003,329
857.121,331
857.239,327
857.356,324
857.474,324
857.592,331
857.709,312
857.827,327
857.945,307
858.062,305
858.18,329
858.298,324
858.415,317
858.533,325
858.651,325
858.768,325
858.886,325
859.003,325
859.121,322
859.239,324
859.356,320
859.474,332
859.592,327
859.709,316
859.827,332
859.944,303
860.062,326
860.18,318
860.297,329
860.415,318
860.532,328
860.65,324
860.768,306
860.885,312
861.003,323
861.12,327
861.238,325
861.356,316
861.473,327
861.591,328
861.708,321
861.826,310
861.943,327
862.061,329
862.178,327
862.296,326
862.414,315
862.531,318
862.649,324
862.766,320
862.884,328
863.001,326
863.119,313
863.236,317
863.354,321
863.471,312
863.589,314
863.706,336
863.824,317
863.941,337
864.059,335
864.176,328
864.294,318
864.411,332
864.529,313
864.646,323
864.764,326
864.881,328
864.999,310
865.116,327
865.233,319
865.351,327
865.468,324
865.586,322
865.703,321
865.821,310
865.938,319
866.056,323
866.173,305
866.29,312
866.408,316
866.525,316
866.643,318
866.76,326
866.878,318
866.995,312
867.112,312
867.23,314
867.347,317
867.465,317
867.582,317
867.699,316
867.817,312
867.934,323
868.051,315
868.169,320
868.286,306
868.404,320
868.521,330
868.638,309
868.756,326
868.873,324
868.99,325
869.108,320
869.225,334
869.342,331
869.46,313
869.577,322
869.694,332
869.812,330
869.929,320
870.046,326
870.164,320
870.281,309
870.398,307
870.516,317
870.633,321
870.75,324
870.867,334
870.985,313
871.102,333
871.219,322
871.337,330
871.454,321
871.571,329
871.688,322
871.806,316
871.923,320
872.04,316
872.157,324
872.275,321
872.392,332
872.509,320
872.626,315
872.744,329
872.861,304
872.978,337
873.095,315
873.213,326
873.33,327
873.447,337
873.564,307
873.681,333
873.799,313
873.916,322
874.033,334
874.15,318
874.267,310
874.385,336
874.502,305
874.619,316
874.736,335
874.853,305
874.97,306
875.088,336
875.205,324
875.322,332
875.439,316
875.556,329
875.673,304
875.791,329
875.908,317
876.025,328
876.142,330
876.259,321
876.376,322
876.493,328
876.61,318
876.728,328
876.845,307
876.962,313
877.079,315
877.196,323
877.313,320
877.43,322
877.547,321
877.664,324
877.781,322
877.898,323
878.016,329
878.133,322
878.25,320
878.367,324
878.484,325
878.601,324
878.718,323
878.835,324
878.952,323
879.069,313
879.186,325
879.303,307
879.42,322
879.537,307
879.654,314
879.771,306
879.888,321
880.005,311
880.122,308
880.239,311
880.356,307
880.473,309
880.59,305
880.707,326
880.824,312
880.941,320
881.058,308
881.175,316
881.292,322
881.409,317
881.526,310
881.643,315
881.76,321
881.877,320
881.994,306
882.111,327
882.228,311
882.345,320
882.462,324
882.579,316
882.696,316
882.812,326
882.929,321
883.046,313
883.163,327
883.28,323
883.397,324
883.514,326
883.631,317
883.748,320
883.865,321
883.982,321
884.098,308
884.215,331
884.332,319
884.449,314
884.566,336
884.683,329
884.8,318
884.916,312
885.033,339
885.15,322
885.267,326
885.384,344
885.501,329
885.617,338
885.734,333
885.851,338
885.968,321
886.085,330
886.202,328
886.318,308
886.435,339
886.552,333
886.669,325
886.786,313
886.902,339
887.019,314
887.136,321
887.253,329
887.369,331
887.486,313
887.603,324
887.72,313
887.837,312
887.953,323
888.07,324
888.187,336
888.304,328
888.42,307
888.537,317
888.654,319
888.77,314
888.887,308
889.004,300
889.121,319
889.237,311
889.354,309
889.471,326
889.587,310
889.704,319
889.821,321
889.938,338
890.054,316
890.171,322
890.288,326
890.404,313
890.521,321
890.638,317
890.754,323
890.871,326
890.988,310
891.104,312
891.221,328
891.337,316
891.454,316
891.571,309
891.687,319
891.804,326
891.921,320
892.037,329
892.154,314
892.27,337
892.387,321
892.504,311
892.62,329
892.737,317
892.854,312
892.97,306
893.087,330
893.203,300
893.32,323
893.436,325
893.553,312
893.67,313
893.786,326
893.903,305
894.019,313
894.136,325
894.252,320
894.369,319
894.485,313
894.602,319
894.718,317
894.835,319
894.951,310
895.068,308
895.184,303
895.301,310
895.417,306
895.534,320
895.65,315
895.767,313
895.883,323
896.0,322
896.116,312
896.233,310
896.349,312
896.466,316
896.582,325
896.699,316
896.815,329
896.932,309
897.048,319
897.165,316
897.281,319
897.397,318
897.514,327
897.63,302
897.747,317
897.863,318
897.979,306
898.096,317
898.212,305
898.329,318
898.445,314
898.561,318
898.678,328
898.794,321
898.911,311
899.027,326
899.143,318
899.26,309
899.376,313
899.492,301
899.609,303
899.725,312
899.842,312
899.958,320
900.074,323
900.191,314
900.307,317
900.423,320
900.539,321
900.656,325
900.772,311
900.888,313
901.005,318
901.121,327
901.237,317
901.354,309
901.47,306
901.586,320
901.703,309
901.819,332
901.935,312
902.051,316
902.168,327
902.284,320
902.4,328
902.516,321
902.633,312
902.749,323
902.865,330
902.981,318
903.098,331
903.214,311
903.33,317
903.446,318
903.562,322
903.679,324
903.795,317
903.911,316
904.027,329
904.143,324
904.26,331
904.376,313
904.492,322
904.608,310
904.724,330
904.841,310
904.957,332
905.073,322
905.189,313
905.305,314
905.421,319
905.538,316
905.654,320
905.77,318
905.886,309
906.002,316
906.118,316
906.234,317
906.35,324
906.466,316
906.583,321
906.699,319
906.815,321
906.931,327
907.047,309
907.163,325
907.279,328
907.395,315
907.511,317
907.627,319
907.743,305
907.859,312
907.976,321
908.092,328
908.208,312
908.324,314
908.44,311
908.556,314
908.672,328
908.788,309
908.904,307
909.02,308
909.136,317
909.252,314
909.368,312
909.484,315
909.6,324
909.716,323
909.832,310
909.948,325
910.064,317
910.18,318
910.296,321
910.412,315
910.528,316
910.644,313
910.76,321
910.875,319
910.991,317
911.107,309
911.223,317
911.339,318
911.455,311
911.571,322
911.687,308
911.803,329
911.919,309
912.035,318
912.151,314
912.267,312
912.382,320
912.498,326
912.614,312
912.73,304
912.846,313
