792.446,2485
792.565,2596
792.684,2586
792.803,2455
792.922,2396
793.041,2443
793.16,2404
793.279,2419
793.398,2369
793.518,2378
793.637,2370
793.756,2364
793.875,2288
793.994,2323
794.113,2261
794.232,2315
794.351,2244
794.47,2255
794.589,2291
794.708,2215
794.827,2200
794.946,2206
795.066,2190
795.185,2231
795.304,2239
795.423,2124
795.542,2183
795.661,2146
795.78,2195
795.899,2190
796.018,2115
796.137,2126
796.256,2090
796.375,2098
796.494,2153
796.613,2083
796.732,2092
796.851,2067
796.97,2121
797.089,2041
797.208,2032
797.327,2031
797.446,2017
797.565,2058
797.684,2077
797.803,2011
797.922,2050
798.041,2024
798.16,2024
798.279,2056
798.398,2064
798.517,2048
798.636,2008
798.755,2031
798.874,1975
798.993,2060
799.112,2042
799.231,2019
799.35,1975
799.469,2011
799.588,2028
799.707,1958
799.826,2019
799.945,2011
800.064,2026
800.183,1984
800.302,1976
800.421,2038
800.54,1995
800.659,2025
800.778,1976
800.897,2043
801.016,2000
801.135,2005
801.254,2059
801.373,2003
801.492,2049
801.611,2049
801.729,1991
801.848,2046
801.967,2004
802.086,2025
802.205,2014
802.324,2034
802.443,2028
802.562,2040
802.681,2022
802.8,1978
802.919,2052
803.038,2033
803.157,2020
803.276,2041
803.394,2035
803.513,2028
803.632,2061
803.751,2054
803.87,2020
803.989,2122
804.108,2043
804.227,2065
804.346,2047
804.465,2040
804.583,2082
804.702,2097
804.821,2023
804.94,2064
805.059,2088
805.178,2075
805.297,2069
805.416,2057
805.535,2055
805.653,2078
805.772,2046
805.891,2155
806.01,2084
806.129,2057
806.248,2094
806.367,2135
806.485,2145
806.604,2109
806.723,2113
806.842,2087
806.961,2078
807.08,2087
807.198,2089
807.317,2122
807.436,2140
807.555,2071
807.674,2121
807.793,2116
807.912,2154
808.03,2146
808.149,2131
808.268,2172
808.387,2176
808.506,2130
808.624,2110
808.743,2170
808.862,2178
808.981,2203
809.1,2164
809.219,2151
809.337,2206
809.456,2185
809.575,2193
809.694,2232
809.812,2278
809.931,2276
810.05,2246
810.169,2171
810.288,2224
810.406,2222
810.525,2182
810.644,2214
810.763,2195
810.882,2237
811.0,2245
811.119,2237
811.238,2273
811.357,2236
811.475,2189
811.594,2195
811.713,2201
811.832,2254
811.95,2262
812.069,2211
812.188,2208
812.307,2215
812.425,2222
812.544,2208
812.663,2243
812.782,2232
812.9,2184
813.019,2208
813.138,2195
813.257,2184
813.375,2203
813.494,2234
813.613,2200
813.731,2225
813.85,2238
813.969,2212
814.088,2192
814.206,2226
814.325,2175
814.444,2138
814.562,2223
814.681,2150
814.8,2203
814.918,2173
815.037,2159
815.156,2204
815.274,2175
815.393,2188
815.512,2164
815.631,2098
815.749,2127
815.868,2100
815.987,2102
816.105,2142
816.224,2097
816.343,2132
816.461,2114
816.58,2088
816.698,2152
816.817,2153
816.936,2130
817.055,2128
817.173,2156
817.292,2125
817.41,2096
817.529,2039
817.648,2031
817.766,2011
817.885,2001
818.004,1970
818.122,1933
818.241,1890
818.359,1839
818.478,1847
818.597,1834
818.715,1817
818.834,1808
818.953,1800
819.071,1783
819.19,1731
819.308,1718
819.427,1719
819.546,1746
819.664,1674
819.783,1683
819.901,1685
820.02,1690
820.138,1634
820.257,1697
820.376,1660
820.494,1660
820.613,1631
820.731,1647
820.85,1631
820.969,1639
821.087,1589
821.206,1644
821.324,1622
821.443,1622
821.561,1612
821.68,1671
821.798,1646
821.917,1597
822.035,1631
822.154,1591
822.273,1628
822.391,1576
822.51,1604
822.628,1539
822.747,1569
822.865,1563
822.984,1575
823.102,1543
823.221,1539
823.339,1553
823.458,1565
823.576,1494
823.695,1576
823.813,1577
823.932,1571
824.05,1511
824.169,1560
824.287,1510
824.406,1531
824.524,1537
824.643,1566
824.761,1554
824.88,1562
824.998,1552
825.117,1565
825.235,1510
825.354,1568
825.472,1508
825.591,1550
825.709,1527
825.828,1536
825.946,1497
826.064,1482
826.183,1474
826.301,1449
826.42,1477
826.538,1466
826.657,1483
826.775,1482
826.894,1454
827.012,1469
827.13,1478
827.249,1513
827.367,1441
827.486,1483
827.604,1416
827.723,1419
827.841,1459
827.959,1420
828.078,1455
828.196,1423
828.315,1438
828.433,1455
828.552,1417
828.67,1449
828.788,1437
828.907,1433
829.025,1391
829.143,1415
829.262,1428
829.38,1420
829.499,1431
829.617,1414
829.735,1435
829.854,1370
829.972,1413
830.091,1401
830.209,1403
830.327,1410
830.446,1394
830.564,1381
830.682,1411
830.801,1406
830.919,1427
831.037,1416
831.156,1409
831.274,1436
831.392,1421
831.511,1420
831.629,1407
831.747,1428
831.866,1406
831.984,1377
832.102,1425
832.221,1423
832.339,1426
832.457,1440
832.576,1426
832.694,1434
832.812,1434
832.93,1420
833.049,1401
833.167,1435
833.285,1424
833.404,1425
833.522,1410
833.64,1456
833.759,1414
833.877,1392
833.995,1424
834.113,1430
834.232,1424
834.35,1392
834.468,1424
834.586,1404
834.705,1448
834.823,1435
834.941,1451
835.059,1439
835.178,1446
835.296,1460
835.414,1407
835.532,1417
835.651,1420
835.769,1421
835.887,1444
836.005,1435
836.124,1416
836.242,1444
836.36,1442
836.478,1458
836.596,1460
836.715,1459
836.833,1481
836.951,1470
837.069,1493
837.188,1534
837.306,1508
837.424,1502
837.542,1508
837.66,1496
837.779,1511
837.897,1494
838.015,1486
838.133,1492
838.251,1458
838.369,1544
838.487,1542
838.606,1443
838.724,1493
838.842,1506
838.96,1512
839.078,1477
839.196,1473
839.315,1479
839.433,1452
839.551,1478
839.669,1475
839.787,1456
839.905,1499
840.023,1514
840.142,1468
840.26,1539
840.378,1465
840.496,1441
840.614,1507
840.732,1461
840.85,1438
840.968,1451
841.087,1478
841.205,1498
841.323,1440
841.441,1477
841.559,1513
841.677,1482
841.795,1491
841.913,1481
842.031,1461
842.149,1462
842.267,1455
842.385,1519
842.504,1456
842.622,1498
842.74,1412
842.858,1475
842.976,1453
843.094,1498
843.212,1454
843.33,1538
843.448,1471
843.566,1458
843.684,1461
843.802,1463
843.92,1461
844.038,1499
844.156,1498
844.274,1476
844.392,1517
844.51,1472
844.628,1482
844.746,1504
844.864,1509
844.982,1450
845.1,1480
845.218,1511
845.336,1504
845.454,1515
845.572,1486
845.69,1542
845.808,1494
845.926,1478
846.044,1508
846.162,1522
846.28,1496
846.398,1488
846.516,1511
846.634,1494
846.752,1519
846.87,1519
846.988,1472
847.106,1512
847.224,1542
847.342,1496
847.46,1571
847.578,1570
847.696,1513
847.814,1564
847.932,1548
848.05,1577
848.168,1571
848.285,1579
848.403,1534
848.521,1545
848.639,1554
848.757,1544
848.875,1543
848.993,1565
849.111,1565
849.229,1552
849.347,1573
849.465,1566
849.582,1522
849.7,1582
849.818,1534
849.936,1561
850.054,1528
850.172,1515
850.29,1586
850.408,1525
850.525,1582
850.643,1537
850.761,1533
850.879,1527
850.997,1520
851.115,1518
851.233,1542
851.35,1514
851.468,1506
851.586,1471
851.704,1544
851.822,1451
851.94,1513
852.057,1479
852.175,1468
852.293,1461
852.411,1453
852.529,1424
852.647,1489
852.764,1502
852.882,1440
853.0,1490
853.118,1469
853.236,1437
853.353,1459
853.471,1429
853.589,1463
853.707,1461
853.824,1461
853.942,1432
854.06,1455
854.178,1482
854.296,1428
854.413,1430
854.531,1408
854.649,1462
854.767,1467
854.884,1433
855.002,1437
855.12,1423
855.238,1433
855.355,1455
855.473,1471
855.591,1468
855.708,1485
855.826,1414
855.944,1478
856.062,1445
856.179,1463
856.297,1419
856.415,1462
856.532,1476
856.65,1524
856.768,1459
856.886,1482
857.003,1465
857.121,1502
857.239,1504
857.356,1472
857.474,1536
857.592,1455
857.709,1474
857.827,1486
857.945,1488
858.062,1473
858.18,1477
858.298,1445
858.415,1501
858.533,1452
858.651,1451
858.768,1478
858.886,1448
859.003,1472
859.121,1433
859.239,1480
859.356,1474
859.474,1482
859.592,1469
859.709,1476
859.827,1449
859.944,1443
860.062,1397
860.18,1426
860.297,1440
860.415,1451
860.532,1427
860.65,1440
860.768,1413
860.885,1432
861.003,1413
861.12,1416
861.238,1451
861.356,1440
861.473,1426
861.591,1479
861.708,1463
861.826,1432
861.943,1409
862.061,1443
862.178,1450
862.296,1432
862.414,1414
862.531,1405
862.649,1381
862.766,1427
862.884,1437
863.001,1420
863.119,1406
863.236,1473
863.354,1430
863.471,1425
863.589,1429
863.706,1462
863.824,1455
863.941,1457
864.059,1438
864.176,1489
864.294,1429
864.411,1434
864.529,1436
864.646,1423
864.764,1426
864.881,1452
864.999,1413
865.116,1421
865.233,1390
865.351,1375
865.468,1432
865.586,1450
865.703,1425
865.821,1459
865.938,1410
866.056,1442
866.173,1400
866.29,1438
866.408,1454
866.525,1409
866.643,1442
866.76,1425
866.878,1428
866.995,1451
867.112,1454
867.23,1431
867.347,1388
867.465,1451
867.582,1431
867.699,1423
867.817,1417
867.934,1411
868.051,1426
868.169,1413
868.286,1440
868.404,1414
868.521,1386
868.638,1428
868.756,1399
868.873,1419
868.99,1474
869.108,1452
869.225,1439
869.342,1450
869.46,1418
869.577,1450
869.694,1417
869.812,1402
869.929,1418
870.046,1429
870.164,1388
870.281,1408
870.398,1470
870.516,1451
870.633,1450
870.75,1428
870.867,1428
870.985,1443
871.102,1439
871.219,1477
871.337,1435
871.454,1470
871.571,1438
871.688,1418
871.806,1454
871.923,1419
872.04,1453
872.157,1465
872.275,1455
872.392,1468
872.509,1442
872.626,1418
872.744,1444
872.861,1467
872.978,1455
873.095,1460
873.213,1467
873.33,1443
873.447,1464
873.564,1417
873.681,1439
873.799,1438
873.916,1430
874.033,1420
874.15,1487
874.267,1471
874.385,1414
874.502,1411
874.619,1453
874.736,1486
874.853,1446
874.97,1448
875.088,1448
875.205,1442
875.322,1448
875.439,1463
875.556,1433
875.673,1451
875.791,1454
875.908,1417
876.025,1424
876.142,1499
876.259,1400
876.376,1463
876.493,1446
876.61,1439
876.728,1452
876.845,1418
876.962,1469
877.079,1476
877.196,1437
877.313,1403
877.43,1408
877.547,1430
877.664,1432
877.781,1442
877.898,1446
878.016,1454
878.133,1458
878.25,1463
878.367,1440
878.484,1450
878.601,1399
878.718,1416
878.835,1419
878.952,1421
879.069,1398
879.186,1437
879.303,1412
879.42,1418
879.537,1414
879.654,1423
879.771,1474
879.888,1389
880.005,1426
880.122,1401
880.239,1446
880.356,1398
880.473,1389
880.59,1396
880.707,1423
880.824,1407
880.941,1396
881.058,1476
881.175,1427
881.292,1395
881.409,1437
881.526,1413
881.643,1430
881.76,1430
881.877,1403
881.994,1426
882.111,1432
882.228,1406
882.345,1421
882.462,1422
882.579,1444
882.696,1425
882.812,1423
882.929,1463
883.046,1457
883.163,1419
883.28,1442
883.397,1425
883.514,1433
883.631,1446
883.748,1425
883.865,1454
883.982,1438
884.098,1444
884.215,1452
884.332,1432
884.449,1427
884.566,1428
884.683,1419
884.8,1485
884.916,1452
885.033,1461
885.15,1455
885.267,1491
885.384,1512
885.501,1509
885.617,1512
885.734,1489
885.851,1501
885.968,1500
886.085,1513
886.202,1497
886.318,1541
886.435,1461
886.552,1500
886.669,1489
886.786,1501
886.902,1465
887.019,1479
887.136,1503
887.253,1498
887.369,1477
887.486,1489
887.603,1449
887.72,1465
887.837,1455
887.953,1455
888.07,1489
888.187,1422
888.304,1439
888.42,1457
888.537,1436
888.654,1441
888.77,1457
888.887,1452
889.004,1508
889.121,1472
889.237,1405
889.354,1456
889.471,1424
889.587,1425
889.704,1393
889.821,1394
889.938,1443
890.054,1428
890.171,1488
890.288,1438
890.404,1417
890.521,1456
890.638,1469
890.754,1505
890.871,1468
890.988,1471
891.104,1464
891.221,1444
891.337,1485
891.454,1476
891.571,1469
891.687,1490
891.804,1504
891.921,1474
892.037,1549
892.154,1539
892.27,1452
892.387,1498
892.504,1481
892.62,1467
892.737,1463
892.854,1490
892.97,1485
893.087,1444
893.203,1518
893.32,1467
893.436,1472
893.553,1440
893.67,1473
893.786,1448
893.903,1468
894.019,1484
894.136,1501
894.252,1474
894.369,1481
894.485,1489
894.602,1525
894.718,1474
894.835,1479
894.951,1453
895.068,1514
895.184,1471
895.301,1466
895.417,1466
895.534,1432
895.65,1443
895.767,1497
895.883,1515
896.0,1450
896.116,1464
896.233,1489
896.349,1515
896.466,1492
896.582,1480
896.699,1460
896.815,1475
896.932,1524
897.048,1475
897.165,1472
897.281,1499
897.397,1489
897.514,1497
897.63,1465
897.747,1501
897.863,1473
897.979,1497
898.096,1467
898.212,1473
898.329,1526
898.445,1482
898.561,1475
898.678,1517
898.794,1467
898.911,1480
899.027,1475
899.143,1502
899.26,1491
899.376,1468
899.492,1484
899.609,1516
899.725,1475
899.842,1484
899.958,1451
900.074,1498
900.191,1488
900.307,1488
900.423,1502
900.539,1491
900.656,1489
900.772,1543
900.888,1500
901.005,1455
901.121,1531
901.237,1455
901.354,1491
901.47,1503
901.586,1512
901.703,1466
901.819,1471
901.935,1516
902.051,1545
902.168,1528
902.284,1487
902.4,1495
902.516,1522
902.633,1557
902.749,1539
902.865,1550
902.981,1461
903.098,1562
903.214,1517
903.33,1505
903.446,1535
903.562,1472
903.679,1516
903.795,1562
903.911,1501
904.027,1544
904.143,1522
904.26,1566
904.376,1474
904.492,1541
904.608,1506
904.724,1498
904.841,1487
904.957,1538
905.073,1496
905.189,1511
905.305,1470
905.421,1515
905.538,1497
905.654,1474
905.77,1529
905.886,1509
906.002,1525
906.118,1522
906.234,1531
906.35,1505
906.466,1491
906.583,1492
906.699,1495
906.815,1518
906.931,1487
907.047,1462
907.163,1513
907.279,1498
907.395,1503
907.511,1505
907.627,1473
907.743,1483
907.859,1513
907.976,1478
908.092,1524
908.208,1508
908.324,1460
908.44,1532
908.556,1521
908.672,1515
908.788,1520
908.904,1517
909.02,1507
909.136,1504
909.252,1529
909.368,1510
909.484,1511
909.6,1498
909.716,1449
909.832,1526
909.948,1488
910.064,1523
910.18,1480
910.296,1521
910.412,1517
910.528,1494
910.644,1527
910.76,1550
910.875,1516
910.991,1514
911.107,1493
911.223,1527
911.339,1536
911.455,1535
911.571,1501
911.687,1511
911.803,1490
911.919,1517
912.035,1519
912.151,1492
912.267,1517
912.382,1518
912.498,1468
912.614,1522
912.73,1504
912.846,1537
792.446,2691
792.565,2571
792.684,2600
792.803,2507
792.922,2463
793.041,2481
793.16,2460
793.279,2394
793.398,2378
793.518,2381
793.637,2335
793.756,2362
793.875,2366
793.994,2313
794.113,2313
794.232,2260
794.351,2294
794.47,2240
794.589,2333
794.708,2301
794.827,2249
794.946,2244
795.066,2184
795.185,2221
795.304,2219
795.423,2183
795.542,2198
795.661,2228
795.78,2206
795.899,2147
796.018,2158
796.137,2136
796.256,2163
796.375,2142
796.494,2126
796.613,2145
796.732,2125
796.851,2057
796.97,2163
797.089,2067
797.208,2072
797.327,2054
797.446,2061
797.565,2086
797.684,2072
797.803,2036
797.922,2107
798.041,2090
798.16,2048
798.279,2037
798.398,2081
798.517,2036
798.636,2064
798.755,2058
798.874,2080
798.993,2047
799.112,2018
799.231,2009
799.35,2048
799.469,2096
799.588,2075
799.707,2002
799.826,2035
799.945,2086
800.064,2073
800.183,1996
800.302,2034
800.421,2051
800.54,2115
800.659,2052
800.778,2068
800.897,2074
801.016,2066
801.135,2069
801.254,2042
801.373,2009
801.492,2096
801.611,2035
801.729,2078
801.848,2068
801.967,2055
802.086,2094
802.205,2055
802.324,2039
802.443,2064
802.562,2088
802.681,2076
802.8,2120
802.919,2032
803.038,2077
803.157,2069
803.276,2071
803.394,2080
803.513,2066
803.632,2063
803.751,2073
803.87,2105
803.989,2095
804.108,2089
804.227,2077
804.346,2100
804.465,2055
804.583,2068
804.702,2107
804.821,2111
804.94,2109
805.059,2035
805.178,2158
805.297,2150
805.416,2125
805.535,2109
805.653,2115
805.772,2092
805.891,2134
806.01,2147
806.129,2120
806.248,2088
806.367,2148
806.485,2132
806.604,2152
806.723,2163
806.842,2145
806.961,2167
807.08,2094
807.198,2149
807.317,2104
807.436,2105
807.555,2144
807.674,2152
807.793,2149
807.912,2165
808.03,2185
808.149,2184
808.268,2175
808.387,2139
808.506,2150
808.624,2165
808.743,2165
808.862,2157
808.981,2230
809.1,2194
809.219,2230
809.337,2209
809.456,2200
809.575,2258
809.694,2151
809.812,2237
809.931,2248
810.05,2236
810.169,2237
810.288,2207
810.406,2257
810.525,2236
810.644,2221
810.763,2292
810.882,2263
811.0,2237
811.119,2270
811.238,2274
811.357,2177
811.475,2288
811.594,2208
811.713,2238
811.832,2258
811.95,2261
812.069,2219
812.188,2322
812.307,2260
812.425,2272
812.544,2297
812.663,2257
812.782,2240
812.9,2219
813.019,2257
813.138,2188
813.257,2271
813.375,2179
813.494,2229
813.613,2234
813.731,2228
813.85,2216
813.969,2225
814.088,2240
814.206,2240
814.325,2241
814.444,2254
814.562,2297
814.681,2201
814.8,2259
814.918,2216
815.037,2222
815.156,2216
815.274,2217
815.393,2202
815.512,2167
815.631,2155
815.749,2142
815.868,2078
815.987,2147
816.105,2137
816.224,2160
816.343,2130
816.461,2123
816.58,2095
816.698,2142
816.817,2092
816.936,2107
817.055,2199
817.173,2138
817.292,2139
817.41,2168
817.529,2159
817.648,2014
817.766,2037
817.885,2087
818.004,1988
818.122,1945
818.241,1958
818.359,1942
818.478,1885
818.597,1843
818.715,1882
818.834,1833
818.953,1765
819.071,1749
819.19,1767
819.308,1720
819.427,1737
819.546,1708
819.664,1701
819.783,1686
819.901,1710
820.02,1691
820.138,1666
820.257,1668
820.376,1702
820.494,1685
820.613,1726
820.731,1667
820.85,1667
820.969,1672
821.087,1644
821.206,1637
821.324,1660
821.443,1600
821.561,1628
821.68,1684
821.798,1636
821.917,1647
822.035,1643
822.154,1636
822.273,1562
822.391,1602
822.51,1570
822.628,1598
822.747,1600
822.865,1562
822.984,1574
823.102,1588
823.221,1563
823.339,1564
823.458,1508
823.576,1552
823.695,1555
823.813,1557
823.932,1575
824.05,1530
824.169,1550
824.287,1576
824.406,1594
824.524,1581
824.643,1573
824.761,1590
824.88,1592
824.998,1576
825.117,1551
825.235,1604
825.354,1594
825.472,1559
825.591,1545
825.709,1541
825.828,1495
825.946,1529
826.064,1498
826.183,1527
826.301,1495
826.42,1492
826.538,1502
826.657,1509
826.775,1471
826.894,1472
827.012,1504
827.13,1474
827.249,1486
827.367,1480
827.486,1529
827.604,1507
827.723,1425
827.841,1451
827.959,1450
828.078,1428
828.196,1430
828.315,1446
828.433,1471
828.552,1493
828.67,1500
828.788,1426
828.907,1460
829.025,1431
829.143,1445
829.262,1456
829.38,1446
829.499,1476
829.617,1465
829.735,1472
829.854,1410
829.972,1455
830.091,1405
830.209,1434
830.327,1440
830.446,1385
830.564,1450
830.682,1379
830.801,1428
830.919,1446
831.037,1454
831.156,1436
831.274,1438
831.392,1464
831.511,1422
831.629,1477
831.747,1409
831.866,1431
831.984,1398
832.102,1454
832.221,1412
832.339,1433
832.457,1412
832.576,1458
832.694,1429
832.812,1411
832.93,1421
833.049,1455
833.167,1417
833.285,1416
833.404,1454
833.522,1452
833.64,1445
833.759,1424
833.877,1450
833.995,1448
834.113,1471
834.232,1415
834.35,1447
834.468,1477
834.586,1407
834.705,1448
834.823,1449
834.941,1455
835.059,1423
835.178,1449
835.296,1433
835.414,1456
835.532,1449
835.651,1467
835.769,1456
835.887,1414
836.005,1439
836.124,1467
836.242,1467
836.36,1443
836.478,1490
836.596,1473
836.715,1476
836.833,1497
836.951,1505
837.069,1477
837.188,1534
837.306,1508
837.424,1554
837.542,1528
837.66,1452
837.779,1514
837.897,1530
838.015,1495
838.133,1473
838.251,1493
838.369,1524
838.487,1566
838.606,1539
838.724,1519
838.842,1539
838.96,1471
839.078,1455
839.196,1514
839.315,1490
839.433,1486
839.551,1493
839.669,1497
839.787,1513
839.905,1497
840.023,1470
840.142,1502
840.26,1485
840.378,1520
840.496,1541
840.614,1475
840.732,1482
840.85,1517
840.968,1481
841.087,1498
841.205,2052
841.323,3951
841.441,1558
841.559,1493
841.677,1504
841.795,1479
841.913,1477
842.031,1483
842.149,1511
842.267,1480
842.385,1501
842.504,1476
842.622,1498
842.74,1470
842.858,1477
842.976,1478
843.094,1515
843.212,1464
843.33,1489
843.448,1490
843.566,1486
843.684,1488
843.802,1501
843.92,1506
844.038,1505
844.156,1509
844.274,1502
844.392,1502
844.51,1499
844.628,1528
844.746,1515
844.864,1485
844.982,1518
845.1,1539
845.218,1531
845.336,1523
845.454,1503
845.572,1506
845.69,1521
845.808,1547
845.926,1514
846.044,1546
846.162,1490
846.28,1509
846.398,1533
846.516,1524
846.634,1571
846.752,1530
846.87,1558
846.988,1532
847.106,1522
847.224,1543
847.342,1565
847.46,1553
847.578,1608
847.696,1544
847.814,1626
847.932,1596
848.05,1554
848.168,1600
848.285,1538
848.403,1609
848.521,1577
848.639,1555
848.757,1623
848.875,1594
848.993,1583
849.111,1601
849.229,1567
849.347,1564
849.465,1607
849.582,1555
849.7,1569
849.818,1541
849.936,1604
850.054,1559
850.172,1578
850.29,1561
850.408,1613
850.525,1534
850.643,1575
850.761,1520
850.879,1574
850.997,1578
851.115,1573
851.233,1541
851.35,1520
851.468,1524
851.586,1503
851.704,1480
851.822,1477
851.94,1527
852.057,1501
852.175,1500
852.293,1527
852.411,1480
852.529,1523
852.647,1506
852.764,1507
852.882,1509
853.0,1487
853.118,1484
853.236,1438
853.353,1469
853.471,1466
853.589,1459
853.707,1455
853.824,1483
853.942,1440
854.06,1438
854.178,1420
854.296,1484
854.413,1483
854.531,1450
854.649,1472
854.767,1414
854.884,1482
855.002,1479
855.12,1480
855.238,1483
855.355,1455
855.473,1468
855.591,1494
855.708,1435
855.826,1517
855.944,1478
856.062,1486
856.179,1481
856.297,1491
856.415,1480
856.532,1465
856.65,1541
856.768,1492
856.886,1509
857.003,1508
857.121,1530
857.239,1477
857.356,1479
857.474,1514
857.592,1482
857.709,1507
857.827,1468
857.945,1507
858.062,1490
858.18,1509
858.298,1493
858.415,1486
858.533,1466
858.651,1459
858.768,1438
858.886,1499
859.003,1468
859.121,1445
859.239,1494
859.356,1447
859.474,1469
859.592,1441
859.709,1495
859.827,1427
859.944,1459
860.062,1520
860.18,1455
860.297,1469
860.415,1478
860.532,1456
860.65,1493
860.768,1433
860.885,1445
861.003,1436
861.12,1473
861.238,1440
861.356,1411
861.473,1428
861.591,1425
861.708,1467
861.826,1446
861.943,1476
862.061,1450
862.178,1477
862.296,1415
862.414,1459
862.531,1424
862.649,1445
862.766,1438
862.884,1446
863.001,1419
863.119,1452
863.236,1431
863.354,1487
863.471,1515
863.589,1437
863.706,1479
863.824,1462
863.941,1440
864.059,1457
864.176,1482
864.294,1501
864.411,1429
864.529,1451
864.646,1514
864.764,1450
864.881,1433
864.999,1419
865.116,1439
865.233,1404
865.351,1437
865.468,1466
865.586,1456
865.703,1434
865.821,1425
865.938,1426
866.056,1495
866.173,1411
866.29,1432
866.408,1423
866.525,1436
866.643,1431
866.76,1504
866.878,1445
866.995,1478
867.112,1435
867.23,1435
867.347,1431
867.465,1467
867.582,1440
867.699,1492
867.817,1425
867.934,1404
868.051,1463
868.169,1419
868.286,1442
868.404,1457
868.521,1455
868.638,1437
868.756,1440
868.873,1437
868.99,1453
869.108,1466
869.225,1438
869.342,1429
869.46,1497
869.577,1429
869.694,1469
869.812,1465
869.929,1453
870.046,1425
870.164,1441
870.281,1456
870.398,1427
870.516,1432
870.633,1478
870.75,1463
870.867,1457
870.985,1446
871.102,1455
871.219,1462
871.337,1464
871.454,1443
871.571,1440
871.688,1473
871.806,1411
871.923,1428
872.04,1482
872.157,1501
872.275,1443
872.392,1462
872.509,1483
872.626,1523
872.744,1463
872.861,1461
872.978,1433
873.095,1468
873.213,1449
873.33,1488
873.447,1443
873.564,1447
873.681,1448
873.799,1506
873.916,1461
874.033,1418
874.15,1452
874.267,1459
874.385,1460
874.502,1416
874.619,1442
874.736,1447
874.853,1454
874.97,1501
875.088,1439
875.205,1502
875.322,1444
875.439,1419
875.556,1464
875.673,1467
875.791,1467
875.908,1457
876.025,1433
876.142,1455
876.259,1467
876.376,1450
876.493,1418
876.61,1481
876.728,1478
876.845,1477
876.962,1477
877.079,1494
877.196,1489
877.313,1479
877.43,1434
877.547,1466
877.664,1451
877.781,1474
877.898,1484
878.016,1475
878.133,1478
878.25,1438
878.367,1440
878.484,1441
878.601,1444
878.718,1453
878.835,1481
878.952,1475
879.069,1401
879.186,1467
879.303,1423
879.42,1454
879.537,1424
879.654,1472
879.771,1450
879.888,1398
880.005,1470
880.122,1419
880.239,1457
880.356,1449
880.473,1444
880.59,1450
880.707,1466
880.824,1431
880.941,1438
881.058,1438
881.175,1430
881.292,1438
881.409,1424
881.526,1439
881.643,1447
881.76,1443
881.877,1450
881.994,1465
882.111,1475
882.228,1417
882.345,1431
882.462,1416
882.579,1462
882.696,1412
882.812,1426
882.929,1432
883.046,1450
883.163,1443
883.28,1456
883.397,1440
883.514,1455
883.631,1481
883.748,1472
883.865,1522
883.982,1445
884.098,1466
884.215,1448
884.332,1487
884.449,1465
884.566,1452
884.683,1493
884.8,1488
884.916,1461
885.033,1503
885.15,1475
885.267,1540
885.384,1506
885.501,1544
885.617,1530
885.734,1497
885.851,1490
885.968,1509
886.085,1509
886.202,1520
886.318,1522
886.435,1544
886.552,1485
886.669,1539
886.786,1462
886.902,1525
887.019,1508
887.136,1459
887.253,1513
887.369,1504
887.486,1522
887.603,1460
887.72,1522
887.837,1502
887.953,1457
888.07,1507
888.187,1492
888.304,1466
888.42,1490
888.537,1508
888.654,1492
888.77,1484
888.887,1486
889.004,1469
889.121,1443
889.237,1505
889.354,1466
889.471,1444
889.587,1509
889.704,1452
889.821,1457
889.938,1458
890.054,1480
890.171,1519
890.288,1463
890.404,1468
890.521,1446
890.638,1503
890.754,1450
890.871,1464
890.988,1483
891.104,1502
891.221,1500
891.337,1510
891.454,1505
891.571,1478
891.687,1485
891.804,1491
891.921,1504
892.037,1493
892.154,1563
892.27,1514
892.387,1518
892.504,1538
892.62,1505
892.737,1501
892.854,1500
892.97,1473
893.087,1522
893.203,1466
893.32,1495
893.436,1529
893.553,1479
893.67,1495
893.786,1494
893.903,1468
894.019,1526
894.136,1520
894.252,1504
894.369,1476
894.485,1516
894.602,1488
894.718,1500
894.835,1507
894.951,1493
895.068,1471
895.184,1469
895.301,1494
895.417,1483
895.534,1490
895.65,1512
895.767,1525
895.883,1511
896.0,1511
896.116,1488
896.233,1514
896.349,1479
896.466,1519
896.582,1514
896.699,1463
896.815,1513
896.932,1528
897.048,1509
897.165,1518
897.281,1520
897.397,1500
897.514,1511
897.63,1540
897.747,1499
897.863,1563
897.979,1527
898.096,1483
898.212,1494
898.329,1541
898.445,1490
898.561,1513
898.678,1519
898.794,1519
898.911,1501
899.027,1464
899.143,1550
899.26,1509
899.376,1534
899.492,1478
899.609,1489
899.725,1547
899.842,1512
899.958,1546
900.074,1526
900.191,1574
900.307,1501
900.423,1533
900.539,1510
900.656,1505
900.772,1483
900.888,1507
901.005,1514
901.121,1511
901.237,1510
901.354,1525
901.47,1504
901.586,1529
901.703,1524
901.819,1544
901.935,1520
902.051,1509
902.168,1546
902.284,1574
902.4,1558
902.516,1560
902.633,1549
902.749,1575
902.865,1556
902.981,1576
903.098,1566
903.214,1534
903.33,1561
903.446,1566
903.562,1526
903.679,1583
903.795,1566
903.911,1589
904.027,1552
904.143,1566
904.26,1568
904.376,1548
904.492,1562
904.608,1510
904.724,1508
904.841,1507
904.957,1506
905.073,1582
905.189,1531
905.305,1595
905.421,1561
905.538,1572
905.654,1513
905.77,1511
905.886,1537
906.002,1543
906.118,1535
906.234,1541
906.35,1546
906.466,1544
906.583,1555
906.699,1538
906.815,1504
906.931,1561
907.047,1525
907.163,1491
907.279,1552
907.395,1541
907.511,1543
907.627,1543
907.743,1511
907.859,1538
907.976,1530
908.092,1606
908.208,1576
908.324,1586
908.44,1566
908.556,1534
908.672,1546
908.788,1559
908.904,1547
909.02,1519
909.136,1542
909.252,1533
909.368,1533
909.484,1557
909.6,1523
909.716,1544
909.832,1533
909.948,1532
910.064,1544
910.18,1555
910.296,1529
910.412,1506
910.528,1514
910.644,1536
910.76,1544
910.875,1548
910.991,1573
911.107,1545
911.223,1578
911.339,1528
911.455,1565
911.571,1531
911.687,1502
911.803,1556
911.919,1495
912.035,1539
912.151,1551
912.267,1554
912.382,1532
912.498,1503
912.614,1571
912.73,1511
912.846,1547
792.446,2652
792.565,2610
792.684,2586
792.803,2580
792.922,2482
793.041,2432
793.16,2420
793.279,2471
793.398,2448
793.518,2331
793.637,2379
793.756,2396
793.875,2364
793.994,2370
794.113,2350
794.232,2320
794.351,2306
794.47,2264
794.589,2251
794.708,2274
794.827,2273
794.946,2277
795.066,2244
795.185,2266
795.304,2269
795.423,2198
795.542,2182
795.661,2140
795.78,2181
795.899,2102
796.018,2257
796.137,2121
796.256,2171
796.375,2106
796.494,2160
796.613,2138
796.732,2114
796.851,2108
796.97,2091
797.089,2108
797.208,2130
797.327,2112
797.446,2105
797.565,2093
797.684,2117
797.803,2070
797.922,2056
798.041,2090
798.16,2051
798.279,2088
798.398,2015
798.517,2096
798.636,2048
798.755,2088
798.874,2079
798.993,2076
799.112,2098
799.231,2067
799.35,2077
799.469,2043
799.588,1992
799.707,2052
799.826,2055
799.945,2076
800.064,2032
800.183,2042
800.302,2036
800.421,2028
800.54,2093
800.659,2056
800.778,2050
800.897,2067
801.016,2086
801.135,2043
801.254,2086
801.373,2037
801.492,2082
801.611,2094
801.729,2090
801.848,2069
801.967,2089
802.086,2051
802.205,2032
802.324,2080
802.443,2113
802.562,2114
802.681,2118
802.8,2102
802.919,2119
803.038,2064
803.157,2097
803.276,2079
803.394,2082
803.513,2079
803.632,2137
803.751,2040
803.87,2099
803.989,2114
804.108,2088
804.227,2101
804.346,2083
804.465,2137
804.583,2122
804.702,2128
804.821,2115
804.94,2085
805.059,2057
805.178,2124
805.297,2090
805.416,2105
805.535,2146
805.653,2122
805.772,2138
805.891,2161
806.01,2143
806.129,2171
806.248,2146
806.367,2197
806.485,2076
806.604,2177
806.723,2219
806.842,2142
806.961,2115
807.08,2130
807.198,2142
807.317,2183
807.436,2186
807.555,2127
807.674,2165
807.793,2173
807.912,2118
808.03,2161
808.149,2195
808.268,2219
808.387,2174
808.506,2203
808.624,2163
808.743,2160
808.862,2174
808.981,2211
809.1,2192
809.219,2222
809.337,2301
809.456,2250
809.575,2202
809.694,2301
809.812,2219
809.931,2232
810.05,2239
810.169,2271
810.288,2314
810.406,2269
810.525,2293
810.644,2219
810.763,2301
810.882,2271
811.0,2295
811.119,2259
811.238,2267
811.357,2291
811.475,2271
811.594,2215
811.713,2240
811.832,2291
811.95,2300
812.069,2271
812.188,2251
812.307,2284
812.425,2272
812.544,2252
812.663,2213
812.782,2270
812.9,2229
813.019,2299
813.138,2215
813.257,2258
813.375,2207
813.494,2248
813.613,2281
813.731,2250
813.85,2286
813.969,2249
814.088,2300
814.206,2225
814.325,2251
814.444,2241
814.562,2244
814.681,2197
814.8,2260
814.918,2240
815.037,2271
815.156,2198
815.274,2214
815.393,2206
815.512,2200
815.631,2170
815.749,2155
815.868,2115
815.987,2160
816.105,2109
816.224,2143
816.343,2093
816.461,2153
816.58,2149
816.698,2226
816.817,2148
816.936,2113
817.055,2191
817.173,2184
817.292,2221
817.41,2186
817.529,2128
817.648,2119
817.766,2064
817.885,1975
818.004,2035
818.122,1994
818.241,1966
818.359,1897
818.478,1900
818.597,1854
818.715,1846
818.834,1853
818.953,1797
819.071,1786
819.19,1775
819.308,1786
819.427,1704
819.546,1699
819.664,1769
819.783,1709
819.901,1709
820.02,1695
820.138,1725
820.257,1749
820.376,1669
820.494,1696
820.613,1683
820.731,1696
820.85,1708
820.969,1625
821.087,1674
821.206,1674
821.324,1664
821.443,1608
821.561,1675
821.68,1679
821.798,1641
821.917,1643
822.035,1667
822.154,1646
822.273,1628
822.391,1622
822.51,1655
822.628,1572
822.747,1577
822.865,1601
822.984,1595
823.102,1558
823.221,1600
823.339,1575
823.458,1545
823.576,1596
823.695,1577
823.813,1565
823.932,1545
824.05,1584
824.169,1550
824.287,1604
824.406,1585
824.524,1590
824.643,1584
824.761,1588
824.88,1614
824.998,1549
825.117,1578
825.235,1594
825.354,1600
825.472,1542
825.591,1564
825.709,1587
825.828,1531
825.946,1557
826.064,1583
826.183,1527
826.301,1523
826.42,1522
826.538,1556
826.657,1549
826.775,1478
826.894,1517
827.012,1491
827.13,1501
827.249,1508
827.367,1523
827.486,1487
827.604,1487
827.723,1497
827.841,1489
827.959,1446
828.078,1477
828.196,1483
828.315,1428
828.433,1459
828.552,1445
828.67,1459
828.788,1442
828.907,1493
829.025,1431
829.143,1455
829.262,1440
829.38,1444
829.499,1463
829.617,1458
829.735,1452
829.854,1398
829.972,1477
830.091,1486
830.209,1443
830.327,1399
830.446,1453
830.564,1431
830.682,1452
830.801,1460
830.919,1431
831.037,1490
831.156,1434
831.274,1440
831.392,1456
831.511,1456
831.629,1448
831.747,1435
831.866,1446
831.984,1443
832.102,1474
832.221,1452
832.339,1458
832.457,1416
832.576,1405
832.694,1423
832.812,1451
832.93,1457
833.049,1437
833.167,1406
833.285,1468
833.404,1465
833.522,1436
833.64,1458
833.759,1468
833.877,1432
833.995,1481
834.113,1483
834.232,1474
834.35,1456
834.468,1473
834.586,1481
834.705,1432
834.823,1453
834.941,1450
835.059,1448
835.178,1440
835.296,1422
835.414,1405
835.532,1453
835.651,1473
835.769,1451
835.887,1467
836.005,1459
836.124,1448
836.242,1460
836.36,1490
836.478,1451
836.596,1482
836.715,1479
836.833,1511
836.951,1532
837.069,1497
837.188,1528
837.306,1521
837.424,1528
837.542,1497
837.66,1514
837.779,1542
837.897,1512
838.015,1515
838.133,1516
838.251,1515
838.369,1550
838.487,1509
838.606,1510
838.724,1547
838.842,1500
838.96,1543
839.078,1536
839.196,1533
839.315,1508
839.433,1574
839.551,1525
839.669,1530
839.787,1520
839.905,1517
840.023,1483
840.142,1505
840.26,1532
840.378,1539
840.496,1541
840.614,1543
840.732,1512
840.85,1504
840.968,1508
841.087,1570
841.205,1489
841.323,1512
841.441,1516
841.559,1516
841.677,1536
841.795,1525
841.913,1503
842.031,1498
842.149,1525
842.267,1493
842.385,1522
842.504,1474
842.622,1502
842.74,1522
842.858,1501
842.976,1496
843.094,1525
843.212,1496
843.33,1485
843.448,1538
843.566,1491
843.684,1503
843.802,1501
843.92,1534
844.038,1538
844.156,1491
844.274,1529
844.392,1493
844.51,1493
844.628,1561
844.746,1553
844.864,1527
844.982,1562
845.1,1486
845.218,1548
845.336,1541
845.454,1510
845.572,1534
845.69,1511
845.808,1528
845.926,1534
846.044,1527
846.162,1500
846.28,1582
846.398,1550
846.516,1527
846.634,1540
846.752,1554
846.87,1582
846.988,1558
847.106,1577
847.224,1585
847.342,1563
847.46,1584
847.578,1605
847.696,1594
847.814,1610
847.932,1600
848.05,1585
848.168,1590
848.285,1605
848.403,1626
848.521,1592
848.639,1588
848.757,1576
848.875,1617
848.993,1581
849.111,1587
849.229,1552
849.347,1581
849.465,1567
849.582,1609
849.7,1593
849.818,1629
849.936,1588
850.054,1617
850.172,1577
850.29,1585
850.408,1572
850.525,1586
850.643,1600
850.761,1582
850.879,1591
850.997,1547
851.115,1572
851.233,1512
851.35,1524
851.468,1551
851.586,1547
851.704,1487
851.822,1562
851.94,1531
852.057,1510
852.175,1554
852.293,1502
852.411,1526
852.529,1538
852.647,1547
852.764,1519
852.882,1521
853.0,1521
853.118,1496
853.236,1521
853.353,1491
853.471,1508
853.589,1420
853.707,1461
853.824,1512
853.942,1472
854.06,1439
854.178,1473
854.296,1471
854.413,1520
854.531,1450
854.649,1441
854.767,1499
854.884,1501
855.002,1465
855.12,1443
855.238,1510
855.355,1459
855.473,1471
855.591,1478
855.708,1478
855.826,1491
855.944,1449
856.062,1501
856.179,1467
856.297,1497
856.415,1513
856.532,1458
856.65,1498
856.768,1499
856.886,1523
857.003,1505
857.121,1493
857.239,1530
857.356,1517
857.474,1521
857.592,1514
857.709,1481
857.827,1501
857.945,1479
858.062,1554
858.18,1501
858.298,1482
858.415,1522
858.533,1504
858.651,1503
858.768,1517
858.886,1508
859.003,1517
859.121,1488
859.239,1509
859.356,1447
859.474,1476
859.592,1481
859.709,1479
859.827,1508
859.944,1437
860.062,1466
860.18,1446
860.297,1462
860.415,1399
860.532,1504
860.65,1430
860.768,1477
860.885,1462
861.003,1442
861.12,1441
861.238,1434
861.356,1452
861.473,1464
861.591,1477
861.708,1454
861.826,1452
861.943,1468
862.061,1470
862.178,1472
862.296,1439
862.414,1466
862.531,1433
862.649,1458
862.766,1413
862.884,1448
863.001,1470
863.119,1457
863.236,1451
863.354,1459
863.471,1463
863.589,1515
863.706,1499
863.824,1506
863.941,1443
864.059,1496
864.176,1503
864.294,1469
864.411,1488
864.529,1439
864.646,1451
864.764,1452
864.881,1485
864.999,1431
865.116,1491
865.233,1433
865.351,1423
865.468,1463
865.586,1459
865.703,1476
865.821,1457
865.938,1484
866.056,1465
866.173,1467
866.29,1481
866.408,1447
866.525,1493
866.643,1465
866.76,1474
866.878,1456
866.995,1424
867.112,1503
867.23,1460
867.347,1430
867.465,1463
867.582,1479
867.699,1485
867.817,1433
867.934,1498
868.051,1445
868.169,1432
868.286,1439
868.404,1359
868.521,1437
868.638,1467
868.756,1425
868.873,1483
868.99,1453
869.108,1477
869.225,1439
869.342,1447
869.46,1471
869.577,1446
869.694,1424
869.812,1455
869.929,1495
870.046,1451
870.164,1459
870.281,1493
870.398,1472
870.516,1451
870.633,1477
870.75,1460
870.867,1460
870.985,1472
871.102,1459
871.219,1451
871.337,1451
871.454,1492
871.571,1486
871.688,1469
871.806,1444
871.923,1520
872.04,1437
872.157,1470
872.275,1490
872.392,1482
872.509,1468
872.626,1480
872.744,1504
872.861,1475
872.978,1464
873.095,1481
873.213,1460
873.33,1465
873.447,1502
873.564,1439
873.681,1473
873.799,1482
873.916,1457
874.033,1479
874.15,1465
874.267,1497
874.385,1469
874.502,1501
874.619,1450
874.736,1483
874.853,1431
874.97,1482
875.088,1460
875.205,1453
875.322,1486
875.439,1483
875.556,1465
875.673,1491
875.791,1490
875.908,1488
876.025,1497
876.142,1500
876.259,1483
876.376,1500
876.493,1475
876.61,1488
876.728,1476
876.845,1515
876.962,1473
877.079,1464
877.196,1479
877.313,1454
877.43,1468
877.547,1472
877.664,1507
877.781,1431
877.898,1515
878.016,1480
878.133,1459
878.25,1489
878.367,1473
878.484,1444
878.601,1447
878.718,1463
878.835,1453
878.952,1468
879.069,1444
879.186,1438
879.303,1488
879.42,1437
879.537,1444
879.654,1502
879.771,1420
879.888,1436
880.005,1489
880.122,1462
880.239,1499
880.356,1439
880.473,1522
880.59,1433
880.707,1457
880.824,1429
880.941,1444
881.058,1458
881.175,1491
881.292,1449
881.409,1456
881.526,1470
881.643,1438
881.76,1468
881.877,1464
881.994,1474
882.111,1474
882.228,1441
882.345,1458
882.462,1465
882.579,1442
882.696,1452
882.812,1435
882.929,1439
883.046,1464
883.163,1455
883.28,1490
883.397,1446
883.514,1439
883.631,1482
883.748,1482
883.865,1478
883.982,1464
884.098,1471
884.215,1457
884.332,1513
884.449,1496
884.566,1470
884.683,1438
884.8,1450
884.916,1493
885.033,1489
885.15,1476
885.267,1518
885.384,1567
885.501,1541
885.617,1517
885.734,1508
885.851,1554
885.968,1526
886.085,1542
886.202,1523
886.318,1496
886.435,1571
886.552,1529
886.669,1508
886.786,1526
886.902,1515
887.019,1524
887.136,1504
887.253,1549
887.369,1540
887.486,1499
887.603,1484
887.72,1513
887.837,1496
887.953,1489
888.07,1489
888.187,1519
888.304,1491
888.42,1488
888.537,1466
888.654,1478
888.77,1494
888.887,1528
889.004,1483
889.121,1469
889.237,1509
889.354,1515
889.471,1494
889.587,1452
889.704,1489
889.821,1503
889.938,1474
890.054,1497
890.171,1484
890.288,1487
890.404,1473
890.521,1503
890.638,1475
890.754,1478
890.871,1478
890.988,1450
891.104,1512
891.221,1491
891.337,1475
891.454,1513
891.571,1563
891.687,1522
891.804,1522
891.921,1517
892.037,1531
892.154,1522
892.27,1502
892.387,1533
892.504,1579
892.62,1529
892.737,1550
892.854,1534
892.97,1536
893.087,1517
893.203,1505
893.32,1481
893.436,1499
893.553,1523
893.67,1485
893.786,1502
893.903,1488
894.019,1513
894.136,1491
894.252,1495
894.369,1503
894.485,1481
894.602,1519
894.718,1495
894.835,1544
894.951,1547
895.068,1502
895.184,1508
895.301,1489
895.417,1529
895.534,1484
895.65,1528
895.767,1529
895.883,1491
896.0,1502
896.116,1507
896.233,1501
896.349,1553
896.466,1495
896.582,1472
896.699,1539
896.815,1510
896.932,1507
897.048,1565
897.165,1521
897.281,1501
897.397,1484
897.514,1532
897.63,1512
897.747,1538
897.863,1569
897.979,1514
898.096,1531
898.212,1534
898.329,1496
898.445,1498
898.561,1556
898.678,1478
898.794,1517
898.911,1493
899.027,1550
899.143,1523
899.26,1504
899.376,1540
899.492,1516
899.609,1545
899.725,1521
899.842,1521
899.958,1525
900.074,1542
900.191,1559
900.307,1575
900.423,1582
900.539,1530
900.656,1509
900.772,1563
900.888,1525
901.005,1525
901.121,1512
901.237,1544
901.354,1495
901.47,1507
901.586,1546
901.703,1544
901.819,1550
901.935,1567
902.051,1534
902.168,1528
902.284,1581
902.4,1521
902.516,1524
902.633,1606
902.749,1563
902.865,1560
902.981,1560
903.098,1550
903.214,1548
903.33,1594
903.446,1594
903.562,1573
903.679,1547
903.795,1538
903.911,1570
904.027,1583
904.143,1562
904.26,1570
904.376,1530
904.492,1568
904.608,1545
904.724,1530
904.841,1564
904.957,1564
905.073,1531
905.189,1600
905.305,1530
905.421,1546
905.538,1557
905.654,1569
905.77,1543
905.886,1596
906.002,1572
906.118,1541
906.234,1550
906.35,1565
906.466,1599
906.583,1555
906.699,1545
906.815,1552
906.931,1562
907.047,1547
907.163,1592
907.279,1511
907.395,1545
907.511,1533
907.627,1554
907.743,1552
907.859,1583
907.976,1562
908.092,1548
908.208,1553
908.324,1579
908.44,1524
908.556,1552
908.672,1600
908.788,1570
908.904,1583
909.02,1572
909.136,1546
909.252,1537
909.368,1568
909.484,1573
909.6,1601
909.716,1574
909.832,1613
909.948,1527
910.064,1514
910.18,1535
910.296,1521
910.412,1542
910.528,1524
910.644,1575
910.76,1549
910.875,1528
910.991,1591
911.107,1552
911.223,1552
911.339,1540
911.455,1568
911.571,1524
911.687,1535
911.803,1575
911.919,1570
912.035,1537
912.151,1508
912.267,1545
912.382,1575
912.498,1559
912.614,1557
912.73,1535
912.846,1570
