792.446,1104
792.565,1113
792.684,1164
792.803,1123
792.922,1020
793.041,994
793.16,993
793.279,966
793.398,969
793.518,957
793.637,937
793.756,931
793.875,951
793.994,906
794.113,885
794.232,886
794.351,866
794.47,846
794.589,868
794.708,830
794.827,840
794.946,789
795.066,883
795.185,839
795.304,797
795.423,802
795.542,787
795.661,801
795.78,811
795.899,747
796.018,741
796.137,751
796.256,765
796.375,751
796.494,796
796.613,722
796.732,735
796.851,759
796.97,736
797.089,737
797.208,736
797.327,730
797.446,725
797.565,719
797.684,739
797.803,710
797.922,693
798.041,722
798.16,683
798.279,696
798.398,701
798.517,673
798.636,741
798.755,690
798.874,696
798.993,679
799.112,675
799.231,677
799.35,699
799.469,692
799.588,680
799.707,694
799.826,685
799.945,654
800.064,685
800.183,664
800.302,651
800.421,668
800.54,660
800.659,653
800.778,669
800.897,650
801.016,660
801.135,669
801.254,662
801.373,656
801.492,631
801.611,650
801.729,666
801.848,652
801.967,648
802.086,662
802.205,641
802.324,628
802.443,633
802.562,642
802.681,643
802.8,629
802.919,674
803.038,634
803.157,650
803.276,633
803.394,651
803.513,632
803.632,640
803.751,620
803.87,653
803.989,628
804.108,622
804.227,627
804.346,646
804.465,629
804.583,619
804.702,625
804.821,620
804.94,641
805.059,604
805.178,636
805.297,625
805.416,635
805.535,619
805.653,630
805.772,641
805.891,641
806.01,608
806.129,639
806.248,624
806.367,619
806.485,622
806.604,634
806.723,634
806.842,610
806.961,622
807.08,628
807.198,614
807.317,611
807.436,594
807.555,627
807.674,633
807.793,575
807.912,620
808.03,600
808.149,619
808.268,606
808.387,605
808.506,643
808.624,617
808.743,595
808.862,593
808.981,601
809.1,619
809.219,607
809.337,612
809.456,603
809.575,615
809.694,618
809.812,611
809.931,653
810.05,633
810.169,619
810.288,611
810.406,602
810.525,598
810.644,595
810.763,629
810.882,608
811.0,612
811.119,607
811.238,609
811.357,611
811.475,632
811.594,606
811.713,637
811.832,627
811.95,635
812.069,617
812.188,630
812.307,627
812.425,650
812.544,595
812.663,636
812.782,631
812.9,620
813.019,615
813.138,604
813.257,601
813.375,599
813.494,596
813.613,625
813.731,592
813.85,603
813.969,606
814.088,607
814.206,612
814.325,638
814.444,581
814.562,613
814.681,619
814.8,602
814.918,600
815.037,620
815.156,592
815.274,605
815.393,603
815.512,600
815.631,593
815.749,600
815.868,605
815.987,611
816.105,600
816.224,609
816.343,595
816.461,630
816.58,618
816.698,625
816.817,585
816.936,620
817.055,617
817.173,628
817.292,618
817.41,620
817.529,604
817.648,573
817.766,612
817.885,580
818.004,569
818.122,556
818.241,596
818.359,551
818.478,566
818.597,591
818.715,582
818.834,575
818.953,587
819.071,550
819.19,553
819.308,575
819.427,552
819.546,556
819.664,560
819.783,563
819.901,545
820.02,572
820.138,549
820.257,557
820.376,567
820.494,581
820.613,557
820.731,568
820.85,543
820.969,561
821.087,555
821.206,560
821.324,550
821.443,557
821.561,536
821.68,551
821.798,565
821.917,556
822.035,548
822.154,547
822.273,550
822.391,526
822.51,549
822.628,556
822.747,566
822.865,544
822.984,538
823.102,543
823.221,568
823.339,572
823.458,558
823.576,556
823.695,539
823.813,544
823.932,555
824.05,549
824.169,553
824.287,532
824.406,561
824.524,560
824.643,546
824.761,562
824.88,544
824.998,557
825.117,560
825.235,552
825.354,538
825.472,536
825.591,549
825.709,562
825.828,520
825.946,528
826.064,536
826.183,532
826.301,539
826.42,556
826.538,546
826.657,523
826.775,536
826.894,528
827.012,535
827.13,555
827.249,530
827.367,551
827.486,545
827.604,531
827.723,521
827.841,530
827.959,518
828.078,544
828.196,521
828.315,524
828.433,536
828.552,541
828.67,536
828.788,536
828.907,529
829.025,521
829.143,521
829.262,541
829.38,554
829.499,518
829.617,547
829.735,539
829.854,514
829.972,557
830.091,552
830.209,513
830.327,520
830.446,522
830.564,508
830.682,531
830.801,520
830.919,527
831.037,528
831.156,555
831.274,537
831.392,547
831.511,491
831.629,537
831.747,529
831.866,527
831.984,552
832.102,535
832.221,554
832.339,546
832.457,549
832.576,536
832.694,531
832.812,539
832.93,515
833.049,529
833.167,534
833.285,513
833.404,535
833.522,519
833.64,535
833.759,550
833.877,526
833.995,547
834.113,540
834.232,549
834.35,527
834.468,549
834.586,527
834.705,546
834.823,545
834.941,548
835.059,523
835.178,529
835.296,530
835.414,553
835.532,531
835.651,533
835.769,522
835.887,531
836.005,528
836.124,521
836.242,542
836.36,524
836.478,533
836.596,542
836.715,544
836.833,549
836.951,514
837.069,530
837.188,534
837.306,513
837.424,504
837.542,527
837.66,548
837.779,536
837.897,527
838.015,523
838.133,533
838.251,521
838.369,548
838.487,553
838.606,531
838.724,545
838.842,551
838.96,512
839.078,539
839.196,540
839.315,548
839.433,551
839.551,567
839.669,544
839.787,539
839.905,552
840.023,581
840.142,541
840.26,557
840.378,551
840.496,554
840.614,583
840.732,571
840.85,576
840.968,541
841.087,563
841.205,551
841.323,564
841.441,558
841.559,567
841.677,558
841.795,606
841.913,594
842.031,562
842.149,570
842.267,551
842.385,571
842.504,562
842.622,586
842.74,580
842.858,541
842.976,555
843.094,559
843.212,563
843.33,562
843.448,565
843.566,547
843.684,571
843.802,563
843.92,563
844.038,560
844.156,549
844.274,567
844.392,561
844.51,554
844.628,548
844.746,568
844.864,563
844.982,568
845.1,540
845.218,533
845.336,545
845.454,535
845.572,541
845.69,526
845.808,533
845.926,559
846.044,553
846.162,538
846.28,546
846.398,547
846.516,538
846.634,546
846.752,553
846.87,525
846.988,555
847.106,551
847.224,550
847.342,557
847.46,578
847.578,538
847.696,551
847.814,563
847.932,532
848.05,565
848.168,581
848.285,577
848.403,556
848.521,526
848.639,585
848.757,573
848.875,551
848.993,551
849.111,551
849.229,563
849.347,536
849.465,539
849.582,567
849.7,559
849.818,550
849.936,539
850.054,569
850.172,553
850.29,550
850.408,553
850.525,567
850.643,554
850.761,549
850.879,535
850.997,556
851.115,572
851.233,551
851.35,546
851.468,577
851.586,553
851.704,560
851.822,573
851.94,556
852.057,553
852.175,575
852.293,570
852.411,581
852.529,599
852.647,591
852.764,576
852.882,573
853.0,560
853.118,557
853.236,550
853.353,566
853.471,554
853.589,541
853.707,555
853.824,545
853.942,554
854.06,553
854.178,550
854.296,541
854.413,575
854.531,561
854.649,555
854.767,581
854.884,569
855.002,565
855.12,526
855.238,555
855.355,565
855.473,557
855.591,564
855.708,537
855.826,560
855.944,572
856.062,564
856.179,566
856.297,561
856.415,571
856.532,545
856.65,566
856.768,557
856.886,577
857.003,547
857.121,561
857.239,546
857.356,590
857.474,565
857.592,571
857.709,549
857.827,571
857.945,545
858.062,540
858.18,563
858.298,567
858.415,566
858.533,547
858.651,569
858.768,560
858.886,551
859.003,553
859.121,546
859.239,551
859.356,552
859.474,557
859.592,556
859.709,550
859.827,533
859.944,560
860.062,538
860.18,541
860.297,556
860.415,558
860.532,562
860.65,543
860.768,541
860.885,564
861.003,536
861.12,567
861.238,554
861.356,562
861.473,547
861.591,555
861.708,540
861.826,532
861.943,548
862.061,546
862.178,551
862.296,516
862.414,545
862.531,528
862.649,532
862.766,518
862.884,534
863.001,536
863.119,529
863.236,538
863.354,533
863.471,560
863.589,548
863.706,540
863.824,555
863.941,556
864.059,558
864.176,562
864.294,549
864.411,563
864.529,541
864.646,556
864.764,533
864.881,526
864.999,521
865.116,537
865.233,532
865.351,521
865.468,544
865.586,562
865.703,518
865.821,532
865.938,540
866.056,532
866.173,548
866.29,518
866.408,525
866.525,533
866.643,544
866.76,523
866.878,530
866.995,530
867.112,530
867.23,548
867.347,523
867.465,536
867.582,553
867.699,533
867.817,552
867.934,548
868.051,549
868.169,540
868.286,547
868.404,541
868.521,541
868.638,517
868.756,525
868.873,549
868.99,556
869.108,545
869.225,564
869.342,543
869.46,548
869.577,558
869.694,552
869.812,570
869.929,535
870.046,558
870.164,555
870.281,536
870.398,546
870.516,570
870.633,570
870.75,568
870.867,560
870.985,567
871.102,558
871.219,578
871.337,570
871.454,582
871.571,568
871.688,560
871.806,567
871.923,569
872.04,547
872.157,565
872.275,564
872.392,582
872.509,574
872.626,554
872.744,561
872.861,564
872.978,557
873.095,559
873.213,564
873.33,544
873.447,531
873.564,564
873.681,560
873.799,556
873.916,559
874.033,546
874.15,583
874.267,565
874.385,535
874.502,551
874.619,543
874.736,578
874.853,558
874.97,571
875.088,563
875.205,547
875.322,562
875.439,566
875.556,544
875.673,579
875.791,553
875.908,558
876.025,568
876.142,544
876.259,558
876.376,540
876.493,533
876.61,567
876.728,551
876.845,569
876.962,551
877.079,565
877.196,569
877.313,554
877.43,569
877.547,567
877.664,569
877.781,557
877.898,544
878.016,541
878.133,540
878.25,550
878.367,573
878.484,549
878.601,543
878.718,533
878.835,544
878.952,540
879.069,555
879.186,503
879.303,543
879.42,523
879.537,536
879.654,543
879.771,502
879.888,520
880.005,517
880.122,538
880.239,510
880.356,527
880.473,524
880.59,503
880.707,523
880.824,509
880.941,510
881.058,535
881.175,533
881.292,528
881.409,527
881.526,515
881.643,524
881.76,530
881.877,512
881.994,512
882.111,509
882.228,528
882.345,514
882.462,519
882.579,517
882.696,529
882.812,528
882.929,512
883.046,510
883.163,524
883.28,494
883.397,526
883.514,518
883.631,538
883.748,545
883.865,516
883.982,531
884.098,520
884.215,535
884.332,545
884.449,542
884.566,555
884.683,546
884.8,552
884.916,559
885.033,553
885.15,572
885.267,571
885.384,595
885.501,612
885.617,586
885.734,602
885.851,590
885.968,589
886.085,584
886.202,597
886.318,582
886.435,601
886.552,590
886.669,595
886.786,588
886.902,573
887.019,590
887.136,599
887.253,573
887.369,549
887.486,552
887.603,574
887.72,545
887.837,545
887.953,550
888.07,535
888.187,537
888.304,543
888.42,524
888.537,524
888.654,524
888.77,505
888.887,514
889.004,526
889.121,511
889.237,517
889.354,513
889.471,508
889.587,498
889.704,506
889.821,487
889.938,519
890.054,520
890.171,518
890.288,505
890.404,514
890.521,504
890.638,494
890.754,506
890.871,498
890.988,494
891.104,515
891.221,510
891.337,519
891.454,532
891.571,509
891.687,519
891.804,529
891.921,542
892.037,536
892.154,512
892.27,548
892.387,523
892.504,518
892.62,526
892.737,517
892.854,494
892.97,507
893.087,519
893.203,504
893.32,519
893.436,506
893.553,512
893.67,498
893.786,503
893.903,511
894.019,519
894.136,535
894.252,499
894.369,501
894.485,502
894.602,497
894.718,501
894.835,522
894.951,488
895.068,493
895.184,525
895.301,519
895.417,506
895.534,506
895.65,500
895.767,501
895.883,490
896.0,519
896.116,512
896.233,517
896.349,509
896.466,507
896.582,486
896.699,528
896.815,524
896.932,516
897.048,487
897.165,481
897.281,497
897.397,508
897.514,501
897.63,508
897.747,497
897.863,495
897.979,507
898.096,525
898.212,511
898.329,516
898.445,501
898.561,519
898.678,510
898.794,513
898.911,507
899.027,502
899.143,511
899.26,509
899.376,515
899.492,500
899.609,524
899.725,503
899.842,496
899.958,518
900.074,522
900.191,520
900.307,494
900.423,519
900.539,484
900.656,517
900.772,507
900.888,501
901.005,506
901.121,535
901.237,515
901.354,498
901.47,530
901.586,527
901.703,529
901.819,526
901.935,522
902.051,543
902.168,531
902.284,529
902.4,542
902.516,542
902.633,554
902.749,559
902.865,551
902.981,555
903.098,554
903.214,551
903.33,554
903.446,534
903.562,538
903.679,533
903.795,553
903.911,529
904.027,515
904.143,530
904.26,519
904.376,542
904.492,511
904.608,523
904.724,502
904.841,509
904.957,494
905.073,512
905.189,502
905.305,504
905.421,501
905.538,498
905.654,488
905.77,493
905.886,501
906.002,524
906.118,488
906.234,510
906.35,494
906.466,499
906.583,511
906.699,510
906.815,484
906.931,501
907.047,495
907.163,502
907.279,499
907.395,482
907.511,493
907.627,480
907.743,492
907.859,489
907.976,475
908.092,503
908.208,505
908.324,493
908.44,469
908.556,491
908.672,498
908.788,484
908.904,495
909.02,498
909.136,483
909.252,493
909.368,498
909.484,494
909.6,486
909.716,480
909.832,514
909.948,511
910.064,487
910.18,490
910.296,482
910.412,503
910.528,508
910.644,503
910.76,480
910.875,489
910.991,477
911.107,480
911.223,501
911.339,500
911.455,492
911.571,502
911.687,495
911.803,494
911.919,501
912.035,518
912.151,482
912.267,477
912.382,468
912.498,507
912.614,489
912.73,501
912.846,494
792.446,1093
792.565,1116
792.684,1141
792.803,1134
792.922,1039
793.041,1027
793.16,983
793.279,994
793.398,1015
793.518,939
793.637,919
793.756,942
793.875,960
793.994,919
794.113,901
794.232,882
794.351,889
794.47,842
794.589,870
794.708,821
794.827,834
794.946,838
795.066,841
795.185,829
795.304,805
795.423,775
795.542,798
795.661,785
795.78,755
795.899,785
796.018,778
796.137,785
796.256,756
796.375,755
796.494,752
796.613,733
796.732,750
796.851,726
796.97,732
797.089,750
797.208,723
797.327,725
797.446,731
797.565,687
797.684,698
797.803,716
797.922,691
798.041,719
798.16,686
798.279,669
798.398,699
798.517,681
798.636,665
798.755,679
798.874,686
798.993,683
799.112,687
799.231,664
799.35,696
799.469,687
799.588,677
799.707,709
799.826,682
799.945,680
800.064,667
800.183,664
800.302,691
800.421,674
800.54,664
800.659,651
800.778,684
800.897,673
801.016,683
801.135,643
801.254,682
801.373,671
801.492,661
801.611,645
801.729,662
801.848,676
801.967,640
802.086,647
802.205,624
802.324,628
802.443,641
802.562,644
802.681,630
802.8,635
802.919,629
803.038,628
803.157,628
803.276,631
803.394,643
803.513,619
803.632,648
803.751,626
803.87,655
803.989,621
804.108,635
804.227,639
804.346,654
804.465,623
804.583,648
804.702,618
804.821,636
804.94,613
805.059,636
805.178,597
805.297,632
805.416,602
805.535,641
805.653,627
805.772,621
805.891,655
806.01,618
806.129,629
806.248,617
806.367,607
806.485,605
806.604,612
806.723,598
806.842,613
806.961,617
807.08,607
807.198,621
807.317,589
807.436,600
807.555,616
807.674,619
807.793,606
807.912,616
808.03,623
808.149,601
808.268,593
808.387,632
808.506,593
808.624,621
808.743,614
808.862,640
808.981,593
809.1,616
809.219,613
809.337,618
809.456,593
809.575,596
809.694,598
809.812,614
809.931,609
810.05,615
810.169,603
810.288,611
810.406,617
810.525,617
810.644,623
810.763,612
810.882,619
811.0,607
811.119,611
811.238,633
811.357,621
811.475,639
811.594,653
811.713,613
811.832,636
811.95,601
812.069,637
812.188,633
812.307,615
812.425,612
812.544,613
812.663,626
812.782,610
812.9,604
813.019,607
813.138,629
813.257,610
813.375,624
813.494,605
813.613,615
813.731,603
813.85,621
813.969,613
814.088,598
814.206,602
814.325,636
814.444,605
814.562,610
814.681,592
814.8,622
814.918,591
815.037,617
815.156,584
815.274,607
815.393,605
815.512,619
815.631,581
815.749,606
815.868,607
815.987,600
816.105,582
816.224,622
816.343,636
816.461,622
816.58,609
816.698,610
816.817,595
816.936,623
817.055,599
817.173,607
817.292,624
817.41,610
817.529,602
817.648,619
817.766,593
817.885,589
818.004,606
818.122,593
818.241,579
818.359,580
818.478,571
818.597,572
818.715,570
818.834,572
818.953,556
819.071,589
819.19,566
819.308,563
819.427,528
819.546,566
819.664,532
819.783,555
819.901,576
820.02,542
820.138,546
820.257,536
820.376,540
820.494,540
820.613,560
820.731,580
820.85,575
820.969,561
821.087,563
821.206,558
821.324,544
821.443,581
821.561,554
821.68,533
821.798,557
821.917,547
822.035,557
822.154,552
822.273,544
822.391,519
822.51,542
822.628,534
822.747,539
822.865,539
822.984,550
823.102,532
823.221,552
823.339,519
823.458,519
823.576,536
823.695,546
823.813,517
823.932,528
824.05,545
824.169,551
824.287,541
824.406,515
824.524,550
824.643,544
824.761,511
824.88,544
824.998,546
825.117,544
825.235,541
825.354,560
825.472,533
825.591,536
825.709,535
825.828,534
825.946,544
826.064,523
826.183,536
826.301,547
826.42,521
826.538,526
826.657,531
826.775,535
826.894,533
827.012,523
827.13,545
827.249,536
827.367,530
827.486,542
827.604,532
827.723,514
827.841,536
827.959,517
828.078,534
828.196,516
828.315,526
828.433,531
828.552,521
828.67,522
828.788,516
828.907,507
829.025,523
829.143,547
829.262,532
829.38,520
829.499,534
829.617,514
829.735,534
829.854,534
829.972,528
830.091,511
830.209,536
830.327,507
830.446,521
830.564,536
830.682,533
830.801,524
830.919,520
831.037,546
831.156,565
831.274,534
831.392,537
831.511,527
831.629,551
831.747,516
831.866,537
831.984,540
832.102,535
832.221,533
832.339,516
832.457,536
832.576,546
832.694,530
832.812,536
832.93,543
833.049,514
833.167,516
833.285,531
833.404,547
833.522,523
833.64,522
833.759,543
833.877,550
833.995,541
834.113,541
834.232,531
834.35,532
834.468,524
834.586,544
834.705,510
834.823,505
834.941,544
835.059,536
835.178,555
835.296,544
835.414,535
835.532,536
835.651,517
835.769,525
835.887,506
836.005,529
836.124,534
836.242,526
836.36,513
836.478,526
836.596,533
836.715,531
836.833,529
836.951,536
837.069,529
837.188,507
837.306,536
837.424,516
837.542,539
837.66,534
837.779,553
837.897,535
838.015,542
838.133,533
838.251,553
838.369,535
838.487,553
838.606,539
838.724,558
838.842,525
838.96,536
839.078,535
839.196,553
839.315,542
839.433,546
839.551,573
839.669,554
839.787,557
839.905,560
840.023,534
840.142,552
840.26,556
840.378,539
840.496,548
840.614,561
840.732,538
840.85,532
840.968,552
841.087,552
841.205,577
841.323,556
841.441,573
841.559,561
841.677,586
841.795,580
841.913,557
842.031,582
842.149,571
842.267,563
842.385,563
842.504,550
842.622,551
842.74,559
842.858,535
842.976,575
843.094,555
843.212,589
843.33,553
843.448,552
843.566,567
843.684,560
843.802,559
843.92,567
844.038,514
844.156,585
844.274,560
844.392,534
844.51,530
844.628,541
844.746,527
844.864,538
844.982,550
845.1,551
845.218,530
845.336,547
845.454,549
845.572,547
845.69,537
845.808,553
845.926,545
846.044,548
846.162,542
846.28,539
846.398,527
846.516,541
846.634,549
846.752,548
846.87,545
846.988,565
847.106,549
847.224,558
847.342,543
847.46,543
847.578,546
847.696,565
847.814,537
847.932,538
848.05,545
848.168,551
848.285,536
848.403,562
848.521,552
848.639,563
848.757,548
848.875,554
848.993,540
849.111,549
849.229,558
849.347,560
849.465,527
849.582,559
849.7,546
849.818,555
849.936,561
850.054,576
850.172,524
850.29,575
850.408,546
850.525,539
850.643,531
850.761,544
850.879,544
850.997,551
851.115,548
851.233,559
851.35,530
851.468,553
851.586,548
851.704,551
851.822,539
851.94,525
852.057,532
852.175,560
852.293,559
852.411,574
852.529,589
852.647,603
852.764,573
852.882,584
853.0,567
853.118,560
853.236,557
853.353,557
853.471,558
853.589,570
853.707,536
853.824,581
853.942,549
854.06,559
854.178,543
854.296,545
854.413,534
854.531,551
854.649,557
854.767,557
854.884,562
855.002,539
855.12,542
855.238,550
855.355,555
855.473,546
855.591,583
855.708,556
855.826,561
855.944,563
856.062,555
856.179,553
856.297,573
856.415,570
856.532,566
856.65,553
856.768,567
856.886,584
857.003,579
857.121,576
857.239,563
857.356,566
857.474,556
857.592,556
857.709,555
857.827,602
857.945,566
858.062,579
858.18,564
858.298,575
858.415,545
858.533,536
858.651,557
858.768,552
858.886,547
859.003,551
859.121,556
859.239,550
859.356,565
859.474,536
859.592,553
859.709,551
859.827,553
859.944,548
860.062,551
860.18,523
860.297,535
860.415,543
860.532,571
860.65,549
860.768,548
860.885,552
861.003,524
861.12,559
861.238,547
861.356,540
861.473,548
861.591,540
861.708,547
861.826,563
861.943,552
862.061,540
862.178,536
862.296,519
862.414,516
862.531,535
862.649,513
862.766,506
862.884,517
863.001,537
863.119,509
863.236,540
863.354,530
863.471,574
863.589,535
863.706,547
863.824,543
863.941,584
864.059,558
864.176,566
864.294,543
864.411,562
864.529,512
864.646,546
864.764,546
864.881,514
864.999,516
865.116,539
865.233,525
865.351,542
865.468,496
865.586,530
865.703,521
865.821,533
865.938,531
866.056,510
866.173,525
866.29,513
866.408,517
866.525,550
866.643,552
866.76,537
866.878,544
866.995,552
867.112,525
867.23,542
867.347,551
867.465,543
867.582,536
867.699,557
867.817,535
867.934,553
868.051,540
868.169,568
868.286,540
868.404,524
868.521,531
868.638,560
868.756,538
868.873,538
868.99,549
869.108,554
869.225,529
869.342,565
869.46,537
869.577,561
869.694,553
869.812,550
869.929,553
870.046,558
870.164,533
870.281,559
870.398,565
870.516,574
870.633,531
870.75,546
870.867,571
870.985,563
871.102,558
871.219,546
871.337,549
871.454,565
871.571,549
871.688,558
871.806,575
871.923,565
872.04,548
872.157,582
872.275,574
872.392,574
872.509,567
872.626,578
872.744,547
872.861,554
872.978,554
873.095,552
873.213,524
873.33,565
873.447,566
873.564,548
873.681,521
873.799,543
873.916,552
874.033,538
874.15,538
874.267,543
874.385,546
874.502,559
874.619,561
874.736,565
874.853,540
874.97,582
875.088,568
875.205,555
875.322,545
875.439,570
875.556,564
875.673,552
875.791,579
875.908,543
876.025,554
876.142,554
876.259,554
876.376,550
876.493,549
876.61,559
876.728,556
876.845,560
876.962,556
877.079,562
877.196,528
877.313,557
877.43,559
877.547,532
877.664,562
877.781,544
877.898,546
878.016,536
878.133,534
878.25,524
878.367,540
878.484,522
878.601,527
878.718,541
878.835,551
878.952,539
879.069,540
879.186,536
879.303,527
879.42,531
879.537,512
879.654,517
879.771,490
879.888,535
880.005,520
880.122,542
880.239,504
880.356,533
880.473,531
880.59,522
880.707,527
880.824,527
880.941,537
881.058,533
881.175,533
881.292,525
881.409,499
881.526,520
881.643,527
881.76,517
881.877,514
881.994,531
882.111,527
882.228,540
882.345,524
882.462,519
882.579,514
882.696,514
882.812,526
882.929,502
883.046,505
883.163,531
883.28,527
883.397,534
883.514,516
883.631,546
883.748,514
883.865,537
883.982,524
884.098,502
884.215,522
884.332,544
884.449,546
884.566,548
884.683,539
884.8,532
884.916,563
885.033,581
885.15,548
885.267,584
885.384,603
885.501,585
885.617,584
885.734,584
885.851,589
885.968,600
886.085,606
886.202,570
886.318,565
886.435,583
886.552,576
886.669,574
886.786,587
886.902,599
887.019,584
887.136,565
887.253,560
887.369,582
887.486,550
887.603,556
887.72,556
887.837,569
887.953,550
888.07,558
888.187,523
888.304,529
888.42,526
888.537,546
888.654,501
888.77,535
888.887,519
889.004,507
889.121,509
889.237,492
889.354,494
889.471,510
889.587,502
889.704,510
889.821,498
889.938,509
890.054,509
890.171,513
890.288,515
890.404,503
890.521,493
890.638,501
890.754,511
890.871,525
890.988,487
891.104,526
891.221,523
891.337,545
891.454,507
891.571,538
891.687,542
891.804,515
891.921,492
892.037,529
892.154,544
892.27,528
892.387,522
892.504,496
892.62,497
892.737,526
892.854,509
892.97,504
893.087,504
893.203,512
893.32,488
893.436,518
893.553,517
893.67,520
893.786,511
893.903,496
894.019,500
894.136,501
894.252,509
894.369,510
894.485,513
894.602,502
894.718,511
894.835,525
894.951,485
895.068,500
895.184,497
895.301,521
895.417,494
895.534,504
895.65,510
895.767,508
895.883,496
896.0,504
896.116,505
896.233,521
896.349,494
896.466,495
896.582,490
896.699,501
896.815,492
896.932,510
897.048,508
897.165,511
897.281,488
897.397,513
897.514,506
897.63,496
897.747,508
897.863,494
897.979,503
898.096,526
898.212,494
898.329,505
898.445,514
898.561,511
898.678,500
898.794,522
898.911,501
899.027,509
899.143,508
899.26,509
899.376,517
899.492,522
899.609,522
899.725,516
899.842,518
899.958,505
900.074,497
900.191,523
900.307,521
900.423,515
900.539,525
900.656,533
900.772,515
900.888,516
901.005,495
901.121,525
901.237,496
901.354,519
901.47,528
901.586,536
901.703,530
901.819,541
901.935,492
902.051,526
902.168,511
902.284,511
902.4,530
902.516,546
902.633,552
902.749,565
902.865,540
902.981,556
903.098,576
903.214,549
903.33,525
903.446,576
903.562,546
903.679,523
903.795,542
903.911,547
904.027,524
904.143,526
904.26,532
904.376,546
904.492,528
904.608,512
904.724,495
904.841,520
904.957,530
905.073,517
905.189,510
905.305,529
905.421,488
905.538,539
905.654,501
905.77,522
905.886,503
906.002,528
906.118,484
906.234,496
906.35,486
906.466,503
906.583,504
906.699,504
906.815,492
906.931,516
907.047,491
907.163,492
907.279,524
907.395,494
907.511,479
907.627,497
907.743,477
907.859,514
907.976,493
908.092,470
908.208,492
908.324,490
908.44,482
908.556,488
908.672,515
908.788,465
908.904,462
909.02,510
909.136,503
909.252,508
909.368,480
909.484,491
909.6,490
909.716,496
909.832,492
909.948,495
910.064,517
910.18,490
910.296,475
910.412,490
910.528,481
910.644,509
910.76,477
910.875,490
910.991,489
911.107,485
911.223,504
911.339,499
911.455,481
911.571,500
911.687,497
911.803,506
911.919,486
912.035,500
912.151,467
912.267,493
912.382,484
912.498,497
912.614,483
912.73,478
912.846,486
792.446,1093
792.565,1094
792.684,1123
792.803,1123
792.922,1058
793.041,959
793.16,989
793.279,1010
793.398,984
793.518,948
793.637,926
793.756,911
793.875,964
793.994,940
794.113,895
794.232,885
794.351,873
794.47,872
794.589,804
794.708,846
794.827,826
794.946,842
795.066,826
795.185,837
795.304,781
795.423,757
795.542,790
795.661,793
795.78,777
795.899,790
796.018,782
796.137,755
796.256,772
796.375,750
796.494,782
796.613,764
796.732,727
796.851,755
796.97,723
797.089,742
797.208,704
797.327,710
797.446,716
797.565,718
797.684,724
797.803,693
797.922,738
798.041,682
798.16,716
798.279,686
798.398,689
798.517,682
798.636,677
798.755,696
798.874,687
798.993,689
799.112,688
799.231,701
799.35,667
799.469,676
799.588,690
799.707,664
799.826,687
799.945,682
800.064,682
800.183,660
800.302,655
800.421,659
800.54,672
800.659,681
800.778,639
800.897,658
801.016,667
801.135,627
801.254,649
801.373,631
801.492,669
801.611,651
801.729,630
801.848,635
801.967,647
802.086,665
802.205,643
802.324,640
802.443,652
802.562,646
802.681,634
802.8,637
802.919,649
803.038,641
803.157,647
803.276,634
803.394,635
803.513,596
803.632,642
803.751,636
803.87,615
803.989,626
804.108,624
804.227,635
804.346,647
804.465,610
804.583,644
804.702,632
804.821,638
804.94,611
805.059,618
805.178,621
805.297,637
805.416,635
805.535,623
805.653,618
805.772,629
805.891,637
806.01,614
806.129,650
806.248,634
806.367,631
806.485,624
806.604,621
806.723,628
806.842,622
806.961,626
807.08,615
807.198,621
807.317,622
807.436,638
807.555,614
807.674,632
807.793,617
807.912,604
808.03,599
808.149,603
808.268,621
808.387,616
808.506,609
808.624,623
808.743,638
808.862,594
808.981,641
809.1,598
809.219,624
809.337,609
809.456,616
809.575,596
809.694,616
809.812,607
809.931,601
810.05,608
810.169,609
810.288,617
810.406,614
810.525,599
810.644,614
810.763,612
810.882,625
811.0,623
811.119,589
811.238,614
811.357,595
811.475,636
811.594,598
811.713,624
811.832,615
811.95,620
812.069,602
812.188,621
812.307,629
812.425,641
812.544,659
812.663,619
812.782,617
812.9,635
813.019,633
813.138,603
813.257,632
813.375,611
813.494,613
813.613,608
813.731,631
813.85,609
813.969,617
814.088,608
814.206,598
814.325,614
814.444,585
814.562,595
814.681,592
814.8,593
814.918,609
815.037,608
815.156,597
815.274,601
815.393,599
815.512,603
815.631,602
815.749,598
815.868,600
815.987,601
816.105,579
816.224,597
816.343,606
816.461,610
816.58,606
816.698,616
816.817,611
816.936,616
817.055,604
817.173,607
817.292,593
817.41,604
817.529,594
817.648,607
817.766,578
817.885,605
818.004,575
818.122,568
818.241,582
818.359,569
818.478,574
818.597,580
818.715,554
818.834,573
818.953,554
819.071,566
819.19,576
819.308,570
819.427,584
819.546,561
819.664,578
819.783,576
819.901,536
820.02,559
820.138,562
820.257,553
820.376,558
820.494,572
820.613,564
820.731,560
820.85,542
820.969,578
821.087,577
821.206,557
821.324,537
821.443,527
821.561,537
821.68,542
821.798,549
821.917,550
822.035,544
822.154,554
822.273,521
822.391,569
822.51,559
822.628,561
822.747,526
822.865,559
822.984,530
823.102,525
823.221,528
823.339,522
823.458,540
823.576,531
823.695,562
823.813,556
823.932,534
824.05,545
824.169,553
824.287,573
824.406,551
824.524,535
824.643,537
824.761,543
824.88,552
824.998,534
825.117,540
825.235,556
825.354,562
825.472,528
825.591,546
825.709,525
825.828,559
825.946,553
826.064,540
826.183,541
826.301,530
826.42,522
826.538,534
826.657,527
826.775,547
826.894,515
827.012,516
827.13,511
827.249,536
827.367,543
827.486,513
827.604,542
827.723,537
827.841,526
827.959,531
828.078,534
828.196,534
828.315,524
828.433,535
828.552,535
828.67,508
828.788,524
828.907,528
829.025,539
829.143,525
829.262,531
829.38,527
829.499,541
829.617,524
829.735,517
829.854,505
829.972,538
830.091,529
830.209,541
830.327,530
830.446,530
830.564,539
830.682,537
830.801,510
830.919,536
831.037,555
831.156,561
831.274,541
831.392,538
831.511,537
831.629,533
831.747,522
831.866,533
831.984,557
832.102,529
832.221,539
832.339,535
832.457,532
832.576,543
832.694,519
832.812,568
832.93,502
833.049,539
833.167,545
833.285,543
833.404,540
833.522,506
833.64,527
833.759,532
833.877,522
833.995,529
834.113,532
834.232,535
834.35,536
834.468,526
834.586,535
834.705,520
834.823,533
834.941,557
835.059,521
835.178,538
835.296,515
835.414,535
835.532,512
835.651,552
835.769,491
835.887,526
836.005,536
836.124,529
836.242,531
836.36,548
836.478,505
836.596,531
836.715,516
836.833,531
836.951,505
837.069,529
837.188,516
837.306,546
837.424,531
837.542,543
837.66,541
837.779,533
837.897,526
838.015,549
838.133,510
838.251,527
838.369,514
838.487,542
838.606,547
838.724,543
838.842,515
838.96,523
839.078,525
839.196,543
839.315,547
839.433,546
839.551,532
839.669,572
839.787,536
839.905,553
840.023,515
840.142,544
840.26,561
840.378,542
840.496,575
840.614,570
840.732,553
840.85,561
840.968,575
841.087,553
841.205,556
841.323,570
841.441,575
841.559,591
841.677,581
841.795,572
841.913,561
842.031,565
842.149,562
842.267,574
842.385,548
842.504,562
842.622,568
842.74,556
842.858,552
842.976,565
843.094,537
843.212,549
843.33,548
843.448,573
843.566,533
843.684,561
843.802,565
843.92,527
844.038,547
844.156,549
844.274,557
844.392,571
844.51,539
844.628,536
844.746,559
844.864,552
844.982,546
845.1,557
845.218,565
845.336,537
845.454,550
845.572,556
845.69,547
845.808,556
845.926,526
846.044,536
846.162,549
846.28,544
846.398,520
846.516,544
846.634,539
846.752,545
846.87,547
846.988,566
847.106,546
847.224,554
847.342,568
847.46,553
847.578,549
847.696,557
847.814,547
847.932,551
848.05,549
848.168,545
848.285,546
848.403,561
848.521,534
848.639,565
848.757,552
848.875,548
848.993,558
849.111,556
849.229,556
849.347,557
849.465,543
849.582,539
849.7,549
849.818,566
849.936,554
850.054,552
850.172,542
850.29,566
850.408,549
850.525,571
850.643,536
850.761,562
850.879,557
850.997,553
851.115,553
851.233,564
851.35,562
851.468,556
851.586,560
851.704,561
851.822,550
851.94,555
852.057,569
852.175,554
852.293,568
852.411,599
852.529,565
852.647,589
852.764,578
852.882,586
853.0,552
853.118,579
853.236,535
853.353,543
853.471,565
853.589,545
853.707,545
853.824,554
853.942,564
854.06,550
854.178,532
854.296,551
854.413,544
854.531,584
854.649,557
854.767,540
854.884,578
855.002,549
855.12,575
855.238,572
855.355,528
855.473,551
855.591,540
855.708,575
855.826,560
855.944,549
856.062,567
856.179,560
856.297,555
856.415,557
856.532,555
856.65,536
856.768,557
856.886,560
857.003,569
857.121,573
857.239,563
857.356,587
857.474,551
857.592,571
857.709,559
857.827,574
857.945,564
858.062,573
858.18,552
858.298,573
858.415,587
858.533,561
858.651,547
858.768,559
858.886,545
859.003,551
859.121,516
859.239,577
859.356,557
859.474,521
859.592,559
859.709,557
859.827,545
859.944,534
860.062,537
860.18,563
860.297,556
860.415,560
860.532,553
860.65,541
860.768,547
860.885,538
861.003,549
861.12,539
861.238,544
861.356,553
861.473,556
861.591,566
861.708,549
861.826,567
861.943,548
862.061,523
862.178,554
862.296,553
862.414,513
862.531,544
862.649,534
862.766,541
862.884,538
863.001,524
863.119,559
863.236,520
863.354,536
863.471,574
863.589,541
863.706,569
863.824,560
863.941,564
864.059,558
864.176,545
864.294,525
864.411,543
864.529,534
864.646,554
864.764,551
864.881,523
864.999,525
865.116,516
865.233,520
865.351,509
865.468,529
865.586,542
865.703,520
865.821,545
865.938,535
866.056,544
866.173,518
866.29,555
866.408,515
866.525,557
866.643,541
866.76,558
866.878,537
866.995,549
867.112,556
867.23,525
867.347,514
867.465,550
867.582,533
867.699,540
867.817,543
867.934,543
868.051,530
868.169,543
868.286,545
868.404,535
868.521,518
868.638,553
868.756,541
868.873,529
868.99,554
869.108,549
869.225,540
869.342,567
869.46,559
869.577,557
869.694,538
869.812,545
869.929,545
870.046,558
870.164,532
870.281,543
870.398,548
870.516,555
870.633,538
870.75,567
870.867,564
870.985,578
871.102,548
871.219,568
871.337,559
871.454,569
871.571,576
871.688,557
871.806,584
871.923,561
872.04,546
872.157,565
872.275,566
872.392,572
872.509,527
872.626,556
872.744,557
872.861,556
872.978,542
873.095,575
873.213,552
873.33,537
873.447,556
873.564,545
873.681,566
873.799,561
873.916,567
874.033,546
874.15,558
874.267,538
874.385,556
874.502,569
874.619,563
874.736,565
874.853,567
874.97,561
875.088,549
875.205,540
875.322,554
875.439,553
875.556,557
875.673,569
875.791,554
875.908,544
876.025,554
876.142,551
876.259,558
876.376,570
876.493,567
876.61,563
876.728,525
876.845,564
876.962,551
877.079,562
877.196,551
877.313,540
877.43,567
877.547,542
877.664,542
877.781,564
877.898,537
878.016,550
878.133,536
878.25,562
878.367,527
878.484,535
878.601,540
878.718,528
878.835,523
878.952,524
879.069,540
879.186,517
879.303,548
879.42,526
879.537,523
879.654,533
879.771,517
879.888,536
880.005,520
880.122,538
880.239,530
880.356,525
880.473,517
880.59,550
880.707,527
880.824,529
880.941,519
881.058,500
881.175,524
881.292,520
881.409,509
881.526,525
881.643,510
881.76,529
881.877,522
881.994,526
882.111,509
882.228,529
882.345,501
882.462,525
882.579,501
882.696,519
882.812,512
882.929,534
883.046,531
883.163,516
883.28,533
883.397,523
883.514,516
883.631,508
883.748,491
883.865,527
883.982,525
884.098,527
884.215,536
884.332,544
884.449,523
884.566,548
884.683,532
884.8,575
884.916,540
885.033,560
885.15,574
885.267,574
885.384,590
885.501,621
885.617,577
885.734,586
885.851,601
885.968,594
886.085,602
886.202,610
886.318,603
886.435,596
886.552,579
886.669,603
886.786,580
886.902,572
887.019,568
887.136,580
887.253,574
887.369,557
887.486,610
887.603,561
887.72,541
887.837,543
887.953,549
888.07,554
888.187,505
888.304,544
888.42,520
888.537,533
888.654,527
888.77,523
888.887,510
889.004,514
889.121,504
889.237,530
889.354,526
889.471,498
889.587,491
889.704,518
889.821,525
889.938,505
890.054,514
890.171,507
890.288,502
890.404,505
890.521,519
890.638,511
890.754,511
890.871,512
890.988,495
891.104,521
891.221,524
891.337,528
891.454,529
891.571,516
891.687,495
891.804,566
891.921,535
892.037,535
892.154,514
892.27,513
892.387,515
892.504,519
892.62,510
892.737,512
892.854,501
892.97,522
893.087,527
893.203,534
893.32,489
893.436,511
893.553,480
893.67,518
893.786,513
893.903,525
894.019,510
894.136,519
894.252,536
894.369,503
894.485,497
894.602,489
894.718,488
894.835,520
894.951,524
895.068,514
895.184,471
895.301,501
895.417,499
895.534,502
895.65,506
895.767,505
895.883,501
896.0,469
896.116,515
896.233,513
896.349,502
896.466,514
896.582,515
896.699,504
896.815,507
896.932,508
897.048,512
897.165,493
897.281,496
897.397,498
897.514,520
897.63,506
897.747,507
897.863,509
897.979,513
898.096,515
898.212,524
898.329,506
898.445,532
898.561,516
898.678,509
898.794,518
898.911,497
899.027,510
899.143,526
899.26,519
899.376,511
899.492,520
899.609,524
899.725,508
899.842,501
899.958,531
900.074,514
900.191,511
900.307,508
900.423,511
900.539,488
900.656,516
900.772,511
900.888,516
901.005,511
901.121,540
901.237,509
901.354,548
901.47,532
901.586,527
901.703,522
901.819,526
901.935,519
902.051,532
902.168,540
902.284,550
902.4,539
902.516,555
902.633,525
902.749,538
902.865,558
902.981,548
903.098,555
903.214,551
903.33,549
903.446,540
903.562,552
903.679,564
903.795,522
903.911,526
904.027,561
904.143,542
904.26,520
904.376,518
904.492,536
904.608,514
904.724,518
904.841,519
904.957,524
905.073,537
905.189,520
905.305,521
905.421,494
905.538,523
905.654,503
905.77,513
905.886,505
906.002,495
906.118,503
906.234,498
906.35,472
906.466,499
906.583,481
906.699,486
906.815,489
906.931,496
907.047,483
907.163,507
907.279,499
907.395,492
907.511,485
907.627,486
907.743,491
907.859,500
907.976,501
908.092,492
908.208,496
908.324,508
908.44,505
908.556,482
908.672,494
908.788,487
908.904,495
909.02,507
909.136,481
909.252,502
909.368,497
909.484,503
909.6,487
909.716,502
909.832,491
909.948,506
910.064,477
910.18,499
910.296,495
910.412,495
910.528,489
910.644,488
910.76,507
910.875,507
910.991,496
911.107,488
911.223,510
911.339,490
911.455,487
911.571,496
911.687,487
911.803,486
911.919,510
912.035,504
912.151,467
912.267,476
912.382,502
912.498,495
912.614,489
912.73,504
912.846,491
