792.446,1180
792.565,1200
792.684,1233
792.803,1210
792.922,1136
793.041,1079
793.16,1059
793.279,1054
793.398,1026
793.518,1008
793.637,1007
793.756,1005
793.875,968
793.994,961
794.113,937
794.232,910
794.351,902
794.47,881
794.589,838
794.708,874
794.827,874
794.946,856
795.066,857
795.185,835
795.304,823
795.423,824
795.542,783
795.661,843
795.78,802
795.899,764
796.018,783
796.137,765
796.256,766
796.375,770
796.494,736
796.613,731
796.732,774
796.851,723
796.97,706
797.089,712
797.208,721
797.327,725
797.446,720
797.565,708
797.684,701
797.803,702
797.922,711
798.041,671
798.16,686
798.279,690
798.398,711
798.517,671
798.636,669
798.755,680
798.874,672
798.993,703
799.112,671
799.231,664
799.35,684
799.469,638
799.588,652
799.707,674
799.826,690
799.945,654
800.064,683
800.183,659
800.302,647
800.421,669
800.54,647
800.659,653
800.778,651
800.897,643
801.016,640
801.135,623
801.254,615
801.373,652
801.492,649
801.611,620
801.729,617
801.848,618
801.967,593
802.086,633
802.205,636
802.324,641
802.443,631
802.562,605
802.681,621
802.8,628
802.919,620
803.038,615
803.157,633
803.276,627
803.394,608
803.513,605
803.632,618
803.751,604
803.87,601
803.989,627
804.108,608
804.227,610
804.346,627
804.465,605
804.583,599
804.702,574
804.821,591
804.94,582
805.059,602
805.178,579
805.297,574
805.416,618
805.535,585
805.653,593
805.772,615
805.891,584
806.01,589
806.129,590
806.248,595
806.367,600
806.485,599
806.604,606
806.723,596
806.842,600
806.961,587
807.08,582
807.198,580
807.317,563
807.436,580
807.555,574
807.674,601
807.793,580
807.912,571
808.03,572
808.149,595
808.268,558
808.387,601
808.506,590
808.624,585
808.743,575
808.862,565
808.981,562
809.1,580
809.219,571
809.337,566
809.456,571
809.575,571
809.694,568
809.812,591
809.931,574
810.05,597
810.169,576
810.288,569
810.406,558
810.525,568
810.644,577
810.763,570
810.882,571
811.0,590
811.119,566
811.238,588
811.357,585
811.475,541
811.594,594
811.713,576
811.832,581
811.95,573
812.069,585
812.188,557
812.307,601
812.425,586
812.544,601
812.663,582
812.782,570
812.9,607
813.019,601
813.138,563
813.257,588
813.375,581
813.494,573
813.613,547
813.731,580
813.85,559
813.969,579
814.088,582
814.206,546
814.325,552
814.444,573
814.562,557
814.681,563
814.8,573
814.918,580
815.037,559
815.156,575
815.274,543
815.393,566
815.512,566
815.631,576
815.749,561
815.868,555
815.987,563
816.105,588
816.224,582
816.343,580
816.461,544
816.58,584
816.698,582
816.817,578
816.936,585
817.055,574
817.173,572
817.292,571
817.41,548
817.529,582
817.648,533
817.766,565
817.885,566
818.004,537
818.122,531
818.241,545
818.359,557
818.478,544
818.597,553
818.715,567
818.834,539
818.953,544
819.071,547
819.19,526
819.308,531
819.427,568
819.546,566
819.664,547
819.783,544
819.901,533
820.02,524
820.138,539
820.257,545
820.376,554
820.494,534
820.613,540
820.731,534
820.85,544
820.969,528
821.087,522
821.206,525
821.324,504
821.443,533
821.561,525
821.68,525
821.798,517
821.917,535
822.035,504
822.154,540
822.273,515
822.391,536
822.51,525
822.628,544
822.747,511
822.865,530
822.984,525
823.102,540
823.221,529
823.339,515
823.458,545
823.576,520
823.695,508
823.813,523
823.932,542
824.05,535
824.169,546
824.287,540
824.406,524
824.524,531
824.643,540
824.761,544
824.88,509
824.998,538
825.117,512
825.235,522
825.354,503
825.472,530
825.591,527
825.709,505
825.828,521
825.946,512
826.064,513
826.183,517
826.301,543
826.42,510
826.538,509
826.657,518
826.775,517
826.894,508
827.012,522
827.13,507
827.249,535
827.367,492
827.486,517
827.604,514
827.723,518
827.841,519
827.959,528
828.078,509
828.196,495
828.315,519
828.433,533
828.552,497
828.67,520
828.788,526
828.907,518
829.025,522
829.143,502
829.262,515
829.38,511
829.499,525
829.617,508
829.735,510
829.854,511
829.972,500
830.091,519
830.209,526
830.327,521
830.446,516
830.564,510
830.682,513
830.801,532
830.919,518
831.037,526
831.156,558
831.274,528
831.392,535
831.511,519
831.629,532
831.747,520
831.866,523
831.984,528
832.102,541
832.221,529
832.339,526
832.457,536
832.576,514
832.694,556
832.812,544
832.93,521
833.049,500
833.167,519
833.285,544
833.404,505
833.522,539
833.64,532
833.759,536
833.877,527
833.995,540
834.113,538
834.232,533
834.35,508
834.468,519
834.586,533
834.705,515
834.823,523
834.941,528
835.059,525
835.178,521
835.296,495
835.414,527
835.532,518
835.651,534
835.769,533
835.887,519
836.005,514
836.124,513
836.242,522
836.36,506
836.478,530
836.596,519
836.715,500
836.833,502
836.951,501
837.069,516
837.188,512
837.306,495
837.424,504
837.542,515
837.66,515
837.779,513
837.897,510
838.015,526
838.133,525
838.251,508
838.369,494
838.487,534
838.606,539
838.724,520
838.842,529
838.96,524
839.078,518
839.196,502
839.315,554
839.433,532
839.551,545
839.669,516
839.787,544
839.905,552
840.023,529
840.142,548
840.26,524
840.378,547
840.496,538
840.614,550
840.732,544
840.85,552
840.968,550
841.087,542
841.205,557
841.323,560
841.441,538
841.559,566
841.677,581
841.795,572
841.913,563
842.031,554
842.149,558
842.267,566
842.385,568
842.504,550
842.622,536
842.74,556
842.858,546
842.976,558
843.094,555
843.212,566
843.33,556
843.448,558
843.566,537
843.684,538
843.802,546
843.92,542
844.038,539
844.156,532
844.274,514
844.392,502
844.51,550
844.628,540
844.746,546
844.864,528
844.982,555
845.1,534
845.218,520
845.336,535
845.454,538
845.572,532
845.69,541
845.808,540
845.926,529
846.044,507
846.162,528
846.28,523
846.398,532
846.516,550
846.634,535
846.752,540
846.87,537
846.988,545
847.106,544
847.224,553
847.342,561
847.46,534
847.578,578
847.696,557
847.814,551
847.932,523
848.05,569
848.168,549
848.285,530
848.403,543
848.521,537
848.639,546
848.757,557
848.875,551
848.993,559
849.111,543
849.229,553
849.347,559
849.465,542
849.582,554
849.7,571
849.818,551
849.936,538
850.054,552
850.172,540
850.29,526
850.408,553
850.525,541
850.643,533
850.761,550
850.879,532
850.997,537
851.115,516
851.233,529
851.35,548
851.468,536
851.586,537
851.704,542
851.822,555
851.94,534
852.057,550
852.175,575
852.293,594
852.411,599
852.529,617
852.647,598
852.764,605
852.882,577
853.0,593
853.118,577
853.236,564
853.353,547
853.471,536
853.589,538
853.707,548
853.824,549
853.942,563
854.06,548
854.178,564
854.296,548
854.413,538
854.531,557
854.649,564
854.767,555
854.884,566
855.002,533
855.12,543
855.238,551
855.355,551
855.473,538
855.591,567
855.708,535
855.826,558
855.944,530
856.062,538
856.179,539
856.297,527
856.415,549
856.532,546
856.65,546
856.768,562
856.886,535
857.003,553
857.121,550
857.239,561
857.356,546
857.474,563
857.592,564
857.709,576
857.827,537
857.945,556
858.062,547
858.18,559
858.298,554
858.415,579
858.533,535
858.651,551
858.768,546
858.886,555
859.003,547
859.121,554
859.239,549
859.356,540
859.474,533
859.592,552
859.709,550
859.827,545
859.944,543
860.062,546
860.18,527
860.297,548
860.415,541
860.532,547
860.65,540
860.768,538
860.885,548
861.003,521
861.12,558
861.238,550
861.356,560
861.473,570
861.591,548
861.708,555
861.826,565
861.943,554
862.061,539
862.178,519
862.296,531
862.414,556
862.531,539
862.649,529
862.766,531
862.884,553
863.001,541
863.119,548
863.236,563
863.354,563
863.471,555
863.589,546
863.706,582
863.824,569
863.941,580
864.059,588
864.176,561
864.294,558
864.411,550
864.529,538
864.646,544
864.764,533
864.881,533
864.999,530
865.116,547
865.233,529
865.351,539
865.468,530
865.586,512
865.703,531
865.821,518
865.938,531
866.056,528
866.173,536
866.29,527
866.408,528
866.525,528
866.643,542
866.76,532
866.878,549
866.995,538
867.112,533
867.23,519
867.347,559
867.465,521
867.582,543
867.699,543
867.817,525
867.934,539
868.051,544
868.169,508
868.286,536
868.404,537
868.521,542
868.638,532
868.756,543
868.873,526
868.99,555
869.108,526
869.225,551
869.342,530
869.46,557
869.577,543
869.694,541
869.812,552
869.929,555
870.046,552
870.164,554
870.281,539
870.398,578
870.516,545
870.633,550
870.75,530
870.867,575
870.985,555
871.102,543
871.219,585
871.337,574
871.454,577
871.571,591
871.688,563
871.806,577
871.923,559
872.04,573
872.157,576
872.275,591
872.392,570
872.509,545
872.626,550
872.744,562
872.861,577
872.978,564
873.095,541
873.213,533
873.33,556
873.447,565
873.564,540
873.681,567
873.799,549
873.916,570
874.033,570
874.15,551
874.267,545
874.385,548
874.502,561
874.619,562
874.736,590
874.853,572
874.97,578
875.088,561
875.205,568
875.322,581
875.439,551
875.556,567
875.673,549
875.791,534
875.908,543
876.025,538
876.142,548
876.259,533
876.376,529
876.493,547
876.61,550
876.728,531
876.845,552
876.962,546
877.079,537
877.196,543
877.313,528
877.43,520
877.547,531
877.664,542
877.781,531
877.898,541
878.016,535
878.133,547
878.25,560
878.367,547
878.484,546
878.601,527
878.718,534
878.835,528
878.952,521
879.069,513
879.186,524
879.303,514
879.42,516
879.537,510
879.654,505
879.771,524
879.888,508
880.005,520
880.122,500
880.239,506
880.356,497
880.473,511
880.59,505
880.707,521
880.824,493
880.941,528
881.058,508
881.175,527
881.292,518
881.409,519
881.526,497
881.643,515
881.76,505
881.877,493
881.994,529
882.111,517
882.228,509
882.345,509
882.462,508
882.579,516
882.696,486
882.812,515
882.929,524
883.046,507
883.163,503
883.28,501
883.397,532
883.514,546
883.631,514
883.748,516
883.865,513
883.982,514
884.098,519
884.215,519
884.332,538
884.449,514
884.566,538
884.683,555
884.8,569
884.916,587
885.033,591
885.15,606
885.267,625
885.384,625
885.501,609
885.617,634
885.734,611
885.851,615
885.968,605
886.085,604
886.202,611
886.318,603
886.435,606
886.552,579
886.669,589
886.786,588
886.902,579
887.019,600
887.136,577
887.253,597
887.369,568
887.486,573
887.603,546
887.72,563
887.837,553
887.953,552
888.07,523
888.187,543
888.304,520
888.42,508
888.537,505
888.654,510
888.77,509
888.887,507
889.004,505
889.121,516
889.237,496
889.354,485
889.471,497
889.587,491
889.704,491
889.821,513
889.938,463
890.054,495
890.171,500
890.288,499
890.404,510
890.521,504
890.638,482
890.754,513
890.871,510
890.988,499
891.104,511
891.221,514
891.337,518
891.454,537
891.571,513
891.687,515
891.804,525
891.921,517
892.037,538
892.154,548
892.27,532
892.387,518
892.504,528
892.62,527
892.737,512
892.854,518
892.97,511
893.087,503
893.203,521
893.32,495
893.436,508
893.553,507
893.67,507
893.786,516
893.903,492
894.019,493
894.136,526
894.252,496
894.369,505
894.485,488
894.602,498
894.718,514
894.835,465
894.951,497
895.068,495
895.184,500
895.301,487
895.417,482
895.534,489
895.65,480
895.767,511
895.883,487
896.0,493
896.116,490
896.233,475
896.349,504
896.466,492
896.582,481
896.699,485
896.815,485
896.932,483
897.048,502
897.165,487
897.281,489
897.397,478
897.514,504
897.63,490
897.747,472
897.863,486
897.979,486
898.096,497
898.212,508
898.329,486
898.445,502
898.561,513
898.678,519
898.794,494
898.911,500
899.027,512
899.143,501
899.26,495
899.376,503
899.492,509
899.609,517
899.725,500
899.842,491
899.958,509
900.074,495
900.191,497
900.307,500
900.423,479
900.539,482
900.656,489
900.772,496
900.888,516
901.005,484
901.121,503
901.237,492
901.354,520
901.47,519
901.586,491
901.703,515
901.819,523
901.935,518
902.051,524
902.168,544
902.284,538
902.4,525
902.516,527
902.633,533
902.749,542
902.865,558
902.981,529
903.098,540
903.214,541
903.33,532
903.446,542
903.562,547
903.679,548
903.795,549
903.911,526
904.027,546
904.143,512
904.26,504
904.376,509
904.492,513
904.608,529
904.724,483
904.841,485
904.957,506
905.073,490
905.189,499
905.305,493
905.421,490
905.538,488
905.654,503
905.77,505
905.886,492
906.002,498
906.118,490
906.234,498
906.35,507
906.466,504
906.583,498
906.699,472
906.815,480
906.931,474
907.047,478
907.163,471
907.279,489
907.395,470
907.511,477
907.627,510
907.743,476
907.859,471
907.976,483
908.092,475
908.208,480
908.324,505
908.44,463
908.556,494
908.672,475
908.788,480
908.904,480
909.02,485
909.136,481
909.252,476
909.368,489
909.484,504
909.6,471
909.716,466
909.832,470
909.948,487
910.064,496
910.18,488
910.296,478
910.412,486
910.528,466
910.644,474
910.76,475
910.875,490
910.991,489
911.107,466
911.223,479
911.339,477
911.455,476
911.571,470
911.687,485
911.803,475
911.919,487
912.035,491
912.151,477
912.267,468
912.382,458
912.498,465
912.614,500
912.73,473
912.846,471
792.446,1198
792.565,1189
792.684,1230
792.803,1184
792.922,1153
793.041,1074
793.16,1021
793.279,1038
793.398,1057
793.518,974
793.637,994
793.756,985
793.875,1005
793.994,970
794.113,954
794.232,915
794.351,903
794.47,894
794.589,891
794.708,871
794.827,886
794.946,854
795.066,874
795.185,830
795.304,841
795.423,832
795.542,791
795.661,788
795.78,793
795.899,791
796.018,765
796.137,757
796.256,758
796.375,742
796.494,723
796.613,754
796.732,708
796.851,738
796.97,725
797.089,728
797.208,716
797.327,695
797.446,714
797.565,708
797.684,712
797.803,681
797.922,692
798.041,695
798.16,698
798.279,681
798.398,680
798.517,685
798.636,699
798.755,703
798.874,655
798.993,672
799.112,665
799.231,659
799.35,681
799.469,687
799.588,658
799.707,672
799.826,670
799.945,650
800.064,665
800.183,648
800.302,633
800.421,646
800.54,654
800.659,631
800.778,657
800.897,648
801.016,693
801.135,657
801.254,649
801.373,664
801.492,647
801.611,609
801.729,622
801.848,655
801.967,629
802.086,597
802.205,643
802.324,636
802.443,623
802.562,612
802.681,623
802.8,606
802.919,638
803.038,612
803.157,607
803.276,619
803.394,614
803.513,609
803.632,608
803.751,609
803.87,626
803.989,606
804.108,615
804.227,615
804.346,614
804.465,613
804.583,619
804.702,576
804.821,604
804.94,566
805.059,604
805.178,588
805.297,610
805.416,616
805.535,613
805.653,567
805.772,573
805.891,610
806.01,602
806.129,578
806.248,581
806.367,597
806.485,581
806.604,598
806.723,581
806.842,574
806.961,570
807.08,590
807.198,616
807.317,573
807.436,567
807.555,585
807.674,586
807.793,578
807.912,576
808.03,571
808.149,593
808.268,566
808.387,579
808.506,590
808.624,579
808.743,566
808.862,557
808.981,583
809.1,583
809.219,574
809.337,588
809.456,572
809.575,565
809.694,566
809.812,581
809.931,555
810.05,584
810.169,593
810.288,582
810.406,554
810.525,578
810.644,541
810.763,581
810.882,560
811.0,569
811.119,571
811.238,569
811.357,597
811.475,585
811.594,588
811.713,586
811.832,580
811.95,586
812.069,591
812.188,580
812.307,607
812.425,577
812.544,581
812.663,593
812.782,580
812.9,578
813.019,588
813.138,608
813.257,558
813.375,562
813.494,566
813.613,573
813.731,559
813.85,573
813.969,544
814.088,579
814.206,540
814.325,554
814.444,557
814.562,574
814.681,542
814.8,574
814.918,582
815.037,579
815.156,536
815.274,567
815.393,555
815.512,555
815.631,557
815.749,566
815.868,553
815.987,584
816.105,550
816.224,554
816.343,567
816.461,562
816.58,552
816.698,564
816.817,588
816.936,566
817.055,552
817.173,565
817.292,550
817.41,566
817.529,558
817.648,557
817.766,560
817.885,558
818.004,537
818.122,547
818.241,571
818.359,555
818.478,524
818.597,555
818.715,546
818.834,544
818.953,542
819.071,543
819.19,549
819.308,540
819.427,527
819.546,543
819.664,531
819.783,521
819.901,544
820.02,534
820.138,534
820.257,521
820.376,537
820.494,530
820.613,536
820.731,531
820.85,541
820.969,561
821.087,538
821.206,512
821.324,516
821.443,527
821.561,514
821.68,512
821.798,528
821.917,526
822.035,543
822.154,535
822.273,520
822.391,532
822.51,529
822.628,512
822.747,524
822.865,524
822.984,513
823.102,523
823.221,504
823.339,524
823.458,538
823.576,516
823.695,533
823.813,522
823.932,515
824.05,537
824.169,525
824.287,531
824.406,508
824.524,517
824.643,521
824.761,544
824.88,542
824.998,541
825.117,528
825.235,537
825.354,541
825.472,504
825.591,535
825.709,541
825.828,508
825.946,536
826.064,526
826.183,533
826.301,513
826.42,500
826.538,523
826.657,525
826.775,501
826.894,506
827.012,503
827.13,528
827.249,525
827.367,549
827.486,527
827.604,521
827.723,509
827.841,509
827.959,497
828.078,499
828.196,524
828.315,489
828.433,522
828.552,506
828.67,516
828.788,496
828.907,517
829.025,512
829.143,497
829.262,507
829.38,516
829.499,535
829.617,494
829.735,533
829.854,503
829.972,503
830.091,511
830.209,497
830.327,510
830.446,511
830.564,523
830.682,532
830.801,542
830.919,530
831.037,535
831.156,525
831.274,557
831.392,526
831.511,523
831.629,532
831.747,528
831.866,526
831.984,520
832.102,523
832.221,525
832.339,539
832.457,538
832.576,517
832.694,530
832.812,509
832.93,526
833.049,520
833.167,524
833.285,535
833.404,515
833.522,497
833.64,543
833.759,538
833.877,515
833.995,530
834.113,515
834.232,524
834.35,520
834.468,506
834.586,520
834.705,515
834.823,521
834.941,531
835.059,523
835.178,504
835.296,518
835.414,525
835.532,526
835.651,522
835.769,519
835.887,518
836.005,505
836.124,502
836.242,505
836.36,519
836.478,506
836.596,504
836.715,524
836.833,515
836.951,507
837.069,516
837.188,504
837.306,514
837.424,483
837.542,492
837.66,505
837.779,519
837.897,515
838.015,512
838.133,515
838.251,520
838.369,511
838.487,526
838.606,515
838.724,518
838.842,500
838.96,517
839.078,506
839.196,538
839.315,510
839.433,517
839.551,529
839.669,518
839.787,528
839.905,533
840.023,518
840.142,550
840.26,526
840.378,548
840.496,535
840.614,558
840.732,541
840.85,551
840.968,546
841.087,572
841.205,558
841.323,545
841.441,567
841.559,545
841.677,556
841.795,556
841.913,556
842.031,562
842.149,562
842.267,551
842.385,558
842.504,544
842.622,529
842.74,545
842.858,543
842.976,533
843.094,518
843.212,556
843.33,554
843.448,562
843.566,539
843.684,543
843.802,534
843.92,561
844.038,547
844.156,557
844.274,541
844.392,573
844.51,536
844.628,540
844.746,541
844.864,537
844.982,543
845.1,542
845.218,534
845.336,516
845.454,540
845.572,539
845.69,537
845.808,522
845.926,526
846.044,553
846.162,553
846.28,557
846.398,522
846.516,524
846.634,543
846.752,539
846.87,534
846.988,534
847.106,560
847.224,551
847.342,528
847.46,543
847.578,526
847.696,553
847.814,531
847.932,542
848.05,553
848.168,559
848.285,551
848.403,523
848.521,533
848.639,548
848.757,536
848.875,547
848.993,547
849.111,556
849.229,572
849.347,541
849.465,545
849.582,569
849.7,547
849.818,569
849.936,543
850.054,551
850.172,548
850.29,529
850.408,553
850.525,534
850.643,548
850.761,544
850.879,537
850.997,557
851.115,551
851.233,530
851.35,514
851.468,554
851.586,551
851.704,534
851.822,554
851.94,553
852.057,560
852.175,557
852.293,573
852.411,580
852.529,576
852.647,601
852.764,588
852.882,599
853.0,554
853.118,555
853.236,547
853.353,555
853.471,579
853.589,561
853.707,567
853.824,568
853.942,549
854.06,555
854.178,576
854.296,562
854.413,540
854.531,551
854.649,560
854.767,542
854.884,549
855.002,546
855.12,541
855.238,554
855.355,550
855.473,548
855.591,537
855.708,553
855.826,528
855.944,543
856.062,543
856.179,543
856.297,538
856.415,550
856.532,506
856.65,554
856.768,554
856.886,571
857.003,558
857.121,566
857.239,535
857.356,557
857.474,543
857.592,558
857.709,550
857.827,548
857.945,534
858.062,566
858.18,540
858.298,563
858.415,548
858.533,549
858.651,570
858.768,545
858.886,554
859.003,553
859.121,559
859.239,546
859.356,560
859.474,516
859.592,542
859.709,544
859.827,521
859.944,543
860.062,529
860.18,536
860.297,546
860.415,526
860.532,538
860.65,550
860.768,528
860.885,538
861.003,540
861.12,548
861.238,563
861.356,538
861.473,567
861.591,550
861.708,540
861.826,535
861.943,560
862.061,534
862.178,514
862.296,525
862.414,546
862.531,527
862.649,540
862.766,534
862.884,574
863.001,542
863.119,537
863.236,544
863.354,531
863.471,551
863.589,549
863.706,578
863.824,572
863.941,583
864.059,553
864.176,549
864.294,559
864.411,542
864.529,544
864.646,562
864.764,523
864.881,532
864.999,537
865.116,541
865.233,537
865.351,536
865.468,509
865.586,547
865.703,532
865.821,542
865.938,538
866.056,536
866.173,529
866.29,550
866.408,529
866.525,533
866.643,510
866.76,524
866.878,542
866.995,522
867.112,535
867.23,556
867.347,545
867.465,530
867.582,539
867.699,546
867.817,553
867.934,558
868.051,538
868.169,539
868.286,525
868.404,525
868.521,550
868.638,541
868.756,546
868.873,555
868.99,541
869.108,554
869.225,538
869.342,536
869.46,510
869.577,560
869.694,547
869.812,567
869.929,569
870.046,558
870.164,560
870.281,566
870.398,566
870.516,559
870.633,551
870.75,559
870.867,560
870.985,577
871.102,569
871.219,566
871.337,563
871.454,564
871.571,569
871.688,566
871.806,543
871.923,591
872.04,565
872.157,564
872.275,567
872.392,563
872.509,577
872.626,545
872.744,563
872.861,567
872.978,549
873.095,546
873.213,546
873.33,560
873.447,542
873.564,554
873.681,567
873.799,544
873.916,575
874.033,544
874.15,592
874.267,554
874.385,534
874.502,555
874.619,559
874.736,564
874.853,558
874.97,551
875.088,577
875.205,558
875.322,562
875.439,547
875.556,580
875.673,548
875.791,549
875.908,557
876.025,553
876.142,557
876.259,563
876.376,546
876.493,532
876.61,578
876.728,533
876.845,542
876.962,543
877.079,551
877.196,542
877.313,560
877.43,537
877.547,538
877.664,521
877.781,555
877.898,519
878.016,539
878.133,544
878.25,549
878.367,534
878.484,544
878.601,519
878.718,536
878.835,530
878.952,555
879.069,532
879.186,519
879.303,531
879.42,517
879.537,503
879.654,512
879.771,513
879.888,497
880.005,509
880.122,521
880.239,524
880.356,506
880.473,507
880.59,516
880.707,512
880.824,527
880.941,520
881.058,512
881.175,513
881.292,506
881.409,515
881.526,488
881.643,504
881.76,508
881.877,510
881.994,528
882.111,501
882.228,504
882.345,507
882.462,513
882.579,500
882.696,529
882.812,505
882.929,526
883.046,521
883.163,505
883.28,507
883.397,519
883.514,513
883.631,503
883.748,518
883.865,535
883.982,510
884.098,517
884.215,524
884.332,517
884.449,538
884.566,548
884.683,574
884.8,583
884.916,580
885.033,609
885.15,605
885.267,614
885.384,634
885.501,636
885.617,641
885.734,622
885.851,617
885.968,645
886.085,613
886.202,600
886.318,623
886.435,608
886.552,582
886.669,620
886.786,619
886.902,595
887.019,594
887.136,578
887.253,579
887.369,600
887.486,576
887.603,569
887.72,566
887.837,547
887.953,539
888.07,538
888.187,522
888.304,524
888.42,505
888.537,523
888.654,513
888.77,515
888.887,472
889.004,514
889.121,512
889.237,514
889.354,495
889.471,499
889.587,496
889.704,512
889.821,496
889.938,482
890.054,498
890.171,475
890.288,490
890.404,508
890.521,474
890.638,498
890.754,481
890.871,499
890.988,497
891.104,515
891.221,510
891.337,506
891.454,531
891.571,526
891.687,508
891.804,529
891.921,526
892.037,539
892.154,534
892.27,519
892.387,507
892.504,498
892.62,540
892.737,488
892.854,467
892.97,504
893.087,512
893.203,490
893.32,509
893.436,489
893.553,496
893.67,484
893.786,504
893.903,496
894.019,504
894.136,481
894.252,479
894.369,500
894.485,503
894.602,507
894.718,475
894.835,501
894.951,477
895.068,481
895.184,494
895.301,485
895.417,485
895.534,475
895.65,461
895.767,502
895.883,481
896.0,490
896.116,488
896.233,488
896.349,475
896.466,489
896.582,481
896.699,503
896.815,489
896.932,492
897.048,496
897.165,505
897.281,494
897.397,491
897.514,497
897.63,494
897.747,516
897.863,509
897.979,505
898.096,486
898.212,508
898.329,526
898.445,496
898.561,498
898.678,489
898.794,491
898.911,484
899.027,511
899.143,483
899.26,493
899.376,494
899.492,501
899.609,519
899.725,503
899.842,483
899.958,500
900.074,493
900.191,519
900.307,499
900.423,509
900.539,507
900.656,516
900.772,516
900.888,496
901.005,493
901.121,506
901.237,498
901.354,493
901.47,522
901.586,494
901.703,532
901.819,521
901.935,525
902.051,521
902.168,528
902.284,525
902.4,536
902.516,551
902.633,554
902.749,558
902.865,558
902.981,555
903.098,527
903.214,556
903.33,544
903.446,562
903.562,539
903.679,549
903.795,552
903.911,532
904.027,529
904.143,506
904.26,515
904.376,529
904.492,517
904.608,498
904.724,500
904.841,526
904.957,492
905.073,503
905.189,485
905.305,478
905.421,492
905.538,473
905.654,480
905.77,487
905.886,490
906.002,501
906.118,498
906.234,480
906.35,484
906.466,494
906.583,473
906.699,496
906.815,491
906.931,490
907.047,462
907.163,504
907.279,498
907.395,492
907.511,495
907.627,493
907.743,478
907.859,493
907.976,460
908.092,478
908.208,483
908.324,465
908.44,480
908.556,489
908.672,490
908.788,491
908.904,488
909.02,491
909.136,473
909.252,498
909.368,483
909.484,494
909.6,487
909.716,497
909.832,485
909.948,484
910.064,475
910.18,495
910.296,493
910.412,494
910.528,489
910.644,491
910.76,488
910.875,468
910.991,477
911.107,494
911.223,485
911.339,477
911.455,477
911.571,490
911.687,480
911.803,471
911.919,485
912.035,494
912.151,483
912.267,476
912.382,468
912.498,472
912.614,464
912.73,480
912.846,469
792.446,1229
792.565,1193
792.684,1213
792.803,1178
792.922,1135
793.041,1068
793.16,1033
793.279,1035
793.398,1034
793.518,1022
793.637,951
793.756,974
793.875,983
793.994,982
794.113,921
794.232,957
794.351,906
794.47,899
794.589,887
794.708,878
794.827,874
794.946,840
795.066,866
795.185,836
795.304,817
795.423,819
795.542,821
795.661,806
795.78,781
795.899,790
796.018,807
796.137,781
796.256,772
796.375,755
796.494,768
796.613,759
796.732,738
796.851,730
796.97,731
797.089,711
797.208,722
797.327,762
797.446,708
797.565,698
797.684,718
797.803,695
797.922,711
798.041,696
798.16,665
798.279,705
798.398,669
798.517,680
798.636,679
798.755,672
798.874,713
798.993,681
799.112,707
799.231,684
799.35,704
799.469,667
799.588,674
799.707,653
799.826,662
799.945,673
800.064,622
800.183,689
800.302,670
800.421,650
800.54,656
800.659,654
800.778,661
800.897,673
801.016,652
801.135,648
801.254,646
801.373,631
801.492,647
801.611,644
801.729,659
801.848,635
801.967,637
802.086,612
802.205,632
802.324,630
802.443,617
802.562,625
802.681,622
802.8,613
802.919,614
803.038,604
803.157,606
803.276,616
803.394,589
803.513,592
803.632,578
803.751,604
803.87,605
803.989,616
804.108,621
804.227,601
804.346,615
804.465,594
804.583,604
804.702,617
804.821,581
804.94,609
805.059,601
805.178,597
805.297,583
805.416,581
805.535,585
805.653,599
805.772,613
805.891,606
806.01,578
806.129,582
806.248,594
806.367,571
806.485,610
806.604,589
806.723,581
806.842,584
806.961,596
807.08,591
807.198,597
807.317,590
807.436,602
807.555,562
807.674,583
807.793,591
807.912,581
808.03,573
808.149,584
808.268,575
808.387,603
808.506,591
808.624,569
808.743,564
808.862,547
808.981,577
809.1,581
809.219,564
809.337,591
809.456,581
809.575,582
809.694,565
809.812,584
809.931,549
810.05,562
810.169,595
810.288,575
810.406,571
810.525,573
810.644,554
810.763,577
810.882,556
811.0,587
811.119,572
811.238,600
811.357,566
811.475,583
811.594,572
811.713,587
811.832,565
811.95,581
812.069,570
812.188,615
812.307,595
812.425,591
812.544,592
812.663,590
812.782,594
812.9,594
813.019,573
813.138,579
813.257,577
813.375,593
813.494,564
813.613,582
813.731,574
813.85,578
813.969,572
814.088,567
814.206,551
814.325,555
814.444,562
814.562,561
814.681,564
814.8,586
814.918,557
815.037,546
815.156,542
815.274,573
815.393,559
815.512,581
815.631,577
815.749,568
815.868,560
815.987,567
816.105,558
816.224,588
816.343,578
816.461,566
816.58,554
816.698,567
816.817,567
816.936,589
817.055,571
817.173,586
817.292,597
817.41,567
817.529,583
817.648,559
817.766,553
817.885,551
818.004,545
818.122,546
818.241,546
818.359,569
818.478,543
818.597,546
818.715,554
818.834,545
818.953,543
819.071,539
819.19,546
819.308,538
819.427,541
819.546,527
819.664,515
819.783,555
819.901,561
820.02,539
820.138,543
820.257,540
820.376,531
820.494,544
820.613,541
820.731,550
820.85,536
820.969,524
821.087,530
821.206,544
821.324,516
821.443,526
821.561,541
821.68,553
821.798,525
821.917,516
822.035,520
822.154,517
822.273,532
822.391,548
822.51,529
822.628,528
822.747,537
822.865,510
822.984,536
823.102,537
823.221,519
823.339,539
823.458,532
823.576,530
823.695,528
823.813,521
823.932,534
824.05,528
824.169,526
824.287,519
824.406,541
824.524,533
824.643,521
824.761,545
824.88,544
824.998,516
825.117,533
825.235,543
825.354,520
825.472,524
825.591,523
825.709,519
825.828,523
825.946,520
826.064,516
826.183,518
826.301,534
826.42,519
826.538,503
826.657,508
826.775,518
826.894,522
827.012,518
827.13,532
827.249,526
827.367,531
827.486,520
827.604,518
827.723,538
827.841,477
827.959,523
828.078,525
828.196,529
828.315,516
828.433,510
828.552,530
828.67,509
828.788,527
828.907,516
829.025,500
829.143,520
829.262,526
829.38,503
829.499,526
829.617,506
829.735,518
829.854,513
829.972,533
830.091,494
830.209,507
830.327,520
830.446,515
830.564,510
830.682,512
830.801,538
830.919,527
831.037,545
831.156,529
831.274,527
831.392,524
831.511,537
831.629,527
831.747,528
831.866,524
831.984,521
832.102,510
832.221,513
832.339,555
832.457,526
832.576,541
832.694,516
832.812,543
832.93,534
833.049,530
833.167,506
833.285,526
833.404,518
833.522,508
833.64,512
833.759,559
833.877,519
833.995,536
834.113,544
834.232,529
834.35,505
834.468,523
834.586,518
834.705,545
834.823,519
834.941,512
835.059,525
835.178,541
835.296,523
835.414,515
835.532,517
835.651,514
835.769,508
835.887,515
836.005,510
836.124,525
836.242,511
836.36,501
836.478,533
836.596,518
836.715,530
836.833,517
836.951,506
837.069,493
837.188,506
837.306,501
837.424,514
837.542,530
837.66,505
837.779,519
837.897,514
838.015,516
838.133,520
838.251,531
838.369,533
838.487,521
838.606,524
838.724,523
838.842,532
838.96,528
839.078,525
839.196,522
839.315,515
839.433,558
839.551,556
839.669,520
839.787,527
839.905,542
840.023,535
840.142,540
840.26,526
840.378,541
840.496,526
840.614,540
840.732,551
840.85,544
840.968,527
841.087,553
841.205,552
841.323,560
841.441,566
841.559,559
841.677,561
841.795,566
841.913,563
842.031,553
842.149,564
842.267,553
842.385,555
842.504,552
842.622,535
842.74,573
842.858,564
842.976,554
843.094,530
843.212,540
843.33,562
843.448,558
843.566,561
843.684,562
843.802,535
843.92,573
844.038,551
844.156,563
844.274,546
844.392,560
844.51,533
844.628,557
844.746,546
844.864,528
844.982,526
845.1,536
845.218,559
845.336,543
845.454,550
845.572,549
845.69,535
845.808,537
845.926,565
846.044,551
846.162,542
846.28,532
846.398,530
846.516,545
846.634,548
846.752,532
846.87,554
846.988,552
847.106,524
847.224,560
847.342,534
847.46,564
847.578,549
847.696,534
847.814,543
847.932,528
848.05,544
848.168,554
848.285,546
848.403,540
848.521,547
848.639,544
848.757,550
848.875,538
848.993,562
849.111,562
849.229,565
849.347,538
849.465,555
849.582,553
849.7,535
849.818,574
849.936,532
850.054,557
850.172,548
850.29,545
850.408,553
850.525,555
850.643,544
850.761,539
850.879,525
850.997,548
851.115,549
851.233,536
851.35,562
851.468,552
851.586,548
851.704,540
851.822,538
851.94,549
852.057,546
852.175,568
852.293,567
852.411,596
852.529,611
852.647,592
852.764,582
852.882,605
853.0,566
853.118,572
853.236,555
853.353,568
853.471,558
853.589,548
853.707,568
853.824,569
853.942,560
854.06,563
854.178,569
854.296,547
854.413,587
854.531,564
854.649,545
854.767,554
854.884,543
855.002,555
855.12,559
855.238,534
855.355,551
855.473,535
855.591,571
855.708,571
855.826,568
855.944,553
856.062,538
856.179,549
856.297,547
856.415,564
856.532,525
856.65,570
856.768,565
856.886,560
857.003,565
857.121,584
857.239,558
857.356,570
857.474,531
857.592,556
857.709,541
857.827,544
857.945,570
858.062,576
858.18,558
858.298,563
858.415,562
858.533,569
858.651,559
858.768,549
858.886,549
859.003,563
859.121,538
859.239,553
859.356,532
859.474,556
859.592,544
859.709,536
859.827,536
859.944,540
860.062,539
860.18,534
860.297,518
860.415,541
860.532,546
860.65,556
860.768,549
860.885,546
861.003,539
861.12,549
861.238,549
861.356,553
861.473,544
861.591,544
861.708,562
861.826,561
861.943,558
862.061,555
862.178,544
862.296,545
862.414,541
862.531,529
862.649,517
862.766,550
862.884,551
863.001,544
863.119,540
863.236,534
863.354,535
863.471,573
863.589,550
863.706,562
863.824,548
863.941,568
864.059,574
864.176,560
864.294,543
864.411,546
864.529,550
864.646,544
864.764,543
864.881,510
864.999,540
865.116,542
865.233,535
865.351,532
865.468,533
865.586,543
865.703,523
865.821,525
865.938,546
866.056,525
866.173,525
866.29,536
866.408,548
866.525,554
866.643,558
866.76,528
866.878,546
866.995,522
867.112,549
867.23,543
867.347,535
867.465,553
867.582,533
867.699,546
867.817,540
867.934,547
868.051,551
868.169,539
868.286,520
868.404,551
868.521,544
868.638,534
868.756,519
868.873,549
868.99,546
869.108,534
869.225,534
869.342,545
869.46,528
869.577,545
869.694,561
869.812,564
869.929,538
870.046,563
870.164,554
870.281,555
870.398,549
870.516,565
870.633,570
870.75,558
870.867,563
870.985,573
871.102,561
871.219,569
871.337,582
871.454,589
871.571,566
871.688,573
871.806,582
871.923,581
872.04,562
872.157,577
872.275,570
872.392,580
872.509,552
872.626,572
872.744,551
872.861,560
872.978,547
873.095,590
873.213,552
873.33,553
873.447,550
873.564,570
873.681,530
873.799,577
873.916,554
874.033,551
874.15,565
874.267,566
874.385,565
874.502,563
874.619,559
874.736,576
874.853,555
874.97,586
875.088,554
875.205,561
875.322,589
875.439,578
875.556,564
875.673,549
875.791,555
875.908,558
876.025,554
876.142,564
876.259,569
876.376,551
876.493,545
876.61,547
876.728,547
876.845,563
876.962,547
877.079,538
877.196,575
877.313,563
877.43,521
877.547,559
877.664,549
877.781,541
877.898,546
878.016,548
878.133,547
878.25,539
878.367,529
878.484,532
878.601,523
878.718,544
878.835,545
878.952,550
879.069,527
879.186,536
879.303,525
879.42,523
879.537,526
879.654,517
879.771,521
879.888,542
880.005,524
880.122,518
880.239,516
880.356,507
880.473,511
880.59,530
880.707,492
880.824,514
880.941,523
881.058,503
881.175,506
881.292,531
881.409,517
881.526,500
881.643,515
881.76,523
881.877,501
881.994,484
882.111,504
882.228,506
882.345,497
882.462,518
882.579,508
882.696,506
882.812,495
882.929,510
883.046,534
883.163,508
883.28,502
883.397,517
883.514,513
883.631,524
883.748,494
883.865,526
883.982,509
884.098,554
884.215,530
884.332,540
884.449,518
884.566,537
884.683,536
884.8,579
884.916,594
885.033,587
885.15,604
885.267,655
885.384,621
885.501,656
885.617,612
885.734,622
885.851,666
885.968,644
886.085,623
886.202,638
886.318,622
886.435,623
886.552,606
886.669,625
886.786,587
886.902,588
887.019,578
887.136,609
887.253,564
887.369,587
887.486,571
887.603,573
887.72,580
887.837,557
887.953,540
888.07,550
888.187,537
888.304,535
888.42,510
888.537,514
888.654,518
888.77,512
888.887,483
889.004,492
889.121,520
889.237,504
889.354,495
889.471,509
889.587,496
889.704,497
889.821,486
889.938,499
890.054,494
890.171,483
890.288,506
890.404,513
890.521,501
890.638,502
890.754,494
890.871,502
890.988,523
891.104,530
891.221,524
891.337,514
891.454,525
891.571,514
891.687,532
891.804,531
891.921,538
892.037,527
892.154,532
892.27,540
892.387,529
892.504,510
892.62,513
892.737,533
892.854,498
892.97,509
893.087,485
893.203,516
893.32,486
893.436,529
893.553,496
893.67,499
893.786,491
893.903,521
894.019,496
894.136,490
894.252,481
894.369,488
894.485,483
894.602,523
894.718,494
894.835,484
894.951,493
895.068,505
895.184,495
895.301,497
895.417,506
895.534,500
895.65,467
895.767,492
895.883,486
896.0,497
896.116,501
896.233,503
896.349,497
896.466,488
896.582,500
896.699,509
896.815,509
896.932,505
897.048,488
897.165,490
897.281,489
897.397,500
897.514,485
897.63,500
897.747,492
897.863,509
897.979,497
898.096,524
898.212,515
898.329,500
898.445,480
898.561,506
898.678,499
898.794,498
898.911,481
899.027,495
899.143,504
899.26,507
899.376,507
899.492,501
899.609,496
899.725,489
899.842,484
899.958,498
900.074,495
900.191,484
900.307,511
900.423,518
900.539,496
900.656,509
900.772,506
900.888,495
901.005,517
901.121,505
901.237,497
901.354,512
901.47,522
901.586,516
901.703,517
901.819,509
901.935,534
902.051,536
902.168,550
902.284,537
902.4,529
902.516,586
902.633,528
902.749,562
902.865,574
902.981,559
903.098,536
903.214,555
903.33,556
903.446,535
903.562,529
903.679,543
903.795,535
903.911,539
904.027,535
904.143,538
904.26,510
904.376,541
904.492,530
904.608,507
904.724,489
904.841,527
904.957,495
905.073,514
905.189,489
905.305,505
905.421,507
905.538,489
905.654,480
905.77,516
905.886,477
906.002,507
906.118,489
906.234,470
906.35,473
906.466,496
906.583,473
906.699,477
906.815,499
906.931,487
907.047,457
907.163,468
907.279,479
907.395,482
907.511,486
907.627,489
907.743,484
907.859,481
907.976,484
908.092,481
908.208,486
908.324,492
908.44,471
908.556,479
908.672,488
908.788,481
908.904,477
909.02,507
909.136,490
909.252,491
909.368,479
909.484,473
909.6,477
909.716,502
909.832,499
909.948,460
910.064,472
910.18,490
910.296,488
910.412,483
910.528,481
910.644,475
910.76,477
910.875,477
910.991,493
911.107,491
911.223,488
911.339,494
911.455,475
911.571,478
911.687,480
911.803,489
911.919,466
912.035,494
912.151,492
912.267,478
912.382,461
912.498,488
912.614,488
912.73,487
912.846,480
