792.446,297
792.565,329
792.684,396
792.803,377
792.922,328
793.041,298
793.16,314
793.279,334
793.398,330
793.518,303
793.637,314
793.756,330
793.875,335
793.994,322
794.113,319
794.232,321
794.351,335
794.47,315
794.589,337
794.708,322
794.827,330
794.946,315
795.066,347
795.185,324
795.304,330
795.423,321
795.542,306
795.661,318
795.78,310
795.899,312
796.018,331
796.137,327
796.256,318
796.375,328
796.494,327
796.613,319
796.732,320
796.851,329
796.97,310
797.089,316
797.208,330
797.327,318
797.446,318
797.565,321
797.684,324
797.803,321
797.922,332
798.041,327
798.16,325
798.279,304
798.398,318
798.517,316
798.636,332
798.755,315
798.874,315
798.993,314
799.112,321
799.231,327
799.35,327
799.469,326
799.588,320
799.707,319
799.826,336
799.945,322
800.064,329
800.183,317
800.302,324
800.421,314
800.54,323
800.659,323
800.778,323
800.897,317
801.016,320
801.135,308
801.254,328
801.373,332
801.492,316
801.611,313
801.729,320
801.848,325
801.967,326
802.086,321
802.205,333
802.324,321
802.443,301
802.562,313
802.681,323
802.8,311
802.919,336
803.038,314
803.157,322
803.276,315
803.394,326
803.513,312
803.632,316
803.751,315
803.87,309
803.989,316
804.108,333
804.227,311
804.346,324
804.465,325
804.583,315
804.702,315
804.821,314
804.94,321
805.059,321
805.178,324
805.297,322
805.416,325
805.535,327
805.653,323
805.772,325
805.891,318
806.01,325
806.129,325
806.248,322
806.367,314
806.485,330
806.604,315
806.723,322
806.842,308
806.961,332
807.08,308
807.198,319
807.317,308
807.436,320
807.555,310
807.674,313
807.793,302
807.912,313
808.03,313
808.149,314
808.268,320
808.387,318
808.506,322
808.624,316
808.743,323
808.862,304
808.981,317
809.1,324
809.219,326
809.337,309
809.456,326
809.575,327
809.694,309
809.812,319
809.931,307
810.05,321
810.169,327
810.288,320
810.406,312
810.525,317
810.644,294
810.763,316
810.882,318
811.0,325
811.119,311
811.238,327
811.357,317
811.475,327
811.594,324
811.713,315
811.832,312
811.95,322
812.069,317
812.188,325
812.307,313
812.425,311
812.544,317
812.663,313
812.782,322
812.9,314
813.019,322
813.138,319
813.257,309
813.375,312
813.494,324
813.613,320
813.731,314
813.85,319
813.969,326
814.088,311
814.206,305
814.325,322
814.444,313
814.562,321
814.681,323
814.8,308
814.918,320
815.037,324
815.156,331
815.274,325
815.393,304
815.512,312
815.631,328
815.749,320
815.868,320
815.987,328
816.105,312
816.224,314
816.343,329
816.461,323
816.58,325
816.698,309
816.817,305
816.936,323
817.055,316
817.173,311
817.292,308
817.41,308
817.529,312
817.648,309
817.766,327
817.885,299
818.004,315
818.122,325
818.241,329
818.359,317
818.478,311
818.597,323
818.715,306
818.834,306
818.953,315
819.071,323
819.19,317
819.308,316
819.427,312
819.546,316
819.664,314
819.783,321
819.901,318
820.02,326
820.138,320
820.257,319
820.376,325
820.494,325
820.613,309
820.731,313
820.85,311
820.969,313
821.087,318
821.206,322
821.324,296
821.443,319
821.561,327
821.68,324
821.798,332
821.917,314
822.035,301
822.154,329
822.273,312
822.391,315
822.51,315
822.628,302
822.747,311
822.865,322
822.984,310
823.102,328
823.221,321
823.339,308
823.458,322
823.576,299
823.695,327
823.813,319
823.932,330
824.05,314
824.169,322
824.287,299
824.406,315
824.524,317
824.643,320
824.761,322
824.88,313
824.998,316
825.117,302
825.235,323
825.354,321
825.472,321
825.591,309
825.709,318
825.828,320
825.946,319
826.064,315
826.183,320
826.301,309
826.42,319
826.538,302
826.657,325
826.775,310
826.894,326
827.012,302
827.13,312
827.249,314
827.367,316
827.486,306
827.604,322
827.723,314
827.841,311
827.959,308
828.078,322
828.196,314
828.315,324
828.433,319
828.552,325
828.67,311
828.788,322
828.907,316
829.025,315
829.143,307
829.262,312
829.38,307
829.499,314
829.617,310
829.735,316
829.854,322
829.972,318
830.091,306
830.209,317
830.327,322
830.446,328
830.564,309
830.682,319
830.801,308
830.919,325
831.037,303
831.156,316
831.274,311
831.392,324
831.511,304
831.629,304
831.747,315
831.866,322
831.984,321
832.102,302
832.221,334
832.339,318
832.457,324
832.576,310
832.694,314
832.812,316
832.93,321
833.049,313
833.167,304
833.285,304
833.404,305
833.522,314
833.64,312
833.759,325
833.877,316
833.995,314
834.113,315
834.232,312
834.35,315
834.468,316
834.586,305
834.705,332
834.823,318
834.941,318
835.059,327
835.178,327
835.296,303
835.414,321
835.532,312
835.651,312
835.769,308
835.887,319
836.005,315
836.124,318
836.242,318
836.36,317
836.478,308
836.596,309
836.715,318
836.833,316
836.951,308
837.069,318
837.188,308
837.306,316
837.424,310
837.542,307
837.66,303
837.779,316
837.897,307
838.015,302
838.133,310
838.251,310
838.369,310
838.487,309
838.606,321
838.724,312
838.842,322
838.96,316
839.078,308
839.196,317
839.315,319
839.433,313
839.551,311
839.669,311
839.787,301
839.905,315
840.023,318
840.142,307
840.26,316
840.378,298
840.496,314
840.614,296
840.732,309
840.85,316
840.968,318
841.087,308
841.205,325
841.323,319
841.441,326
841.559,311
841.677,329
841.795,329
841.913,318
842.031,316
842.149,318
842.267,310
842.385,319
842.504,304
842.622,310
842.74,314
842.858,307
842.976,302
843.094,302
843.212,313
843.33,304
843.448,321
843.566,323
843.684,317
843.802,322
843.92,304
844.038,324
844.156,304
844.274,322
844.392,319
844.51,317
844.628,316
844.746,324
844.864,307
844.982,312
845.1,312
845.218,315
845.336,308
845.454,312
845.572,315
845.69,324
845.808,310
845.926,318
846.044,311
846.162,326
846.28,314
846.398,317
846.516,319
846.634,309
846.752,319
846.87,307
846.988,321
847.106,321
847.224,311
847.342,316
847.46,321
847.578,317
847.696,318
847.814,293
847.932,308
848.05,315
848.168,310
848.285,320
848.403,322
848.521,302
848.639,319
848.757,310
848.875,320
848.993,312
849.111,311
849.229,310
849.347,326
849.465,310
849.582,321
849.7,321
849.818,317
849.936,318
850.054,327
850.172,313
850.29,313
850.408,312
850.525,306
850.643,319
850.761,321
850.879,293
850.997,310
851.115,310
851.233,317
851.35,313
851.468,303
851.586,316
851.704,315
851.822,313
851.94,313
852.057,323
852.175,322
852.293,308
852.411,317
852.529,314
852.647,311
852.764,314
852.882,314
853.0,314
853.118,323
853.236,313
853.353,315
853.471,311
853.589,307
853.707,308
853.824,315
853.942,308
854.06,324
854.178,328
854.296,315
854.413,322
854.531,318
854.649,311
854.767,328
854.884,321
855.002,317
855.12,318
855.238,330
855.355,318
855.473,319
855.591,316
855.708,311
855.826,312
855.944,312
856.062,314
856.179,313
856.297,318
856.415,316
856.532,306
856.65,305
856.768,312
856.886,326
857.003,319
857.121,322
857.239,305
857.356,311
857.474,308
857.592,332
857.709,303
857.827,305
857.945,310
858.062,310
858.18,318
858.298,306
858.415,323
858.533,321
858.651,311
858.768,324
858.886,304
859.003,312
859.121,316
859.239,324
859.356,320
859.474,322
859.592,323
859.709,315
859.827,314
859.944,315
860.062,313
860.18,314
860.297,305
860.415,308
860.532,309
860.65,313
860.768,322
860.885,307
861.003,311
861.12,318
861.238,316
861.356,320
861.473,306
861.591,321
861.708,317
861.826,313
861.943,314
862.061,305
862.178,301
862.296,327
862.414,307
862.531,319
862.649,334
862.766,321
862.884,303
863.001,325
863.119,299
863.236,313
863.354,308
863.471,312
863.589,320
863.706,317
863.824,313
863.941,314
864.059,309
864.176,315
864.294,314
864.411,315
864.529,319
864.646,323
864.764,318
864.881,313
864.999,307
865.116,299
865.233,315
865.351,306
865.468,304
865.586,328
865.703,304
865.821,308
865.938,296
866.056,311
866.173,311
866.29,314
866.408,318
866.525,315
866.643,325
866.76,334
866.878,315
866.995,315
867.112,318
867.23,325
867.347,308
867.465,312
867.582,311
867.699,311
867.817,311
867.934,315
868.051,320
868.169,321
868.286,317
868.404,319
868.521,333
868.638,308
868.756,320
868.873,308
868.99,310
869.108,311
869.225,306
869.342,310
869.46,308
869.577,318
869.694,311
869.812,321
869.929,318
870.046,318
870.164,310
870.281,319
870.398,316
870.516,314
870.633,308
870.75,313
870.867,310
870.985,309
871.102,318
871.219,303
871.337,299
871.454,309
871.571,314
871.688,318
871.806,316
871.923,319
872.04,312
872.157,315
872.275,310
872.392,316
872.509,316
872.626,322
872.744,306
872.861,321
872.978,321
873.095,312
873.213,331
873.33,327
873.447,322
873.564,315
873.681,312
873.799,310
873.916,301
874.033,316
874.15,322
874.267,304
874.385,314
874.502,318
874.619,312
874.736,314
874.853,325
874.97,322
875.088,308
875.205,326
875.322,306
875.439,312
875.556,318
875.673,314
875.791,318
875.908,317
876.025,312
876.142,319
876.259,307
876.376,314
876.493,300
876.61,310
876.728,310
876.845,327
876.962,317
877.079,318
877.196,298
877.313,312
877.43,308
877.547,310
877.664,321
877.781,307
877.898,313
878.016,311
878.133,306
878.25,323
878.367,316
878.484,316
878.601,308
878.718,319
878.835,322
878.952,317
879.069,310
879.186,302
879.303,300
879.42,302
879.537,310
879.654,315
879.771,312
879.888,318
880.005,313
880.122,312
880.239,312
880.356,316
880.473,308
880.59,308
880.707,299
880.824,305
880.941,311
881.058,332
881.175,322
881.292,301
881.409,311
881.526,302
881.643,310
881.76,308
881.877,325
881.994,307
882.111,306
882.228,332
882.345,314
882.462,321
882.579,315
882.696,322
882.812,310
882.929,311
883.046,310
883.163,322
883.28,304
883.397,325
883.514,319
883.631,323
883.748,310
883.865,322
883.982,306
884.098,318
884.215,313
884.332,327
884.449,311
884.566,313
884.683,308
884.8,314
884.916,321
885.033,318
885.15,335
885.267,324
885.384,304
885.501,322
885.617,301
885.734,323
885.851,305
885.968,320
886.085,317
886.202,326
886.318,306
886.435,316
886.552,323
886.669,326
886.786,316
886.902,314
887.019,307
887.136,310
887.253,311
887.369,315
887.486,314
887.603,318
887.72,307
887.837,315
887.953,324
888.07,317
888.187,316
888.304,315
888.42,316
888.537,311
888.654,313
888.77,310
888.887,314
889.004,321
889.121,313
889.237,315
889.354,316
889.471,311
889.587,324
889.704,311
889.821,304
889.938,315
890.054,306
890.171,324
890.288,310
890.404,311
890.521,316
890.638,314
890.754,316
890.871,318
890.988,313
891.104,320
891.221,314
891.337,319
891.454,327
891.571,329
891.687,313
891.804,313
891.921,310
892.037,311
892.154,318
892.27,312
892.387,313
892.504,313
892.62,313
892.737,327
892.854,307
892.97,324
893.087,314
893.203,318
893.32,312
893.436,322
893.553,315
893.67,314
893.786,315
893.903,324
894.019,315
894.136,316
894.252,330
894.369,317
894.485,325
894.602,317
894.718,317
894.835,314
894.951,311
895.068,311
895.184,321
895.301,312
895.417,322
895.534,318
895.65,310
895.767,328
895.883,308
896.0,312
896.116,303
896.233,323
896.349,319
896.466,314
896.582,331
896.699,323
896.815,296
896.932,320
897.048,302
897.165,306
897.281,303
897.397,326
897.514,304
897.63,309
897.747,324
897.863,310
897.979,319
898.096,323
898.212,308
898.329,313
898.445,308
898.561,316
898.678,316
898.794,315
898.911,308
899.027,312
899.143,319
899.26,315
899.376,320
899.492,312
899.609,322
899.725,324
899.842,327
899.958,298
900.074,318
900.191,316
900.307,305
900.423,331
900.539,305
900.656,319
900.772,303
900.888,311
901.005,306
901.121,306
901.237,320
901.354,315
901.47,299
901.586,317
901.703,307
901.819,309
901.935,319
902.051,317
902.168,297
902.284,318
902.4,321
902.516,316
902.633,305
902.749,332
902.865,312
902.981,316
903.098,316
903.214,320
903.33,330
903.446,312
903.562,303
903.679,316
903.795,311
903.911,318
904.027,309
904.143,322
904.26,313
904.376,324
904.492,309
904.608,322
904.724,314
904.841,316
904.957,312
905.073,312
905.189,305
905.305,309
905.421,322
905.538,320
905.654,311
905.77,321
905.886,314
906.002,310
906.118,311
906.234,315
906.35,304
906.466,312
906.583,318
906.699,328
906.815,310
906.931,312
907.047,318
907.163,308
907.279,318
907.395,313
907.511,314
907.627,314
907.743,309
907.859,319
907.976,310
908.092,298
908.208,312
908.324,313
908.44,302
908.556,313
908.672,299
908.788,318
908.904,300
909.02,327
909.136,328
909.252,320
909.368,306
909.484,326
909.6,308
909.716,320
909.832,319
909.948,329
910.064,324
910.18,316
910.296,309
910.412,333
910.528,319
910.644,314
910.76,320
910.875,317
910.991,306
911.107,321
911.223,318
911.339,312
911.455,328
911.571,317
911.687,304
911.803,321
911.919,311
912.035,320
912.151,312
912.267,320
912.382,311
912.498,322
912.614,315
912.73,313
912.846,310
792.446,291
792.565,327
792.684,399
792.803,372
792.922,325
793.041,306
793.16,316
793.279,322
793.398,319
793.518,297
793.637,306
793.756,320
793.875,345
793.994,331
794.113,327
794.232,320
794.351,328
794.47,311
794.589,326
794.708,323
794.827,307
794.946,309
795.066,336
795.185,321
795.304,326
795.423,314
795.542,315
795.661,321
795.78,327
795.899,303
796.018,332
796.137,334
796.256,331
796.375,325
796.494,324
796.613,312
796.732,324
796.851,320
796.97,318
797.089,317
797.208,340
797.327,323
797.446,330
797.565,326
797.684,330
797.803,307
797.922,320
798.041,320
798.16,330
798.279,320
798.398,309
798.517,317
798.636,336
798.755,332
798.874,330
798.993,315
799.112,314
799.231,309
799.35,314
799.469,316
799.588,319
799.707,323
799.826,320
799.945,329
800.064,321
800.183,314
800.302,334
800.421,321
800.54,335
800.659,310
800.778,338
800.897,330
801.016,329
801.135,315
801.254,330
801.373,314
801.492,326
801.611,326
801.729,327
801.848,320
801.967,327
802.086,321
802.205,311
802.324,313
802.443,333
802.562,333
802.681,319
802.8,325
802.919,334
803.038,324
803.157,319
803.276,330
803.394,312
803.513,325
803.632,326
803.751,320
803.87,331
803.989,313
804.108,325
804.227,319
804.346,332
804.465,306
804.583,326
804.702,312
804.821,331
804.94,326
805.059,313
805.178,312
805.297,319
805.416,324
805.535,314
805.653,315
805.772,310
805.891,302
806.01,322
806.129,311
806.248,321
806.367,321
806.485,314
806.604,318
806.723,330
806.842,316
806.961,317
807.08,316
807.198,326
807.317,318
807.436,328
807.555,314
807.674,325
807.793,309
807.912,319
808.03,317
808.149,332
808.268,313
808.387,335
808.506,332
808.624,330
808.743,309
808.862,322
808.981,320
809.1,327
809.219,314
809.337,327
809.456,315
809.575,326
809.694,318
809.812,329
809.931,319
810.05,336
810.169,324
810.288,320
810.406,319
810.525,314
810.644,325
810.763,328
810.882,317
811.0,319
811.119,327
811.238,307
811.357,315
811.475,314
811.594,325
811.713,307
811.832,303
811.95,329
812.069,323
812.188,320
812.307,315
812.425,331
812.544,324
812.663,317
812.782,314
812.9,320
813.019,331
813.138,316
813.257,321
813.375,322
813.494,321
813.613,324
813.731,313
813.85,319
813.969,317
814.088,324
814.206,323
814.325,306
814.444,324
814.562,325
814.681,313
814.8,315
814.918,317
815.037,317
815.156,311
815.274,324
815.393,322
815.512,332
815.631,309
815.749,323
815.868,308
815.987,317
816.105,313
816.224,322
816.343,311
816.461,326
816.58,309
816.698,322
816.817,320
816.936,316
817.055,313
817.173,314
817.292,321
817.41,325
817.529,304
817.648,334
817.766,318
817.885,331
818.004,327
818.122,312
818.241,309
818.359,306
818.478,302
818.597,326
818.715,317
818.834,318
818.953,312
819.071,320
819.19,311
819.308,317
819.427,322
819.546,315
819.664,296
819.783,312
819.901,312
820.02,317
820.138,317
820.257,319
820.376,313
820.494,303
820.613,316
820.731,308
820.85,322
820.969,316
821.087,307
821.206,311
821.324,323
821.443,312
821.561,318
821.68,321
821.798,322
821.917,318
822.035,326
822.154,309
822.273,320
822.391,313
822.51,328
822.628,318
822.747,313
822.865,310
822.984,325
823.102,321
823.221,308
823.339,323
823.458,313
823.576,324
823.695,301
823.813,319
823.932,317
824.05,320
824.169,324
824.287,314
824.406,321
824.524,320
824.643,315
824.761,320
824.88,302
824.998,308
825.117,306
825.235,320
825.354,317
825.472,329
825.591,314
825.709,315
825.828,313
825.946,328
826.064,313
826.183,326
826.301,317
826.42,307
826.538,319
826.657,311
826.775,322
826.894,314
827.012,311
827.13,318
827.249,311
827.367,307
827.486,312
827.604,321
827.723,315
827.841,317
827.959,306
828.078,322
828.196,309
828.315,326
828.433,309
828.552,315
828.67,317
828.788,316
828.907,304
829.025,310
829.143,317
829.262,336
829.38,317
829.499,315
829.617,321
829.735,315
829.854,311
829.972,319
830.091,329
830.209,315
830.327,322
830.446,312
830.564,304
830.682,314
830.801,318
830.919,322
831.037,309
831.156,318
831.274,301
831.392,318
831.511,326
831.629,317
831.747,316
831.866,313
831.984,317
832.102,311
832.221,330
832.339,313
832.457,313
832.576,324
832.694,318
832.812,316
832.93,327
833.049,307
833.167,323
833.285,313
833.404,315
833.522,308
833.64,310
833.759,310
833.877,319
833.995,302
834.113,318
834.232,322
834.35,304
834.468,315
834.586,300
834.705,323
834.823,315
834.941,309
835.059,317
835.178,312
835.296,317
835.414,318
835.532,318
835.651,330
835.769,316
835.887,323
836.005,317
836.124,314
836.242,310
836.36,327
836.478,314
836.596,317
836.715,314
836.833,322
836.951,314
837.069,309
837.188,321
837.306,318
837.424,310
837.542,325
837.66,325
837.779,307
837.897,313
838.015,312
838.133,317
838.251,313
838.369,324
838.487,306
838.606,326
838.724,316
838.842,323
838.96,316
839.078,315
839.196,315
839.315,320
839.433,315
839.551,312
839.669,300
839.787,315
839.905,326
840.023,332
840.142,327
840.26,318
840.378,321
840.496,318
840.614,317
840.732,309
840.85,325
840.968,306
841.087,313
841.205,309
841.323,320
841.441,308
841.559,325
841.677,315
841.795,336
841.913,305
842.031,316
842.149,307
842.267,319
842.385,317
842.504,307
842.622,318
842.74,317
842.858,307
842.976,312
843.094,304
843.212,327
843.33,307
843.448,324
843.566,312
843.684,321
843.802,304
843.92,315
844.038,314
844.156,319
844.274,303
844.392,314
844.51,324
844.628,319
844.746,312
844.864,314
844.982,308
845.1,314
845.218,315
845.336,323
845.454,311
845.572,315
845.69,310
845.808,304
845.926,312
846.044,330
846.162,314
846.28,315
846.398,314
846.516,298
846.634,317
846.752,319
846.87,319
846.988,314
847.106,310
847.224,317
847.342,319
847.46,321
847.578,325
847.696,322
847.814,326
847.932,331
848.05,307
848.168,310
848.285,303
848.403,304
848.521,318
848.639,318
848.757,324
848.875,302
848.993,304
849.111,311
849.229,320
849.347,314
849.465,309
849.582,313
849.7,308
849.818,322
849.936,326
850.054,314
850.172,324
850.29,308
850.408,320
850.525,321
850.643,314
850.761,319
850.879,305
850.997,316
851.115,324
851.233,299
851.35,320
851.468,324
851.586,321
851.704,318
851.822,316
851.94,336
852.057,312
852.175,326
852.293,306
852.411,321
852.529,328
852.647,315
852.764,310
852.882,317
853.0,306
853.118,309
853.236,306
853.353,307
853.471,319
853.589,306
853.707,310
853.824,333
853.942,325
854.06,309
854.178,307
854.296,321
854.413,330
854.531,318
854.649,319
854.767,321
854.884,315
855.002,313
855.12,316
855.238,311
855.355,303
855.473,322
855.591,326
855.708,302
855.826,302
855.944,322
856.062,314
856.179,305
856.297,320
856.415,319
856.532,308
856.65,319
856.768,317
856.886,331
857.003,323
857.121,331
857.239,319
857.356,312
857.474,316
857.592,317
857.709,309
857.827,321
857.945,297
858.062,308
858.18,312
858.298,310
858.415,310
858.533,304
858.651,307
858.768,313
858.886,311
859.003,322
859.121,310
859.239,329
859.356,309
859.474,297
859.592,318
859.709,312
859.827,313
859.944,316
860.062,323
860.18,311
860.297,328
860.415,320
860.532,300
860.65,311
860.768,320
860.885,320
861.003,315
861.12,315
861.238,316
861.356,313
861.473,312
861.591,314
861.708,313
861.826,305
861.943,308
862.061,300
862.178,317
862.296,330
862.414,311
862.531,320
862.649,315
862.766,318
862.884,315
863.001,325
863.119,306
863.236,317
863.354,322
863.471,321
863.589,314
863.706,321
863.824,317
863.941,334
864.059,306
864.176,299
864.294,317
864.411,324
864.529,298
864.646,303
864.764,319
864.881,318
864.999,311
865.116,312
865.233,313
865.351,311
865.468,316
865.586,307
865.703,329
865.821,316
865.938,306
866.056,319
866.173,325
866.29,317
866.408,318
866.525,304
866.643,313
866.76,316
866.878,311
866.995,309
867.112,320
867.23,313
867.347,319
867.465,326
867.582,324
867.699,319
867.817,320
867.934,304
868.051,328
868.169,316
868.286,312
868.404,310
868.521,303
868.638,334
868.756,323
868.873,313
868.99,324
869.108,311
869.225,318
869.342,303
869.46,323
869.577,315
869.694,322
869.812,333
869.929,307
870.046,317
870.164,317
870.281,334
870.398,315
870.516,318
870.633,311
870.75,328
870.867,318
870.985,323
871.102,305
871.219,318
871.337,309
871.454,316
871.571,314
871.688,308
871.806,308
871.923,309
872.04,314
872.157,321
872.275,310
872.392,308
872.509,320
872.626,326
872.744,316
872.861,318
872.978,311
873.095,314
873.213,309
873.33,324
873.447,293
873.564,318
873.681,312
873.799,322
873.916,316
874.033,316
874.15,302
874.267,313
874.385,313
874.502,317
874.619,307
874.736,314
874.853,308
874.97,327
875.088,318
875.205,312
875.322,307
875.439,324
875.556,316
875.673,321
875.791,313
875.908,313
876.025,313
876.142,317
876.259,313
876.376,307
876.493,307
876.61,312
876.728,317
876.845,324
876.962,320
877.079,313
877.196,317
877.313,315
877.43,328
877.547,330
877.664,300
877.781,310
877.898,319
878.016,313
878.133,304
878.25,317
878.367,317
878.484,319
878.601,316
878.718,318
878.835,311
878.952,309
879.069,318
879.186,317
879.303,325
879.42,316
879.537,307
879.654,307
879.771,308
879.888,317
880.005,312
880.122,320
880.239,306
880.356,321
880.473,309
880.59,314
880.707,317
880.824,323
880.941,314
881.058,329
881.175,301
881.292,322
881.409,315
881.526,317
881.643,318
881.76,314
881.877,302
881.994,307
882.111,314
882.228,301
882.345,308
882.462,319
882.579,312
882.696,310
882.812,313
882.929,321
883.046,322
883.163,313
883.28,316
883.397,322
883.514,318
883.631,317
883.748,305
883.865,305
883.982,316
884.098,319
884.215,316
884.332,306
884.449,317
884.566,333
884.683,313
884.8,309
884.916,310
885.033,327
885.15,309
885.267,326
885.384,316
885.501,322
885.617,321
885.734,328
885.851,326
885.968,312
886.085,314
886.202,322
886.318,314
886.435,321
886.552,303
886.669,317
886.786,309
886.902,325
887.019,306
887.136,318
887.253,318
887.369,318
887.486,312
887.603,317
887.72,314
887.837,317
887.953,313
888.07,308
888.187,311
888.304,320
888.42,304
888.537,321
888.654,313
888.77,309
888.887,309
889.004,326
889.121,317
889.237,319
889.354,303
889.471,325
889.587,315
889.704,316
889.821,322
889.938,312
890.054,304
890.171,322
890.288,300
890.404,329
890.521,314
890.638,314
890.754,316
890.871,330
890.988,322
891.104,310
891.221,321
891.337,325
891.454,305
891.571,307
891.687,304
891.804,323
891.921,313
892.037,313
892.154,314
892.27,326
892.387,317
892.504,307
892.62,305
892.737,316
892.854,301
892.97,322
893.087,309
893.203,322
893.32,300
893.436,304
893.553,307
893.67,311
893.786,323
893.903,320
894.019,309
894.136,309
894.252,319
894.369,317
894.485,301
894.602,314
894.718,311
894.835,310
894.951,306
895.068,314
895.184,320
895.301,317
895.417,318
895.534,313
895.65,314
895.767,325
895.883,304
896.0,317
896.116,307
896.233,309
896.349,307
896.466,315
896.582,312
896.699,322
896.815,322
896.932,313
897.048,315
897.165,323
897.281,312
897.397,307
897.514,312
897.63,324
897.747,317
897.863,315
897.979,320
898.096,318
898.212,298
898.329,301
898.445,307
898.561,318
898.678,319
898.794,323
898.911,319
899.027,317
899.143,320
899.26,306
899.376,316
899.492,317
899.609,318
899.725,319
899.842,308
899.958,312
900.074,307
900.191,330
900.307,329
900.423,312
900.539,324
900.656,311
900.772,319
900.888,317
901.005,318
901.121,321
901.237,307
901.354,315
901.47,326
901.586,314
901.703,313
901.819,317
901.935,316
902.051,322
902.168,296
902.284,323
902.4,300
902.516,318
902.633,321
902.749,323
902.865,315
902.981,323
903.098,307
903.214,321
903.33,303
903.446,311
903.562,305
903.679,316
903.795,306
903.911,308
904.027,309
904.143,311
904.26,328
904.376,320
904.492,315
904.608,316
904.724,311
904.841,323
904.957,323
905.073,324
905.189,308
905.305,313
905.421,315
905.538,318
905.654,307
905.77,316
905.886,318
906.002,318
906.118,303
906.234,314
906.35,322
906.466,309
906.583,319
906.699,319
906.815,301
906.931,325
907.047,323
907.163,317
907.279,320
907.395,316
907.511,318
907.627,313
907.743,315
907.859,315
907.976,315
908.092,314
908.208,318
908.324,324
908.44,312
908.556,316
908.672,300
908.788,326
908.904,325
909.02,320
909.136,312
909.252,321
909.368,314
909.484,316
909.6,310
909.716,315
909.832,314
909.948,309
910.064,326
910.18,327
910.296,308
910.412,322
910.528,310
910.644,328
910.76,317
910.875,315
910.991,319
911.107,316
911.223,302
911.339,322
911.455,299
911.571,313
911.687,312
911.803,316
911.919,324
912.035,317
912.151,311
912.267,325
912.382,332
912.498,314
912.614,302
912.73,325
912.846,319
792.446,304
792.565,341
792.684,388
792.803,364
792.922,324
793.041,300
793.16,304
793.279,325
793.398,317
793.518,315
793.637,309
793.756,323
793.875,336
793.994,326
794.113,325
794.232,331
794.351,325
794.47,324
794.589,333
794.708,324
794.827,322
794.946,330
795.066,314
795.185,328
795.304,329
795.423,321
795.542,319
795.661,320
795.78,326
795.899,315
796.018,328
796.137,333
796.256,314
796.375,322
796.494,323
796.613,309
796.732,323
796.851,323
796.97,321
797.089,330
797.208,312
797.327,321
797.446,320
797.565,314
797.684,321
797.803,315
797.922,327
798.041,313
798.16,314
798.279,324
798.398,318
798.517,323
798.636,321
798.755,311
798.874,325
798.993,334
799.112,327
799.231,320
799.35,308
799.469,336
799.588,321
799.707,328
799.826,330
799.945,314
800.064,318
800.183,331
800.302,326
800.421,313
800.54,327
800.659,328
800.778,306
800.897,324
801.016,314
801.135,337
801.254,320
801.373,306
801.492,325
801.611,321
801.729,315
801.848,327
801.967,310
802.086,334
802.205,317
802.324,315
802.443,321
802.562,327
802.681,322
802.8,314
802.919,326
803.038,336
803.157,299
803.276,342
803.394,309
803.513,314
803.632,319
803.751,317
803.87,326
803.989,326
804.108,314
804.227,330
804.346,332
804.465,329
804.583,315
804.702,330
804.821,323
804.94,330
805.059,326
805.178,313
805.297,319
805.416,303
805.535,307
805.653,308
805.772,318
805.891,316
806.01,314
806.129,316
806.248,328
806.367,318
806.485,331
806.604,313
806.723,313
806.842,319
806.961,324
807.08,326
807.198,320
807.317,321
807.436,319
807.555,322
807.674,314
807.793,302
807.912,317
808.03,315
808.149,332
808.268,306
808.387,321
808.506,326
808.624,331
808.743,318
808.862,314
808.981,308
809.1,328
809.219,321
809.337,322
809.456,322
809.575,327
809.694,312
809.812,329
809.931,318
810.05,302
810.169,330
810.288,309
810.406,319
810.525,314
810.644,311
810.763,311
810.882,321
811.0,299
811.119,313
811.238,325
811.357,327
811.475,318
811.594,312
811.713,312
811.832,313
811.95,314
812.069,337
812.188,314
812.307,314
812.425,324
812.544,320
812.663,314
812.782,308
812.9,319
813.019,318
813.138,319
813.257,323
813.375,338
813.494,305
813.613,307
813.731,331
813.85,328
813.969,311
814.088,309
814.206,313
814.325,311
814.444,315
814.562,321
814.681,316
814.8,326
814.918,314
815.037,303
815.156,318
815.274,314
815.393,316
815.512,302
815.631,316
815.749,320
815.868,324
815.987,307
816.105,326
816.224,314
816.343,331
816.461,318
816.58,305
816.698,318
816.817,298
816.936,328
817.055,316
817.173,324
817.292,328
817.41,318
817.529,310
817.648,323
817.766,311
817.885,309
818.004,313
818.122,323
818.241,330
818.359,305
818.478,323
818.597,322
818.715,309
818.834,314
818.953,323
819.071,315
819.19,315
819.308,322
819.427,308
819.546,315
819.664,316
819.783,321
819.901,326
820.02,327
820.138,316
820.257,311
820.376,325
820.494,318
820.613,319
820.731,306
820.85,300
820.969,321
821.087,324
821.206,319
821.324,316
821.443,318
821.561,314
821.68,324
821.798,319
821.917,321
822.035,312
822.154,289
822.273,325
822.391,320
822.51,317
822.628,318
822.747,312
822.865,316
822.984,311
823.102,313
823.221,322
823.339,317
823.458,312
823.576,319
823.695,307
823.813,314
823.932,307
824.05,328
824.169,307
824.287,311
824.406,315
824.524,310
824.643,308
824.761,322
824.88,316
824.998,306
825.117,313
825.235,313
825.354,323
825.472,325
825.591,319
825.709,311
825.828,323
825.946,310
826.064,305
826.183,319
826.301,298
826.42,324
826.538,312
826.657,310
826.775,324
826.894,318
827.012,311
827.13,318
827.249,321
827.367,307
827.486,295
827.604,312
827.723,319
827.841,315
827.959,317
828.078,304
828.196,317
828.315,314
828.433,293
828.552,324
828.67,327
828.788,313
828.907,324
829.025,306
829.143,325
829.262,314
829.38,318
829.499,307
829.617,302
829.735,307
829.854,308
829.972,321
830.091,316
830.209,318
830.327,318
830.446,315
830.564,316
830.682,305
830.801,330
830.919,318
831.037,303
831.156,318
831.274,310
831.392,325
831.511,318
831.629,311
831.747,309
831.866,315
831.984,307
832.102,318
832.221,315
832.339,318
832.457,314
832.576,317
832.694,316
832.812,310
832.93,320
833.049,312
833.167,325
833.285,323
833.404,306
833.522,316
833.64,320
833.759,318
833.877,307
833.995,330
834.113,323
834.232,318
834.35,308
834.468,318
834.586,314
834.705,314
834.823,321
834.941,311
835.059,312
835.178,317
835.296,315
835.414,316
835.532,327
835.651,316
835.769,320
835.887,313
836.005,313
836.124,303
836.242,318
836.36,306
836.478,323
836.596,306
836.715,310
836.833,302
836.951,313
837.069,320
837.188,317
837.306,306
837.424,316
837.542,297
837.66,322
837.779,310
837.897,318
838.015,316
838.133,319
838.251,308
838.369,310
838.487,305
838.606,326
838.724,312
838.842,312
838.96,308
839.078,312
839.196,318
839.315,318
839.433,316
839.551,314
839.669,311
839.787,307
839.905,314
840.023,306
840.142,306
840.26,306
840.378,313
840.496,310
840.614,324
840.732,307
840.85,322
840.968,306
841.087,314
841.205,316
841.323,315
841.441,307
841.559,331
841.677,320
841.795,322
841.913,310
842.031,290
842.149,326
842.267,316
842.385,316
842.504,321
842.622,309
842.74,317
842.858,314
842.976,315
843.094,323
843.212,307
843.33,322
843.448,329
843.566,308
843.684,322
843.802,320
843.92,310
844.038,327
844.156,332
844.274,318
844.392,309
844.51,314
844.628,313
844.746,308
844.864,334
844.982,312
845.1,328
845.218,317
845.336,300
845.454,311
845.572,323
845.69,311
845.808,317
845.926,313
846.044,328
846.162,305
846.28,324
846.398,305
846.516,316
846.634,309
846.752,313
846.87,310
846.988,317
847.106,317
847.224,322
847.342,312
847.46,326
847.578,305
847.696,315
847.814,328
847.932,321
848.05,329
848.168,313
848.285,316
848.403,309
848.521,315
848.639,320
848.757,311
848.875,319
848.993,312
849.111,323
849.229,314
849.347,316
849.465,318
849.582,311
849.7,315
849.818,318
849.936,321
850.054,325
850.172,323
850.29,309
850.408,324
850.525,315
850.643,318
850.761,309
850.879,317
850.997,315
851.115,324
851.233,314
851.35,327
851.468,303
851.586,314
851.704,323
851.822,324
851.94,315
852.057,306
852.175,311
852.293,317
852.411,318
852.529,309
852.647,306
852.764,309
852.882,307
853.0,294
853.118,311
853.236,307
853.353,316
853.471,303
853.589,308
853.707,322
853.824,311
853.942,315
854.06,307
854.178,320
854.296,315
854.413,310
854.531,324
854.649,319
854.767,311
854.884,306
855.002,309
855.12,310
855.238,314
855.355,312
855.473,316
855.591,303
855.708,314
855.826,306
855.944,324
856.062,320
856.179,309
856.297,327
856.415,309
856.532,310
856.65,316
856.768,312
856.886,314
857.003,319
857.121,311
857.239,330
857.356,311
857.474,325
857.592,305
857.709,337
857.827,306
857.945,300
858.062,317
858.18,308
858.298,321
858.415,319
858.533,317
858.651,313
858.768,304
858.886,312
859.003,318
859.121,309
859.239,306
859.356,323
859.474,316
859.592,317
859.709,315
859.827,303
859.944,310
860.062,309
860.18,326
860.297,304
860.415,309
860.532,315
860.65,314
860.768,312
860.885,316
861.003,323
861.12,323
861.238,314
861.356,308
861.473,311
861.591,315
861.708,312
861.826,316
861.943,321
862.061,297
862.178,312
862.296,311
862.414,319
862.531,314
862.649,315
862.766,315
862.884,302
863.001,321
863.119,314
863.236,323
863.354,320
863.471,306
863.589,329
863.706,312
863.824,310
863.941,322
864.059,325
864.176,322
864.294,312
864.411,309
864.529,321
864.646,314
864.764,299
864.881,315
864.999,326
865.116,321
865.233,307
865.351,313
865.468,317
865.586,318
865.703,326
865.821,316
865.938,321
866.056,308
866.173,320
866.29,312
866.408,318
866.525,310
866.643,312
866.76,318
866.878,321
866.995,296
867.112,312
867.23,310
867.347,322
867.465,319
867.582,318
867.699,309
867.817,316
867.934,310
868.051,314
868.169,313
868.286,313
868.404,314
868.521,314
868.638,310
868.756,308
868.873,316
868.99,325
869.108,309
869.225,310
869.342,314
869.46,324
869.577,313
869.694,315
869.812,324
869.929,310
870.046,317
870.164,313
870.281,310
870.398,321
870.516,303
870.633,307
870.75,316
870.867,320
870.985,310
871.102,319
871.219,306
871.337,321
871.454,321
871.571,318
871.688,306
871.806,330
871.923,311
872.04,317
872.157,321
872.275,306
872.392,320
872.509,321
872.626,308
872.744,325
872.861,311
872.978,318
873.095,297
873.213,318
873.33,311
873.447,326
873.564,306
873.681,312
873.799,312
873.916,309
874.033,318
874.15,307
874.267,310
874.385,318
874.502,310
874.619,311
874.736,303
874.853,319
874.97,318
875.088,320
875.205,303
875.322,304
875.439,301
875.556,324
875.673,322
875.791,308
875.908,324
876.025,316
876.142,313
876.259,320
876.376,311
876.493,324
876.61,321
876.728,317
876.845,311
876.962,305
877.079,307
877.196,308
877.313,321
877.43,310
877.547,315
877.664,315
877.781,305
877.898,315
878.016,320
878.133,308
878.25,315
878.367,314
878.484,316
878.601,311
878.718,317
878.835,308
878.952,307
879.069,320
879.186,327
879.303,313
879.42,307
879.537,330
879.654,302
879.771,308
879.888,326
880.005,304
880.122,313
880.239,320
880.356,312
880.473,309
880.59,308
880.707,323
880.824,314
880.941,324
881.058,315
881.175,320
881.292,321
881.409,309
881.526,328
881.643,322
881.76,329
881.877,319
881.994,315
882.111,302
882.228,325
882.345,304
882.462,314
882.579,309
882.696,310
882.812,307
882.929,312
883.046,322
883.163,309
883.28,317
883.397,315
883.514,333
883.631,319
883.748,320
883.865,312
883.982,304
884.098,303
884.215,299
884.332,304
884.449,309
884.566,313
884.683,301
884.8,313
884.916,310
885.033,305
885.15,307
885.267,308
885.384,317
885.501,299
885.617,314
885.734,316
885.851,327
885.968,315
886.085,325
886.202,324
886.318,317
886.435,311
886.552,311
886.669,323
886.786,322
886.902,314
887.019,317
887.136,305
887.253,324
887.369,310
887.486,311
887.603,316
887.72,314
887.837,325
887.953,305
888.07,314
888.187,310
888.304,313
888.42,314
888.537,319
888.654,315
888.77,320
888.887,311
889.004,300
889.121,310
889.237,320
889.354,311
889.471,309
889.587,306
889.704,316
889.821,316
889.938,319
890.054,310
890.171,313
890.288,317
890.404,308
890.521,313
890.638,306
890.754,313
890.871,313
890.988,320
891.104,327
891.221,333
891.337,317
891.454,330
891.571,308
891.687,323
891.804,314
891.921,321
892.037,309
892.154,320
892.27,305
892.387,301
892.504,317
892.62,308
892.737,303
892.854,320
892.97,312
893.087,320
893.203,296
893.32,318
893.436,303
893.553,305
893.67,317
893.786,313
893.903,307
894.019,321
894.136,300
894.252,304
894.369,315
894.485,294
894.602,317
894.718,317
894.835,319
894.951,316
895.068,321
895.184,314
895.301,304
895.417,320
895.534,312
895.65,310
895.767,309
895.883,322
896.0,290
896.116,311
896.233,307
896.349,309
896.466,324
896.582,306
896.699,317
896.815,311
896.932,324
897.048,310
897.165,322
897.281,304
897.397,323
897.514,308
897.63,330
897.747,314
897.863,308
897.979,322
898.096,294
898.212,303
898.329,315
898.445,310
898.561,304
898.678,321
898.794,305
898.911,314
899.027,320
899.143,307
899.26,322
899.376,324
899.492,318
899.609,318
899.725,321
899.842,324
899.958,306
900.074,312
900.191,313
900.307,314
900.423,316
900.539,309
900.656,319
900.772,318
900.888,314
901.005,306
901.121,319
901.237,306
901.354,305
901.47,317
901.586,314
901.703,314
901.819,312
901.935,295
902.051,326
902.168,317
902.284,324
902.4,317
902.516,319
902.633,308
902.749,322
902.865,310
902.981,311
903.098,323
903.214,301
903.33,328
903.446,310
903.562,315
903.679,318
903.795,320
903.911,322
904.027,314
904.143,305
904.26,316
904.376,314
904.492,306
904.608,316
904.724,322
904.841,319
904.957,320
905.073,310
905.189,318
905.305,307
905.421,308
905.538,303
905.654,323
905.77,314
905.886,303
906.002,312
906.118,312
906.234,307
906.35,322
906.466,322
906.583,314
906.699,309
906.815,303
906.931,322
907.047,316
907.163,317
907.279,316
907.395,323
907.511,320
907.627,309
907.743,325
907.859,325
907.976,323
908.092,330
908.208,321
908.324,314
908.44,325
908.556,319
908.672,309
908.788,325
908.904,327
909.02,319
909.136,312
909.252,312
909.368,314
909.484,321
909.6,306
909.716,307
909.832,318
909.948,319
910.064,311
910.18,319
910.296,321
910.412,314
910.528,325
910.644,297
910.76,313
910.875,312
910.991,320
911.107,302
911.223,307
911.339,301
911.455,323
911.571,310
911.687,302
911.803,324
911.919,321
912.035,301
912.151,324
912.267,299
912.382,308
912.498,307
912.614,313
912.73,321
912.846,317
