792.446,3625
792.565,3646
792.684,3532
792.803,3496
792.922,3424
793.041,3304
793.16,3259
793.279,3159
793.398,3161
793.518,3082
793.637,3059
793.756,3000
793.875,2894
793.994,2880
794.113,2869
794.232,2833
794.351,2788
794.47,2762
794.589,2720
794.708,2673
794.827,2658
794.946,2553
795.066,2679
795.185,2582
795.304,2616
795.423,2449
795.542,2525
795.661,2433
795.78,2454
795.899,2457
796.018,2440
796.137,2310
796.256,2395
796.375,2292
796.494,2306
796.613,2280
796.732,2264
796.851,2242
796.97,2264
797.089,2203
797.208,2224
797.327,2155
797.446,2193
797.565,2154
797.684,2157
797.803,2167
797.922,2147
798.041,2164
798.16,2115
798.279,2107
798.398,2065
798.517,2130
798.636,2055
798.755,2064
798.874,2034
798.993,2053
799.112,2034
799.231,2075
799.35,2061
799.469,2040
799.588,2046
799.707,2039
799.826,1989
799.945,2028
800.064,2020
800.183,2008
800.302,2027
800.421,2002
800.54,2021
800.659,2029
800.778,1995
800.897,1969
801.016,1959
801.135,2019
801.254,2006
801.373,1985
801.492,1958
801.611,1932
801.729,2001
801.848,1914
801.967,1943
802.086,1908
802.205,1941
802.324,1894
802.443,1949
802.562,1919
802.681,1896
802.8,1977
802.919,1909
803.038,1844
803.157,1860
803.276,1914
803.394,1845
803.513,1849
803.632,1879
803.751,1854
803.87,1859
803.989,1846
804.108,1857
804.227,1858
804.346,1838
804.465,1822
804.583,1851
804.702,1814
804.821,1837
804.94,1800
805.059,1814
805.178,1807
805.297,1797
805.416,1851
805.535,1774
805.653,1810
805.772,1769
805.891,1812
806.01,1754
806.129,1738
806.248,1758
806.367,1745
806.485,1759
806.604,1695
806.723,1762
806.842,1767
806.961,1731
807.08,1720
807.198,1723
807.317,1699
807.436,1717
807.555,1706
807.674,1742
807.793,1721
807.912,1711
808.03,1678
808.149,1729
808.268,1677
808.387,1732
808.506,1694
808.624,1735
808.743,1662
808.862,1721
808.981,1660
809.1,1658
809.219,1672
809.337,1692
809.456,1676
809.575,1736
809.694,1693
809.812,1694
809.931,1696
810.05,1659
810.169,1709
810.288,1629
810.406,1657
810.525,1711
810.644,1632
810.763,1650
810.882,1664
811.0,1659
811.119,1662
811.238,1625
811.357,1656
811.475,1695
811.594,1688
811.713,1675
811.832,1673
811.95,1714
812.069,1668
812.188,1730
812.307,1689
812.425,1730
812.544,1674
812.663,1668
812.782,1696
812.9,1736
813.019,1704
813.138,1697
813.257,1683
813.375,1695
813.494,1688
813.613,1678
813.731,1736
813.85,1650
813.969,1690
814.088,1682
814.206,1676
814.325,1684
814.444,1679
814.562,1687
814.681,1683
814.8,1734
814.918,1719
815.037,1682
815.156,1682
815.274,1704
815.393,1712
815.512,1759
815.631,1672
815.749,1710
815.868,1639
815.987,1684
816.105,1662
816.224,1684
816.343,1655
816.461,1768
816.58,1709
816.698,1698
816.817,1660
816.936,1730
817.055,1663
817.173,1739
817.292,1667
817.41,1649
817.529,1723
817.648,1681
817.766,1737
817.885,1701
818.004,1684
818.122,1668
818.241,1678
818.359,1656
818.478,1683
818.597,1654
818.715,1665
818.834,1642
818.953,1642
819.071,1638
819.19,1623
819.308,1590
819.427,1650
819.546,1643
819.664,1650
819.783,1629
819.901,1614
820.02,1636
820.138,1571
820.257,1627
820.376,1620
820.494,1631
820.613,1562
820.731,1522
820.85,1572
820.969,1578
821.087,1546
821.206,1587
821.324,1572
821.443,1584
821.561,1562
821.68,1543
821.798,1575
821.917,1552
822.035,1540
822.154,1563
822.273,1540
822.391,1501
822.51,1517
822.628,1515
822.747,1547
822.865,1495
822.984,1505
823.102,1501
823.221,1482
823.339,1528
823.458,1507
823.576,1508
823.695,1518
823.813,1492
823.932,1511
824.05,1498
824.169,1495
824.287,1527
824.406,1481
824.524,1539
824.643,1494
824.761,1516
824.88,1515
824.998,1484
825.117,1517
825.235,1537
825.354,1499
825.472,1461
825.591,1484
825.709,1534
825.828,1496
825.946,1501
826.064,1531
826.183,1503
826.301,1532
826.42,1498
826.538,1458
826.657,1493
826.775,1479
826.894,1488
827.012,1494
827.13,1459
827.249,1484
827.367,1537
827.486,1454
827.604,1498
827.723,1522
827.841,1423
827.959,1495
828.078,1464
828.196,1489
828.315,1489
828.433,1470
828.552,1524
828.67,1508
828.788,1491
828.907,1472
829.025,1460
829.143,1491
829.262,1463
829.38,1451
829.499,1455
829.617,1480
829.735,1487
829.854,1453
829.972,1431
830.091,1450
830.209,1417
830.327,1505
830.446,1456
830.564,1471
830.682,1447
830.801,1453
830.919,1451
831.037,1518
831.156,1466
831.274,1458
831.392,1476
831.511,1448
831.629,1417
831.747,1450
831.866,1441
831.984,1454
832.102,1442
832.221,1477
832.339,1459
832.457,1438
832.576,1460
832.694,1436
832.812,1503
832.93,1432
833.049,1477
833.167,1472
833.285,1456
833.404,1448
833.522,1445
833.64,1435
833.759,1488
833.877,1472
833.995,1439
834.113,1490
834.232,1502
834.35,1471
834.468,1448
834.586,1503
834.705,1480
834.823,1447
834.941,1479
835.059,1490
835.178,1473
835.296,1463
835.414,1432
835.532,1463
835.651,1455
835.769,1419
835.887,1453
836.005,1435
836.124,1473
836.242,1408
836.36,1456
836.478,1447
836.596,1444
836.715,1416
836.833,1467
836.951,1432
837.069,1415
837.188,1416
837.306,1428
837.424,1428
837.542,1449
837.66,1423
837.779,1443
837.897,1400
838.015,1428
838.133,1430
838.251,1429
838.369,1430
838.487,1461
838.606,1441
838.724,1460
838.842,1439
838.96,1430
839.078,1428
839.196,1426
839.315,1438
839.433,1434
839.551,1448
839.669,1444
839.787,1492
839.905,1459
840.023,1463
840.142,1480
840.26,1443
840.378,1471
840.496,1449
840.614,1437
840.732,1482
840.85,1440
840.968,1462
841.087,1469
841.205,1494
841.323,1485
841.441,1500
841.559,1524
841.677,1478
841.795,1482
841.913,1540
842.031,1518
842.149,1504
842.267,1466
842.385,1504
842.504,1502
842.622,1493
842.74,1433
842.858,1464
842.976,1443
843.094,1490
843.212,1438
843.33,1460
843.448,1478
843.566,1488
843.684,1487
843.802,1463
843.92,1521
844.038,1474
844.156,1518
844.274,1489
844.392,1502
844.51,1486
844.628,1484
844.746,1529
844.864,1511
844.982,1442
845.1,1494
845.218,1491
845.336,1487
845.454,1458
845.572,1494
845.69,1475
845.808,1517
845.926,1486
846.044,1459
846.162,1485
846.28,1465
846.398,1458
846.516,1478
846.634,1495
846.752,1461
846.87,1502
846.988,1471
847.106,1497
847.224,1506
847.342,1515
847.46,1517
847.578,1508
847.696,1492
847.814,1545
847.932,1489
848.05,1514
848.168,1507
848.285,1510
848.403,1531
848.521,1510
848.639,1539
848.757,1513
848.875,1493
848.993,1494
849.111,1490
849.229,1511
849.347,1517
849.465,1497
849.582,1502
849.7,1518
849.818,1522
849.936,1475
850.054,1418
850.172,1506
850.29,1456
850.408,1475
850.525,1494
850.643,1462
850.761,1471
850.879,1444
850.997,1478
851.115,1472
851.233,1513
851.35,1465
851.468,1454
851.586,1465
851.704,1468
851.822,1491
851.94,1497
852.057,1487
852.175,1519
852.293,1602
852.411,1614
852.529,1668
852.647,1615
852.764,1674
852.882,1587
853.0,1584
853.118,1524
853.236,1498
853.353,1510
853.471,1496
853.589,1480
853.707,1491
853.824,1466
853.942,1514
854.06,1458
854.178,1459
854.296,1476
854.413,1490
854.531,1474
854.649,1504
854.767,1478
854.884,1504
855.002,1497
855.12,1453
855.238,1478
855.355,1504
855.473,1466
855.591,1424
855.708,1479
855.826,1490
855.944,1505
856.062,1459
856.179,1477
856.297,1444
856.415,1496
856.532,1486
856.65,1453
856.768,1485
856.886,1489
857.003,1452
857.121,1469
857.239,1447
857.356,1462
857.474,1474
857.592,1493
857.709,1462
857.827,1460
857.945,1465
858.062,1459
858.18,1458
858.298,1465
858.415,1480
858.533,1468
858.651,1511
858.768,1475
858.886,1461
859.003,1464
859.121,1475
859.239,1464
859.356,1478
859.474,1487
859.592,1422
859.709,1473
859.827,1447
859.944,1471
860.062,1470
860.18,1465
860.297,1454
860.415,1435
860.532,1451
860.65,1402
860.768,1478
860.885,1456
861.003,1489
861.12,1444
861.238,1469
861.356,1460
861.473,1465
861.591,1446
861.708,1454
861.826,1498
861.943,1465
862.061,1460
862.178,1438
862.296,1427
862.414,1412
862.531,1460
862.649,1418
862.766,1410
862.884,1463
863.001,1398
863.119,1433
863.236,1395
863.354,1463
863.471,1441
863.589,1452
863.706,1474
863.824,1464
863.941,1453
864.059,1479
864.176,1455
864.294,1500
864.411,1445
864.529,1484
864.646,1496
864.764,1460
864.881,1439
864.999,1439
865.116,1456
865.233,1465
865.351,1417
865.468,1427
865.586,1471
865.703,1445
865.821,1435
865.938,1476
866.056,1453
866.173,1465
866.29,1415
866.408,1454
866.525,1431
866.643,1499
866.76,1463
866.878,1441
866.995,1445
867.112,1471
867.23,1465
867.347,1497
867.465,1459
867.582,1492
867.699,1478
867.817,1477
867.934,1442
868.051,1522
868.169,1464
868.286,1512
868.404,1465
868.521,1453
868.638,1477
868.756,1499
868.873,1483
868.99,1474
869.108,1413
869.225,1496
869.342,1476
869.46,1544
869.577,1512
869.694,1472
869.812,1476
869.929,1494
870.046,1531
870.164,1535
870.281,1483
870.398,1505
870.516,1523
870.633,1523
870.75,1490
870.867,1532
870.985,1479
871.102,1527
871.219,1483
871.337,1529
871.454,1504
871.571,1522
871.688,1557
871.806,1499
871.923,1493
872.04,1543
872.157,1492
872.275,1552
872.392,1538
872.509,1493
872.626,1549
872.744,1558
872.861,1501
872.978,1525
873.095,1502
873.213,1507
873.33,1531
873.447,1513
873.564,1496
873.681,1548
873.799,1544
873.916,1476
874.033,1473
874.15,1506
874.267,1523
874.385,1516
874.502,1486
874.619,1533
874.736,1525
874.853,1527
874.97,1510
875.088,1503
875.205,1564
875.322,1511
875.439,1506
875.556,1516
875.673,1538
875.791,1519
875.908,1576
876.025,1546
876.142,1536
876.259,1564
876.376,1576
876.493,1540
876.61,1554
876.728,1532
876.845,1529
876.962,1534
877.079,1557
877.196,1563
877.313,1542
877.43,1528
877.547,1572
877.664,1546
877.781,1549
877.898,1555
878.016,1522
878.133,1540
878.25,1512
878.367,1494
878.484,1524
878.601,1485
878.718,1476
878.835,1510
878.952,1509
879.069,1481
879.186,1528
879.303,1474
879.42,1486
879.537,1496
879.654,1494
879.771,1426
879.888,1487
880.005,1420
880.122,1464
880.239,1430
880.356,1502
880.473,1450
880.59,1439
880.707,1423
880.824,1463
880.941,1414
881.058,1472
881.175,1462
881.292,1394
881.409,1461
881.526,1445
881.643,1450
881.76,1436
881.877,1490
881.994,1438
882.111,1460
882.228,1449
882.345,1467
882.462,1461
882.579,1430
882.696,1466
882.812,1435
882.929,1478
883.046,1475
883.163,1466
883.28,1459
883.397,1449
883.514,1438
883.631,1486
883.748,1471
883.865,1480
883.982,1493
884.098,1462
884.215,1481
884.332,1492
884.449,1478
884.566,1509
884.683,1545
884.8,1546
884.916,1546
885.033,1507
885.15,1564
885.267,1603
885.384,1586
885.501,1599
885.617,1637
885.734,1664
885.851,1638
885.968,1665
886.085,1663
886.202,1596
886.318,1623
886.435,1625
886.552,1633
886.669,1606
886.786,1589
886.902,1567
887.019,1608
887.136,1576
887.253,1598
887.369,1584
887.486,1571
887.603,1546
887.72,1551
887.837,1521
887.953,1530
888.07,1533
888.187,1501
888.304,1487
888.42,1525
888.537,1480
888.654,1491
888.77,1474
888.887,1491
889.004,1480
889.121,1465
889.237,1478
889.354,1455
889.471,1457
889.587,1425
889.704,1488
889.821,1467
889.938,1426
890.054,1526
890.171,1459
890.288,1464
890.404,1472
890.521,1458
890.638,1484
890.754,1487
890.871,1461
890.988,1446
891.104,1505
891.221,1511
891.337,1427
891.454,1495
891.571,1526
891.687,1527
891.804,1482
891.921,1538
892.037,1515
892.154,1497
892.27,1514
892.387,1536
892.504,1456
892.62,1482
892.737,1486
892.854,1499
892.97,1514
893.087,1484
893.203,1489
893.32,1475
893.436,1468
893.553,1541
893.67,1457
893.786,1453
893.903,1493
894.019,1526
894.136,1515
894.252,1495
894.369,1544
894.485,1558
894.602,1537
894.718,1522
894.835,1460
894.951,1517
895.068,1536
895.184,1506
895.301,1457
895.417,1461
895.534,1514
895.65,1489
895.767,1553
895.883,1526
896.0,1491
896.116,1485
896.233,1466
896.349,1518
896.466,1528
896.582,1497
896.699,1485
896.815,1508
896.932,1508
897.048,1511
897.165,1496
897.281,1529
897.397,1532
897.514,1540
897.63,1525
897.747,1518
897.863,1512
897.979,1545
898.096,1571
898.212,1511
898.329,1587
898.445,1560
898.561,1572
898.678,1519
898.794,1495
898.911,1515
899.027,1569
899.143,1507
899.26,1542
899.376,1512
899.492,1506
899.609,1519
899.725,1557
899.842,1563
899.958,1573
900.074,1538
900.191,1577
900.307,1568
900.423,1626
900.539,1559
900.656,1555
900.772,1585
900.888,1609
901.005,1569
901.121,1599
901.237,1595
901.354,1613
901.47,1594
901.586,1670
901.703,1587
901.819,1626
901.935,1570
902.051,1676
902.168,1628
902.284,1698
902.4,1662
902.516,1733
902.633,1711
902.749,1714
902.865,1653
902.981,1747
903.098,1651
903.214,1743
903.33,1664
903.446,1754
903.562,1731
903.679,1697
903.795,1729
903.911,1668
904.027,1725
904.143,1658
904.26,1688
904.376,1616
904.492,1670
904.608,1658
904.724,1615
904.841,1670
904.957,1639
905.073,1677
905.189,1621
905.305,1659
905.421,1630
905.538,1619
905.654,1615
905.77,1607
905.886,1590
906.002,1598
906.118,1595
906.234,1587
906.35,1624
906.466,1613
906.583,1593
906.699,1544
906.815,1609
906.931,1602
907.047,1579
907.163,1606
907.279,1557
907.395,1582
907.511,1579
907.627,1609
907.743,1577
907.859,1587
907.976,1567
908.092,1597
908.208,1582
908.324,1583
908.44,1581
908.556,1561
908.672,1551
908.788,1584
908.904,1565
909.02,1564
909.136,1550
909.252,1599
909.368,1526
909.484,1614
909.6,1559
909.716,1554
909.832,1539
909.948,1551
910.064,1563
910.18,1587
910.296,1549
910.412,1535
910.528,1506
910.644,1535
910.76,1545
910.875,1534
910.991,1506
911.107,1528
911.223,1562
911.339,1505
911.455,1524
911.571,1525
911.687,1530
911.803,1529
911.919,1489
912.035,1537
912.151,1530
912.267,1534
912.382,1550
912.498,1511
912.614,1537
912.73,1515
912.846,1483
792.446,3808
792.565,3692
792.684,3605
792.803,3543
792.922,3429
793.041,3397
793.16,3322
793.279,3232
793.398,3166
793.518,3107
793.637,3033
793.756,3003
793.875,3054
793.994,2902
794.113,2923
794.232,2862
794.351,2843
794.47,2821
794.589,2767
794.708,2730
794.827,2678
794.946,2669
795.066,2621
795.185,2559
795.304,2553
795.423,2511
795.542,2531
795.661,2528
795.78,2489
795.899,2416
796.018,2384
796.137,2416
796.256,2347
796.375,2290
796.494,2356
796.613,2271
796.732,2295
796.851,2231
796.97,2267
797.089,2195
797.208,2256
797.327,2236
797.446,2194
797.565,2180
797.684,2212
797.803,2145
797.922,2158
798.041,2154
798.16,2154
798.279,2104
798.398,2119
798.517,2129
798.636,2159
798.755,2134
798.874,2103
798.993,2110
799.112,2077
799.231,1975
799.35,2067
799.469,2115
799.588,2116
799.707,2023
799.826,2076
799.945,2042
800.064,2095
800.183,2081
800.302,2056
800.421,2042
800.54,2050
800.659,2073
800.778,1982
800.897,1995
801.016,2033
801.135,2012
801.254,1963
801.373,1992
801.492,1955
801.611,1945
801.729,1973
801.848,1951
801.967,1972
802.086,1970
802.205,1963
802.324,1922
802.443,1955
802.562,1975
802.681,1912
802.8,1900
802.919,1899
803.038,1952
803.157,1978
803.276,1910
803.394,1885
803.513,1872
803.632,1878
803.751,1923
803.87,1897
803.989,1854
804.108,1864
804.227,1828
804.346,1804
804.465,1911
804.583,1825
804.702,1874
804.821,1876
804.94,1827
805.059,1862
805.178,1815
805.297,1833
805.416,1860
805.535,1806
805.653,1798
805.772,1817
805.891,1802
806.01,1847
806.129,1824
806.248,1745
806.367,1789
806.485,1787
806.604,1796
806.723,1783
806.842,1755
806.961,1736
807.08,1728
807.198,1757
807.317,1767
807.436,1750
807.555,1720
807.674,1713
807.793,1696
807.912,1741
808.03,1695
808.149,1706
808.268,1715
808.387,1707
808.506,1711
808.624,1734
808.743,1659
808.862,1687
808.981,1685
809.1,1753
809.219,1719
809.337,1719
809.456,1683
809.575,1730
809.694,1702
809.812,1751
809.931,1709
810.05,1685
810.169,1655
810.288,1686
810.406,1695
810.525,1689
810.644,1706
810.763,1691
810.882,1744
811.0,1694
811.119,1738
811.238,1696
811.357,1697
811.475,1698
811.594,1681
811.713,1718
811.832,1719
811.95,1714
812.069,1715
812.188,1727
812.307,1725
812.425,1732
812.544,1731
812.663,1750
812.782,1720
812.9,1713
813.019,1723
813.138,1683
813.257,1714
813.375,1682
813.494,1670
813.613,1694
813.731,1697
813.85,1733
813.969,1722
814.088,1744
814.206,1738
814.325,1780
814.444,1714
814.562,1714
814.681,1724
814.8,1700
814.918,1736
815.037,1750
815.156,1715
815.274,1765
815.393,1748
815.512,1658
815.631,1766
815.749,1728
815.868,1706
815.987,1679
816.105,1731
816.224,1708
816.343,1691
816.461,1752
816.58,1691
816.698,1705
816.817,1708
816.936,1689
817.055,1706
817.173,1696
817.292,1701
817.41,1729
817.529,1668
817.648,1696
817.766,1704
817.885,1658
818.004,1660
818.122,1676
818.241,1722
818.359,1704
818.478,1682
818.597,1670
818.715,1635
818.834,1700
818.953,1677
819.071,1612
819.19,1621
819.308,1643
819.427,1632
819.546,1646
819.664,1624
819.783,1613
819.901,1641
820.02,1616
820.138,1636
820.257,1626
820.376,1654
820.494,1618
820.613,1562
820.731,1594
820.85,1592
820.969,1575
821.087,1593
821.206,1591
821.324,1627
821.443,1604
821.561,1563
821.68,1564
821.798,1562
821.917,1562
822.035,1601
822.154,1552
822.273,1557
822.391,1540
822.51,1534
822.628,1567
822.747,1555
822.865,1510
822.984,1558
823.102,1531
823.221,1572
823.339,1554
823.458,1539
823.576,1512
823.695,1550
823.813,1537
823.932,1533
824.05,1555
824.169,1560
824.287,1541
824.406,1547
824.524,1521
824.643,1520
824.761,1546
824.88,1509
824.998,1521
825.117,1527
825.235,1522
825.354,1494
825.472,1537
825.591,1532
825.709,1495
825.828,1511
825.946,1528
826.064,1521
826.183,1554
826.301,1501
826.42,1523
826.538,1530
826.657,1510
826.775,1521
826.894,1536
827.012,1554
827.13,1510
827.249,1518
827.367,1519
827.486,1502
827.604,1502
827.723,1489
827.841,1453
827.959,1486
828.078,1482
828.196,1488
828.315,1494
828.433,1475
828.552,1519
828.67,1551
828.788,1481
828.907,1478
829.025,1483
829.143,1488
829.262,1462
829.38,1494
829.499,1498
829.617,1466
829.735,1479
829.854,1484
829.972,1489
830.091,1470
830.209,1476
830.327,1480
830.446,1471
830.564,1506
830.682,1488
830.801,1514
830.919,1487
831.037,1501
831.156,1487
831.274,1489
831.392,1502
831.511,1490
831.629,1446
831.747,1440
831.866,1513
831.984,1449
832.102,1475
832.221,1453
832.339,1492
832.457,1503
832.576,1478
832.694,1478
832.812,1482
832.93,1478
833.049,1477
833.167,1494
833.285,1475
833.404,1496
833.522,1461
833.64,1479
833.759,1483
833.877,1497
833.995,1491
834.113,1431
834.232,1475
834.35,1505
834.468,1477
834.586,1475
834.705,1516
834.823,1473
834.941,1494
835.059,1507
835.178,1462
835.296,1506
835.414,1495
835.532,1505
835.651,1467
835.769,1443
835.887,1491
836.005,1469
836.124,1473
836.242,1481
836.36,1432
836.478,1463
836.596,1442
836.715,1478
836.833,1462
836.951,1480
837.069,1464
837.188,1430
837.306,1416
837.424,1453
837.542,1414
837.66,1457
837.779,1459
837.897,1466
838.015,1454
838.133,1414
838.251,1457
838.369,1458
838.487,1459
838.606,1409
838.724,1451
838.842,1431
838.96,1471
839.078,1452
839.196,1436
839.315,1461
839.433,1433
839.551,1458
839.669,1539
839.787,1498
839.905,1509
840.023,1462
840.142,1487
840.26,1502
840.378,1522
840.496,1504
840.614,1494
840.732,1500
840.85,1493
840.968,1495
841.087,1450
841.205,1474
841.323,1486
841.441,1526
841.559,1531
841.677,1491
841.795,1529
841.913,1516
842.031,1552
842.149,1556
842.267,1527
842.385,1514
842.504,1491
842.622,1441
842.74,1460
842.858,1502
842.976,1484
843.094,1473
843.212,1510
843.33,1471
843.448,1500
843.566,1532
843.684,1495
843.802,1522
843.92,1508
844.038,1490
844.156,1497
844.274,1499
844.392,1510
844.51,1530
844.628,1467
844.746,1525
844.864,1479
844.982,1501
845.1,1512
845.218,1518
845.336,1503
845.454,1520
845.572,1474
845.69,1479
845.808,1468
845.926,1507
846.044,1509
846.162,1473
846.28,1490
846.398,1483
846.516,1467
846.634,1521
846.752,1494
846.87,1514
846.988,1543
847.106,1447
847.224,1498
847.342,1501
847.46,1494
847.578,1545
847.696,1528
847.814,1500
847.932,1524
848.05,1535
848.168,1558
848.285,1512
848.403,1524
848.521,1536
848.639,1504
848.757,1524
848.875,1570
848.993,1526
849.111,1540
849.229,1484
849.347,1514
849.465,1540
849.582,1550
849.7,1514
849.818,1536
849.936,1474
850.054,1485
850.172,1513
850.29,1517
850.408,1485
850.525,1527
850.643,1469
850.761,1508
850.879,1521
850.997,1499
851.115,1462
851.233,1508
851.35,1477
851.468,1512
851.586,1472
851.704,1487
851.822,1491
851.94,1518
852.057,1470
852.175,1541
852.293,1566
852.411,1576
852.529,1665
852.647,1660
852.764,1623
852.882,1662
853.0,1575
853.118,1569
853.236,1540
853.353,1523
853.471,1506
853.589,1529
853.707,1504
853.824,1505
853.942,1469
854.06,1480
854.178,1493
854.296,1435
854.413,1515
854.531,1539
854.649,1507
854.767,1546
854.884,1491
855.002,1511
855.12,1476
855.238,1493
855.355,1473
855.473,1493
855.591,1496
855.708,1434
855.826,1545
855.944,1515
856.062,1517
856.179,1448
856.297,1491
856.415,1512
856.532,1464
856.65,1514
856.768,1482
856.886,1491
857.003,1468
857.121,1464
857.239,1498
857.356,1461
857.474,1442
857.592,1459
857.709,1456
857.827,1484
857.945,1544
858.062,1458
858.18,1491
858.298,1459
858.415,1514
858.533,1510
858.651,1493
858.768,1449
858.886,1500
859.003,1475
859.121,1473
859.239,1507
859.356,1498
859.474,1497
859.592,1507
859.709,1475
859.827,1464
859.944,1464
860.062,1532
860.18,1481
860.297,1489
860.415,1517
860.532,1466
860.65,1471
860.768,1457
860.885,1467
861.003,1479
861.12,1467
861.238,1509
861.356,1508
861.473,1494
861.591,1452
861.708,1499
861.826,1489
861.943,1437
862.061,1479
862.178,1435
862.296,1452
862.414,1462
862.531,1465
862.649,1414
862.766,1450
862.884,1488
863.001,1494
863.119,1427
863.236,1503
863.354,1467
863.471,1476
863.589,1465
863.706,1478
863.824,1495
863.941,1486
864.059,1472
864.176,1485
864.294,1440
864.411,1459
864.529,1478
864.646,1442
864.764,1475
864.881,1492
864.999,1467
865.116,1469
865.233,1469
865.351,1444
865.468,1513
865.586,1480
865.703,1437
865.821,1521
865.938,1446
866.056,1463
866.173,1455
866.29,1431
866.408,1473
866.525,1465
866.643,1486
866.76,1468
866.878,1513
866.995,1463
867.112,1514
867.23,1473
867.347,1461
867.465,1523
867.582,1453
867.699,1486
867.817,1508
867.934,1506
868.051,1506
868.169,1480
868.286,1458
868.404,1524
868.521,1444
868.638,1511
868.756,1481
868.873,1492
868.99,1483
869.108,1507
869.225,1494
869.342,1495
869.46,1528
869.577,1504
869.694,1557
869.812,1553
869.929,1514
870.046,1516
870.164,1514
870.281,1542
870.398,1521
870.516,1545
870.633,1492
870.75,1524
870.867,1562
870.985,1564
871.102,1512
871.219,1549
871.337,1553
871.454,1517
871.571,1526
871.688,1569
871.806,1505
871.923,1526
872.04,1540
872.157,1526
872.275,1519
872.392,1541
872.509,1498
872.626,1583
872.744,1521
872.861,1576
872.978,1541
873.095,1514
873.213,1499
873.33,1562
873.447,1544
873.564,1554
873.681,1520
873.799,1562
873.916,1544
874.033,1538
874.15,1517
874.267,1537
874.385,1544
874.502,1545
874.619,1549
874.736,1553
874.853,1546
874.97,1566
875.088,1530
875.205,1538
875.322,1544
875.439,1565
875.556,1565
875.673,1572
875.791,1553
875.908,1554
876.025,1585
876.142,1595
876.259,1535
876.376,1564
876.493,1536
876.61,1562
876.728,1578
876.845,1566
876.962,1559
877.079,1585
877.196,1608
877.313,1562
877.43,1603
877.547,1642
877.664,1542
877.781,1596
877.898,1564
878.016,1555
878.133,1560
878.25,1576
878.367,1526
878.484,1540
878.601,1521
878.718,1517
878.835,1503
878.952,1499
879.069,1544
879.186,1493
879.303,1468
879.42,1493
879.537,1486
879.654,1511
879.771,1502
879.888,1472
880.005,1508
880.122,1442
880.239,1477
880.356,1471
880.473,1446
880.59,1460
880.707,1458
880.824,1475
880.941,1463
881.058,1477
881.175,1440
881.292,1453
881.409,1507
881.526,1495
881.643,1462
881.76,1487
881.877,1482
881.994,1511
882.111,1503
882.228,1491
882.345,1470
882.462,1441
882.579,1525
882.696,1474
882.812,1522
882.929,1483
883.046,1494
883.163,1472
883.28,1505
883.397,1483
883.514,1545
883.631,1513
883.748,1506
883.865,1501
883.982,1542
884.098,1501
884.215,1508
884.332,1539
884.449,1521
884.566,1484
884.683,1542
884.8,1551
884.916,1561
885.033,1545
885.15,1608
885.267,1590
885.384,1609
885.501,1661
885.617,1671
885.734,1703
885.851,1676
885.968,1685
886.085,1652
886.202,1672
886.318,1688
886.435,1662
886.552,1636
886.669,1612
886.786,1680
886.902,1601
887.019,1668
887.136,1614
887.253,1625
887.369,1645
887.486,1599
887.603,1595
887.72,1593
887.837,1589
887.953,1577
888.07,1501
888.187,1565
888.304,1543
888.42,1554
888.537,1538
888.654,1491
888.77,1487
888.887,1487
889.004,1495
889.121,1456
889.237,1502
889.354,1526
889.471,1465
889.587,1528
889.704,1515
889.821,1467
889.938,1475
890.054,1495
890.171,1484
890.288,1504
890.404,1525
890.521,1454
890.638,1523
890.754,1503
890.871,1513
890.988,1545
891.104,1514
891.221,1498
891.337,1524
891.454,1550
891.571,1575
891.687,1510
891.804,1532
891.921,1530
892.037,1522
892.154,1553
892.27,1512
892.387,1496
892.504,1562
892.62,1552
892.737,1529
892.854,1495
892.97,1498
893.087,1518
893.203,1525
893.32,1495
893.436,1543
893.553,1545
893.67,1531
893.786,1457
893.903,1550
894.019,1543
894.136,1557
894.252,1557
894.369,1582
894.485,1515
894.602,1545
894.718,1565
894.835,1516
894.951,1558
895.068,1536
895.184,1507
895.301,1553
895.417,1517
895.534,1522
895.65,1533
895.767,1500
895.883,1478
896.0,1510
896.116,1547
896.233,1530
896.349,1545
896.466,1522
896.582,1530
896.699,1510
896.815,1518
896.932,1564
897.048,1518
897.165,1558
897.281,1539
897.397,1605
897.514,1524
897.63,1572
897.747,1534
897.863,1551
897.979,1598
898.096,1554
898.212,1561
898.329,1575
898.445,1582
898.561,1592
898.678,1542
898.794,1572
898.911,1520
899.027,1569
899.143,1570
899.26,1532
899.376,1600
899.492,1556
899.609,1604
899.725,1605
899.842,1605
899.958,1596
900.074,1595
900.191,1612
900.307,1585
900.423,1591
900.539,1599
900.656,1618
900.772,1613
900.888,1636
901.005,1617
901.121,1602
901.237,1618
901.354,1635
901.47,1653
901.586,1659
901.703,1606
901.819,1655
901.935,1683
902.051,1639
902.168,1691
902.284,1699
902.4,1707
902.516,1698
902.633,1735
902.749,1794
902.865,1750
902.981,1751
903.098,1761
903.214,1762
903.33,1745
903.446,1762
903.562,1745
903.679,1739
903.795,1744
903.911,1718
904.027,1662
904.143,1725
904.26,1728
904.376,1707
904.492,1697
904.608,1726
904.724,1674
904.841,1662
904.957,1635
905.073,1703
905.189,1662
905.305,1727
905.421,1678
905.538,1693
905.654,1676
905.77,1653
905.886,1716
906.002,1660
906.118,1669
906.234,1670
906.35,1645
906.466,1631
906.583,1621
906.699,1646
906.815,1603
906.931,1625
907.047,1607
907.163,1637
907.279,1654
907.395,1641
907.511,1650
907.627,1626
907.743,1597
907.859,1647
907.976,1613
908.092,1604
908.208,1616
908.324,1642
908.44,1623
908.556,1633
908.672,1605
908.788,1587
908.904,1582
909.02,1606
909.136,1596
909.252,1613
909.368,1584
909.484,1612
909.6,1561
909.716,1608
909.832,1583
909.948,1632
910.064,1590
910.18,1605
910.296,1568
910.412,1571
910.528,1584
910.644,1602
910.76,1566
910.875,1575
910.991,1596
911.107,1560
911.223,1570
911.339,1545
911.455,1563
911.571,1567
911.687,1575
911.803,1519
911.919,1557
912.035,1584
912.151,1558
912.267,1573
912.382,1550
912.498,1556
912.614,1588
912.73,1542
912.846,1549
792.446,3789
792.565,3718
792.684,3577
792.803,3499
792.922,3413
793.041,3410
793.16,3333
793.279,3282
793.398,3219
793.518,3153
793.637,3109
793.756,3044
793.875,3002
793.994,2922
794.113,2861
794.232,2909
794.351,2826
794.47,2731
794.589,2771
794.708,2746
794.827,2644
794.946,2669
795.066,2685
795.185,2601
795.304,2589
795.423,2552
795.542,2559
795.661,2534
795.78,2414
795.899,2509
796.018,2355
796.137,2400
796.256,2480
796.375,2368
796.494,2339
796.613,2334
796.732,2277
796.851,2306
796.97,2226
797.089,2250
797.208,2224
797.327,2215
797.446,2213
797.565,2205
797.684,2180
797.803,2172
797.922,2163
798.041,2139
798.16,2116
798.279,2193
798.398,2091
798.517,2138
798.636,2103
798.755,2118
798.874,2075
798.993,2118
799.112,2102
799.231,2098
799.35,2110
799.469,2101
799.588,2056
799.707,2115
799.826,2058
799.945,2111
800.064,2063
800.183,2029
800.302,2042
800.421,1996
800.54,2053
800.659,2016
800.778,2084
800.897,2029
801.016,2016
801.135,2003
801.254,1969
801.373,1965
801.492,1941
801.611,2025
801.729,2001
801.848,1983
801.967,1942
802.086,1925
802.205,1963
802.324,1931
802.443,1923
802.562,1989
802.681,1909
802.8,1947
802.919,1923
803.038,1911
803.157,1939
803.276,1928
803.394,1909
803.513,1892
803.632,1951
803.751,1905
803.87,1857
803.989,1870
804.108,1918
804.227,1846
804.346,1859
804.465,1873
804.583,1916
804.702,1870
804.821,1887
804.94,1858
805.059,1833
805.178,1793
805.297,1839
805.416,1867
805.535,1852
805.653,1851
805.772,1820
805.891,1844
806.01,1837
806.129,1836
806.248,1873
806.367,1807
806.485,1765
806.604,1804
806.723,1767
806.842,1815
806.961,1777
807.08,1737
807.198,1795
807.317,1813
807.436,1767
807.555,1755
807.674,1730
807.793,1770
807.912,1746
808.03,1761
808.149,1711
808.268,1731
808.387,1726
808.506,1727
808.624,1709
808.743,1687
808.862,1735
808.981,1726
809.1,1713
809.219,1703
809.337,1694
809.456,1738
809.575,1721
809.694,1752
809.812,1677
809.931,1713
810.05,1726
810.169,1733
810.288,1708
810.406,1742
810.525,1696
810.644,1699
810.763,1747
810.882,1673
811.0,1720
811.119,1738
811.238,1705
811.357,1759
811.475,1715
811.594,1716
811.713,1701
811.832,1677
811.95,1738
812.069,1727
812.188,1716
812.307,1727
812.425,1689
812.544,1695
812.663,1693
812.782,1721
812.9,1723
813.019,1708
813.138,1734
813.257,1759
813.375,1694
813.494,1749
813.613,1716
813.731,1730
813.85,1670
813.969,1712
814.088,1738
814.206,1696
814.325,1727
814.444,1710
814.562,1720
814.681,1746
814.8,1744
814.918,1773
815.037,1714
815.156,1679
815.274,1724
815.393,1749
815.512,1719
815.631,1729
815.749,1745
815.868,1703
815.987,1789
816.105,1708
816.224,1742
816.343,1732
816.461,1745
816.58,1777
816.698,1772
816.817,1732
816.936,1727
817.055,1699
817.173,1697
817.292,1752
817.41,1764
817.529,1694
817.648,1693
817.766,1711
817.885,1677
818.004,1713
818.122,1707
818.241,1663
818.359,1671
818.478,1698
818.597,1657
818.715,1681
818.834,1648
818.953,1655
819.071,1637
819.19,1627
819.308,1657
819.427,1654
819.546,1642
819.664,1632
819.783,1630
819.901,1628
820.02,1646
820.138,1624
820.257,1616
820.376,1666
820.494,1633
820.613,1625
820.731,1617
820.85,1607
820.969,1611
821.087,1634
821.206,1610
821.324,1593
821.443,1537
821.561,1569
821.68,1573
821.798,1585
821.917,1601
822.035,1596
822.154,1596
822.273,1561
822.391,1554
822.51,1542
822.628,1566
822.747,1595
822.865,1546
822.984,1549
823.102,1563
823.221,1561
823.339,1552
823.458,1558
823.576,1525
823.695,1575
823.813,1539
823.932,1530
824.05,1533
824.169,1529
824.287,1561
824.406,1499
824.524,1514
824.643,1519
824.761,1539
824.88,1479
824.998,1536
825.117,1500
825.235,1503
825.354,1519
825.472,1470
825.591,1523
825.709,1515
825.828,1548
825.946,1571
826.064,1534
826.183,1516
826.301,1510
826.42,1498
826.538,1502
826.657,1520
826.775,1513
826.894,1507
827.012,1499
827.13,1524
827.249,1533
827.367,1521
827.486,1508
827.604,1524
827.723,1529
827.841,1498
827.959,1535
828.078,1500
828.196,1486
828.315,1523
828.433,1489
828.552,1492
828.67,1482
828.788,1502
828.907,1475
829.025,1479
829.143,1461
829.262,1447
829.38,1508
829.499,1536
829.617,1469
829.735,1491
829.854,1443
829.972,1503
830.091,1479
830.209,1470
830.327,1444
830.446,1448
830.564,1466
830.682,1473
830.801,1475
830.919,1508
831.037,1524
831.156,1490
831.274,1515
831.392,1531
831.511,1511
831.629,1493
831.747,1483
831.866,1493
831.984,1478
832.102,1496
832.221,1454
832.339,1495
832.457,1465
832.576,1530
832.694,1455
832.812,1507
832.93,1503
833.049,1481
833.167,1496
833.285,1449
833.404,1507
833.522,1499
833.64,1473
833.759,1477
833.877,1424
833.995,1472
834.113,1534
834.232,1525
834.35,1470
834.468,1528
834.586,1475
834.705,1519
834.823,1480
834.941,1526
835.059,1453
835.178,1524
835.296,1488
835.414,1468
835.532,1478
835.651,1485
835.769,1490
835.887,1465
836.005,1463
836.124,1469
836.242,1452
836.36,1477
836.478,1482
836.596,1449
836.715,1493
836.833,1445
836.951,1449
837.069,1482
837.188,1412
837.306,1443
837.424,1457
837.542,1461
837.66,1442
837.779,1474
837.897,1433
838.015,1421
838.133,1435
838.251,1449
838.369,1494
838.487,1503
838.606,1444
838.724,1472
838.842,1448
838.96,1473
839.078,1452
839.196,1472
839.315,1499
839.433,1440
839.551,1476
839.669,1488
839.787,1498
839.905,1463
840.023,1493
840.142,1545
840.26,1443
840.378,1500
840.496,1482
840.614,1516
840.732,1506
840.85,1472
840.968,1464
841.087,1501
841.205,1472
841.323,1513
841.441,1536
841.559,1511
841.677,1502
841.795,1548
841.913,1500
842.031,1485
842.149,1529
842.267,1561
842.385,1483
842.504,1496
842.622,1471
842.74,1475
842.858,1523
842.976,1492
843.094,1495
843.212,1476
843.33,1561
843.448,1534
843.566,1501
843.684,1526
843.802,1493
843.92,1519
844.038,1517
844.156,1476
844.274,1498
844.392,1520
844.51,1493
844.628,1461
844.746,1487
844.864,1500
844.982,1502
845.1,1523
845.218,1480
845.336,1488
845.454,1550
845.572,1492
845.69,1521
845.808,1454
845.926,1506
846.044,1503
846.162,1450
846.28,1503
846.398,1498
846.516,1519
846.634,1524
846.752,1540
846.87,1508
846.988,1483
847.106,1501
847.224,1487
847.342,1534
847.46,1573
847.578,1522
847.696,1522
847.814,1504
847.932,1514
848.05,1532
848.168,1517
848.285,1544
848.403,1535
848.521,1546
848.639,1551
848.757,1563
848.875,1567
848.993,1544
849.111,1593
849.229,1560
849.347,1531
849.465,1556
849.582,1547
849.7,1554
849.818,1540
849.936,1469
850.054,1534
850.172,1499
850.29,1540
850.408,1508
850.525,1515
850.643,1519
850.761,1493
850.879,1488
850.997,1519
851.115,1502
851.233,1492
851.35,1520
851.468,1523
851.586,1493
851.704,1498
851.822,1522
851.94,1492
852.057,1549
852.175,1527
852.293,1564
852.411,1594
852.529,1610
852.647,1694
852.764,1670
852.882,1629
853.0,1592
853.118,1582
853.236,1575
853.353,1530
853.471,1535
853.589,1543
853.707,1519
853.824,1467
853.942,1507
854.06,1489
854.178,1511
854.296,1512
854.413,1486
854.531,1554
854.649,1529
854.767,1555
854.884,1597
855.002,1518
855.12,1545
855.238,1483
855.355,1519
855.473,1529
855.591,1508
855.708,1521
855.826,1488
855.944,1480
856.062,1535
856.179,1499
856.297,1510
856.415,1479
856.532,1518
856.65,1463
856.768,1505
856.886,1522
857.003,1494
857.121,1455
857.239,1534
857.356,1500
857.474,1501
857.592,1500
857.709,1517
857.827,1492
857.945,1503
858.062,1470
858.18,1497
858.298,1542
858.415,1497
858.533,1467
858.651,1500
858.768,1477
858.886,1543
859.003,1467
859.121,1499
859.239,1502
859.356,1466
859.474,1507
859.592,1552
859.709,1542
859.827,1465
859.944,1537
860.062,1478
860.18,1493
860.297,1510
860.415,1439
860.532,1466
860.65,1436
860.768,1489
860.885,1449
861.003,1451
861.12,1467
861.238,1518
861.356,1491
861.473,1494
861.591,1517
861.708,1508
861.826,1459
861.943,1480
862.061,1487
862.178,1468
862.296,1433
862.414,1477
862.531,1462
862.649,1485
862.766,1451
862.884,1447
863.001,1439
863.119,1475
863.236,1455
863.354,1457
863.471,1458
863.589,1455
863.706,1436
863.824,1510
863.941,1494
864.059,1500
864.176,1497
864.294,1473
864.411,1525
864.529,1463
864.646,1524
864.764,1470
864.881,1465
864.999,1466
865.116,1453
865.233,1471
865.351,1493
865.468,1469
865.586,1498
865.703,1501
865.821,1495
865.938,1465
866.056,1449
866.173,1484
866.29,1501
866.408,1457
866.525,1468
866.643,1496
866.76,1440
866.878,1506
866.995,1461
867.112,1446
867.23,1529
867.347,1503
867.465,1515
867.582,1502
867.699,1464
867.817,1537
867.934,1506
868.051,1515
868.169,1542
868.286,1471
868.404,1491
868.521,1500
868.638,1479
868.756,1478
868.873,1537
868.99,1480
869.108,1474
869.225,1531
869.342,1503
869.46,1530
869.577,1561
869.694,1499
869.812,1511
869.929,1540
870.046,1540
870.164,1532
870.281,1515
870.398,1521
870.516,1536
870.633,1539
870.75,1561
870.867,1545
870.985,1516
871.102,1562
871.219,1542
871.337,1552
871.454,1534
871.571,1566
871.688,1526
871.806,1570
871.923,1552
872.04,1562
872.157,1560
872.275,1580
872.392,1519
872.509,1565
872.626,1530
872.744,1567
872.861,1543
872.978,1575
873.095,1566
873.213,1551
873.33,1507
873.447,1496
873.564,1580
873.681,1553
873.799,1513
873.916,1577
874.033,1569
874.15,1589
874.267,1499
874.385,1619
874.502,1496
874.619,1520
874.736,1546
874.853,1526
874.97,1567
875.088,1562
875.205,1542
875.322,1583
875.439,1569
875.556,1555
875.673,1556
875.791,1559
875.908,1576
876.025,1584
876.142,1562
876.259,1548
876.376,1552
876.493,1589
876.61,1562
876.728,1549
876.845,1584
876.962,1573
877.079,1571
877.196,1590
877.313,1615
877.43,1543
877.547,1553
877.664,1599
877.781,1556
877.898,1607
878.016,1584
878.133,1555
878.25,1601
878.367,1582
878.484,1528
878.601,1555
878.718,1528
878.835,1554
878.952,1504
879.069,1521
879.186,1502
879.303,1526
879.42,1464
879.537,1500
879.654,1491
879.771,1477
879.888,1453
880.005,1516
880.122,1517
880.239,1493
880.356,1476
880.473,1490
880.59,1462
880.707,1481
880.824,1434
880.941,1442
881.058,1445
881.175,1550
881.292,1474
881.409,1462
881.526,1459
881.643,1482
881.76,1485
881.877,1469
881.994,1478
882.111,1473
882.228,1505
882.345,1505
882.462,1461
882.579,1492
882.696,1488
882.812,1496
882.929,1497
883.046,1497
883.163,1504
883.28,1471
883.397,1519
883.514,1510
883.631,1489
883.748,1458
883.865,1467
883.982,1535
884.098,1523
884.215,1500
884.332,1495
884.449,1539
884.566,1528
884.683,1569
884.8,1588
884.916,1607
885.033,1578
885.15,1596
885.267,1641
885.384,1592
885.501,1616
885.617,1645
885.734,1677
885.851,1695
885.968,1695
886.085,1728
886.202,1712
886.318,1654
886.435,1660
886.552,1657
886.669,1682
886.786,1683
886.902,1653
887.019,1625
887.136,1635
887.253,1610
887.369,1612
887.486,1617
887.603,1576
887.72,1628
887.837,1577
887.953,1555
888.07,1520
888.187,1572
888.304,1506
888.42,1507
888.537,1557
888.654,1518
888.77,1516
888.887,1532
889.004,1527
889.121,1501
889.237,1490
889.354,1498
889.471,1518
889.587,1459
889.704,1499
889.821,1510
889.938,1534
890.054,1514
890.171,1488
890.288,1495
890.404,1533
890.521,1468
890.638,1540
890.754,1525
890.871,1516
890.988,1522
891.104,1522
891.221,1541
891.337,1552
891.454,1538
891.571,1577
891.687,1571
891.804,1580
891.921,1529
892.037,1563
892.154,1525
892.27,1542
892.387,1506
892.504,1510
892.62,1540
892.737,1521
892.854,1571
892.97,1522
893.087,1582
893.203,1524
893.32,1546
893.436,1517
893.553,1553
893.67,1553
893.786,1544
893.903,1535
894.019,1541
894.136,1512
894.252,1568
894.369,1559
894.485,1584
894.602,1494
894.718,1538
894.835,1531
894.951,1546
895.068,1511
895.184,1574
895.301,1536
895.417,1570
895.534,1521
895.65,1554
895.767,1555
895.883,1518
896.0,1550
896.116,1555
896.233,1543
896.349,1544
896.466,1561
896.582,1593
896.699,1545
896.815,1569
896.932,1547
897.048,1531
897.165,1524
897.281,1605
897.397,1522
897.514,1524
897.63,1516
897.747,1593
897.863,1547
897.979,1588
898.096,1551
898.212,1559
898.329,1584
898.445,1608
898.561,1614
898.678,1603
898.794,1582
898.911,1561
899.027,1594
899.143,1567
899.26,1589
899.376,1608
899.492,1620
899.609,1626
899.725,1584
899.842,1617
899.958,1562
900.074,1619
900.191,1614
900.307,1587
900.423,1616
900.539,1603
900.656,1640
900.772,1608
900.888,1634
901.005,1647
901.121,1634
901.237,1632
901.354,1650
901.47,1651
901.586,1704
901.703,1640
901.819,1686
901.935,1701
902.051,1686
902.168,1717
902.284,1710
902.4,1705
902.516,1743
902.633,1739
902.749,1778
902.865,1774
902.981,1786
903.098,1803
903.214,1808
903.33,1786
903.446,1772
903.562,1711
903.679,1710
903.795,1810
903.911,1775
904.027,1707
904.143,1753
904.26,1711
904.376,1713
904.492,1697
904.608,1740
904.724,1678
904.841,1702
904.957,1751
905.073,1674
905.189,1688
905.305,1671
905.421,1648
905.538,1688
905.654,1701
905.77,1664
905.886,1669
906.002,1661
906.118,1658
906.234,1641
906.35,1656
906.466,1637
906.583,1666
906.699,1624
906.815,1683
906.931,1657
907.047,1654
907.163,1667
907.279,1622
907.395,1654
907.511,1589
907.627,1602
907.743,1673
907.859,1588
907.976,1574
908.092,1586
908.208,1647
908.324,1642
908.44,1593
908.556,1662
908.672,1639
908.788,1587
908.904,1618
909.02,1626
909.136,1641
909.252,1647
909.368,1601
909.484,1629
909.6,1591
909.716,1632
909.832,1587
909.948,1622
910.064,1592
910.18,1576
910.296,1558
910.412,1591
910.528,1579
910.644,1601
910.76,1610
910.875,1582
910.991,1553
911.107,1603
911.223,1559
911.339,1552
911.455,1605
911.571,1549
911.687,1534
911.803,1550
911.919,1524
912.035,1590
912.151,1596
912.267,1598
912.382,1607
912.498,1545
912.614,1562
912.73,1593
912.846,1550
