792.446,1658
792.565,1676
792.684,1638
792.803,1615
792.922,1610
793.041,1544
793.16,1561
793.279,1637
793.398,1559
793.518,1604
793.637,1560
793.756,1585
793.875,1587
793.994,1598
794.113,1563
794.232,1575
794.351,1585
794.47,1545
794.589,1520
794.708,1522
794.827,1504
794.946,1559
795.066,1532
795.185,1528
795.304,1587
795.423,1521
795.542,1508
795.661,1486
795.78,1534
795.899,1499
796.018,1483
796.137,1484
796.256,1512
796.375,1484
796.494,1547
796.613,1489
796.732,1471
796.851,1474
796.97,1525
797.089,1476
797.208,1491
797.327,1452
797.446,1475
797.565,1487
797.684,1506
797.803,1471
797.922,1490
798.041,1500
798.16,1488
798.279,1483
798.398,1510
798.517,1490
798.636,1472
798.755,1430
798.874,1463
798.993,1503
799.112,1480
799.231,1456
799.35,1433
799.469,1468
799.588,1485
799.707,1459
799.826,1471
799.945,1455
800.064,1485
800.183,1468
800.302,1431
800.421,1511
800.54,1428
800.659,1460
800.778,1454
800.897,1469
801.016,1468
801.135,1441
801.254,1468
801.373,1477
801.492,1455
801.611,1459
801.729,1409
801.848,1477
801.967,1486
802.086,1477
802.205,1476
802.324,1442
802.443,1490
802.562,1445
802.681,1449
802.8,1430
802.919,1411
803.038,1477
803.157,1472
803.276,1464
803.394,1463
803.513,1443
803.632,1484
803.751,1463
803.87,1476
803.989,1432
804.108,1453
804.227,1435
804.346,1459
804.465,1454
804.583,1468
804.702,1436
804.821,1461
804.94,1431
805.059,1412
805.178,1450
805.297,1431
805.416,1457
805.535,1465
805.653,1486
805.772,1448
805.891,1490
806.01,1443
806.129,1447
806.248,1512
806.367,1436
806.485,1442
806.604,1468
806.723,1447
806.842,1454
806.961,1398
807.08,1470
807.198,1473
807.317,1437
807.436,1457
807.555,1448
807.674,1460
807.793,1426
807.912,1446
808.03,1454
808.149,1420
808.268,1465
808.387,1475
808.506,1446
808.624,1425
808.743,1445
808.862,1452
808.981,1412
809.1,1475
809.219,1432
809.337,1488
809.456,1406
809.575,1436
809.694,1439
809.812,1463
809.931,1462
810.05,1486
810.169,1458
810.288,1467
810.406,1458
810.525,1479
810.644,1442
810.763,1468
810.882,1443
811.0,1486
811.119,1440
811.238,1419
811.357,1468
811.475,1465
811.594,1473
811.713,1481
811.832,1446
811.95,1452
812.069,1454
812.188,1439
812.307,1387
812.425,1469
812.544,1436
812.663,1403
812.782,1446
812.9,1470
813.019,1405
813.138,1464
813.257,1457
813.375,1436
813.494,1438
813.613,1465
813.731,1423
813.85,1452
813.969,1399
814.088,1431
814.206,1418
814.325,1442
814.444,1458
814.562,1457
814.681,1457
814.8,1448
814.918,1442
815.037,1400
815.156,1434
815.274,1469
815.393,1369
815.512,1420
815.631,1407
815.749,1420
815.868,1390
815.987,1401
816.105,1429
816.224,1420
816.343,1408
816.461,1460
816.58,1376
816.698,1426
816.817,1392
816.936,1435
817.055,1407
817.173,1445
817.292,1436
817.41,1396
817.529,1422
817.648,1430
817.766,1325
817.885,1374
818.004,1389
818.122,1401
818.241,1410
818.359,1325
818.478,1391
818.597,1388
818.715,1343
818.834,1391
818.953,1350
819.071,1297
819.19,1346
819.308,1362
819.427,1353
819.546,1336
819.664,1367
819.783,1301
819.901,1330
820.02,1328
820.138,1300
820.257,1369
820.376,1298
820.494,1307
820.613,1332
820.731,1356
820.85,1318
820.969,1325
821.087,1314
821.206,1357
821.324,1315
821.443,1296
821.561,1350
821.68,1287
821.798,1310
821.917,1317
822.035,1321
822.154,1345
822.273,1309
822.391,1323
822.51,1298
822.628,1303
822.747,1298
822.865,1309
822.984,1313
823.102,1322
823.221,1345
823.339,1306
823.458,1341
823.576,1285
823.695,1308
823.813,1304
823.932,1362
824.05,1296
824.169,1313
824.287,1296
824.406,1320
824.524,1302
824.643,1307
824.761,1316
824.88,1334
824.998,1273
825.117,1315
825.235,1327
825.354,1327
825.472,1275
825.591,1305
825.709,1325
825.828,1302
825.946,1264
826.064,1348
826.183,1319
826.301,1295
826.42,1271
826.538,1315
826.657,1241
826.775,1326
826.894,1299
827.012,1298
827.13,1302
827.249,1253
827.367,1291
827.486,1298
827.604,1266
827.723,1286
827.841,1256
827.959,1284
828.078,1298
828.196,1293
828.315,1289
828.433,1250
828.552,1277
828.67,1267
828.788,1259
828.907,1306
829.025,1278
829.143,1277
829.262,1281
829.38,1290
829.499,1259
829.617,1308
829.735,1299
829.854,1263
829.972,1264
830.091,1266
830.209,1269
830.327,1285
830.446,1248
830.564,1266
830.682,1285
830.801,1308
830.919,1291
831.037,1270
831.156,1301
831.274,1248
831.392,1234
831.511,1257
831.629,1251
831.747,1301
831.866,1294
831.984,1278
832.102,1282
832.221,1318
832.339,1338
832.457,1292
832.576,1267
832.694,1265
832.812,1248
832.93,1282
833.049,1271
833.167,1274
833.285,1290
833.404,1228
833.522,1269
833.64,1246
833.759,1262
833.877,1247
833.995,1300
834.113,1259
834.232,1253
834.35,1266
834.468,1257
834.586,1259
834.705,1255
834.823,1267
834.941,1292
835.059,1222
835.178,1278
835.296,1268
835.414,1288
835.532,1251
835.651,1283
835.769,1284
835.887,1251
836.005,1270
836.124,1276
836.242,1284
836.36,1269
836.478,1242
836.596,1242
836.715,1290
836.833,1288
836.951,1253
837.069,1261
837.188,1236
837.306,1268
837.424,1276
837.542,1276
837.66,1269
837.779,1234
837.897,1292
838.015,1270
838.133,1251
838.251,1265
838.369,1277
838.487,1298
838.606,1255
838.724,1240
838.842,1257
838.96,1271
839.078,1247
839.196,1261
839.315,1267
839.433,1289
839.551,1278
839.669,1234
839.787,1245
839.905,1265
840.023,1262
840.142,1223
840.26,1265
840.378,1270
840.496,1229
840.614,1257
840.732,1272
840.85,1227
840.968,1294
841.087,1233
841.205,1228
841.323,1222
841.441,1277
841.559,1292
841.677,1249
841.795,1290
841.913,1267
842.031,1267
842.149,1223
842.267,1242
842.385,1266
842.504,1275
842.622,1239
842.74,1214
842.858,1224
842.976,1238
843.094,1239
843.212,1280
843.33,1274
843.448,1313
843.566,1211
843.684,1189
843.802,1257
843.92,1255
844.038,1250
844.156,1284
844.274,1197
844.392,1225
844.51,1240
844.628,1226
844.746,1234
844.864,1254
844.982,1265
845.1,1235
845.218,1248
845.336,1219
845.454,1253
845.572,1242
845.69,1239
845.808,1230
845.926,1234
846.044,1246
846.162,1272
846.28,1209
846.398,1259
846.516,1241
846.634,1274
846.752,1248
846.87,1247
846.988,1218
847.106,1236
847.224,1249
847.342,1226
847.46,1219
847.578,1283
847.696,1232
847.814,1224
847.932,1288
848.05,1246
848.168,1223
848.285,1231
848.403,1240
848.521,1248
848.639,1233
848.757,1255
848.875,1237
848.993,1255
849.111,1239
849.229,1215
849.347,1236
849.465,1254
849.582,1258
849.7,1265
849.818,1270
849.936,1219
850.054,1275
850.172,1247
850.29,1264
850.408,1229
850.525,1255
850.643,1267
850.761,1258
850.879,1272
850.997,1202
851.115,1211
851.233,1249
851.35,1241
851.468,1256
851.586,1235
851.704,1249
851.822,1203
851.94,1238
852.057,1255
852.175,1241
852.293,1244
852.411,1238
852.529,1263
852.647,1244
852.764,1235
852.882,1287
853.0,1202
853.118,1289
853.236,1255
853.353,1275
853.471,1275
853.589,1229
853.707,1256
853.824,1259
853.942,1256
854.06,1247
854.178,1215
854.296,1264
854.413,1245
854.531,1248
854.649,1291
854.767,1244
854.884,1247
855.002,1228
855.12,1249
855.238,1263
855.355,1270
855.473,1235
855.591,1237
855.708,1235
855.826,1211
855.944,1296
856.062,1218
856.179,1219
856.297,1277
856.415,1264
856.532,1245
856.65,1248
856.768,1263
856.886,1259
857.003,1262
857.121,1246
857.239,1263
857.356,1255
857.474,1243
857.592,1256
857.709,1243
857.827,1254
857.945,1235
858.062,1278
858.18,1244
858.298,1286
858.415,1268
858.533,1240
858.651,1232
858.768,1264
858.886,1263
859.003,1237
859.121,1259
859.239,1219
859.356,1245
859.474,1251
859.592,1267
859.709,1234
859.827,1241
859.944,1254
860.062,1261
860.18,1211
860.297,1276
860.415,1249
860.532,1240
860.65,1274
860.768,1250
860.885,1260
861.003,1274
861.12,1263
861.238,1223
861.356,1275
861.473,1247
861.591,1267
861.708,1263
861.826,1220
861.943,1242
862.061,1238
862.178,1269
862.296,1244
862.414,1282
862.531,1252
862.649,1228
862.766,1235
862.884,1246
863.001,1274
863.119,1256
863.236,1245
863.354,1216
863.471,1252
863.589,1251
863.706,1213
863.824,1239
863.941,1231
864.059,1235
864.176,1235
864.294,1190
864.411,1256
864.529,1268
864.646,1279
864.764,1256
864.881,1239
864.999,1256
865.116,1259
865.233,1220
865.351,1231
865.468,1280
865.586,1253
865.703,1233
865.821,1275
865.938,1302
866.056,1212
866.173,1221
866.29,1268
866.408,1228
866.525,1214
866.643,1266
866.76,1236
866.878,1282
866.995,1292
867.112,1242
867.23,1271
867.347,1256
867.465,1254
867.582,1274
867.699,1281
867.817,1234
867.934,1261
868.051,1243
868.169,1250
868.286,1258
868.404,1252
868.521,1266
868.638,1252
868.756,1237
868.873,1247
868.99,1267
869.108,1275
869.225,1289
869.342,1282
869.46,1257
869.577,1247
869.694,1230
869.812,1290
869.929,1219
870.046,1270
870.164,1234
870.281,1238
870.398,1230
870.516,1271
870.633,1261
870.75,1304
870.867,1252
870.985,1229
871.102,1320
871.219,1292
871.337,1295
871.454,1253
871.571,1246
871.688,1246
871.806,1259
871.923,1250
872.04,1283
872.157,1253
872.275,1284
872.392,1266
872.509,1239
872.626,1279
872.744,1278
872.861,1247
872.978,1250
873.095,1283
873.213,1302
873.33,1306
873.447,1280
873.564,1264
873.681,1253
873.799,1285
873.916,1251
874.033,1274
874.15,1229
874.267,1236
874.385,1268
874.502,1238
874.619,1279
874.736,1285
874.853,1300
874.97,1273
875.088,1255
875.205,1226
875.322,1301
875.439,1234
875.556,1283
875.673,1256
875.791,1266
875.908,1241
876.025,1254
876.142,1261
876.259,1273
876.376,1285
876.493,1259
876.61,1265
876.728,1251
876.845,1286
876.962,1308
877.079,1283
877.196,1253
877.313,1280
877.43,1241
877.547,1298
877.664,1292
877.781,1230
877.898,1308
878.016,1268
878.133,1287
878.25,1288
878.367,1294
878.484,1254
878.601,1259
878.718,1247
878.835,1288
878.952,1264
879.069,1305
879.186,1279
879.303,1255
879.42,1260
879.537,1269
879.654,1255
879.771,1257
879.888,1274
880.005,1268
880.122,1254
880.239,1272
880.356,1284
880.473,1312
880.59,1247
880.707,1292
880.824,1274
880.941,1262
881.058,1257
881.175,1271
881.292,1272
881.409,1242
881.526,1268
881.643,1274
881.76,1281
881.877,1266
881.994,1247
882.111,1264
882.228,1285
882.345,1257
882.462,1273
882.579,1248
882.696,1257
882.812,1279
882.929,1268
883.046,1277
883.163,1244
883.28,1252
883.397,1284
883.514,1285
883.631,1252
883.748,1300
883.865,1268
883.982,1289
884.098,1281
884.215,1257
884.332,1322
884.449,1272
884.566,1305
884.683,1284
884.8,1313
884.916,1285
885.033,1303
885.15,1298
885.267,1308
885.384,1263
885.501,1307
885.617,1322
885.734,1306
885.851,1284
885.968,1303
886.085,1284
886.202,1311
886.318,1286
886.435,1310
886.552,1328
886.669,1280
886.786,1284
886.902,1303
887.019,1295
887.136,1297
887.253,1321
887.369,1283
887.486,1320
887.603,1253
887.72,1354
887.837,1264
887.953,1287
888.07,1281
888.187,1303
888.304,1277
888.42,1295
888.537,1287
888.654,1307
888.77,1276
888.887,1288
889.004,1283
889.121,1292
889.237,1301
889.354,1318
889.471,1296
889.587,1309
889.704,1305
889.821,1299
889.938,1291
890.054,1285
890.171,1275
890.288,1301
890.404,1283
890.521,1255
890.638,1331
890.754,1286
890.871,1308
890.988,1285
891.104,1306
891.221,1300
891.337,1299
891.454,1281
891.571,1313
891.687,1314
891.804,1308
891.921,1314
892.037,1308
892.154,1364
892.27,1333
892.387,1309
892.504,1292
892.62,1291
892.737,1324
892.854,1268
892.97,1310
893.087,1292
893.203,1329
893.32,1293
893.436,1329
893.553,1284
893.67,1335
893.786,1291
893.903,1302
894.019,1335
894.136,1330
894.252,1338
894.369,1370
894.485,1325
894.602,1310
894.718,1281
894.835,1290
894.951,1281
895.068,1294
895.184,1301
895.301,1336
895.417,1275
895.534,1333
895.65,1312
895.767,1316
895.883,1339
896.0,1310
896.116,1337
896.233,1315
896.349,1331
896.466,1314
896.582,1331
896.699,1303
896.815,1318
896.932,1294
897.048,1304
897.165,1323
897.281,1316
897.397,1309
897.514,1303
897.63,1342
897.747,1319
897.863,1311
897.979,1278
898.096,1269
898.212,1336
898.329,1333
898.445,1328
898.561,1355
898.678,1320
898.794,1290
898.911,1318
899.027,1339
899.143,1324
899.26,1332
899.376,1327
899.492,1332
899.609,1352
899.725,1271
899.842,1331
899.958,1298
900.074,1367
900.191,1321
900.307,1339
900.423,1336
900.539,1325
900.656,1359
900.772,1334
900.888,1317
901.005,1335
901.121,1309
901.237,1336
901.354,1333
901.47,1340
901.586,1348
901.703,1348
901.819,1329
901.935,1304
902.051,1362
902.168,1360
902.284,1334
902.4,1342
902.516,1334
902.633,1368
902.749,1331
902.865,1355
902.981,1339
903.098,1343
903.214,1341
903.33,1342
903.446,1352
903.562,1348
903.679,1348
903.795,1334
903.911,1357
904.027,1318
904.143,1379
904.26,1310
904.376,1346
904.492,1345
904.608,1333
904.724,1357
904.841,1326
904.957,1316
905.073,1360
905.189,1322
905.305,1325
905.421,1361
905.538,1348
905.654,1346
905.77,1341
905.886,1356
906.002,1300
906.118,1348
906.234,1322
906.35,1323
906.466,1326
906.583,1349
906.699,1306
906.815,1358
906.931,1352
907.047,1348
907.163,1356
907.279,1394
907.395,1339
907.511,1355
907.627,1317
907.743,1333
907.859,1377
907.976,1360
908.092,1348
908.208,1341
908.324,1398
908.44,1310
908.556,1368
908.672,1350
908.788,1344
908.904,1372
909.02,1330
909.136,1361
909.252,1317
909.368,1374
909.484,1324
909.6,1366
909.716,1346
909.832,1349
909.948,1344
910.064,1343
910.18,1361
910.296,1357
910.412,1332
910.528,1386
910.644,1319
910.76,1350
910.875,1339
910.991,1371
911.107,1345
911.223,1373
911.339,1380
911.455,1344
911.571,1342
911.687,1322
911.803,1368
911.919,1372
912.035,1338
912.151,1362
912.267,1395
912.382,1355
912.498,1317
912.614,1381
912.73,1346
912.846,1346
792.446,1707
792.565,1691
792.684,1699
792.803,1652
792.922,1660
793.041,1635
793.16,1593
793.279,1600
793.398,1627
793.518,1614
793.637,1591
793.756,1607
793.875,1604
793.994,1624
794.113,1563
794.232,1589
794.351,1575
794.47,1614
794.589,1589
794.708,1556
794.827,1578
794.946,1616
795.066,1566
795.185,1564
795.304,1563
795.423,1556
795.542,1556
795.661,1527
795.78,1552
795.899,1531
796.018,1565
796.137,1479
796.256,1563
796.375,1546
796.494,1549
796.613,1509
796.732,1533
796.851,1523
796.97,1529
797.089,1526
797.208,1544
797.327,1507
797.446,1537
797.565,1527
797.684,1520
797.803,1478
797.922,1534
798.041,1521
798.16,1519
798.279,1507
798.398,1553
798.517,1475
798.636,1539
798.755,1486
798.874,1479
798.993,1496
799.112,1489
799.231,1512
799.35,1514
799.469,1496
799.588,1517
799.707,1479
799.826,1496
799.945,1510
800.064,1525
800.183,1509
800.302,1482
800.421,1507
800.54,1458
800.659,1484
800.778,1461
800.897,1506
801.016,1455
801.135,1454
801.254,1501
801.373,1471
801.492,1533
801.611,1481
801.729,1504
801.848,1474
801.967,1522
802.086,1488
802.205,1489
802.324,1484
802.443,1502
802.562,1478
802.681,1499
802.8,1463
802.919,1429
803.038,1481
803.157,1486
803.276,1487
803.394,1482
803.513,1479
803.632,1486
803.751,1501
803.87,1471
803.989,1487
804.108,1500
804.227,1489
804.346,1502
804.465,1476
804.583,1480
804.702,1492
804.821,1498
804.94,1472
805.059,1456
805.178,1469
805.297,1494
805.416,1491
805.535,1490
805.653,1508
805.772,1497
805.891,1504
806.01,1533
806.129,1490
806.248,1463
806.367,1503
806.485,1486
806.604,1501
806.723,1465
806.842,1506
806.961,1487
807.08,1482
807.198,1502
807.317,1478
807.436,1489
807.555,1492
807.674,1474
807.793,1434
807.912,1493
808.03,1523
808.149,1492
808.268,1487
808.387,1486
808.506,1503
808.624,1484
808.743,1501
808.862,1464
808.981,1519
809.1,1443
809.219,1494
809.337,1480
809.456,1486
809.575,1482
809.694,1494
809.812,1502
809.931,1501
810.05,1454
810.169,1504
810.288,1490
810.406,1495
810.525,1497
810.644,1484
810.763,1523
810.882,1452
811.0,1500
811.119,1466
811.238,1444
811.357,1435
811.475,1438
811.594,1513
811.713,1457
811.832,1488
811.95,1472
812.069,1483
812.188,1517
812.307,1452
812.425,1471
812.544,1485
812.663,1453
812.782,1455
812.9,1462
813.019,1446
813.138,1440
813.257,1474
813.375,1472
813.494,1453
813.613,1520
813.731,1453
813.85,1449
813.969,1463
814.088,1428
814.206,1467
814.325,1459
814.444,1455
814.562,1479
814.681,1468
814.8,1510
814.918,1438
815.037,1500
815.156,1471
815.274,1459
815.393,1460
815.512,1429
815.631,1427
815.749,1440
815.868,1460
815.987,1404
816.105,1441
816.224,1426
816.343,1488
816.461,1441
816.58,1421
816.698,1464
816.817,1453
816.936,1412
817.055,1436
817.173,1462
817.292,1435
817.41,1468
817.529,1419
817.648,1449
817.766,1399
817.885,1462
818.004,1415
818.122,1415
818.241,1391
818.359,1368
818.478,1417
818.597,1377
818.715,1411
818.834,1400
818.953,1401
819.071,1390
819.19,1396
819.308,1398
819.427,1388
819.546,1388
819.664,1350
819.783,1384
819.901,1353
820.02,1372
820.138,1374
820.257,1398
820.376,1396
820.494,1349
820.613,1339
820.731,1381
820.85,1354
820.969,1390
821.087,1329
821.206,1352
821.324,1362
821.443,1353
821.561,1347
821.68,1359
821.798,1399
821.917,1378
822.035,1379
822.154,1343
822.273,1331
822.391,1394
822.51,1365
822.628,1352
822.747,1344
822.865,1323
822.984,1350
823.102,1335
823.221,1338
823.339,1361
823.458,1322
823.576,1329
823.695,1347
823.813,1333
823.932,1365
824.05,1332
824.169,1340
824.287,1324
824.406,1313
824.524,1320
824.643,1330
824.761,1371
824.88,1301
824.998,1308
825.117,1339
825.235,1345
825.354,1378
825.472,1326
825.591,1300
825.709,1321
825.828,1355
825.946,1310
826.064,1319
826.183,1312
826.301,1322
826.42,1340
826.538,1329
826.657,1321
826.775,1305
826.894,1330
827.012,1306
827.13,1327
827.249,1304
827.367,1328
827.486,1311
827.604,1320
827.723,1324
827.841,1284
827.959,1330
828.078,1274
828.196,1288
828.315,1324
828.433,1308
828.552,1316
828.67,1329
828.788,1304
828.907,1308
829.025,1271
829.143,1296
829.262,1299
829.38,1320
829.499,1300
829.617,1324
829.735,1329
829.854,1307
829.972,1317
830.091,1249
830.209,1290
830.327,1291
830.446,1315
830.564,1283
830.682,1320
830.801,1284
830.919,1284
831.037,1316
831.156,1346
831.274,1287
831.392,1268
831.511,1275
831.629,1332
831.747,1321
831.866,1309
831.984,1298
832.102,1283
832.221,1292
832.339,1334
832.457,1307
832.576,1327
832.694,1281
832.812,1308
832.93,1293
833.049,1251
833.167,1311
833.285,1280
833.404,1342
833.522,1307
833.64,1307
833.759,1281
833.877,1266
833.995,1256
834.113,1298
834.232,1273
834.35,1282
834.468,1277
834.586,1330
834.705,1296
834.823,1283
834.941,1282
835.059,1282
835.178,1345
835.296,1263
835.414,1309
835.532,1278
835.651,1278
835.769,1292
835.887,1269
836.005,1295
836.124,1319
836.242,1293
836.36,1308
836.478,1286
836.596,1316
836.715,1280
836.833,1311
836.951,1277
837.069,1323
837.188,1294
837.306,1289
837.424,1281
837.542,1309
837.66,1288
837.779,1305
837.897,1292
838.015,1291
838.133,1304
838.251,1287
838.369,1320
838.487,1296
838.606,1302
838.724,1311
838.842,1331
838.96,1280
839.078,1273
839.196,1338
839.315,1233
839.433,1271
839.551,1310
839.669,1302
839.787,1282
839.905,1295
840.023,1298
840.142,1292
840.26,1275
840.378,1272
840.496,1295
840.614,1284
840.732,1295
840.85,1246
840.968,1300
841.087,1277
841.205,1265
841.323,1264
841.441,1247
841.559,1270
841.677,1244
841.795,1288
841.913,1241
842.031,1253
842.149,1265
842.267,1247
842.385,1273
842.504,1253
842.622,1318
842.74,1273
842.858,1215
842.976,1274
843.094,1252
843.212,1309
843.33,1312
843.448,1312
843.566,1256
843.684,1276
843.802,1272
843.92,1275
844.038,1270
844.156,1282
844.274,1278
844.392,1249
844.51,1249
844.628,1265
844.746,1266
844.864,1265
844.982,1290
845.1,1245
845.218,1263
845.336,1259
845.454,1254
845.572,1277
845.69,1283
845.808,1272
845.926,1302
846.044,1276
846.162,1254
846.28,1290
846.398,1250
846.516,1273
846.634,1250
846.752,1264
846.87,1246
846.988,1264
847.106,1230
847.224,1222
847.342,1269
847.46,1236
847.578,1281
847.696,1290
847.814,1265
847.932,1295
848.05,1316
848.168,1299
848.285,1295
848.403,1313
848.521,1246
848.639,1253
848.757,1254
848.875,1268
848.993,1247
849.111,1296
849.229,1237
849.347,1253
849.465,1246
849.582,1269
849.7,1255
849.818,1252
849.936,1266
850.054,1293
850.172,1272
850.29,1261
850.408,1244
850.525,1279
850.643,1279
850.761,1282
850.879,1263
850.997,1275
851.115,1295
851.233,1244
851.35,1275
851.468,1223
851.586,1305
851.704,1284
851.822,1271
851.94,1295
852.057,1298
852.175,1256
852.293,1297
852.411,1265
852.529,1255
852.647,1247
852.764,1262
852.882,1262
853.0,1302
853.118,1269
853.236,1262
853.353,1260
853.471,1272
853.589,1259
853.707,1250
853.824,1272
853.942,1287
854.06,1257
854.178,1282
854.296,1272
854.413,1270
854.531,1294
854.649,1272
854.767,1269
854.884,1261
855.002,1256
855.12,1280
855.238,1307
855.355,1321
855.473,1307
855.591,1250
855.708,1269
855.826,1316
855.944,1296
856.062,1282
856.179,1326
856.297,1266
856.415,1333
856.532,1296
856.65,1304
856.768,1283
856.886,1298
857.003,1285
857.121,1281
857.239,1283
857.356,1304
857.474,1283
857.592,1275
857.709,1309
857.827,1293
857.945,1275
858.062,1251
858.18,1284
858.298,1245
858.415,1244
858.533,1248
858.651,1255
858.768,1301
858.886,1333
859.003,1286
859.121,1261
859.239,1307
859.356,1238
859.474,1305
859.592,1290
859.709,1266
859.827,1259
859.944,1289
860.062,1259
860.18,1287
860.297,1250
860.415,1289
860.532,1259
860.65,1250
860.768,1285
860.885,1302
861.003,1246
861.12,1272
861.238,1225
861.356,1265
861.473,1267
861.591,1287
861.708,1276
861.826,1303
861.943,1258
862.061,1283
862.178,1287
862.296,1259
862.414,1291
862.531,1273
862.649,1267
862.766,1308
862.884,1296
863.001,1263
863.119,1309
863.236,1324
863.354,1269
863.471,1281
863.589,1301
863.706,1243
863.824,1289
863.941,1276
864.059,1258
864.176,1302
864.294,1282
864.411,1268
864.529,1262
864.646,1322
864.764,1281
864.881,1262
864.999,1291
865.116,1276
865.233,1269
865.351,1250
865.468,1259
865.586,1283
865.703,1263
865.821,1322
865.938,1260
866.056,1301
866.173,1320
866.29,1300
866.408,1281
866.525,1309
866.643,1278
866.76,1255
866.878,1291
866.995,1318
867.112,1314
867.23,1244
867.347,1273
867.465,1296
867.582,1290
867.699,1281
867.817,1310
867.934,1274
868.051,1309
868.169,1289
868.286,1289
868.404,1279
868.521,1309
868.638,1270
868.756,1282
868.873,1292
868.99,1285
869.108,1293
869.225,1301
869.342,1327
869.46,1298
869.577,1266
869.694,1267
869.812,1294
869.929,1266
870.046,1289
870.164,1282
870.281,1274
870.398,1320
870.516,1282
870.633,1280
870.75,1291
870.867,1316
870.985,1285
871.102,1263
871.219,1266
871.337,1291
871.454,1336
871.571,1257
871.688,1293
871.806,1293
871.923,1276
872.04,1272
872.157,1334
872.275,1290
872.392,1269
872.509,1251
872.626,1310
872.744,1266
872.861,1365
872.978,1287
873.095,1282
873.213,1252
873.33,1275
873.447,1273
873.564,1291
873.681,1256
873.799,1264
873.916,1293
874.033,1335
874.15,1257
874.267,1287
874.385,1279
874.502,1296
874.619,1273
874.736,1306
874.853,1269
874.97,1295
875.088,1302
875.205,1326
875.322,1278
875.439,1317
875.556,1297
875.673,1314
875.791,1306
875.908,1318
876.025,1269
876.142,1296
876.259,1288
876.376,1315
876.493,1307
876.61,1309
876.728,1322
876.845,1323
876.962,1269
877.079,1267
877.196,1339
877.313,1307
877.43,1319
877.547,1272
877.664,1294
877.781,1291
877.898,1324
878.016,1314
878.133,1324
878.25,1311
878.367,1289
878.484,1280
878.601,1311
878.718,1298
878.835,1297
878.952,1333
879.069,1310
879.186,1303
879.303,1310
879.42,1275
879.537,1321
879.654,1314
879.771,1293
879.888,1261
880.005,1313
880.122,1282
880.239,1323
880.356,1298
880.473,1323
880.59,1268
880.707,1276
880.824,1317
880.941,1305
881.058,1300
881.175,1326
881.292,1309
881.409,1282
881.526,1273
881.643,1310
881.76,1321
881.877,1270
881.994,1298
882.111,1299
882.228,1320
882.345,1323
882.462,1276
882.579,1267
882.696,1316
882.812,1303
882.929,1334
883.046,1300
883.163,1315
883.28,1269
883.397,1305
883.514,1334
883.631,1336
883.748,1287
883.865,1302
883.982,1283
884.098,1316
884.215,1322
884.332,1321
884.449,1278
884.566,1305
884.683,1369
884.8,1309
884.916,1307
885.033,1313
885.15,1305
885.267,1345
885.384,1301
885.501,1330
885.617,1324
885.734,1325
885.851,1347
885.968,1356
886.085,1330
886.202,1317
886.318,1284
886.435,1340
886.552,1335
886.669,1308
886.786,1327
886.902,1336
887.019,1326
887.136,1329
887.253,1344
887.369,1330
887.486,1305
887.603,1336
887.72,1341
887.837,1336
887.953,1321
888.07,1333
888.187,1321
888.304,1302
888.42,1349
888.537,1313
888.654,1348
888.77,1328
888.887,1304
889.004,1318
889.121,1290
889.237,1282
889.354,1331
889.471,1341
889.587,1309
889.704,1346
889.821,1285
889.938,1293
890.054,1290
890.171,1339
890.288,1334
890.404,1327
890.521,1336
890.638,1330
890.754,1298
890.871,1323
890.988,1328
891.104,1323
891.221,1317
891.337,1323
891.454,1331
891.571,1326
891.687,1348
891.804,1335
891.921,1322
892.037,1372
892.154,1349
892.27,1336
892.387,1317
892.504,1330
892.62,1334
892.737,1364
892.854,1330
892.97,1360
893.087,1324
893.203,1351
893.32,1337
893.436,1365
893.553,1316
893.67,1338
893.786,1349
893.903,1354
894.019,1344
894.136,1349
894.252,1345
894.369,1329
894.485,1391
894.602,1340
894.718,1362
894.835,1344
894.951,1351
895.068,1360
895.184,1353
895.301,1322
895.417,1362
895.534,1330
895.65,1363
895.767,1389
895.883,1301
896.0,1346
896.116,1361
896.233,1323
896.349,1307
896.466,1328
896.582,1322
896.699,1368
896.815,1376
896.932,1371
897.048,1352
897.165,1358
897.281,1354
897.397,1339
897.514,1350
897.63,1356
897.747,1380
897.863,1318
897.979,1382
898.096,1327
898.212,1363
898.329,1385
898.445,1356
898.561,1374
898.678,1394
898.794,1344
898.911,1305
899.027,1366
899.143,1380
899.26,1407
899.376,1385
899.492,1325
899.609,1362
899.725,1350
899.842,1369
899.958,1387
900.074,1361
900.191,1335
900.307,1373
900.423,1405
900.539,1336
900.656,1351
900.772,1359
900.888,1356
901.005,1340
901.121,1370
901.237,1383
901.354,1382
901.47,1380
901.586,1384
901.703,1405
901.819,1353
901.935,1357
902.051,1406
902.168,1356
902.284,1395
902.4,1363
902.516,1390
902.633,1358
902.749,1348
902.865,1384
902.981,1407
903.098,1393
903.214,1378
903.33,1369
903.446,1377
903.562,1347
903.679,1391
903.795,1403
903.911,1378
904.027,1342
904.143,1353
904.26,1389
904.376,1352
904.492,1381
904.608,1352
904.724,1384
904.841,1361
904.957,1360
905.073,1422
905.189,1346
905.305,1400
905.421,1325
905.538,1357
905.654,1353
905.77,1404
905.886,1366
906.002,1362
906.118,1369
906.234,1363
906.35,1377
906.466,1356
906.583,1354
906.699,1394
906.815,1343
906.931,1383
907.047,1346
907.163,1408
907.279,1370
907.395,1384
907.511,1397
907.627,1388
907.743,1376
907.859,1399
907.976,1433
908.092,1383
908.208,1412
908.324,1412
908.44,1391
908.556,1402
908.672,1400
908.788,1387
908.904,1383
909.02,1379
909.136,1365
909.252,1416
909.368,1392
909.484,1382
909.6,1378
909.716,1401
909.832,1384
909.948,1347
910.064,1416
910.18,1395
910.296,1355
910.412,1374
910.528,1372
910.644,1378
910.76,1359
910.875,1397
910.991,1380
911.107,1383
911.223,1402
911.339,1429
911.455,1370
911.571,1385
911.687,1438
911.803,1401
911.919,1374
912.035,1408
912.151,1392
912.267,1423
912.382,1350
912.498,1372
912.614,1390
912.73,1340
912.846,1381
792.446,1718
792.565,1689
792.684,1733
792.803,1679
792.922,1628
793.041,1615
793.16,1614
793.279,1682
793.398,1646
793.518,1664
793.637,1660
793.756,1635
793.875,1651
793.994,1620
794.113,1656
794.232,1602
794.351,1607
794.47,1638
794.589,1603
794.708,1593
794.827,1569
794.946,1539
795.066,1579
795.185,1569
795.304,1581
795.423,1537
795.542,1589
795.661,1539
795.78,1586
795.899,1533
796.018,1550
796.137,1576
796.256,1531
796.375,1550
796.494,1591
796.613,1534
796.732,1555
796.851,1543
796.97,1527
797.089,1585
797.208,1522
797.327,1544
797.446,1511
797.565,1511
797.684,1574
797.803,1532
797.922,1544
798.041,1573
798.16,1485
798.279,1522
798.398,1493
798.517,1559
798.636,1526
798.755,1516
798.874,1546
798.993,1537
799.112,1539
799.231,1500
799.35,1508
799.469,1515
799.588,1571
799.707,1507
799.826,1533
799.945,1488
800.064,1497
800.183,1510
800.302,1517
800.421,1504
800.54,1519
800.659,1516
800.778,1499
800.897,1517
801.016,1496
801.135,1516
801.254,1513
801.373,1544
801.492,1523
801.611,1500
801.729,1535
801.848,1478
801.967,1509
802.086,1503
802.205,1459
802.324,1506
802.443,1487
802.562,1485
802.681,1513
802.8,1518
802.919,1499
803.038,1537
803.157,1510
803.276,1506
803.394,1537
803.513,1530
803.632,1492
803.751,1502
803.87,1494
803.989,1496
804.108,1464
804.227,1494
804.346,1514
804.465,1533
804.583,1489
804.702,1500
804.821,1481
804.94,1509
805.059,1488
805.178,1500
805.297,1508
805.416,1513
805.535,1527
805.653,1471
805.772,1478
805.891,1491
806.01,1480
806.129,1498
806.248,1475
806.367,1500
806.485,1510
806.604,1506
806.723,1505
806.842,1514
806.961,1472
807.08,1470
807.198,1481
807.317,1539
807.436,1495
807.555,1457
807.674,1500
807.793,1548
807.912,1497
808.03,1504
808.149,1499
808.268,1484
808.387,1518
808.506,1493
808.624,1491
808.743,1469
808.862,1506
808.981,1521
809.1,1518
809.219,1545
809.337,1468
809.456,1507
809.575,1498
809.694,1510
809.812,1519
809.931,1509
810.05,1500
810.169,1497
810.288,1465
810.406,1472
810.525,1527
810.644,1460
810.763,1508
810.882,1470
811.0,1499
811.119,1507
811.238,1491
811.357,1493
811.475,1474
811.594,1451
811.713,1457
811.832,1515
811.95,1472
812.069,1509
812.188,1475
812.307,1471
812.425,1465
812.544,1466
812.663,1476
812.782,1451
812.9,1521
813.019,1515
813.138,1460
813.257,1496
813.375,1452
813.494,1521
813.613,1498
813.731,1480
813.85,1477
813.969,1485
814.088,1496
814.206,1468
814.325,1497
814.444,1419
814.562,1490
814.681,1449
814.8,1482
814.918,1462
815.037,1463
815.156,1483
815.274,1463
815.393,1431
815.512,1497
815.631,1467
815.749,1485
815.868,1460
815.987,1445
816.105,1408
816.224,1465
816.343,1486
816.461,1426
816.58,1445
816.698,1497
816.817,1473
816.936,1443
817.055,1460
817.173,1435
817.292,1475
817.41,1434
817.529,1467
817.648,1454
817.766,1406
817.885,1449
818.004,1408
818.122,1455
818.241,1469
818.359,1358
818.478,1450
818.597,1392
818.715,1384
818.834,1359
818.953,1439
819.071,1396
819.19,1380
819.308,1362
819.427,1357
819.546,1362
819.664,1383
819.783,1380
819.901,1386
820.02,1365
820.138,1383
820.257,1361
820.376,1421
820.494,1366
820.613,1397
820.731,1331
820.85,1342
820.969,1340
821.087,1363
821.206,1392
821.324,1374
821.443,1360
821.561,1316
821.68,1392
821.798,1380
821.917,1365
822.035,1409
822.154,1347
822.273,1336
822.391,1339
822.51,1381
822.628,1380
822.747,1367
822.865,1369
822.984,1324
823.102,1352
823.221,1391
823.339,1388
823.458,1390
823.576,1353
823.695,1345
823.813,1382
823.932,1367
824.05,1332
824.169,1357
824.287,1398
824.406,1325
824.524,1363
824.643,1340
824.761,1369
824.88,1329
824.998,1327
825.117,1355
825.235,1349
825.354,1384
825.472,1330
825.591,1330
825.709,1323
825.828,1389
825.946,1371
826.064,1352
826.183,1316
826.301,1346
826.42,1325
826.538,1354
826.657,1319
826.775,1312
826.894,1343
827.012,1297
827.13,1301
827.249,1360
827.367,1335
827.486,1348
827.604,1338
827.723,1316
827.841,1308
827.959,1314
828.078,1331
828.196,1317
828.315,1295
828.433,1328
828.552,1354
828.67,1324
828.788,1294
828.907,1280
829.025,1302
829.143,1301
829.262,1340
829.38,1317
829.499,1287
829.617,1350
829.735,1292
829.854,1284
829.972,1311
830.091,1311
830.209,1298
830.327,1330
830.446,1279
830.564,1336
830.682,1287
830.801,1325
830.919,1309
831.037,1290
831.156,1319
831.274,1318
831.392,1336
831.511,1300
831.629,1292
831.747,1320
831.866,1282
831.984,1290
832.102,1292
832.221,1287
832.339,1287
832.457,1280
832.576,1364
832.694,1286
832.812,1354
832.93,1312
833.049,1301
833.167,1325
833.285,1296
833.404,1315
833.522,1310
833.64,1327
833.759,1311
833.877,1286
833.995,1343
834.113,1293
834.232,1299
834.35,1327
834.468,1279
834.586,1330
834.705,1254
834.823,1311
834.941,1320
835.059,1324
835.178,1324
835.296,1260
835.414,1296
835.532,1303
835.651,1269
835.769,1287
835.887,1296
836.005,1272
836.124,1304
836.242,1311
836.36,1304
836.478,1316
836.596,1313
836.715,1315
836.833,1303
836.951,1309
837.069,1340
837.188,1301
837.306,1327
837.424,1327
837.542,1306
837.66,1297
837.779,1278
837.897,1299
838.015,1299
838.133,1286
838.251,1314
838.369,1301
838.487,1305
838.606,1306
838.724,1318
838.842,1300
838.96,1327
839.078,1291
839.196,1264
839.315,1293
839.433,1281
839.551,1314
839.669,1300
839.787,1340
839.905,1279
840.023,1273
840.142,1297
840.26,1338
840.378,1297
840.496,1300
840.614,1285
840.732,1297
840.85,1316
840.968,1298
841.087,1291
841.205,1275
841.323,1317
841.441,1293
841.559,1295
841.677,1280
841.795,1324
841.913,1282
842.031,1301
842.149,1294
842.267,1276
842.385,1272
842.504,1284
842.622,1293
842.74,1302
842.858,1281
842.976,1303
843.094,1279
843.212,1271
843.33,1276
843.448,1306
843.566,1277
843.684,1301
843.802,1288
843.92,1275
844.038,1307
844.156,1272
844.274,1288
844.392,1303
844.51,1300
844.628,1280
844.746,1276
844.864,1258
844.982,1285
845.1,1277
845.218,1278
845.336,1300
845.454,1281
845.572,1317
845.69,1258
845.808,1287
845.926,1276
846.044,1273
846.162,1292
846.28,1294
846.398,1274
846.516,1266
846.634,1263
846.752,1303
846.87,1278
846.988,1267
847.106,1254
847.224,1282
847.342,1283
847.46,1305
847.578,1257
847.696,1315
847.814,1260
847.932,1273
848.05,1233
848.168,1254
848.285,1297
848.403,1277
848.521,1286
848.639,1303
848.757,1298
848.875,1304
848.993,1261
849.111,1276
849.229,1306
849.347,1254
849.465,1289
849.582,1266
849.7,1281
849.818,1314
849.936,1243
850.054,1268
850.172,1268
850.29,1310
850.408,1288
850.525,1296
850.643,1251
850.761,1281
850.879,1331
850.997,1265
851.115,1260
851.233,1303
851.35,1321
851.468,1306
851.586,1290
851.704,1283
851.822,1316
851.94,1264
852.057,1265
852.175,1295
852.293,1273
852.411,1280
852.529,1282
852.647,1292
852.764,1285
852.882,1276
853.0,1273
853.118,1303
853.236,1287
853.353,1263
853.471,1303
853.589,1318
853.707,1238
853.824,1335
853.942,1267
854.06,1274
854.178,1310
854.296,1264
854.413,1282
854.531,1282
854.649,1278
854.767,1290
854.884,1260
855.002,1283
855.12,1275
855.238,1262
855.355,1307
855.473,1302
855.591,1300
855.708,1302
855.826,1275
855.944,1268
856.062,1291
856.179,1277
856.297,1313
856.415,1280
856.532,1298
856.65,1265
856.768,1326
856.886,1287
857.003,1266
857.121,1295
857.239,1277
857.356,1281
857.474,1288
857.592,1308
857.709,1311
857.827,1305
857.945,1289
858.062,1248
858.18,1266
858.298,1293
858.415,1228
858.533,1305
858.651,1279
858.768,1307
858.886,1287
859.003,1253
859.121,1290
859.239,1257
859.356,1305
859.474,1279
859.592,1282
859.709,1299
859.827,1297
859.944,1251
860.062,1267
860.18,1278
860.297,1302
860.415,1281
860.532,1276
860.65,1295
860.768,1284
860.885,1264
861.003,1320
861.12,1304
861.238,1297
861.356,1275
861.473,1315
861.591,1273
861.708,1250
861.826,1315
861.943,1308
862.061,1317
862.178,1268
862.296,1310
862.414,1280
862.531,1297
862.649,1337
862.766,1271
862.884,1277
863.001,1301
863.119,1300
863.236,1320
863.354,1256
863.471,1293
863.589,1297
863.706,1274
863.824,1287
863.941,1264
864.059,1300
864.176,1285
864.294,1305
864.411,1327
864.529,1260
864.646,1287
864.764,1286
864.881,1269
864.999,1292
865.116,1313
865.233,1267
865.351,1313
865.468,1273
865.586,1270
865.703,1315
865.821,1275
865.938,1278
866.056,1293
866.173,1309
866.29,1279
866.408,1283
866.525,1292
866.643,1275
866.76,1293
866.878,1272
866.995,1304
867.112,1281
867.23,1250
867.347,1324
867.465,1275
867.582,1308
867.699,1312
867.817,1325
867.934,1286
868.051,1270
868.169,1294
868.286,1319
868.404,1280
868.521,1266
868.638,1311
868.756,1334
868.873,1272
868.99,1295
869.108,1332
869.225,1322
869.342,1304
869.46,1330
869.577,1327
869.694,1302
869.812,1265
869.929,1305
870.046,1342
870.164,1289
870.281,1316
870.398,1319
870.516,1296
870.633,1312
870.75,1349
870.867,1308
870.985,1297
871.102,1289
871.219,1280
871.337,1297
871.454,1311
871.571,1270
871.688,1279
871.806,1316
871.923,1275
872.04,1333
872.157,1293
872.275,1326
872.392,1289
872.509,1324
872.626,1305
872.744,1329
872.861,1327
872.978,1274
873.095,1303
873.213,1286
873.33,1320
873.447,1284
873.564,1296
873.681,1301
873.799,1328
873.916,1314
874.033,1355
874.15,1293
874.267,1319
874.385,1311
874.502,1272
874.619,1275
874.736,1316
874.853,1296
874.97,1298
875.088,1321
875.205,1321
875.322,1318
875.439,1290
875.556,1324
875.673,1310
875.791,1294
875.908,1275
876.025,1321
876.142,1326
876.259,1337
876.376,1295
876.493,1299
876.61,1305
876.728,1325
876.845,1300
876.962,1286
877.079,1305
877.196,1329
877.313,1332
877.43,1280
877.547,1330
877.664,1324
877.781,1290
877.898,1295
878.016,1314
878.133,1308
878.25,1312
878.367,1261
878.484,1331
878.601,1326
878.718,1271
878.835,1318
878.952,1318
879.069,1285
879.186,1306
879.303,1348
879.42,1316
879.537,1291
879.654,1318
879.771,1324
879.888,1341
880.005,1328
880.122,1319
880.239,1303
880.356,1309
880.473,1323
880.59,1288
880.707,1309
880.824,1297
880.941,1318
881.058,1340
881.175,1343
881.292,1293
881.409,1323
881.526,1348
881.643,1311
881.76,1325
881.877,1339
881.994,1336
882.111,1342
882.228,1306
882.345,1343
882.462,1316
882.579,1332
882.696,1329
882.812,1279
882.929,1350
883.046,1304
883.163,1365
883.28,1337
883.397,1295
883.514,1318
883.631,1333
883.748,1333
883.865,1321
883.982,1292
884.098,1310
884.215,1284
884.332,1312
884.449,1326
884.566,1335
884.683,1326
884.8,1306
884.916,1349
885.033,1322
885.15,1326
885.267,1276
885.384,1336
885.501,1334
885.617,1309
885.734,1333
885.851,1329
885.968,1347
886.085,1316
886.202,1387
886.318,1342
886.435,1359
886.552,1335
886.669,1379
886.786,1326
886.902,1343
887.019,1349
887.136,1311
887.253,1411
887.369,1300
887.486,1341
887.603,1329
887.72,1371
887.837,1325
887.953,1312
888.07,1329
888.187,1366
888.304,1356
888.42,1343
888.537,1349
888.654,1307
888.77,1327
888.887,1318
889.004,1398
889.121,1300
889.237,1322
889.354,1321
889.471,1338
889.587,1342
889.704,1352
889.821,1307
889.938,1355
890.054,1349
890.171,1325
890.288,1319
890.404,1336
890.521,1349
890.638,1343
890.754,1336
890.871,1312
890.988,1337
891.104,1287
891.221,1380
891.337,1330
891.454,1360
891.571,1308
891.687,1311
891.804,1360
891.921,1334
892.037,1358
892.154,1359
892.27,1322
892.387,1351
892.504,1342
892.62,1365
892.737,1328
892.854,1297
892.97,1349
893.087,1362
893.203,1372
893.32,1320
893.436,1357
893.553,1342
893.67,1332
893.786,1403
893.903,1346
894.019,1365
894.136,1363
894.252,1398
894.369,1360
894.485,1397
894.602,1332
894.718,1387
894.835,1331
894.951,1359
895.068,1321
895.184,1352
895.301,1326
895.417,1366
895.534,1359
895.65,1369
895.767,1387
895.883,1363
896.0,1373
896.116,1372
896.233,1379
896.349,1377
896.466,1400
896.582,1393
896.699,1350
896.815,1382
896.932,1387
897.048,1358
897.165,1369
897.281,1375
897.397,1322
897.514,1371
897.63,1395
897.747,1381
897.863,1398
897.979,1373
898.096,1375
898.212,1390
898.329,1359
898.445,1374
898.561,1356
898.678,1347
898.794,1360
898.911,1346
899.027,1354
899.143,1353
899.26,1384
899.376,1359
899.492,1415
899.609,1381
899.725,1343
899.842,1380
899.958,1355
900.074,1387
900.191,1388
900.307,1381
900.423,1354
900.539,1390
900.656,1331
900.772,1381
900.888,1327
901.005,1367
901.121,1361
901.237,1362
901.354,1394
901.47,1355
901.586,1365
901.703,1393
901.819,1375
901.935,1389
902.051,1361
902.168,1401
902.284,1366
902.4,1373
902.516,1371
902.633,1381
902.749,1385
902.865,1345
902.981,1368
903.098,1404
903.214,1405
903.33,1383
903.446,1403
903.562,1404
903.679,1415
903.795,1385
903.911,1396
904.027,1389
904.143,1406
904.26,1410
904.376,1354
904.492,1411
904.608,1350
904.724,1408
904.841,1400
904.957,1401
905.073,1382
905.189,1379
905.305,1385
905.421,1421
905.538,1379
905.654,1401
905.77,1390
905.886,1424
906.002,1413
906.118,1404
906.234,1400
906.35,1429
906.466,1367
906.583,1408
906.699,1412
906.815,1383
906.931,1404
907.047,1375
907.163,1394
907.279,1390
907.395,1386
907.511,1421
907.627,1387
907.743,1386
907.859,1429
907.976,1412
908.092,1367
908.208,1416
908.324,1376
908.44,1445
908.556,1407
908.672,1411
908.788,1421
908.904,1395
909.02,1432
909.136,1375
909.252,1404
909.368,1408
909.484,1434
909.6,1397
909.716,1406
909.832,1402
909.948,1449
910.064,1376
910.18,1384
910.296,1420
910.412,1371
910.528,1419
910.644,1391
910.76,1434
910.875,1408
910.991,1406
911.107,1404
911.223,1439
911.339,1405
911.455,1411
911.571,1447
911.687,1419
911.803,1414
911.919,1395
912.035,1445
912.151,1414
912.267,1411
912.382,1429
912.498,1433
912.614,1396
912.73,1407
912.846,1388
