792.446,1587
792.565,1571
792.684,1577
792.803,1557
792.922,1511
793.041,1493
793.16,1481
793.279,1520
793.398,1531
793.518,1498
793.637,1459
793.756,1512
793.875,1481
793.994,1498
794.113,1475
794.232,1500
794.351,1524
794.47,1496
794.589,1525
794.708,1426
794.827,1488
794.946,1509
795.066,1460
795.185,1488
795.304,1505
795.423,1436
795.542,1479
795.661,1463
795.78,1457
795.899,1433
796.018,1449
796.137,1468
796.256,1427
796.375,1452
796.494,1451
796.613,1415
796.732,1463
796.851,1452
796.97,1448
797.089,1428
797.208,1420
797.327,1443
797.446,1431
797.565,1442
797.684,1468
797.803,1446
797.922,1470
798.041,1439
798.16,1412
798.279,1412
798.398,1455
798.517,1463
798.636,1396
798.755,1426
798.874,1473
798.993,1402
799.112,1427
799.231,1450
799.35,1446
799.469,1426
799.588,1409
799.707,1458
799.826,1417
799.945,1463
800.064,1422
800.183,1435
800.302,1430
800.421,1476
800.54,1384
800.659,1477
800.778,1457
800.897,1433
801.016,1424
801.135,1403
801.254,1428
801.373,1449
801.492,1434
801.611,1412
801.729,1407
801.848,1465
801.967,1412
802.086,1448
802.205,1428
802.324,1436
802.443,1452
802.562,1402
802.681,1460
802.8,1448
802.919,1422
803.038,1400
803.157,1486
803.276,1422
803.394,1455
803.513,1399
803.632,1460
803.751,1475
803.87,1420
803.989,1393
804.108,1436
804.227,1394
804.346,1396
804.465,1434
804.583,1410
804.702,1435
804.821,1426
804.94,1394
805.059,1445
805.178,1447
805.297,1424
805.416,1437
805.535,1435
805.653,1409
805.772,1432
805.891,1428
806.01,1406
806.129,1404
806.248,1441
806.367,1394
806.485,1398
806.604,1396
806.723,1455
806.842,1412
806.961,1418
807.08,1425
807.198,1430
807.317,1362
807.436,1386
807.555,1402
807.674,1427
807.793,1433
807.912,1414
808.03,1396
808.149,1415
808.268,1438
808.387,1379
808.506,1368
808.624,1419
808.743,1420
808.862,1447
808.981,1438
809.1,1382
809.219,1436
809.337,1388
809.456,1425
809.575,1381
809.694,1416
809.812,1418
809.931,1403
810.05,1388
810.169,1431
810.288,1404
810.406,1401
810.525,1408
810.644,1393
810.763,1441
810.882,1394
811.0,1426
811.119,1391
811.238,1420
811.357,1438
811.475,1407
811.594,1411
811.713,1427
811.832,1422
811.95,1403
812.069,1410
812.188,1422
812.307,1414
812.425,1402
812.544,1443
812.663,1422
812.782,1434
812.9,1430
813.019,1398
813.138,1400
813.257,1392
813.375,1405
813.494,1418
813.613,1367
813.731,1371
813.85,1413
813.969,1434
814.088,1383
814.206,1359
814.325,1439
814.444,1356
814.562,1387
814.681,1399
814.8,1392
814.918,1418
815.037,1375
815.156,1398
815.274,1403
815.393,1380
815.512,1419
815.631,1412
815.749,1377
815.868,1397
815.987,1372
816.105,1364
816.224,1361
816.343,1387
816.461,1405
816.58,1372
816.698,1360
816.817,1363
816.936,1399
817.055,1389
817.173,1375
817.292,1378
817.41,1433
817.529,1371
817.648,1385
817.766,1369
817.885,1386
818.004,1344
818.122,1382
818.241,1378
818.359,1358
818.478,1371
818.597,1347
818.715,1316
818.834,1385
818.953,1336
819.071,1328
819.19,1352
819.308,1345
819.427,1309
819.546,1342
819.664,1324
819.783,1350
819.901,1296
820.02,1330
820.138,1337
820.257,1330
820.376,1349
820.494,1307
820.613,1293
820.731,1287
820.85,1361
820.969,1341
821.087,1324
821.206,1312
821.324,1337
821.443,1293
821.561,1329
821.68,1308
821.798,1309
821.917,1341
822.035,1329
822.154,1336
822.273,1268
822.391,1324
822.51,1340
822.628,1324
822.747,1279
822.865,1292
822.984,1332
823.102,1292
823.221,1298
823.339,1329
823.458,1317
823.576,1291
823.695,1269
823.813,1310
823.932,1291
824.05,1270
824.169,1258
824.287,1305
824.406,1276
824.524,1272
824.643,1320
824.761,1308
824.88,1321
824.998,1290
825.117,1273
825.235,1292
825.354,1336
825.472,1264
825.591,1291
825.709,1250
825.828,1255
825.946,1308
826.064,1307
826.183,1279
826.301,1302
826.42,1258
826.538,1287
826.657,1252
826.775,1275
826.894,1321
827.012,1259
827.13,1298
827.249,1285
827.367,1268
827.486,1307
827.604,1250
827.723,1261
827.841,1298
827.959,1301
828.078,1285
828.196,1258
828.315,1292
828.433,1276
828.552,1314
828.67,1309
828.788,1291
828.907,1284
829.025,1257
829.143,1294
829.262,1266
829.38,1290
829.499,1265
829.617,1306
829.735,1259
829.854,1252
829.972,1269
830.091,1255
830.209,1241
830.327,1276
830.446,1240
830.564,1238
830.682,1230
830.801,1242
830.919,1287
831.037,1250
831.156,1254
831.274,1280
831.392,1267
831.511,1273
831.629,1260
831.747,1258
831.866,1276
831.984,1278
832.102,1275
832.221,1236
832.339,1265
832.457,1227
832.576,1286
832.694,1255
832.812,1284
832.93,1242
833.049,1275
833.167,1286
833.285,1264
833.404,1279
833.522,1228
833.64,1301
833.759,1213
833.877,1254
833.995,1244
834.113,1292
834.232,1287
834.35,1258
834.468,1248
834.586,1296
834.705,1260
834.823,1229
834.941,1267
835.059,1277
835.178,1237
835.296,1314
835.414,1243
835.532,1223
835.651,1270
835.769,1285
835.887,1264
836.005,1247
836.124,1231
836.242,1252
836.36,1247
836.478,1264
836.596,1240
836.715,1287
836.833,1290
836.951,1272
837.069,1294
837.188,1248
837.306,1298
837.424,1216
837.542,1239
837.66,1241
837.779,1242
837.897,1235
838.015,1224
838.133,1236
838.251,1260
838.369,1265
838.487,1229
838.606,1265
838.724,1267
838.842,1266
838.96,1275
839.078,1250
839.196,1231
839.315,1281
839.433,1262
839.551,1260
839.669,1226
839.787,1248
839.905,1279
840.023,1257
840.142,1243
840.26,1245
840.378,1266
840.496,1233
840.614,1267
840.732,1272
840.85,1229
840.968,1220
841.087,1251
841.205,1265
841.323,1238
841.441,1251
841.559,1227
841.677,1274
841.795,1287
841.913,1219
842.031,1227
842.149,1267
842.267,1221
842.385,1238
842.504,1293
842.622,1228
842.74,1255
842.858,1251
842.976,1231
843.094,1240
843.212,1256
843.33,1259
843.448,1242
843.566,1225
843.684,1238
843.802,1207
843.92,1255
844.038,1246
844.156,1227
844.274,1216
844.392,1177
844.51,1253
844.628,1216
844.746,1198
844.864,1240
844.982,1198
845.1,1208
845.218,1184
845.336,1216
845.454,1242
845.572,1231
845.69,1226
845.808,1241
845.926,1239
846.044,1248
846.162,1236
846.28,1229
846.398,1231
846.516,1239
846.634,1228
846.752,1255
846.87,1249
846.988,1227
847.106,1244
847.224,1234
847.342,1240
847.46,1248
847.578,1233
847.696,1230
847.814,1230
847.932,1250
848.05,1226
848.168,1236
848.285,1215
848.403,1218
848.521,1264
848.639,1207
848.757,1248
848.875,1226
848.993,1282
849.111,1244
849.229,1202
849.347,1237
849.465,1239
849.582,1229
849.7,1249
849.818,1248
849.936,1213
850.054,1276
850.172,1244
850.29,1194
850.408,1182
850.525,1246
850.643,1217
850.761,1264
850.879,1222
850.997,1221
851.115,1235
851.233,1212
851.35,1223
851.468,1245
851.586,1226
851.704,1240
851.822,1241
851.94,1229
852.057,1266
852.175,1209
852.293,1252
852.411,1259
852.529,1225
852.647,1256
852.764,1252
852.882,1255
853.0,1215
853.118,1214
853.236,1230
853.353,1244
853.471,1211
853.589,1219
853.707,1257
853.824,1203
853.942,1240
854.06,1270
854.178,1253
854.296,1268
854.413,1258
854.531,1227
854.649,1246
854.767,1270
854.884,1232
855.002,1243
855.12,1252
855.238,1223
855.355,1223
855.473,1241
855.591,1274
855.708,1248
855.826,1201
855.944,1268
856.062,1243
856.179,1251
856.297,1264
856.415,1220
856.532,1243
856.65,1198
856.768,1275
856.886,1238
857.003,1238
857.121,1265
857.239,1260
857.356,1235
857.474,1261
857.592,1257
857.709,1267
857.827,1273
857.945,1239
858.062,1227
858.18,1245
858.298,1272
858.415,1210
858.533,1257
858.651,1270
858.768,1247
858.886,1266
859.003,1235
859.121,1275
859.239,1256
859.356,1240
859.474,1267
859.592,1252
859.709,1253
859.827,1253
859.944,1203
860.062,1262
860.18,1201
860.297,1264
860.415,1233
860.532,1218
860.65,1260
860.768,1204
860.885,1260
861.003,1224
861.12,1228
861.238,1261
861.356,1234
861.473,1222
861.591,1260
861.708,1207
861.826,1263
861.943,1238
862.061,1265
862.178,1226
862.296,1217
862.414,1239
862.531,1267
862.649,1254
862.766,1235
862.884,1243
863.001,1238
863.119,1249
863.236,1263
863.354,1239
863.471,1223
863.589,1250
863.706,1226
863.824,1255
863.941,1269
864.059,1238
864.176,1228
864.294,1221
864.411,1216
864.529,1230
864.646,1252
864.764,1237
864.881,1241
864.999,1252
865.116,1256
865.233,1227
865.351,1287
865.468,1277
865.586,1290
865.703,1227
865.821,1235
865.938,1248
866.056,1261
866.173,1257
866.29,1290
866.408,1259
866.525,1266
866.643,1233
866.76,1225
866.878,1252
866.995,1240
867.112,1219
867.23,1250
867.347,1244
867.465,1252
867.582,1258
867.699,1269
867.817,1241
867.934,1263
868.051,1239
868.169,1266
868.286,1227
868.404,1279
868.521,1263
868.638,1253
868.756,1224
868.873,1250
868.99,1268
869.108,1245
869.225,1243
869.342,1248
869.46,1264
869.577,1225
869.694,1236
869.812,1262
869.929,1216
870.046,1226
870.164,1300
870.281,1276
870.398,1270
870.516,1213
870.633,1257
870.75,1292
870.867,1234
870.985,1257
871.102,1241
871.219,1283
871.337,1242
871.454,1264
871.571,1267
871.688,1247
871.806,1225
871.923,1251
872.04,1248
872.157,1243
872.275,1229
872.392,1261
872.509,1237
872.626,1241
872.744,1288
872.861,1212
872.978,1299
873.095,1281
873.213,1269
873.33,1216
873.447,1278
873.564,1287
873.681,1274
873.799,1262
873.916,1241
874.033,1282
874.15,1261
874.267,1282
874.385,1257
874.502,1258
874.619,1224
874.736,1238
874.853,1264
874.97,1275
875.088,1238
875.205,1261
875.322,1268
875.439,1272
875.556,1267
875.673,1277
875.791,1245
875.908,1258
876.025,1246
876.142,1226
876.259,1276
876.376,1284
876.493,1260
876.61,1246
876.728,1248
876.845,1271
876.962,1250
877.079,1270
877.196,1234
877.313,1282
877.43,1261
877.547,1293
877.664,1291
877.781,1252
877.898,1249
878.016,1300
878.133,1281
878.25,1315
878.367,1285
878.484,1251
878.601,1270
878.718,1273
878.835,1310
878.952,1281
879.069,1274
879.186,1290
879.303,1309
879.42,1250
879.537,1231
879.654,1259
879.771,1278
879.888,1259
880.005,1201
880.122,1270
880.239,1313
880.356,1278
880.473,1274
880.59,1254
880.707,1292
880.824,1272
880.941,1236
881.058,1258
881.175,1257
881.292,1216
881.409,1258
881.526,1313
881.643,1244
881.76,1241
881.877,1270
881.994,1290
882.111,1289
882.228,1265
882.345,1245
882.462,1284
882.579,1266
882.696,1277
882.812,1274
882.929,1249
883.046,1261
883.163,1264
883.28,1264
883.397,1280
883.514,1323
883.631,1312
883.748,1315
883.865,1286
883.982,1262
884.098,1289
884.215,1252
884.332,1296
884.449,1269
884.566,1280
884.683,1274
884.8,1285
884.916,1250
885.033,1283
885.15,1278
885.267,1280
885.384,1300
885.501,1329
885.617,1320
885.734,1301
885.851,1286
885.968,1268
886.085,1304
886.202,1285
886.318,1335
886.435,1324
886.552,1311
886.669,1300
886.786,1288
886.902,1289
887.019,1276
887.136,1313
887.253,1291
887.369,1316
887.486,1295
887.603,1287
887.72,1346
887.837,1317
887.953,1288
888.07,1322
888.187,1307
888.304,1290
888.42,1313
888.537,1291
888.654,1285
888.77,1300
888.887,1331
889.004,1297
889.121,1305
889.237,1279
889.354,1289
889.471,1311
889.587,1289
889.704,1302
889.821,1265
889.938,1326
890.054,1328
890.171,1317
890.288,1294
890.404,1356
890.521,1303
890.638,1320
890.754,1306
890.871,1333
890.988,1323
891.104,1303
891.221,1311
891.337,1337
891.454,1320
891.571,1344
891.687,1315
891.804,1330
891.921,1345
892.037,1316
892.154,1329
892.27,1350
892.387,1336
892.504,1322
892.62,1312
892.737,1314
892.854,1380
892.97,1301
893.087,1353
893.203,1309
893.32,1307
893.436,1293
893.553,1345
893.67,1334
893.786,1308
893.903,1322
894.019,1314
894.136,1351
894.252,1336
894.369,1362
894.485,1294
894.602,1314
894.718,1318
894.835,1350
894.951,1325
895.068,1340
895.184,1300
895.301,1331
895.417,1349
895.534,1354
895.65,1301
895.767,1336
895.883,1376
896.0,1321
896.116,1347
896.233,1318
896.349,1340
896.466,1357
896.582,1370
896.699,1323
896.815,1346
896.932,1336
897.048,1338
897.165,1350
897.281,1343
897.397,1342
897.514,1311
897.63,1310
897.747,1299
897.863,1331
897.979,1321
898.096,1326
898.212,1312
898.329,1371
898.445,1397
898.561,1341
898.678,1355
898.794,1336
898.911,1304
899.027,1371
899.143,1356
899.26,1339
899.376,1364
899.492,1344
899.609,1337
899.725,1355
899.842,1329
899.958,1395
900.074,1327
900.191,1346
900.307,1341
900.423,1344
900.539,1359
900.656,1368
900.772,1337
900.888,1342
901.005,1312
901.121,1374
901.237,1331
901.354,1337
901.47,1388
901.586,1375
901.703,1362
901.819,1348
901.935,1342
902.051,1332
902.168,1389
902.284,1366
902.4,1348
902.516,1338
902.633,1379
902.749,1362
902.865,1389
902.981,1366
903.098,1401
903.214,1374
903.33,1369
903.446,1363
903.562,1356
903.679,1359
903.795,1398
903.911,1389
904.027,1393
904.143,1350
904.26,1386
904.376,1348
904.492,1394
904.608,1372
904.724,1360
904.841,1389
904.957,1366
905.073,1405
905.189,1409
905.305,1368
905.421,1402
905.538,1337
905.654,1373
905.77,1389
905.886,1407
906.002,1368
906.118,1327
906.234,1381
906.35,1360
906.466,1393
906.583,1392
906.699,1321
906.815,1362
906.931,1394
907.047,1383
907.163,1376
907.279,1374
907.395,1377
907.511,1360
907.627,1405
907.743,1369
907.859,1404
907.976,1388
908.092,1386
908.208,1364
908.324,1413
908.44,1386
908.556,1368
908.672,1389
908.788,1343
908.904,1381
909.02,1357
909.136,1379
909.252,1343
909.368,1389
909.484,1368
909.6,1383
909.716,1391
909.832,1401
909.948,1366
910.064,1416
910.18,1373
910.296,1390
910.412,1363
910.528,1383
910.644,1351
910.76,1369
910.875,1363
910.991,1370
911.107,1361
911.223,1364
911.339,1387
911.455,1375
911.571,1380
911.687,1425
911.803,1348
911.919,1400
912.035,1394
912.151,1355
912.267,1367
912.382,1395
912.498,1410
912.614,1352
912.73,1383
912.846,1400
792.446,1610
792.565,1588
792.684,1644
792.803,1571
792.922,1551
793.041,1549
793.16,1520
793.279,1538
793.398,1519
793.518,1546
793.637,1494
793.756,1467
793.875,1549
793.994,1557
794.113,1565
794.232,1490
794.351,1567
794.47,1507
794.589,1511
794.708,1546
794.827,1508
794.946,1494
795.066,1492
795.185,1507
795.304,1495
795.423,1492
795.542,1471
795.661,1530
795.78,1479
795.899,1504
796.018,1538
796.137,1512
796.256,1520
796.375,1500
796.494,1480
796.613,1498
796.732,1452
796.851,1494
796.97,1472
797.089,1501
797.208,1512
797.327,1489
797.446,1480
797.565,1495
797.684,1477
797.803,1495
797.922,1482
798.041,1489
798.16,1450
798.279,1460
798.398,1416
798.517,1518
798.636,1459
798.755,1502
798.874,1472
798.993,1450
799.112,1452
799.231,1463
799.35,1457
799.469,1485
799.588,1487
799.707,1449
799.826,1436
799.945,1470
800.064,1435
800.183,1463
800.302,1457
800.421,1513
800.54,1501
800.659,1470
800.778,1436
800.897,1445
801.016,1468
801.135,1477
801.254,1474
801.373,1476
801.492,1512
801.611,1454
801.729,1438
801.848,1488
801.967,1464
802.086,1491
802.205,1471
802.324,1485
802.443,1484
802.562,1410
802.681,1420
802.8,1438
802.919,1497
803.038,1469
803.157,1447
803.276,1477
803.394,1438
803.513,1498
803.632,1467
803.751,1464
803.87,1436
803.989,1447
804.108,1459
804.227,1477
804.346,1442
804.465,1414
804.583,1475
804.702,1456
804.821,1442
804.94,1495
805.059,1489
805.178,1456
805.297,1500
805.416,1448
805.535,1446
805.653,1431
805.772,1462
805.891,1452
806.01,1469
806.129,1463
806.248,1481
806.367,1456
806.485,1505
806.604,1429
806.723,1484
806.842,1481
806.961,1476
807.08,1438
807.198,1442
807.317,1444
807.436,1489
807.555,1473
807.674,1442
807.793,1476
807.912,1463
808.03,1471
808.149,1459
808.268,1460
808.387,1485
808.506,1438
808.624,1491
808.743,1388
808.862,1458
808.981,1439
809.1,1421
809.219,1474
809.337,1445
809.456,1429
809.575,1455
809.694,1420
809.812,1445
809.931,1470
810.05,1451
810.169,1406
810.288,1423
810.406,1470
810.525,1425
810.644,1491
810.763,1471
810.882,1408
811.0,1452
811.119,1442
811.238,1438
811.357,1445
811.475,1506
811.594,1450
811.713,1441
811.832,1444
811.95,1452
812.069,1450
812.188,1428
812.307,1469
812.425,1396
812.544,1463
812.663,1461
812.782,1440
812.9,1438
813.019,1416
813.138,1469
813.257,1408
813.375,1448
813.494,1445
813.613,1428
813.731,1388
813.85,1470
813.969,1440
814.088,1426
814.206,1417
814.325,1481
814.444,1418
814.562,1456
814.681,1419
814.8,1407
814.918,1433
815.037,1418
815.156,1382
815.274,1411
815.393,1417
815.512,1412
815.631,1407
815.749,1418
815.868,1401
815.987,1455
816.105,1430
816.224,1406
816.343,1418
816.461,1401
816.58,1426
816.698,1420
816.817,1399
816.936,1420
817.055,1410
817.173,1442
817.292,1390
817.41,1418
817.529,1412
817.648,1381
817.766,1392
817.885,1429
818.004,1362
818.122,1405
818.241,1377
818.359,1359
818.478,1417
818.597,1374
818.715,1370
818.834,1334
818.953,1394
819.071,1358
819.19,1320
819.308,1355
819.427,1380
819.546,1382
819.664,1374
819.783,1351
819.901,1372
820.02,1364
820.138,1331
820.257,1375
820.376,1358
820.494,1351
820.613,1354
820.731,1338
820.85,1381
820.969,1337
821.087,1384
821.206,1368
821.324,1352
821.443,1350
821.561,1371
821.68,1355
821.798,1356
821.917,1360
822.035,1352
822.154,1390
822.273,1340
822.391,1372
822.51,1327
822.628,1346
822.747,1328
822.865,1344
822.984,1348
823.102,1387
823.221,1319
823.339,1369
823.458,1349
823.576,1369
823.695,1291
823.813,1343
823.932,1323
824.05,1329
824.169,1357
824.287,1362
824.406,1341
824.524,1352
824.643,1350
824.761,1347
824.88,1305
824.998,1392
825.117,1291
825.235,1341
825.354,1347
825.472,1339
825.591,1329
825.709,1319
825.828,1338
825.946,1317
826.064,1337
826.183,1304
826.301,1266
826.42,1329
826.538,1330
826.657,1330
826.775,1325
826.894,1292
827.012,1304
827.13,1335
827.249,1293
827.367,1305
827.486,1317
827.604,1325
827.723,1326
827.841,1295
827.959,1291
828.078,1292
828.196,1298
828.315,1310
828.433,1304
828.552,1294
828.67,1336
828.788,1337
828.907,1270
829.025,1310
829.143,1334
829.262,1298
829.38,1334
829.499,1274
829.617,1282
829.735,1321
829.854,1283
829.972,1284
830.091,1318
830.209,1302
830.327,1291
830.446,1288
830.564,1308
830.682,1305
830.801,1277
830.919,1265
831.037,1316
831.156,1295
831.274,1277
831.392,1315
831.511,1321
831.629,1276
831.747,1285
831.866,1312
831.984,1289
832.102,1313
832.221,1271
832.339,1292
832.457,1290
832.576,1299
832.694,1305
832.812,1271
832.93,1259
833.049,1292
833.167,1284
833.285,1259
833.404,1274
833.522,1305
833.64,1288
833.759,1331
833.877,1311
833.995,1269
834.113,1290
834.232,1297
834.35,1273
834.468,1314
834.586,1277
834.705,1272
834.823,1288
834.941,1308
835.059,1298
835.178,1295
835.296,1275
835.414,1260
835.532,1274
835.651,1315
835.769,1295
835.887,1290
836.005,1289
836.124,1309
836.242,1285
836.36,1306
836.478,1299
836.596,1278
836.715,1270
836.833,1243
836.951,1280
837.069,1295
837.188,1297
837.306,1306
837.424,1256
837.542,1286
837.66,1274
837.779,1292
837.897,1298
838.015,1267
838.133,1331
838.251,1281
838.369,1271
838.487,1304
838.606,1300
838.724,1244
838.842,1303
838.96,1295
839.078,1285
839.196,1294
839.315,1302
839.433,1268
839.551,1305
839.669,1258
839.787,1276
839.905,1253
840.023,1325
840.142,1269
840.26,1313
840.378,1218
840.496,1288
840.614,1252
840.732,1292
840.85,1280
840.968,1310
841.087,1288
841.205,1308
841.323,1276
841.441,1274
841.559,1289
841.677,1257
841.795,1270
841.913,1226
842.031,1310
842.149,1257
842.267,1277
842.385,1287
842.504,1242
842.622,1262
842.74,1226
842.858,1277
842.976,1255
843.094,1242
843.212,1256
843.33,1307
843.448,1265
843.566,1284
843.684,1282
843.802,1258
843.92,1253
844.038,1244
844.156,1262
844.274,1301
844.392,1239
844.51,1305
844.628,1272
844.746,1243
844.864,1261
844.982,1294
845.1,1296
845.218,1254
845.336,1240
845.454,1258
845.572,1299
845.69,1271
845.808,1249
845.926,1263
846.044,1260
846.162,1262
846.28,1281
846.398,1232
846.516,1275
846.634,1287
846.752,1269
846.87,1280
846.988,1210
847.106,1243
847.224,1249
847.342,1274
847.46,1281
847.578,1267
847.696,1279
847.814,1219
847.932,1289
848.05,1271
848.168,1263
848.285,1258
848.403,1244
848.521,1260
848.639,1256
848.757,1262
848.875,1265
848.993,1273
849.111,1245
849.229,1252
849.347,1250
849.465,1265
849.582,1283
849.7,1247
849.818,1252
849.936,1248
850.054,1262
850.172,1290
850.29,1254
850.408,1250
850.525,1226
850.643,1268
850.761,1235
850.879,1265
850.997,1276
851.115,1266
851.233,1260
851.35,1272
851.468,1272
851.586,1273
851.704,1278
851.822,1306
851.94,1264
852.057,1274
852.175,1273
852.293,1239
852.411,1268
852.529,1278
852.647,1278
852.764,1289
852.882,1304
853.0,1259
853.118,1227
853.236,1271
853.353,1273
853.471,1280
853.589,1283
853.707,1269
853.824,1270
853.942,1263
854.06,1256
854.178,1280
854.296,1246
854.413,1266
854.531,1258
854.649,1277
854.767,1286
854.884,1278
855.002,1292
855.12,1275
855.238,1248
855.355,1294
855.473,1286
855.591,1271
855.708,1233
855.826,1303
855.944,1260
856.062,1282
856.179,1263
856.297,1253
856.415,1297
856.532,1271
856.65,1279
856.768,1263
856.886,1297
857.003,1270
857.121,1256
857.239,1228
857.356,1295
857.474,1287
857.592,1300
857.709,1251
857.827,1268
857.945,1221
858.062,1221
858.18,1250
858.298,1267
858.415,1272
858.533,1264
858.651,1283
858.768,1303
858.886,1251
859.003,1265
859.121,1239
859.239,1248
859.356,1275
859.474,1260
859.592,1294
859.709,1284
859.827,1298
859.944,1251
860.062,1285
860.18,1278
860.297,1294
860.415,1219
860.532,1240
860.65,1288
860.768,1279
860.885,1276
861.003,1276
861.12,1252
861.238,1262
861.356,1282
861.473,1284
861.591,1266
861.708,1286
861.826,1204
861.943,1304
862.061,1294
862.178,1242
862.296,1248
862.414,1298
862.531,1267
862.649,1304
862.766,1269
862.884,1266
863.001,1260
863.119,1257
863.236,1272
863.354,1291
863.471,1263
863.589,1290
863.706,1270
863.824,1279
863.941,1290
864.059,1268
864.176,1311
864.294,1263
864.411,1284
864.529,1267
864.646,1293
864.764,1260
864.881,1269
864.999,1293
865.116,1293
865.233,1290
865.351,1262
865.468,1272
865.586,1304
865.703,1247
865.821,1275
865.938,1292
866.056,1316
866.173,1278
866.29,1260
866.408,1270
866.525,1255
866.643,1259
866.76,1270
866.878,1263
866.995,1269
867.112,1257
867.23,1272
867.347,1274
867.465,1297
867.582,1278
867.699,1251
867.817,1274
867.934,1256
868.051,1269
868.169,1286
868.286,1323
868.404,1261
868.521,1305
868.638,1291
868.756,1280
868.873,1303
868.99,1286
869.108,1275
869.225,1294
869.342,1268
869.46,1315
869.577,1262
869.694,1283
869.812,1273
869.929,1305
870.046,1276
870.164,1263
870.281,1292
870.398,1285
870.516,1274
870.633,1219
870.75,1316
870.867,1302
870.985,1263
871.102,1310
871.219,1312
871.337,1317
871.454,1261
871.571,1263
871.688,1285
871.806,1290
871.923,1259
872.04,1284
872.157,1324
872.275,1260
872.392,1298
872.509,1314
872.626,1242
872.744,1286
872.861,1311
872.978,1315
873.095,1273
873.213,1305
873.33,1282
873.447,1283
873.564,1287
873.681,1289
873.799,1296
873.916,1248
874.033,1284
874.15,1297
874.267,1264
874.385,1319
874.502,1265
874.619,1278
874.736,1304
874.853,1314
874.97,1292
875.088,1272
875.205,1301
875.322,1294
875.439,1269
875.556,1308
875.673,1309
875.791,1284
875.908,1286
876.025,1268
876.142,1306
876.259,1256
876.376,1285
876.493,1310
876.61,1306
876.728,1318
876.845,1324
876.962,1299
877.079,1280
877.196,1306
877.313,1327
877.43,1313
877.547,1270
877.664,1291
877.781,1290
877.898,1297
878.016,1295
878.133,1301
878.25,1323
878.367,1321
878.484,1275
878.601,1300
878.718,1302
878.835,1297
878.952,1275
879.069,1325
879.186,1282
879.303,1287
879.42,1312
879.537,1302
879.654,1284
879.771,1267
879.888,1307
880.005,1311
880.122,1281
880.239,1267
880.356,1295
880.473,1304
880.59,1328
880.707,1259
880.824,1281
880.941,1272
881.058,1289
881.175,1315
881.292,1297
881.409,1312
881.526,1310
881.643,1310
881.76,1289
881.877,1286
881.994,1328
882.111,1281
882.228,1301
882.345,1299
882.462,1299
882.579,1276
882.696,1274
882.812,1310
882.929,1299
883.046,1306
883.163,1296
883.28,1305
883.397,1295
883.514,1344
883.631,1329
883.748,1315
883.865,1302
883.982,1294
884.098,1292
884.215,1314
884.332,1274
884.449,1316
884.566,1347
884.683,1330
884.8,1314
884.916,1318
885.033,1328
885.15,1289
885.267,1322
885.384,1354
885.501,1306
885.617,1300
885.734,1315
885.851,1299
885.968,1301
886.085,1283
886.202,1316
886.318,1330
886.435,1348
886.552,1340
886.669,1360
886.786,1307
886.902,1365
887.019,1314
887.136,1322
887.253,1342
887.369,1379
887.486,1337
887.603,1330
887.72,1344
887.837,1332
887.953,1314
888.07,1343
888.187,1351
888.304,1350
888.42,1293
888.537,1331
888.654,1341
888.77,1330
888.887,1340
889.004,1349
889.121,1354
889.237,1331
889.354,1363
889.471,1325
889.587,1336
889.704,1380
889.821,1304
889.938,1359
890.054,1319
890.171,1324
890.288,1394
890.404,1312
890.521,1329
890.638,1336
890.754,1384
890.871,1314
890.988,1390
891.104,1351
891.221,1360
891.337,1354
891.454,1337
891.571,1364
891.687,1393
891.804,1324
891.921,1335
892.037,1287
892.154,1333
892.27,1328
892.387,1363
892.504,1367
892.62,1353
892.737,1335
892.854,1345
892.97,1316
893.087,1389
893.203,1331
893.32,1373
893.436,1319
893.553,1369
893.67,1401
893.786,1364
893.903,1359
894.019,1352
894.136,1368
894.252,1373
894.369,1354
894.485,1371
894.602,1357
894.718,1388
894.835,1398
894.951,1332
895.068,1387
895.184,1370
895.301,1395
895.417,1382
895.534,1354
895.65,1341
895.767,1371
895.883,1383
896.0,1406
896.116,1331
896.233,1349
896.349,1363
896.466,1337
896.582,1376
896.699,1396
896.815,1401
896.932,1354
897.048,1365
897.165,1374
897.281,1364
897.397,1364
897.514,1383
897.63,1388
897.747,1361
897.863,1371
897.979,1363
898.096,1403
898.212,1368
898.329,1349
898.445,1380
898.561,1364
898.678,1410
898.794,1353
898.911,1366
899.027,1361
899.143,1387
899.26,1398
899.376,1360
899.492,1359
899.609,1358
899.725,1354
899.842,1395
899.958,1376
900.074,1369
900.191,1389
900.307,1375
900.423,1394
900.539,1397
900.656,1392
900.772,1373
900.888,1362
901.005,1386
901.121,1395
901.237,1402
901.354,1402
901.47,1427
901.586,1365
901.703,1355
901.819,1390
901.935,1351
902.051,1411
902.168,1391
902.284,1379
902.4,1364
902.516,1395
902.633,1367
902.749,1440
902.865,1395
902.981,1395
903.098,1437
903.214,1404
903.33,1376
903.446,1407
903.562,1376
903.679,1401
903.795,1411
903.911,1404
904.027,1402
904.143,1398
904.26,1444
904.376,1419
904.492,1399
904.608,1401
904.724,1395
904.841,1414
904.957,1404
905.073,1431
905.189,1401
905.305,1424
905.421,1394
905.538,1396
905.654,1393
905.77,1410
905.886,1408
906.002,1427
906.118,1439
906.234,1423
906.35,1430
906.466,1430
906.583,1408
906.699,1419
906.815,1428
906.931,1426
907.047,1450
907.163,1390
907.279,1409
907.395,1389
907.511,1420
907.627,1445
907.743,1426
907.859,1404
907.976,1458
908.092,1398
908.208,1440
908.324,1430
908.44,1416
908.556,1409
908.672,1435
908.788,1384
908.904,1442
909.02,1425
909.136,1386
909.252,1423
909.368,1396
909.484,1428
909.6,1431
909.716,1430
909.832,1400
909.948,1412
910.064,1473
910.18,1436
910.296,1391
910.412,1405
910.528,1434
910.644,1441
910.76,1459
910.875,1404
910.991,1421
911.107,1416
911.223,1422
911.339,1468
911.455,1428
911.571,1401
911.687,1420
911.803,1400
911.919,1405
912.035,1459
912.151,1395
912.267,1442
912.382,1404
912.498,1407
912.614,1374
912.73,1406
912.846,1441
792.446,1599
792.565,1571
792.684,1659
792.803,1606
792.922,1537
793.041,1549
793.16,1572
793.279,1566
793.398,1581
793.518,1547
793.637,1535
793.756,1562
793.875,1558
793.994,1563
794.113,1543
794.232,1570
794.351,1524
794.47,1543
794.589,1504
794.708,1535
794.827,1543
794.946,1547
795.066,1506
795.185,1498
795.304,1514
795.423,1507
795.542,1515
795.661,1492
795.78,1511
795.899,1531
796.018,1476
796.137,1477
796.256,1524
796.375,1533
796.494,1516
796.613,1446
796.732,1475
796.851,1513
796.97,1475
797.089,1502
797.208,1479
797.327,1474
797.446,1496
797.565,1530
797.684,1512
797.803,1470
797.922,1478
798.041,1517
798.16,1485
798.279,1535
798.398,1496
798.517,1473
798.636,1531
798.755,1492
798.874,1429
798.993,1486
799.112,1474
799.231,1497
799.35,1500
799.469,1506
799.588,1427
799.707,1499
799.826,1484
799.945,1478
800.064,1514
800.183,1478
800.302,1508
800.421,1473
800.54,1493
800.659,1457
800.778,1505
800.897,1502
801.016,1516
801.135,1437
801.254,1503
801.373,1471
801.492,1483
801.611,1466
801.729,1479
801.848,1493
801.967,1487
802.086,1479
802.205,1478
802.324,1463
802.443,1443
802.562,1504
802.681,1465
802.8,1490
802.919,1468
803.038,1480
803.157,1489
803.276,1496
803.394,1457
803.513,1465
803.632,1442
803.751,1434
803.87,1461
803.989,1523
804.108,1452
804.227,1473
804.346,1461
804.465,1472
804.583,1469
804.702,1456
804.821,1449
804.94,1457
805.059,1443
805.178,1491
805.297,1506
805.416,1468
805.535,1448
805.653,1473
805.772,1513
805.891,1507
806.01,1449
806.129,1450
806.248,1445
806.367,1463
806.485,1522
806.604,1480
806.723,1436
806.842,1436
806.961,1478
807.08,1430
807.198,1489
807.317,1479
807.436,1514
807.555,1412
807.674,1467
807.793,1492
807.912,1471
808.03,1496
808.149,1452
808.268,1422
808.387,1497
808.506,1456
808.624,1464
808.743,1465
808.862,1439
808.981,1435
809.1,1477
809.219,1460
809.337,1484
809.456,1455
809.575,1418
809.694,1425
809.812,1468
809.931,1446
810.05,1466
810.169,1422
810.288,1495
810.406,1446
810.525,1455
810.644,1422
810.763,1481
810.882,1450
811.0,1454
811.119,1421
811.238,1459
811.357,1441
811.475,1472
811.594,1433
811.713,1445
811.832,1450
811.95,1450
812.069,1471
812.188,1474
812.307,1455
812.425,1444
812.544,1454
812.663,1442
812.782,1397
812.9,1462
813.019,1451
813.138,1442
813.257,1453
813.375,1452
813.494,1446
813.613,1448
813.731,1409
813.85,1435
813.969,1452
814.088,1439
814.206,1399
814.325,1424
814.444,1420
814.562,1419
814.681,1462
814.8,1461
814.918,1413
815.037,1452
815.156,1465
815.274,1419
815.393,1421
815.512,1419
815.631,1411
815.749,1451
815.868,1403
815.987,1439
816.105,1444
816.224,1440
816.343,1416
816.461,1433
816.58,1394
816.698,1438
816.817,1406
816.936,1457
817.055,1449
817.173,1408
817.292,1410
817.41,1412
817.529,1414
817.648,1416
817.766,1423
817.885,1395
818.004,1371
818.122,1375
818.241,1434
818.359,1362
818.478,1393
818.597,1353
818.715,1370
818.834,1427
818.953,1348
819.071,1370
819.19,1395
819.308,1376
819.427,1324
819.546,1365
819.664,1354
819.783,1401
819.901,1385
820.02,1389
820.138,1283
820.257,1373
820.376,1391
820.494,1378
820.613,1319
820.731,1396
820.85,1347
820.969,1334
821.087,1351
821.206,1323
821.324,1334
821.443,1388
821.561,1371
821.68,1367
821.798,1345
821.917,1353
822.035,1331
822.154,1367
822.273,1348
822.391,1361
822.51,1332
822.628,1319
822.747,1339
822.865,1346
822.984,1335
823.102,1338
823.221,1300
823.339,1347
823.458,1336
823.576,1380
823.695,1323
823.813,1333
823.932,1332
824.05,1354
824.169,1328
824.287,1367
824.406,1343
824.524,1321
824.643,1359
824.761,1360
824.88,1334
824.998,1339
825.117,1319
825.235,1330
825.354,1360
825.472,1315
825.591,1318
825.709,1344
825.828,1338
825.946,1309
826.064,1339
826.183,1340
826.301,1323
826.42,1357
826.538,1344
826.657,1314
826.775,1304
826.894,1374
827.012,1334
827.13,1310
827.249,1355
827.367,1329
827.486,1301
827.604,1342
827.723,1329
827.841,1283
827.959,1332
828.078,1342
828.196,1318
828.315,1281
828.433,1332
828.552,1312
828.67,1333
828.788,1323
828.907,1285
829.025,1309
829.143,1295
829.262,1317
829.38,1275
829.499,1321
829.617,1322
829.735,1279
829.854,1315
829.972,1284
830.091,1323
830.209,1323
830.327,1328
830.446,1296
830.564,1285
830.682,1281
830.801,1271
830.919,1318
831.037,1305
831.156,1313
831.274,1312
831.392,1302
831.511,1294
831.629,1333
831.747,1298
831.866,1317
831.984,1274
832.102,1265
832.221,1314
832.339,1268
832.457,1297
832.576,1356
832.694,1282
832.812,1310
832.93,1289
833.049,1309
833.167,1291
833.285,1321
833.404,1327
833.522,1322
833.64,1313
833.759,1302
833.877,1274
833.995,1285
834.113,1311
834.232,1328
834.35,1316
834.468,1280
834.586,1315
834.705,1283
834.823,1335
834.941,1301
835.059,1296
835.178,1276
835.296,1248
835.414,1323
835.532,1298
835.651,1309
835.769,1303
835.887,1284
836.005,1321
836.124,1306
836.242,1241
836.36,1289
836.478,1296
836.596,1312
836.715,1325
836.833,1293
836.951,1300
837.069,1299
837.188,1282
837.306,1310
837.424,1288
837.542,1288
837.66,1310
837.779,1319
837.897,1278
838.015,1308
838.133,1282
838.251,1312
838.369,1288
838.487,1295
838.606,1287
838.724,1269
838.842,1300
838.96,1272
839.078,1249
839.196,1291
839.315,1278
839.433,1274
839.551,1296
839.669,1233
839.787,1277
839.905,1265
840.023,1273
840.142,1309
840.26,1329
840.378,1325
840.496,1260
840.614,1267
840.732,1294
840.85,1310
840.968,1300
841.087,1311
841.205,1285
841.323,1303
841.441,1266
841.559,1306
841.677,1292
841.795,1271
841.913,1271
842.031,1276
842.149,1256
842.267,1261
842.385,1266
842.504,1283
842.622,1255
842.74,1294
842.858,1250
842.976,1291
843.094,1265
843.212,1256
843.33,1264
843.448,1242
843.566,1251
843.684,1279
843.802,1282
843.92,1279
844.038,1290
844.156,1259
844.274,1283
844.392,1269
844.51,1259
844.628,1264
844.746,1277
844.864,1258
844.982,1264
845.1,1280
845.218,1288
845.336,1258
845.454,1281
845.572,1264
845.69,1278
845.808,1254
845.926,1265
846.044,1293
846.162,1261
846.28,1215
846.398,1275
846.516,1259
846.634,1249
846.752,1277
846.87,1268
846.988,1253
847.106,1278
847.224,1245
847.342,1274
847.46,1301
847.578,1276
847.696,1272
847.814,1275
847.932,1271
848.05,1276
848.168,1284
848.285,1240
848.403,1286
848.521,1256
848.639,1270
848.757,1268
848.875,1209
848.993,1278
849.111,1280
849.229,1231
849.347,1247
849.465,1265
849.582,1240
849.7,1258
849.818,1262
849.936,1267
850.054,1297
850.172,1246
850.29,1318
850.408,1270
850.525,1288
850.643,1291
850.761,1253
850.879,1279
850.997,1285
851.115,1241
851.233,1243
851.35,1273
851.468,1274
851.586,1292
851.704,1265
851.822,1275
851.94,1261
852.057,1270
852.175,1249
852.293,1291
852.411,1272
852.529,1284
852.647,1295
852.764,1265
852.882,1310
853.0,1271
853.118,1296
853.236,1300
853.353,1284
853.471,1255
853.589,1298
853.707,1270
853.824,1316
853.942,1296
854.06,1259
854.178,1287
854.296,1278
854.413,1261
854.531,1254
854.649,1267
854.767,1278
854.884,1272
855.002,1319
855.12,1271
855.238,1293
855.355,1286
855.473,1305
855.591,1279
855.708,1280
855.826,1266
855.944,1255
856.062,1280
856.179,1251
856.297,1277
856.415,1307
856.532,1253
856.65,1297
856.768,1304
856.886,1288
857.003,1283
857.121,1300
857.239,1235
857.356,1317
857.474,1263
857.592,1272
857.709,1297
857.827,1313
857.945,1277
858.062,1287
858.18,1270
858.298,1249
858.415,1282
858.533,1269
858.651,1319
858.768,1305
858.886,1272
859.003,1252
859.121,1268
859.239,1267
859.356,1304
859.474,1267
859.592,1272
859.709,1261
859.827,1264
859.944,1315
860.062,1245
860.18,1239
860.297,1293
860.415,1269
860.532,1268
860.65,1294
860.768,1277
860.885,1285
861.003,1261
861.12,1307
861.238,1303
861.356,1298
861.473,1304
861.591,1294
861.708,1233
861.826,1308
861.943,1302
862.061,1279
862.178,1321
862.296,1266
862.414,1294
862.531,1290
862.649,1293
862.766,1243
862.884,1258
863.001,1298
863.119,1286
863.236,1293
863.354,1224
863.471,1206
863.589,1284
863.706,1273
863.824,1295
863.941,1263
864.059,1289
864.176,1283
864.294,1248
864.411,1309
864.529,1272
864.646,1285
864.764,1243
864.881,1318
864.999,1288
865.116,1283
865.233,1274
865.351,1281
865.468,1264
865.586,1283
865.703,1300
865.821,1273
865.938,1258
866.056,1275
866.173,1288
866.29,1251
866.408,1250
866.525,1280
866.643,1282
866.76,1311
866.878,1300
866.995,1249
867.112,1285
867.23,1277
867.347,1324
867.465,1279
867.582,1303
867.699,1282
867.817,1267
867.934,1256
868.051,1239
868.169,1310
868.286,1263
868.404,1290
868.521,1269
868.638,1311
868.756,1289
868.873,1281
868.99,1263
869.108,1278
869.225,1281
869.342,1304
869.46,1284
869.577,1306
869.694,1268
869.812,1298
869.929,1281
870.046,1314
870.164,1274
870.281,1305
870.398,1292
870.516,1301
870.633,1287
870.75,1319
870.867,1240
870.985,1274
871.102,1282
871.219,1280
871.337,1285
871.454,1301
871.571,1280
871.688,1325
871.806,1257
871.923,1268
872.04,1341
872.157,1325
872.275,1307
872.392,1272
872.509,1292
872.626,1276
872.744,1328
872.861,1311
872.978,1262
873.095,1311
873.213,1278
873.33,1255
873.447,1272
873.564,1264
873.681,1297
873.799,1310
873.916,1279
874.033,1311
874.15,1292
874.267,1284
874.385,1317
874.502,1288
874.619,1323
874.736,1270
874.853,1278
874.97,1300
875.088,1281
875.205,1305
875.322,1281
875.439,1304
875.556,1315
875.673,1305
875.791,1320
875.908,1286
876.025,1266
876.142,1356
876.259,1266
876.376,1327
876.493,1270
876.61,1331
876.728,1315
876.845,1345
876.962,1268
877.079,1327
877.196,1284
877.313,1328
877.43,1290
877.547,1320
877.664,1294
877.781,1294
877.898,1332
878.016,1282
878.133,1340
878.25,1294
878.367,1266
878.484,1337
878.601,1283
878.718,1311
878.835,1325
878.952,1315
879.069,1267
879.186,1336
879.303,1313
879.42,1298
879.537,1268
879.654,1259
879.771,1310
879.888,1349
880.005,1275
880.122,1293
880.239,1342
880.356,1295
880.473,1350
880.59,1300
880.707,1335
880.824,1280
880.941,1338
881.058,1305
881.175,1311
881.292,1309
881.409,1290
881.526,1265
881.643,1282
881.76,1347
881.877,1335
881.994,1269
882.111,1316
882.228,1312
882.345,1296
882.462,1355
882.579,1312
882.696,1328
882.812,1294
882.929,1299
883.046,1331
883.163,1335
883.28,1312
883.397,1323
883.514,1327
883.631,1317
883.748,1291
883.865,1334
883.982,1342
884.098,1319
884.215,1318
884.332,1310
884.449,1311
884.566,1335
884.683,1341
884.8,1317
884.916,1313
885.033,1339
885.15,1339
885.267,1339
885.384,1360
885.501,1333
885.617,1348
885.734,1336
885.851,1337
885.968,1303
886.085,1350
886.202,1298
886.318,1326
886.435,1317
886.552,1324
886.669,1346
886.786,1337
886.902,1329
887.019,1289
887.136,1327
887.253,1332
887.369,1358
887.486,1329
887.603,1345
887.72,1317
887.837,1371
887.953,1345
888.07,1378
888.187,1322
888.304,1338
888.42,1342
888.537,1336
888.654,1321
888.77,1357
888.887,1335
889.004,1318
889.121,1363
889.237,1326
889.354,1381
889.471,1356
889.587,1356
889.704,1365
889.821,1355
889.938,1350
890.054,1403
890.171,1321
890.288,1342
890.404,1345
890.521,1369
890.638,1381
890.754,1340
890.871,1381
890.988,1346
891.104,1363
891.221,1357
891.337,1370
891.454,1369
891.571,1328
891.687,1378
891.804,1334
891.921,1350
892.037,1339
892.154,1347
892.27,1343
892.387,1362
892.504,1388
892.62,1369
892.737,1326
892.854,1308
892.97,1365
893.087,1361
893.203,1364
893.32,1385
893.436,1354
893.553,1353
893.67,1354
893.786,1367
893.903,1357
894.019,1392
894.136,1315
894.252,1348
894.369,1385
894.485,1360
894.602,1383
894.718,1396
894.835,1432
894.951,1398
895.068,1345
895.184,1354
895.301,1398
895.417,1379
895.534,1359
895.65,1370
895.767,1364
895.883,1394
896.0,1349
896.116,1373
896.233,1402
896.349,1378
896.466,1344
896.582,1404
896.699,1359
896.815,1369
896.932,1375
897.048,1359
897.165,1382
897.281,1387
897.397,1377
897.514,1360
897.63,1380
897.747,1366
897.863,1372
897.979,1351
898.096,1350
898.212,1398
898.329,1381
898.445,1398
898.561,1406
898.678,1382
898.794,1383
898.911,1369
899.027,1411
899.143,1417
899.26,1380
899.376,1379
899.492,1400
899.609,1391
899.725,1392
899.842,1338
899.958,1391
900.074,1415
900.191,1363
900.307,1366
900.423,1369
900.539,1433
900.656,1389
900.772,1432
900.888,1400
901.005,1399
901.121,1422
901.237,1400
901.354,1373
901.47,1372
901.586,1393
901.703,1380
901.819,1426
901.935,1429
902.051,1423
902.168,1396
902.284,1423
902.4,1408
902.516,1426
902.633,1408
902.749,1419
902.865,1409
902.981,1381
903.098,1475
903.214,1392
903.33,1443
903.446,1392
903.562,1410
903.679,1428
903.795,1416
903.911,1406
904.027,1419
904.143,1414
904.26,1458
904.376,1429
904.492,1420
904.608,1400
904.724,1404
904.841,1390
904.957,1435
905.073,1406
905.189,1387
905.305,1446
905.421,1442
905.538,1422
905.654,1428
905.77,1413
905.886,1437
906.002,1400
906.118,1403
906.234,1426
906.35,1449
906.466,1429
906.583,1397
906.699,1440
906.815,1412
906.931,1467
907.047,1377
907.163,1450
907.279,1416
907.395,1389
907.511,1432
907.627,1419
907.743,1453
907.859,1418
907.976,1443
908.092,1407
908.208,1424
908.324,1409
908.44,1421
908.556,1431
908.672,1414
908.788,1438
908.904,1395
909.02,1406
909.136,1423
909.252,1418
909.368,1414
909.484,1425
909.6,1426
909.716,1408
909.832,1409
909.948,1426
910.064,1432
910.18,1427
910.296,1414
910.412,1452
910.528,1445
910.644,1465
910.76,1399
910.875,1441
910.991,1450
911.107,1495
911.223,1402
911.339,1442
911.455,1417
911.571,1425
911.687,1391
911.803,1474
911.919,1441
912.035,1447
912.151,1432
912.267,1407
912.382,1456
912.498,1454
912.614,1417
912.73,1452
912.846,1433
