792.446,2179
792.565,2180
792.684,2211
792.803,2218
792.922,2101
793.041,2071
793.16,2063
793.279,2133
793.398,2109
793.518,2051
793.637,2083
793.756,2066
793.875,2036
793.994,2030
794.113,1969
794.232,1993
794.351,1961
794.47,2031
794.589,2029
794.708,1901
794.827,1962
794.946,1952
795.066,2024
795.185,1935
795.304,1986
795.423,1937
795.542,1916
795.661,1913
795.78,1905
795.899,1894
796.018,1938
796.137,1903
796.256,1942
796.375,1945
796.494,1932
796.613,1905
796.732,1926
796.851,1933
796.97,1955
797.089,1905
797.208,1853
797.327,1905
797.446,1891
797.565,1892
797.684,1906
797.803,1895
797.922,1923
798.041,1923
798.16,1885
798.279,1845
798.398,1851
798.517,1908
798.636,1852
798.755,1862
798.874,1879
798.993,1924
799.112,1822
799.231,1848
799.35,1823
799.469,1858
799.588,1892
799.707,1863
799.826,1862
799.945,1885
800.064,1881
800.183,1873
800.302,1892
800.421,1889
800.54,1855
800.659,1903
800.778,1936
800.897,1928
801.016,1873
801.135,1919
801.254,1858
801.373,1831
801.492,1925
801.611,1861
801.729,1937
801.848,1892
801.967,1867
802.086,1919
802.205,1899
802.324,1907
802.443,1876
802.562,1905
802.681,1924
802.8,1942
802.919,1951
803.038,1921
803.157,1881
803.276,1949
803.394,1943
803.513,1923
803.632,1962
803.751,1949
803.87,2000
803.989,1977
804.108,1946
804.227,1966
804.346,1964
804.465,1980
804.583,2006
804.702,1939
804.821,1987
804.94,2025
805.059,1971
805.178,2021
805.297,1971
805.416,1965
805.535,1999
805.653,1975
805.772,1976
805.891,2018
806.01,2012
806.129,1998
806.248,2004
806.367,1976
806.485,2004
806.604,2018
806.723,2045
806.842,2029
806.961,2037
807.08,2009
807.198,2031
807.317,2039
807.436,2009
807.555,2020
807.674,2025
807.793,2062
807.912,2036
808.03,2068
808.149,2009
808.268,2061
808.387,2030
808.506,2039
808.624,2019
808.743,2058
808.862,2058
808.981,2050
809.1,2011
809.219,2062
809.337,2094
809.456,2084
809.575,2082
809.694,2089
809.812,2113
809.931,2085
810.05,2131
810.169,2078
810.288,2103
810.406,2100
810.525,2131
810.644,2155
810.763,2103
810.882,2076
811.0,2071
811.119,2123
811.238,2063
811.357,2100
811.475,2099
811.594,2023
811.713,2070
811.832,2132
811.95,2098
812.069,2114
812.188,2086
812.307,2080
812.425,2122
812.544,2084
812.663,2100
812.782,2161
812.9,2068
813.019,2091
813.138,2089
813.257,2108
813.375,2139
813.494,2136
813.613,2121
813.731,2081
813.85,2097
813.969,2120
814.088,2095
814.206,2065
814.325,2072
814.444,2067
814.562,2051
814.681,2071
814.8,2032
814.918,2074
815.037,2094
815.156,2022
815.274,1999
815.393,2027
815.512,2011
815.631,2014
815.749,1982
815.868,1969
815.987,1990
816.105,1984
816.224,2050
816.343,1993
816.461,2002
816.58,2022
816.698,2005
816.817,2078
816.936,2085
817.055,2075
817.173,2037
817.292,1967
817.41,1972
817.529,1981
817.648,1880
817.766,1897
817.885,1874
818.004,1821
818.122,1769
818.241,1760
818.359,1742
818.478,1715
818.597,1662
818.715,1673
818.834,1623
818.953,1637
819.071,1563
819.19,1547
819.308,1576
819.427,1590
819.546,1545
819.664,1552
819.783,1539
819.901,1518
820.02,1496
820.138,1553
820.257,1527
820.376,1507
820.494,1455
820.613,1503
820.731,1512
820.85,1456
820.969,1475
821.087,1469
821.206,1480
821.324,1454
821.443,1469
821.561,1447
821.68,1410
821.798,1400
821.917,1469
822.035,1399
822.154,1417
822.273,1432
822.391,1435
822.51,1429
822.628,1412
822.747,1385
822.865,1382
822.984,1445
823.102,1386
823.221,1430
823.339,1430
823.458,1399
823.576,1434
823.695,1429
823.813,1428
823.932,1436
824.05,1432
824.169,1440
824.287,1449
824.406,1459
824.524,1454
824.643,1460
824.761,1469
824.88,1438
824.998,1459
825.117,1402
825.235,1418
825.354,1413
825.472,1424
825.591,1426
825.709,1452
825.828,1368
825.946,1370
826.064,1423
826.183,1344
826.301,1342
826.42,1354
826.538,1393
826.657,1374
826.775,1399
826.894,1361
827.012,1354
827.13,1358
827.249,1358
827.367,1356
827.486,1323
827.604,1360
827.723,1358
827.841,1373
827.959,1343
828.078,1351
828.196,1371
828.315,1348
828.433,1306
828.552,1339
828.67,1342
828.788,1322
828.907,1324
829.025,1343
829.143,1312
829.262,1329
829.38,1332
829.499,1295
829.617,1308
829.735,1335
829.854,1290
829.972,1341
830.091,1345
830.209,1298
830.327,1319
830.446,1324
830.564,1297
830.682,1340
830.801,1309
830.919,1324
831.037,1306
831.156,1329
831.274,1298
831.392,1304
831.511,1324
831.629,1317
831.747,1325
831.866,1318
831.984,1319
832.102,1291
832.221,1308
832.339,1339
832.457,1320
832.576,1295
832.694,1336
832.812,1303
832.93,1319
833.049,1293
833.167,1339
833.285,1311
833.404,1347
833.522,1327
833.64,1311
833.759,1344
833.877,1337
833.995,1327
834.113,1294
834.232,1331
834.35,1294
834.468,1331
834.586,1320
834.705,1315
834.823,1349
834.941,1350
835.059,1311
835.178,1304
835.296,1329
835.414,1376
835.532,1323
835.651,1324
835.769,1320
835.887,1347
836.005,1404
836.124,1386
836.242,1345
836.36,1343
836.478,1381
836.596,1379
836.715,1378
836.833,1383
836.951,1403
837.069,1418
837.188,1377
837.306,1360
837.424,1405
837.542,1367
837.66,1351
837.779,1364
837.897,1399
838.015,1379
838.133,1363
838.251,1361
838.369,1389
838.487,1398
838.606,1410
838.724,1354
838.842,1375
838.96,1416
839.078,1395
839.196,1388
839.315,1385
839.433,1344
839.551,1351
839.669,1356
839.787,1400
839.905,1362
840.023,1371
840.142,1351
840.26,1350
840.378,1313
840.496,1362
840.614,1362
840.732,1341
840.85,1355
840.968,1343
841.087,1366
841.205,1340
841.323,1340
841.441,1327
841.559,1324
841.677,1292
841.795,1324
841.913,1301
842.031,1317
842.149,1274
842.267,1323
842.385,1309
842.504,1261
842.622,1330
842.74,1286
842.858,1324
842.976,1275
843.094,1319
843.212,1240
843.33,1306
843.448,1306
843.566,1254
843.684,1321
843.802,1287
843.92,1323
844.038,1283
844.156,1328
844.274,1335
844.392,1291
844.51,1285
844.628,1321
844.746,1256
844.864,1326
844.982,1282
845.1,1297
845.218,1281
845.336,1320
845.454,1266
845.572,1310
845.69,1291
845.808,1270
845.926,1273
846.044,1279
846.162,1270
846.28,1296
846.398,1310
846.516,1298
846.634,1279
846.752,1324
846.87,1255
846.988,1299
847.106,1280
847.224,1290
847.342,1266
847.46,1290
847.578,1293
847.696,1275
847.814,1274
847.932,1268
848.05,1297
848.168,1289
848.285,1288
848.403,1274
848.521,1278
848.639,1288
848.757,1301
848.875,1273
848.993,1234
849.111,1286
849.229,1250
849.347,1311
849.465,1281
849.582,1271
849.7,1270
849.818,1237
849.936,1310
850.054,1282
850.172,1296
850.29,1257
850.408,1260
850.525,1316
850.643,1287
850.761,1305
850.879,1255
850.997,1293
851.115,1299
851.233,1267
851.35,1264
851.468,1270
851.586,1271
851.704,1240
851.822,1266
851.94,1271
852.057,1269
852.175,1261
852.293,1319
852.411,1303
852.529,1269
852.647,1303
852.764,1278
852.882,1298
853.0,1263
853.118,1301
853.236,1246
853.353,1309
853.471,1286
853.589,1297
853.707,1295
853.824,1305
853.942,1295
854.06,1290
854.178,1282
854.296,1309
854.413,1335
854.531,1287
854.649,1313
854.767,1291
854.884,1319
855.002,1295
855.12,1301
855.238,1291
855.355,1310
855.473,1323
855.591,1318
855.708,1311
855.826,1303
855.944,1292
856.062,1356
856.179,1299
856.297,1305
856.415,1324
856.532,1349
856.65,1329
856.768,1313
856.886,1324
857.003,1325
857.121,1319
857.239,1310
857.356,1317
857.474,1287
857.592,1332
857.709,1319
857.827,1334
857.945,1297
858.062,1305
858.18,1325
858.298,1284
858.415,1297
858.533,1331
858.651,1323
858.768,1306
858.886,1285
859.003,1331
859.121,1300
859.239,1320
859.356,1309
859.474,1284
859.592,1297
859.709,1327
859.827,1282
859.944,1285
860.062,1300
860.18,1276
860.297,1277
860.415,1315
860.532,1279
860.65,1269
860.768,1261
860.885,1251
861.003,1289
861.12,1267
861.238,1269
861.356,1316
861.473,1294
861.591,1303
861.708,1273
861.826,1293
861.943,1281
862.061,1265
862.178,1239
862.296,1327
862.414,1294
862.531,1239
862.649,1285
862.766,1280
862.884,1315
863.001,1301
863.119,1285
863.236,1281
863.354,1310
863.471,1324
863.589,1254
863.706,1307
863.824,1280
863.941,1260
864.059,1331
864.176,1273
864.294,1324
864.411,1318
864.529,1297
864.646,1314
864.764,1305
864.881,1305
864.999,1292
865.116,1299
865.233,1298
865.351,1302
865.468,1302
865.586,1319
865.703,1250
865.821,1310
865.938,1298
866.056,1322
866.173,1344
866.29,1325
866.408,1317
866.525,1304
866.643,1281
866.76,1283
866.878,1285
866.995,1346
867.112,1328
867.23,1267
867.347,1271
867.465,1306
867.582,1320
867.699,1297
867.817,1308
867.934,1325
868.051,1300
868.169,1308
868.286,1283
868.404,1281
868.521,1342
868.638,1306
868.756,1304
868.873,1286
868.99,1297
869.108,1289
869.225,1296
869.342,1319
869.46,1300
869.577,1310
869.694,1309
869.812,1313
869.929,1322
870.046,1258
870.164,1280
870.281,1304
870.398,1275
870.516,1329
870.633,1313
870.75,1331
870.867,1323
870.985,1332
871.102,1332
871.219,1278
871.337,1283
871.454,1308
871.571,1297
871.688,1312
871.806,1299
871.923,1325
872.04,1305
872.157,1299
872.275,1319
872.392,1286
872.509,1359
872.626,1288
872.744,1339
872.861,1313
872.978,1293
873.095,1320
873.213,1306
873.33,1297
873.447,1297
873.564,1294
873.681,1288
873.799,1306
873.916,1294
874.033,1297
874.15,1305
874.267,1318
874.385,1324
874.502,1273
874.619,1280
874.736,1299
874.853,1330
874.97,1293
875.088,1346
875.205,1325
875.322,1290
875.439,1325
875.556,1319
875.673,1314
875.791,1348
875.908,1261
876.025,1318
876.142,1327
876.259,1319
876.376,1294
876.493,1344
876.61,1334
876.728,1295
876.845,1343
876.962,1287
877.079,1287
877.196,1328
877.313,1274
877.43,1299
877.547,1277
877.664,1329
877.781,1304
877.898,1302
878.016,1306
878.133,1298
878.25,1314
878.367,1298
878.484,1329
878.601,1283
878.718,1322
878.835,1289
878.952,1314
879.069,1334
879.186,1315
879.303,1277
879.42,1325
879.537,1276
879.654,1273
879.771,1286
879.888,1355
880.005,1310
880.122,1322
880.239,1275
880.356,1313
880.473,1310
880.59,1325
880.707,1303
880.824,1336
880.941,1309
881.058,1289
881.175,1282
881.292,1336
881.409,1294
881.526,1316
881.643,1329
881.76,1291
881.877,1299
881.994,1285
882.111,1294
882.228,1315
882.345,1295
882.462,1318
882.579,1286
882.696,1257
882.812,1354
882.929,1317
883.046,1294
883.163,1327
883.28,1302
883.397,1325
883.514,1319
883.631,1286
883.748,1304
883.865,1315
883.982,1315
884.098,1309
884.215,1284
884.332,1320
884.449,1333
884.566,1323
884.683,1334
884.8,1351
884.916,1359
885.033,1353
885.15,1356
885.267,1363
885.384,1347
885.501,1336
885.617,1363
885.734,1340
885.851,1341
885.968,1372
886.085,1312
886.202,1364
886.318,1352
886.435,1369
886.552,1278
886.669,1382
886.786,1356
886.902,1337
887.019,1305
887.136,1368
887.253,1328
887.369,1350
887.486,1365
887.603,1348
887.72,1337
887.837,1330
887.953,1346
888.07,1339
888.187,1327
888.304,1327
888.42,1363
888.537,1330
888.654,1360
888.77,1368
888.887,1352
889.004,1346
889.121,1331
889.237,1338
889.354,1314
889.471,1308
889.587,1355
889.704,1362
889.821,1339
889.938,1343
890.054,1364
890.171,1363
890.288,1306
890.404,1349
890.521,1335
890.638,1325
890.754,1367
890.871,1331
890.988,1303
891.104,1311
891.221,1315
891.337,1387
891.454,1356
891.571,1346
891.687,1380
891.804,1357
891.921,1386
892.037,1376
892.154,1354
892.27,1375
892.387,1360
892.504,1345
892.62,1346
892.737,1365
892.854,1303
892.97,1341
893.087,1343
893.203,1382
893.32,1314
893.436,1336
893.553,1339
893.67,1370
893.786,1340
893.903,1391
894.019,1310
894.136,1342
894.252,1392
894.369,1362
894.485,1366
894.602,1366
894.718,1349
894.835,1322
894.951,1360
895.068,1331
895.184,1343
895.301,1327
895.417,1352
895.534,1334
895.65,1369
895.767,1374
895.883,1325
896.0,1353
896.116,1366
896.233,1399
896.349,1340
896.466,1373
896.582,1385
896.699,1375
896.815,1368
896.932,1367
897.048,1347
897.165,1367
897.281,1348
897.397,1388
897.514,1363
897.63,1361
897.747,1354
897.863,1397
897.979,1367
898.096,1342
898.212,1362
898.329,1342
898.445,1400
898.561,1398
898.678,1376
898.794,1362
898.911,1320
899.027,1351
899.143,1380
899.26,1335
899.376,1330
899.492,1392
899.609,1349
899.725,1354
899.842,1400
899.958,1382
900.074,1381
900.191,1414
900.307,1373
900.423,1359
900.539,1393
900.656,1403
900.772,1381
900.888,1365
901.005,1381
901.121,1403
901.237,1353
901.354,1379
901.47,1392
901.586,1375
901.703,1373
901.819,1363
901.935,1384
902.051,1344
902.168,1405
902.284,1403
902.4,1400
902.516,1393
902.633,1404
902.749,1373
902.865,1379
902.981,1427
903.098,1401
903.214,1374
903.33,1408
903.446,1407
903.562,1419
903.679,1392
903.795,1416
903.911,1395
904.027,1396
904.143,1370
904.26,1424
904.376,1409
904.492,1376
904.608,1422
904.724,1384
904.841,1407
904.957,1397
905.073,1384
905.189,1409
905.305,1365
905.421,1378
905.538,1380
905.654,1400
905.77,1392
905.886,1394
906.002,1399
906.118,1412
906.234,1383
906.35,1347
906.466,1362
906.583,1390
906.699,1394
906.815,1384
906.931,1402
907.047,1357
907.163,1397
907.279,1418
907.395,1381
907.511,1381
907.627,1366
907.743,1383
907.859,1411
907.976,1448
908.092,1414
908.208,1369
908.324,1386
908.44,1364
908.556,1377
908.672,1360
908.788,1397
908.904,1397
909.02,1409
909.136,1403
909.252,1382
909.368,1400
909.484,1391
909.6,1392
909.716,1379
909.832,1401
909.948,1394
910.064,1405
910.18,1387
910.296,1385
910.412,1415
910.528,1416
910.644,1395
910.76,1347
910.875,1412
910.991,1401
911.107,1428
911.223,1403
911.339,1373
911.455,1354
911.571,1453
911.687,1425
911.803,1387
911.919,1441
912.035,1433
912.151,1401
912.267,1363
912.382,1397
912.498,1388
912.614,1431
912.73,1416
912.846,1404
792.446,2231
792.565,2258
792.684,2197
792.803,2204
792.922,2159
793.041,2114
793.16,2123
793.279,2117
793.398,2127
793.518,2072
793.637,2111
793.756,2030
793.875,2140
793.994,2093
794.113,2104
794.232,1969
794.351,2030
794.47,2003
794.589,2031
794.708,1961
794.827,1977
794.946,2010
795.066,2046
795.185,1994
795.304,1979
795.423,2029
795.542,1985
795.661,1953
795.78,1918
795.899,1933
796.018,2012
796.137,1945
796.256,1981
796.375,1992
796.494,1982
796.613,1915
796.732,1956
796.851,1959
796.97,1929
797.089,1981
797.208,1893
797.327,1953
797.446,1902
797.565,1908
797.684,1934
797.803,1939
797.922,1899
798.041,1903
798.16,1932
798.279,1914
798.398,1885
798.517,1923
798.636,1895
798.755,1915
798.874,1909
798.993,1888
799.112,1870
799.231,1908
799.35,1902
799.469,1956
799.588,1906
799.707,1892
799.826,1916
799.945,1887
800.064,1885
800.183,1879
800.302,1923
800.421,1908
800.54,1970
800.659,1935
800.778,1936
800.897,1949
801.016,1917
801.135,1900
801.254,1916
801.373,1981
801.492,1936
801.611,1945
801.729,1967
801.848,1951
801.967,2016
802.086,1949
802.205,1976
802.324,1880
802.443,1966
802.562,1970
802.681,1969
802.8,1980
802.919,1969
803.038,1976
803.157,1998
803.276,2019
803.394,2010
803.513,1947
803.632,2023
803.751,1985
803.87,1967
803.989,1998
804.108,2000
804.227,1987
804.346,2036
804.465,2006
804.583,2034
804.702,2017
804.821,2044
804.94,2018
805.059,2025
805.178,2022
805.297,1979
805.416,2081
805.535,1988
805.653,2038
805.772,2040
805.891,2026
806.01,2085
806.129,2057
806.248,2037
806.367,2023
806.485,2046
806.604,2102
806.723,2038
806.842,2073
806.961,2030
807.08,2060
807.198,2060
807.317,2043
807.436,2106
807.555,2054
807.674,2118
807.793,2057
807.912,2065
808.03,2108
808.149,2073
808.268,2060
808.387,2102
808.506,2037
808.624,2133
808.743,2081
808.862,2068
808.981,2105
809.1,2085
809.219,2093
809.337,2141
809.456,2117
809.575,2104
809.694,2143
809.812,2104
809.931,2081
810.05,2067
810.169,2125
810.288,2133
810.406,2082
810.525,2100
810.644,2087
810.763,2145
810.882,2106
811.0,2094
811.119,2132
811.238,2094
811.357,2080
811.475,2104
811.594,2104
811.713,2114
811.832,2061
811.95,2135
812.069,2081
812.188,2135
812.307,2121
812.425,2123
812.544,2155
812.663,2113
812.782,2130
812.9,2091
813.019,2118
813.138,2166
813.257,2170
813.375,2157
813.494,2111
813.613,2112
813.731,2133
813.85,2154
813.969,2119
814.088,2114
814.206,2147
814.325,2083
814.444,2051
814.562,2100
814.681,2124
814.8,2069
814.918,2105
815.037,2081
815.156,2084
815.274,2070
815.393,2075
815.512,2101
815.631,2020
815.749,2027
815.868,1992
815.987,2083
816.105,1995
816.224,2046
816.343,2020
816.461,2047
816.58,2066
816.698,2086
816.817,2008
816.936,2039
817.055,2038
817.173,2008
817.292,2043
817.41,2044
817.529,1961
817.648,1950
817.766,1898
817.885,1906
818.004,1847
818.122,1835
818.241,1776
818.359,1760
818.478,1797
818.597,1695
818.715,1714
818.834,1692
818.953,1651
819.071,1615
819.19,1612
819.308,1559
819.427,1588
819.546,1568
819.664,1537
819.783,1598
819.901,1570
820.02,1484
820.138,1503
820.257,1563
820.376,1536
820.494,1511
820.613,1537
820.731,1518
820.85,1525
820.969,1516
821.087,1490
821.206,1538
821.324,1458
821.443,1506
821.561,1499
821.68,1509
821.798,1448
821.917,1466
822.035,1459
822.154,1477
822.273,1428
822.391,1451
822.51,1400
822.628,1442
822.747,1454
822.865,1443
822.984,1460
823.102,1442
823.221,1473
823.339,1477
823.458,1441
823.576,1461
823.695,1422
823.813,1465
823.932,1463
824.05,1452
824.169,1443
824.287,1496
824.406,1439
824.524,1529
824.643,1483
824.761,1474
824.88,1462
824.998,1511
825.117,1438
825.235,1470
825.354,1444
825.472,1456
825.591,1454
825.709,1466
825.828,1431
825.946,1450
826.064,1380
826.183,1391
826.301,1423
826.42,1403
826.538,1381
826.657,1380
826.775,1395
826.894,1438
827.012,1353
827.13,1426
827.249,1390
827.367,1348
827.486,1371
827.604,1373
827.723,1405
827.841,1375
827.959,1358
828.078,1396
828.196,1372
828.315,1368
828.433,1351
828.552,1366
828.67,1388
828.788,1378
828.907,1371
829.025,1353
829.143,1360
829.262,1343
829.38,1322
829.499,1395
829.617,1351
829.735,1363
829.854,1361
829.972,1365
830.091,1347
830.209,1350
830.327,1349
830.446,1360
830.564,1345
830.682,1388
830.801,1390
830.919,1351
831.037,1365
831.156,1349
831.274,1392
831.392,1384
831.511,1328
831.629,1331
831.747,1320
831.866,1322
831.984,1384
832.102,1374
832.221,1375
832.339,1358
832.457,1341
832.576,1350
832.694,1312
832.812,1347
832.93,1322
833.049,1310
833.167,1327
833.285,1349
833.404,1368
833.522,1362
833.64,1321
833.759,1332
833.877,1324
833.995,1361
834.113,1324
834.232,1337
834.35,1324
834.468,1389
834.586,1354
834.705,1345
834.823,1360
834.941,1373
835.059,1308
835.178,1343
835.296,1386
835.414,1355
835.532,1336
835.651,1337
835.769,1366
835.887,1384
836.005,1351
836.124,1391
836.242,1379
836.36,1358
836.478,1369
836.596,1361
836.715,1367
836.833,1401
836.951,1454
837.069,1456
837.188,1378
837.306,1421
837.424,1397
837.542,1442
837.66,1382
837.779,1394
837.897,1454
838.015,1431
838.133,1391
838.251,1415
838.369,1464
838.487,1396
838.606,1436
838.724,1352
838.842,1418
838.96,1379
839.078,1407
839.196,1364
839.315,1435
839.433,1403
839.551,1407
839.669,1361
839.787,1419
839.905,1371
840.023,1404
840.142,1358
840.26,1367
840.378,1416
840.496,1392
840.614,1371
840.732,1334
840.85,1390
840.968,1392
841.087,1320
841.205,1337
841.323,1349
841.441,1374
841.559,1348
841.677,1358
841.795,1331
841.913,1318
842.031,1387
842.149,1298
842.267,1356
842.385,1305
842.504,1346
842.622,1342
842.74,1298
842.858,1329
842.976,1315
843.094,1310
843.212,1332
843.33,1289
843.448,1325
843.566,1304
843.684,1330
843.802,1251
843.92,1295
844.038,1348
844.156,1324
844.274,1296
844.392,1292
844.51,1321
844.628,1308
844.746,1296
844.864,1300
844.982,1308
845.1,1303
845.218,1319
845.336,1313
845.454,1334
845.572,1323
845.69,1302
845.808,1312
845.926,1310
846.044,1322
846.162,1294
846.28,1350
846.398,1254
846.516,1306
846.634,1310
846.752,1312
846.87,1285
846.988,1320
847.106,1256
847.224,1284
847.342,1329
847.46,1295
847.578,1277
847.696,1321
847.814,1286
847.932,1297
848.05,1312
848.168,1250
848.285,1325
848.403,1270
848.521,1309
848.639,1304
848.757,1318
848.875,1321
848.993,1334
849.111,1301
849.229,1296
849.347,1285
849.465,1290
849.582,1324
849.7,1317
849.818,1318
849.936,1304
850.054,1336
850.172,1286
850.29,1335
850.408,1301
850.525,1312
850.643,1268
850.761,1317
850.879,1327
850.997,1321
851.115,1301
851.233,1322
851.35,1298
851.468,1299
851.586,1286
851.704,1314
851.822,1341
851.94,1329
852.057,1303
852.175,1266
852.293,1325
852.411,1301
852.529,1287
852.647,1338
852.764,1316
852.882,1333
853.0,1309
853.118,1296
853.236,1339
853.353,1290
853.471,1351
853.589,1329
853.707,1321
853.824,1394
853.942,1333
854.06,1349
854.178,1341
854.296,1280
854.413,1351
854.531,1285
854.649,1294
854.767,1335
854.884,1308
855.002,1357
855.12,1312
855.238,1345
855.355,1387
855.473,1345
855.591,1331
855.708,1295
855.826,1363
855.944,1343
856.062,1336
856.179,1337
856.297,1334
856.415,1339
856.532,1343
856.65,1305
856.768,1340
856.886,1383
857.003,1340
857.121,1357
857.239,1363
857.356,1343
857.474,1358
857.592,1321
857.709,1331
857.827,1335
857.945,1328
858.062,1321
858.18,1354
858.298,1307
858.415,1313
858.533,1353
858.651,1323
858.768,1337
858.886,1319
859.003,1316
859.121,1351
859.239,1308
859.356,1317
859.474,1330
859.592,1332
859.709,1351
859.827,1341
859.944,1347
860.062,1299
860.18,1333
860.297,1330
860.415,1310
860.532,1327
860.65,1298
860.768,1295
860.885,1301
861.003,1303
861.12,1334
861.238,1278
861.356,1340
861.473,1313
861.591,1294
861.708,1309
861.826,1351
861.943,1311
862.061,1322
862.178,1330
862.296,1307
862.414,1303
862.531,1319
862.649,1332
862.766,1313
862.884,1346
863.001,1308
863.119,1349
863.236,1330
863.354,1309
863.471,1305
863.589,1294
863.706,1316
863.824,1268
863.941,1314
864.059,1319
864.176,1311
864.294,1333
864.411,1351
864.529,1312
864.646,1359
864.764,1286
864.881,1316
864.999,1343
865.116,1301
865.233,1308
865.351,1307
865.468,1377
865.586,1377
865.703,1337
865.821,1312
865.938,1305
866.056,1331
866.173,1344
866.29,1335
866.408,1327
866.525,1287
866.643,1329
866.76,1294
866.878,1318
866.995,1305
867.112,1381
867.23,1328
867.347,1320
867.465,1333
867.582,1343
867.699,1326
867.817,1334
867.934,1337
868.051,1358
868.169,1340
868.286,1311
868.404,1353
868.521,1338
868.638,1329
868.756,1339
868.873,1328
868.99,1352
869.108,1360
869.225,1322
869.342,1328
869.46,1335
869.577,1349
869.694,1310
869.812,1313
869.929,1323
870.046,1328
870.164,1266
870.281,1316
870.398,1331
870.516,1315
870.633,1331
870.75,1336
870.867,1281
870.985,1318
871.102,1367
871.219,1345
871.337,1349
871.454,1310
871.571,1336
871.688,1296
871.806,1292
871.923,1310
872.04,1318
872.157,1329
872.275,1353
872.392,1329
872.509,1323
872.626,1331
872.744,1330
872.861,1356
872.978,1348
873.095,1316
873.213,1368
873.33,1368
873.447,1320
873.564,1340
873.681,1330
873.799,1353
873.916,1309
874.033,1321
874.15,1333
874.267,1360
874.385,1343
874.502,1327
874.619,1305
874.736,1352
874.853,1325
874.97,1351
875.088,1316
875.205,1357
875.322,1297
875.439,1290
875.556,1352
875.673,1346
875.791,1336
875.908,1362
876.025,1325
876.142,1358
876.259,1322
876.376,1380
876.493,1332
876.61,1333
876.728,1343
876.845,1336
876.962,1305
877.079,1376
877.196,1324
877.313,1322
877.43,1337
877.547,1325
877.664,1365
877.781,1343
877.898,1315
878.016,1348
878.133,1291
878.25,1383
878.367,1332
878.484,1312
878.601,1322
878.718,1326
878.835,1358
878.952,1344
879.069,1336
879.186,1322
879.303,1325
879.42,1328
879.537,1313
879.654,1342
879.771,1298
879.888,1326
880.005,1342
880.122,1326
880.239,1357
880.356,1319
880.473,1354
880.59,1351
880.707,1302
880.824,1361
880.941,1343
881.058,1329
881.175,1337
881.292,1312
881.409,1361
881.526,1358
881.643,1310
881.76,1338
881.877,1330
881.994,1335
882.111,1277
882.228,1348
882.345,1369
882.462,1374
882.579,1319
882.696,1284
882.812,1341
882.929,1372
883.046,1371
883.163,1307
883.28,1365
883.397,1391
883.514,1331
883.631,1355
883.748,1341
883.865,1363
883.982,1355
884.098,1360
884.215,1327
884.332,1337
884.449,1371
884.566,1366
884.683,1348
884.8,1406
884.916,1363
885.033,1382
885.15,1362
885.267,1383
885.384,1401
885.501,1386
885.617,1396
885.734,1335
885.851,1373
885.968,1371
886.085,1433
886.202,1383
886.318,1390
886.435,1403
886.552,1374
886.669,1372
886.786,1360
886.902,1382
887.019,1389
887.136,1328
887.253,1358
887.369,1370
887.486,1354
887.603,1330
887.72,1410
887.837,1322
887.953,1335
888.07,1376
888.187,1389
888.304,1398
888.42,1409
888.537,1389
888.654,1382
888.77,1359
888.887,1357
889.004,1374
889.121,1368
889.237,1375
889.354,1383
889.471,1356
889.587,1321
889.704,1374
889.821,1360
889.938,1388
890.054,1334
890.171,1360
890.288,1397
890.404,1360
890.521,1350
890.638,1425
890.754,1401
890.871,1338
890.988,1412
891.104,1362
891.221,1365
891.337,1391
891.454,1333
891.571,1401
891.687,1348
891.804,1364
891.921,1384
892.037,1367
892.154,1389
892.27,1394
892.387,1352
892.504,1405
892.62,1383
892.737,1384
892.854,1415
892.97,1379
893.087,1381
893.203,1399
893.32,1381
893.436,1418
893.553,1382
893.67,1392
893.786,1317
893.903,1408
894.019,1398
894.136,1390
894.252,1403
894.369,1386
894.485,1376
894.602,1379
894.718,1372
894.835,1401
894.951,1357
895.068,1341
895.184,1424
895.301,1355
895.417,1404
895.534,1416
895.65,1391
895.767,1398
895.883,1370
896.0,1425
896.116,1381
896.233,1407
896.349,1366
896.466,1389
896.582,1388
896.699,1394
896.815,1443
896.932,1410
897.048,1367
897.165,1424
897.281,1385
897.397,1351
897.514,1387
897.63,1436
897.747,1410
897.863,1420
897.979,1423
898.096,1368
898.212,1369
898.329,1408
898.445,1386
898.561,1401
898.678,1380
898.794,1412
898.911,1383
899.027,1379
899.143,1401
899.26,1388
899.376,1399
899.492,1436
899.609,1423
899.725,1438
899.842,1440
899.958,1389
900.074,1401
900.191,1431
900.307,1397
900.423,1375
900.539,1397
900.656,1411
900.772,1408
900.888,1408
901.005,1411
901.121,1388
901.237,1402
901.354,1372
901.47,1419
901.586,1419
901.703,1423
901.819,1322
901.935,1429
902.051,1438
902.168,1437
902.284,1440
902.4,1416
902.516,1434
902.633,1412
902.749,1445
902.865,1408
902.981,1445
903.098,1454
903.214,1423
903.33,1445
903.446,1466
903.562,1416
903.679,1421
903.795,1460
903.911,1458
904.027,1408
904.143,1409
904.26,1391
904.376,1438
904.492,1413
904.608,1452
904.724,1414
904.841,1416
904.957,1415
905.073,1412
905.189,1443
905.305,1414
905.421,1456
905.538,1446
905.654,1471
905.77,1433
905.886,1398
906.002,1433
906.118,1428
906.234,1366
906.35,1436
906.466,1419
906.583,1408
906.699,1442
906.815,1455
906.931,1402
907.047,1415
907.163,1390
907.279,1433
907.395,1394
907.511,1398
907.627,1438
907.743,1435
907.859,1436
907.976,1431
908.092,1404
908.208,1454
908.324,1418
908.44,1443
908.556,1415
908.672,1413
908.788,1401
908.904,1443
909.02,1440
909.136,1418
909.252,1469
909.368,1438
909.484,1465
909.6,1436
909.716,1471
909.832,1432
909.948,1435
910.064,1441
910.18,1439
910.296,1404
910.412,1466
910.528,1440
910.644,1446
910.76,1451
910.875,1431
910.991,1431
911.107,1453
911.223,1432
911.339,1403
911.455,1448
911.571,1399
911.687,1460
911.803,1437
911.919,1408
912.035,1449
912.151,1446
912.267,1430
912.382,1445
912.498,1406
912.614,1421
912.73,1438
912.846,1397
792.446,2250
792.565,2234
792.684,2233
792.803,2207
792.922,2174
793.041,2128
793.16,2131
793.279,2145
793.398,2136
793.518,2142
793.637,2102
793.756,2086
793.875,2092
793.994,2044
794.113,2098
794.232,2072
794.351,2051
794.47,2066
794.589,2060
794.708,2007
794.827,2020
794.946,2007
795.066,2033
795.185,2020
795.304,2007
795.423,2008
795.542,1969
795.661,1955
795.78,1929
795.899,1971
796.018,1979
796.137,1978
796.256,1996
796.375,1993
796.494,1955
796.613,1976
796.732,1953
796.851,1958
796.97,1942
797.089,1953
797.208,2003
797.327,1924
797.446,1947
797.565,1894
797.684,1911
797.803,1903
797.922,1915
798.041,1910
798.16,1903
798.279,1913
798.398,1933
798.517,1968
798.636,1886
798.755,1894
798.874,1929
798.993,1943
799.112,1947
799.231,1914
799.35,1962
799.469,1969
799.588,1851
799.707,1942
799.826,1949
799.945,1926
800.064,1904
800.183,1922
800.302,1956
800.421,1938
800.54,1903
800.659,1938
800.778,1940
800.897,1926
801.016,1930
801.135,1898
801.254,1907
801.373,1931
801.492,1951
801.611,1976
801.729,1996
801.848,1954
801.967,1963
802.086,1963
802.205,1991
802.324,1948
802.443,1966
802.562,1957
802.681,1987
802.8,1957
802.919,1927
803.038,1985
803.157,1955
803.276,1996
803.394,1977
803.513,1997
803.632,1945
803.751,2005
803.87,1999
803.989,1958
804.108,1999
804.227,2023
804.346,2008
804.465,2015
804.583,2011
804.702,2032
804.821,2038
804.94,2047
805.059,1995
805.178,2012
805.297,2058
805.416,2040
805.535,2077
805.653,2028
805.772,2056
805.891,2063
806.01,2056
806.129,2068
806.248,2023
806.367,2051
806.485,2065
806.604,2051
806.723,2085
806.842,2000
806.961,2082
807.08,2097
807.198,2063
807.317,2042
807.436,2096
807.555,2040
807.674,2123
807.793,2069
807.912,2063
808.03,2080
808.149,2018
808.268,2051
808.387,2073
808.506,2121
808.624,2121
808.743,2082
808.862,2143
808.981,2150
809.1,2083
809.219,2166
809.337,2121
809.456,2144
809.575,2105
809.694,2128
809.812,2157
809.931,2130
810.05,2187
810.169,2135
810.288,2183
810.406,2179
810.525,2116
810.644,2111
810.763,2174
810.882,2152
811.0,2182
811.119,2126
811.238,2143
811.357,2099
811.475,2122
811.594,2099
811.713,2179
811.832,2109
811.95,2188
812.069,2093
812.188,2183
812.307,2107
812.425,2151
812.544,2172
812.663,2188
812.782,2157
812.9,2158
813.019,2166
813.138,2128
813.257,2156
813.375,2134
813.494,2150
813.613,2130
813.731,2104
813.85,2137
813.969,2146
814.088,2118
814.206,2104
814.325,2140
814.444,2158
814.562,2105
814.681,2103
814.8,2129
814.918,2118
815.037,2091
815.156,2053
815.274,2068
815.393,2073
815.512,2103
815.631,2047
815.749,2009
815.868,2043
815.987,2004
816.105,2049
816.224,2072
816.343,1982
816.461,2048
816.58,2042
816.698,2091
816.817,2088
816.936,2037
817.055,2096
817.173,2106
817.292,2015
817.41,2028
817.529,1984
817.648,1998
817.766,1931
817.885,1867
818.004,1854
818.122,1846
818.241,1802
818.359,1758
818.478,1720
818.597,1749
818.715,1707
818.834,1683
818.953,1654
819.071,1643
819.19,1635
819.308,1606
819.427,1556
819.546,1602
819.664,1545
819.783,1550
819.901,1543
820.02,1594
820.138,1540
820.257,1518
820.376,1603
820.494,1464
820.613,1571
820.731,1504
820.85,1492
820.969,1477
821.087,1548
821.206,1505
821.324,1527
821.443,1512
821.561,1471
821.68,1480
821.798,1471
821.917,1489
822.035,1534
822.154,1479
822.273,1484
822.391,1468
822.51,1457
822.628,1462
822.747,1478
822.865,1432
822.984,1433
823.102,1476
823.221,1450
823.339,1477
823.458,1435
823.576,1464
823.695,1457
823.813,1482
823.932,1488
824.05,1477
824.169,1463
824.287,1501
824.406,1524
824.524,1467
824.643,1537
824.761,1454
824.88,1481
824.998,1504
825.117,1451
825.235,1479
825.354,1450
825.472,1466
825.591,1447
825.709,1477
825.828,1458
825.946,1463
826.064,1416
826.183,1421
826.301,1426
826.42,1411
826.538,1443
826.657,1386
826.775,1430
826.894,1416
827.012,1383
827.13,1378
827.249,1369
827.367,1399
827.486,1379
827.604,1375
827.723,1389
827.841,1377
827.959,1367
828.078,1345
828.196,1358
828.315,1364
828.433,1337
828.552,1402
828.67,1350
828.788,1392
828.907,1373
829.025,1366
829.143,1396
829.262,1389
829.38,1346
829.499,1392
829.617,1356
829.735,1379
829.854,1374
829.972,1362
830.091,1339
830.209,1384
830.327,1358
830.446,1372
830.564,1373
830.682,1360
830.801,1336
830.919,1377
831.037,1351
831.156,1330
831.274,1353
831.392,1381
831.511,1329
831.629,1378
831.747,1350
831.866,1397
831.984,1374
832.102,1352
832.221,1352
832.339,1388
832.457,1354
832.576,1348
832.694,1366
832.812,1335
832.93,1347
833.049,1314
833.167,1357
833.285,1344
833.404,1368
833.522,1396
833.64,1352
833.759,1342
833.877,1334
833.995,1364
834.113,1338
834.232,1361
834.35,1396
834.468,1381
834.586,1349
834.705,1347
834.823,1336
834.941,1320
835.059,1341
835.178,1363
835.296,1364
835.414,1370
835.532,1368
835.651,1328
835.769,1363
835.887,1391
836.005,1374
836.124,1344
836.242,1383
836.36,1445
836.478,1414
836.596,1460
836.715,1401
836.833,1423
836.951,1417
837.069,1399
837.188,1414
837.306,1417
837.424,1403
837.542,1421
837.66,1475
837.779,1470
837.897,1428
838.015,1457
838.133,1433
838.251,1405
838.369,1457
838.487,1437
838.606,1400
838.724,1391
838.842,1417
838.96,1421
839.078,1379
839.196,1414
839.315,1383
839.433,1418
839.551,1381
839.669,1423
839.787,1407
839.905,1399
840.023,1431
840.142,1359
840.26,1399
840.378,1390
840.496,1428
840.614,1364
840.732,1384
840.85,1381
840.968,1367
841.087,1376
841.205,1362
841.323,1373
841.441,1346
841.559,1362
841.677,1372
841.795,1386
841.913,1385
842.031,1370
842.149,1354
842.267,1332
842.385,1329
842.504,1373
842.622,1333
842.74,1350
842.858,1346
842.976,1344
843.094,1333
843.212,1352
843.33,1304
843.448,1328
843.566,1367
843.684,1325
843.802,1296
843.92,1358
844.038,1330
844.156,1321
844.274,1280
844.392,1344
844.51,1322
844.628,1314
844.746,1327
844.864,1298
844.982,1376
845.1,1322
845.218,1334
845.336,1306
845.454,1281
845.572,1318
845.69,1307
845.808,1319
845.926,1318
846.044,1333
846.162,1321
846.28,1288
846.398,1342
846.516,1356
846.634,1318
846.752,1305
846.87,1344
846.988,1259
847.106,1319
847.224,1319
847.342,1332
847.46,1321
847.578,1283
847.696,1336
847.814,1302
847.932,1306
848.05,1315
848.168,1304
848.285,1298
848.403,1312
848.521,1310
848.639,1315
848.757,1280
848.875,1305
848.993,1324
849.111,1302
849.229,1343
849.347,1295
849.465,1332
849.582,1285
849.7,1334
849.818,1304
849.936,1282
850.054,1333
850.172,1282
850.29,1308
850.408,1321
850.525,1290
850.643,1313
850.761,1304
850.879,1295
850.997,1314
851.115,1258
851.233,1315
851.35,1289
851.468,1330
851.586,1328
851.704,1279
851.822,1317
851.94,1285
852.057,1324
852.175,1323
852.293,1323
852.411,1311
852.529,1320
852.647,1299
852.764,1320
852.882,1359
853.0,1325
853.118,1323
853.236,1300
853.353,1296
853.471,1301
853.589,1342
853.707,1307
853.824,1315
853.942,1302
854.06,1308
854.178,1318
854.296,1345
854.413,1354
854.531,1321
854.649,1368
854.767,1333
854.884,1336
855.002,1330
855.12,1339
855.238,1346
855.355,1373
855.473,1365
855.591,1344
855.708,1340
855.826,1317
855.944,1354
856.062,1331
856.179,1345
856.297,1320
856.415,1361
856.532,1355
856.65,1368
856.768,1325
856.886,1375
857.003,1333
857.121,1347
857.239,1364
857.356,1364
857.474,1338
857.592,1338
857.709,1407
857.827,1355
857.945,1326
858.062,1350
858.18,1373
858.298,1336
858.415,1315
858.533,1375
858.651,1361
858.768,1353
858.886,1356
859.003,1335
859.121,1335
859.239,1355
859.356,1335
859.474,1307
859.592,1364
859.709,1329
859.827,1298
859.944,1326
860.062,1345
860.18,1321
860.297,1320
860.415,1316
860.532,1347
860.65,1316
860.768,1348
860.885,1317
861.003,1320
861.12,1314
861.238,1327
861.356,1342
861.473,1325
861.591,1354
861.708,1337
861.826,1341
861.943,1321
862.061,1313
862.178,1347
862.296,1348
862.414,1312
862.531,1359
862.649,1328
862.766,1324
862.884,1332
863.001,1349
863.119,1347
863.236,1363
863.354,1316
863.471,1313
863.589,1312
863.706,1297
863.824,1324
863.941,1356
864.059,1294
864.176,1314
864.294,1331
864.411,1339
864.529,1313
864.646,1313
864.764,1307
864.881,1341
864.999,1317
865.116,1337
865.233,1323
865.351,1364
865.468,1316
865.586,1368
865.703,1312
865.821,1362
865.938,1338
866.056,1353
866.173,1325
866.29,1365
866.408,1368
866.525,1361
866.643,1327
866.76,1332
866.878,1293
866.995,1383
867.112,1326
867.23,1297
867.347,1314
867.465,1342
867.582,1318
867.699,1365
867.817,1374
867.934,1356
868.051,1377
868.169,1345
868.286,1354
868.404,1305
868.521,1323
868.638,1333
868.756,1340
868.873,1313
868.99,1329
869.108,1348
869.225,1332
869.342,1366
869.46,1343
869.577,1380
869.694,1343
869.812,1351
869.929,1345
870.046,1340
870.164,1315
870.281,1368
870.398,1352
870.516,1341
870.633,1327
870.75,1325
870.867,1362
870.985,1324
871.102,1288
871.219,1377
871.337,1339
871.454,1377
871.571,1342
871.688,1313
871.806,1361
871.923,1337
872.04,1312
872.157,1366
872.275,1357
872.392,1347
872.509,1341
872.626,1349
872.744,1332
872.861,1341
872.978,1314
873.095,1323
873.213,1364
873.33,1360
873.447,1324
873.564,1358
873.681,1335
873.799,1316
873.916,1357
874.033,1322
874.15,1351
874.267,1363
874.385,1341
874.502,1368
874.619,1309
874.736,1360
874.853,1365
874.97,1358
875.088,1331
875.205,1339
875.322,1384
875.439,1365
875.556,1335
875.673,1319
875.791,1370
875.908,1319
876.025,1360
876.142,1346
876.259,1352
876.376,1355
876.493,1359
876.61,1355
876.728,1400
876.845,1329
876.962,1315
877.079,1322
877.196,1360
877.313,1370
877.43,1438
877.547,1337
877.664,1344
877.781,1340
877.898,1324
878.016,1361
878.133,1316
878.25,1362
878.367,1351
878.484,1329
878.601,1361
878.718,1350
878.835,1339
878.952,1389
879.069,1363
879.186,1408
879.303,1317
879.42,1327
879.537,1399
879.654,1344
879.771,1363
879.888,1333
880.005,1391
880.122,1342
880.239,1367
880.356,1358
880.473,1335
880.59,1337
880.707,1343
880.824,1367
880.941,1338
881.058,1362
881.175,1327
881.292,1329
881.409,1371
881.526,1324
881.643,1344
881.76,1364
881.877,1359
881.994,1314
882.111,1323
882.228,1310
882.345,1346
882.462,1343
882.579,1356
882.696,1317
882.812,1372
882.929,1368
883.046,1336
883.163,1353
883.28,1341
883.397,1359
883.514,1292
883.631,1354
883.748,1339
883.865,1388
883.982,1374
884.098,1331
884.215,1363
884.332,1348
884.449,1320
884.566,1386
884.683,1381
884.8,1375
884.916,1403
885.033,1422
885.15,1399
885.267,1399
885.384,1344
885.501,1397
885.617,1361
885.734,1393
885.851,1391
885.968,1378
886.085,1390
886.202,1393
886.318,1411
886.435,1400
886.552,1377
886.669,1427
886.786,1370
886.902,1376
887.019,1406
887.136,1368
887.253,1381
887.369,1376
887.486,1369
887.603,1370
887.72,1369
887.837,1390
887.953,1337
888.07,1376
888.187,1353
888.304,1384
888.42,1410
888.537,1365
888.654,1389
888.77,1365
888.887,1374
889.004,1368
889.121,1381
889.237,1394
889.354,1347
889.471,1362
889.587,1368
889.704,1357
889.821,1365
889.938,1381
890.054,1396
890.171,1362
890.288,1373
890.404,1383
890.521,1387
890.638,1385
890.754,1381
890.871,1392
890.988,1421
891.104,1385
891.221,1364
891.337,1392
891.454,1378
891.571,1380
891.687,1363
891.804,1428
891.921,1331
892.037,1415
892.154,1414
892.27,1370
892.387,1370
892.504,1381
892.62,1410
892.737,1378
892.854,1378
892.97,1408
893.087,1372
893.203,1374
893.32,1372
893.436,1376
893.553,1389
893.67,1441
893.786,1409
893.903,1411
894.019,1427
894.136,1397
894.252,1439
894.369,1389
894.485,1431
894.602,1417
894.718,1402
894.835,1402
894.951,1403
895.068,1404
895.184,1392
895.301,1433
895.417,1391
895.534,1390
895.65,1421
895.767,1419
895.883,1412
896.0,1432
896.116,1416
896.233,1397
896.349,1428
896.466,1423
896.582,1386
896.699,1438
896.815,1438
896.932,1402
897.048,1385
897.165,1416
897.281,1402
897.397,1396
897.514,1416
897.63,1418
897.747,1395
897.863,1442
897.979,1425
898.096,1374
898.212,1418
898.329,1402
898.445,1436
898.561,1420
898.678,1451
898.794,1399
898.911,1426
899.027,1418
899.143,1435
899.26,1406
899.376,1447
899.492,1427
899.609,1416
899.725,1421
899.842,1421
899.958,1421
900.074,1436
900.191,1356
900.307,1412
900.423,1404
900.539,1442
900.656,1437
900.772,1413
900.888,1438
901.005,1389
901.121,1373
901.237,1451
901.354,1433
901.47,1402
901.586,1433
901.703,1431
901.819,1436
901.935,1442
902.051,1407
902.168,1415
902.284,1419
902.4,1394
902.516,1462
902.633,1424
902.749,1436
902.865,1433
902.981,1447
903.098,1447
903.214,1449
903.33,1451
903.446,1444
903.562,1437
903.679,1440
903.795,1478
903.911,1455
904.027,1418
904.143,1488
904.26,1438
904.376,1469
904.492,1445
904.608,1440
904.724,1425
904.841,1408
904.957,1404
905.073,1484
905.189,1440
905.305,1431
905.421,1456
905.538,1462
905.654,1449
905.77,1470
905.886,1457
906.002,1431
906.118,1434
906.234,1414
906.35,1447
906.466,1447
906.583,1479
906.699,1428
906.815,1489
906.931,1441
907.047,1438
907.163,1467
907.279,1447
907.395,1467
907.511,1481
907.627,1462
907.743,1447
907.859,1424
907.976,1461
908.092,1441
908.208,1445
908.324,1456
908.44,1513
908.556,1443
908.672,1460
908.788,1441
908.904,1459
909.02,1452
909.136,1458
909.252,1438
909.368,1445
909.484,1436
909.6,1416
909.716,1414
909.832,1509
909.948,1464
910.064,1446
910.18,1455
910.296,1429
910.412,1429
910.528,1424
910.644,1462
910.76,1431
910.875,1505
910.991,1396
911.107,1466
911.223,1491
911.339,1455
911.455,1408
911.571,1457
911.687,1432
911.803,1457
911.919,1449
912.035,1447
912.151,1465
912.267,1419
912.382,1435
912.498,1406
912.614,1471
912.73,1467
912.846,1460
