792.446,2227
792.565,2196
792.684,2256
792.803,2187
792.922,2031
793.041,2030
793.16,2047
793.279,2031
793.398,2088
793.518,2057
793.637,2013
793.756,2007
793.875,1990
793.994,2030
794.113,2008
794.232,1936
794.351,2023
794.47,1949
794.589,1948
794.708,2002
794.827,1965
794.946,1973
795.066,1960
795.185,1930
795.304,1940
795.423,1974
795.542,1934
795.661,1942
795.78,1916
795.899,1935
796.018,1926
796.137,1855
796.256,1950
796.375,1900
796.494,1987
796.613,1890
796.732,1863
796.851,1924
796.97,1905
797.089,1877
797.208,1865
797.327,1862
797.446,1878
797.565,1888
797.684,1845
797.803,1848
797.922,1886
798.041,1841
798.16,1895
798.279,1927
798.398,1826
798.517,1874
798.636,1902
798.755,1901
798.874,1881
798.993,1899
799.112,1873
799.231,1872
799.35,1926
799.469,1859
799.588,1834
799.707,1898
799.826,1896
799.945,1907
800.064,1910
800.183,1853
800.302,1868
800.421,1880
800.54,1892
800.659,1892
800.778,1897
800.897,1889
801.016,1929
801.135,1880
801.254,1923
801.373,1936
801.492,1939
801.611,1898
801.729,1883
801.848,1977
801.967,1966
802.086,1979
802.205,1918
802.324,1920
802.443,1960
802.562,1883
802.681,1954
802.8,1921
802.919,1980
803.038,1979
803.157,1942
803.276,1911
803.394,1933
803.513,1965
803.632,1981
803.751,1980
803.87,1990
803.989,1996
804.108,1995
804.227,1938
804.346,2001
804.465,2001
804.583,1950
804.702,2004
804.821,1980
804.94,2030
805.059,1953
805.178,2012
805.297,2018
805.416,1998
805.535,2031
805.653,1981
805.772,2061
805.891,2111
806.01,2003
806.129,2012
806.248,2028
806.367,2005
806.485,2034
806.604,2024
806.723,2050
806.842,2064
806.961,2031
807.08,2076
807.198,2070
807.317,2049
807.436,2081
807.555,2017
807.674,2022
807.793,2083
807.912,2127
808.03,2047
808.149,2078
808.268,2077
808.387,2088
808.506,2123
808.624,2107
808.743,2101
808.862,2130
808.981,2096
809.1,2091
809.219,2143
809.337,2134
809.456,2147
809.575,2139
809.694,2129
809.812,2080
809.931,2159
810.05,2140
810.169,2158
810.288,2088
810.406,2146
810.525,2132
810.644,2115
810.763,2143
810.882,2074
811.0,2168
811.119,2140
811.238,2142
811.357,2145
811.475,2144
811.594,2113
811.713,2145
811.832,2148
811.95,2141
812.069,2118
812.188,2165
812.307,2153
812.425,2181
812.544,2183
812.663,2148
812.782,2225
812.9,2157
813.019,2143
813.138,2132
813.257,2173
813.375,2140
813.494,2165
813.613,2166
813.731,2164
813.85,2147
813.969,2172
814.088,2161
814.206,2158
814.325,2110
814.444,2081
814.562,2112
814.681,2132
814.8,2188
814.918,2134
815.037,2124
815.156,2056
815.274,2084
815.393,2112
815.512,2089
815.631,2094
815.749,2038
815.868,2056
815.987,2062
816.105,2055
816.224,2104
816.343,2053
816.461,2016
816.58,2068
816.698,2104
816.817,2078
816.936,2094
817.055,2073
817.173,2105
817.292,2057
817.41,2079
817.529,2020
817.648,2002
817.766,1933
817.885,1908
818.004,1866
818.122,1846
818.241,1792
818.359,1779
818.478,1797
818.597,1752
818.715,1724
818.834,1653
818.953,1647
819.071,1643
819.19,1587
819.308,1656
819.427,1576
819.546,1584
819.664,1570
819.783,1590
819.901,1531
820.02,1546
820.138,1501
820.257,1501
820.376,1505
820.494,1561
820.613,1492
820.731,1511
820.85,1505
820.969,1514
821.087,1471
821.206,1507
821.324,1475
821.443,1493
821.561,1457
821.68,1448
821.798,1440
821.917,1437
822.035,1454
822.154,1443
822.273,1452
822.391,1472
822.51,1469
822.628,1431
822.747,1449
822.865,1431
822.984,1455
823.102,1464
823.221,1398
823.339,1414
823.458,1438
823.576,1460
823.695,1433
823.813,1459
823.932,1467
824.05,1424
824.169,1443
824.287,1492
824.406,1484
824.524,1448
824.643,1443
824.761,1430
824.88,1466
824.998,1440
825.117,1476
825.235,1444
825.354,1445
825.472,1446
825.591,1426
825.709,1424
825.828,1400
825.946,1383
826.064,1426
826.183,1384
826.301,1360
826.42,1393
826.538,1398
826.657,1368
826.775,1402
826.894,1371
827.012,1368
827.13,1369
827.249,1324
827.367,1356
827.486,1369
827.604,1387
827.723,1373
827.841,1335
827.959,1341
828.078,1348
828.196,1335
828.315,1317
828.433,1306
828.552,1310
828.67,1328
828.788,1349
828.907,1314
829.025,1368
829.143,1344
829.262,1308
829.38,1309
829.499,1296
829.617,1352
829.735,1313
829.854,1300
829.972,1346
830.091,1323
830.209,1355
830.327,1346
830.446,1335
830.564,1305
830.682,1312
830.801,1323
830.919,1340
831.037,1317
831.156,1309
831.274,1362
831.392,1366
831.511,1294
831.629,1299
831.747,1277
831.866,1324
831.984,1319
832.102,1313
832.221,1330
832.339,1324
832.457,1317
832.576,1357
832.694,1333
832.812,1289
832.93,1356
833.049,1340
833.167,1323
833.285,1330
833.404,1339
833.522,1343
833.64,1301
833.759,1339
833.877,1315
833.995,1326
834.113,1298
834.232,1321
834.35,1327
834.468,1344
834.586,1290
834.705,1296
834.823,1351
834.941,1353
835.059,1336
835.178,1326
835.296,1365
835.414,1297
835.532,1350
835.651,1379
835.769,1341
835.887,1347
836.005,1335
836.124,1337
836.242,1351
836.36,1342
836.478,1345
836.596,1349
836.715,1375
836.833,1389
836.951,1370
837.069,1417
837.188,1421
837.306,1382
837.424,1413
837.542,1397
837.66,1434
837.779,1439
837.897,1387
838.015,1411
838.133,1435
838.251,1431
838.369,1419
838.487,1425
838.606,1393
838.724,1415
838.842,1402
838.96,1409
839.078,1392
839.196,1400
839.315,1404
839.433,1411
839.551,1377
839.669,1370
839.787,1391
839.905,1382
840.023,1394
840.142,1366
840.26,1348
840.378,1348
840.496,1370
840.614,1337
840.732,1353
840.85,1336
840.968,1363
841.087,1355
841.205,1311
841.323,1323
841.441,1340
841.559,1362
841.677,1322
841.795,1345
841.913,1350
842.031,1339
842.149,1334
842.267,1297
842.385,1270
842.504,1319
842.622,1301
842.74,1253
842.858,1323
842.976,1261
843.094,1257
843.212,1303
843.33,1310
843.448,1296
843.566,1280
843.684,1331
843.802,1262
843.92,1290
844.038,1314
844.156,1289
844.274,1285
844.392,1317
844.51,1294
844.628,1292
844.746,1289
844.864,1273
844.982,1285
845.1,1295
845.218,1276
845.336,1297
845.454,1267
845.572,1270
845.69,1251
845.808,1260
845.926,1302
846.044,1263
846.162,1256
846.28,1276
846.398,1286
846.516,1275
846.634,1275
846.752,1235
846.87,1302
846.988,1249
847.106,1270
847.224,1271
847.342,1264
847.46,1232
847.578,1251
847.696,1292
847.814,1242
847.932,1278
848.05,1278
848.168,1277
848.285,1268
848.403,1272
848.521,1290
848.639,1266
848.757,1308
848.875,1266
848.993,1273
849.111,1274
849.229,1294
849.347,1275
849.465,1294
849.582,1293
849.7,1293
849.818,1262
849.936,1271
850.054,1262
850.172,1282
850.29,1283
850.408,1290
850.525,1302
850.643,1269
850.761,1273
850.879,1356
850.997,1293
851.115,1279
851.233,1250
851.35,1285
851.468,1231
851.586,1292
851.704,1298
851.822,1282
851.94,1278
852.057,1291
852.175,1268
852.293,1298
852.411,1264
852.529,1274
852.647,1327
852.764,1252
852.882,1287
853.0,1280
853.118,1269
853.236,1311
853.353,1257
853.471,1332
853.589,1289
853.707,1301
853.824,1262
853.942,1317
854.06,1294
854.178,1256
854.296,1298
854.413,1277
854.531,1315
854.649,1317
854.767,1278
854.884,1343
855.002,1327
855.12,1291
855.238,1321
855.355,1254
855.473,1311
855.591,1338
855.708,1283
855.826,1303
855.944,1321
856.062,1318
856.179,1321
856.297,1309
856.415,1325
856.532,1336
856.65,1300
856.768,1318
856.886,1323
857.003,1301
857.121,1288
857.239,1302
857.356,1315
857.474,1318
857.592,1324
857.709,1307
857.827,1309
857.945,1277
858.062,1336
858.18,1310
858.298,1300
858.415,1310
858.533,1320
858.651,1317
858.768,1307
858.886,1326
859.003,1324
859.121,1277
859.239,1297
859.356,1286
859.474,1282
859.592,1322
859.709,1288
859.827,1298
859.944,1268
860.062,1300
860.18,1318
860.297,1252
860.415,1276
860.532,1300
860.65,1247
860.768,1306
860.885,1306
861.003,1269
861.12,1282
861.238,1304
861.356,1314
861.473,1332
861.591,1293
861.708,1278
861.826,1261
861.943,1337
862.061,1257
862.178,1290
862.296,1285
862.414,1316
862.531,1314
862.649,1305
862.766,1273
862.884,1317
863.001,1324
863.119,1267
863.236,1319
863.354,1225
863.471,1322
863.589,1297
863.706,1274
863.824,1289
863.941,1303
864.059,1328
864.176,1331
864.294,1322
864.411,1334
864.529,1285
864.646,1313
864.764,1318
864.881,1307
864.999,1319
865.116,1286
865.233,1285
865.351,1311
865.468,1295
865.586,1352
865.703,1311
865.821,1319
865.938,1288
866.056,1303
866.173,1350
866.29,1297
866.408,1312
866.525,1303
866.643,1299
866.76,1274
866.878,1310
866.995,1319
867.112,1305
867.23,1314
867.347,1323
867.465,1319
867.582,1322
867.699,1284
867.817,1291
867.934,1292
868.051,1357
868.169,1333
868.286,1315
868.404,1323
868.521,1308
868.638,1335
868.756,1301
868.873,1318
868.99,1336
869.108,1318
869.225,1318
869.342,1306
869.46,1304
869.577,1332
869.694,1297
869.812,1334
869.929,1339
870.046,1312
870.164,1304
870.281,1308
870.398,1294
870.516,1292
870.633,1287
870.75,1288
870.867,1278
870.985,1284
871.102,1319
871.219,1304
871.337,1291
871.454,1318
871.571,1281
871.688,1355
871.806,1265
871.923,1328
872.04,1309
872.157,1330
872.275,1299
872.392,1323
872.509,1299
872.626,1288
872.744,1279
872.861,1317
872.978,1329
873.095,1303
873.213,1315
873.33,1284
873.447,1349
873.564,1295
873.681,1292
873.799,1307
873.916,1300
874.033,1333
874.15,1313
874.267,1302
874.385,1305
874.502,1261
874.619,1284
874.736,1315
874.853,1336
874.97,1305
875.088,1310
875.205,1322
875.322,1305
875.439,1331
875.556,1291
875.673,1330
875.791,1284
875.908,1311
876.025,1326
876.142,1322
876.259,1342
876.376,1303
876.493,1328
876.61,1344
876.728,1331
876.845,1331
876.962,1338
877.079,1332
877.196,1311
877.313,1292
877.43,1311
877.547,1345
877.664,1339
877.781,1305
877.898,1305
878.016,1327
878.133,1316
878.25,1337
878.367,1317
878.484,1316
878.601,1359
878.718,1336
878.835,1280
878.952,1297
879.069,1290
879.186,1357
879.303,1303
879.42,1325
879.537,1314
879.654,1346
879.771,1299
879.888,1321
880.005,1299
880.122,1335
880.239,1345
880.356,1279
880.473,1298
880.59,1308
880.707,1340
880.824,1298
880.941,1342
881.058,1330
881.175,1302
881.292,1319
881.409,1301
881.526,1341
881.643,1346
881.76,1356
881.877,1314
881.994,1307
882.111,1292
882.228,1310
882.345,1301
882.462,1345
882.579,1301
882.696,1351
882.812,1324
882.929,1331
883.046,1356
883.163,1359
883.28,1302
883.397,1321
883.514,1356
883.631,1302
883.748,1339
883.865,1358
883.982,1367
884.098,1337
884.215,1373
884.332,1335
884.449,1316
884.566,1399
884.683,1377
884.8,1338
884.916,1333
885.033,1340
885.15,1349
885.267,1326
885.384,1336
885.501,1325
885.617,1339
885.734,1374
885.851,1367
885.968,1354
886.085,1328
886.202,1368
886.318,1373
886.435,1334
886.552,1365
886.669,1350
886.786,1347
886.902,1331
887.019,1392
887.136,1331
887.253,1378
887.369,1370
887.486,1384
887.603,1312
887.72,1339
887.837,1351
887.953,1335
888.07,1312
888.187,1353
888.304,1368
888.42,1357
888.537,1348
888.654,1371
888.77,1334
888.887,1348
889.004,1340
889.121,1370
889.237,1362
889.354,1345
889.471,1381
889.587,1342
889.704,1377
889.821,1366
889.938,1358
890.054,1372
890.171,1363
890.288,1341
890.404,1348
890.521,1392
890.638,1340
890.754,1371
890.871,1356
890.988,1347
891.104,1365
891.221,1307
891.337,1383
891.454,1381
891.571,1395
891.687,1376
891.804,1348
891.921,1377
892.037,1367
892.154,1389
892.27,1386
892.387,1411
892.504,1377
892.62,1361
892.737,1390
892.854,1361
892.97,1396
893.087,1357
893.203,1370
893.32,1361
893.436,1403
893.553,1378
893.67,1395
893.786,1379
893.903,1383
894.019,1364
894.136,1369
894.252,1384
894.369,1371
894.485,1324
894.602,1359
894.718,1392
894.835,1376
894.951,1410
895.068,1369
895.184,1379
895.301,1393
895.417,1375
895.534,1358
895.65,1397
895.767,1375
895.883,1412
896.0,1374
896.116,1399
896.233,1329
896.349,1389
896.466,1411
896.582,1367
896.699,1368
896.815,1395
896.932,1393
897.048,1388
897.165,1399
897.281,1378
897.397,1389
897.514,1396
897.63,1378
897.747,1381
897.863,1411
897.979,1373
898.096,1403
898.212,1370
898.329,1376
898.445,1375
898.561,1412
898.678,1371
898.794,1366
898.911,1344
899.027,1386
899.143,1375
899.26,1420
899.376,1412
899.492,1373
899.609,1402
899.725,1394
899.842,1384
899.958,1392
900.074,1461
900.191,1397
900.307,1420
900.423,1425
900.539,1407
900.656,1405
900.772,1424
900.888,1425
901.005,1400
901.121,1362
901.237,1403
901.354,1368
901.47,1410
901.586,1414
901.703,1394
901.819,1387
901.935,1433
902.051,1386
902.168,1433
902.284,1413
902.4,1364
902.516,1393
902.633,1379
902.749,1417
902.865,1416
902.981,1383
903.098,1436
903.214,1410
903.33,1427
903.446,1403
903.562,1409
903.679,1404
903.795,1452
903.911,1401
904.027,1396
904.143,1423
904.26,1452
904.376,1390
904.492,1434
904.608,1365
904.724,1411
904.841,1369
904.957,1454
905.073,1394
905.189,1487
905.305,1365
905.421,1419
905.538,1401
905.654,1389
905.77,1441
905.886,1435
906.002,1447
906.118,1438
906.234,1483
906.35,1468
906.466,1437
906.583,1417
906.699,1393
906.815,1409
906.931,1384
907.047,1454
907.163,1435
907.279,1459
907.395,1451
907.511,1448
907.627,1457
907.743,1405
907.859,1433
907.976,1464
908.092,1429
908.208,1443
908.324,1434
908.44,1427
908.556,1439
908.672,1399
908.788,1413
908.904,1412
909.02,1414
909.136,1418
909.252,1428
909.368,1493
909.484,1419
909.6,1435
909.716,1415
909.832,1446
909.948,1454
910.064,1436
910.18,1475
910.296,1410
910.412,1454
910.528,1398
910.644,1490
910.76,1440
910.875,1443
910.991,1455
911.107,1435
911.223,1411
911.339,1455
911.455,1376
911.571,1435
911.687,1445
911.803,1388
911.919,1472
912.035,1415
912.151,1452
912.267,1419
912.382,1435
912.498,1458
912.614,1422
912.73,1457
912.846,1368
792.446,2190
792.565,2208
792.684,2234
792.803,2169
792.922,2084
793.041,2105
793.16,2100
793.279,2074
793.398,2047
793.518,2108
793.637,2065
793.756,2077
793.875,2058
793.994,2044
794.113,2001
794.232,2072
794.351,2019
794.47,2029
794.589,1976
794.708,1993
794.827,2002
794.946,1976
795.066,2013
795.185,2017
795.304,1964
795.423,1982
795.542,1978
795.661,2034
795.78,1974
795.899,1954
796.018,1934
796.137,1951
796.256,1963
796.375,1935
796.494,1990
796.613,1935
796.732,1886
796.851,1932
796.97,1941
797.089,1910
797.208,1863
797.327,1943
797.446,1888
797.565,1914
797.684,1871
797.803,1971
797.922,1885
798.041,1909
798.16,1947
798.279,1905
798.398,1919
798.517,1885
798.636,1902
798.755,1968
798.874,1909
798.993,1944
799.112,1924
799.231,1921
799.35,1900
799.469,1924
799.588,1892
799.707,1901
799.826,1970
799.945,1944
800.064,1897
800.183,1907
800.302,1914
800.421,1950
800.54,1926
800.659,1936
800.778,1949
800.897,1978
801.016,1911
801.135,1944
801.254,1995
801.373,1933
801.492,1968
801.611,2019
801.729,1985
801.848,1961
801.967,1954
802.086,1951
802.205,1945
802.324,1959
802.443,1997
802.562,1997
802.681,1982
802.8,1990
802.919,1980
803.038,1990
803.157,2000
803.276,1988
803.394,2010
803.513,2013
803.632,2055
803.751,2002
803.87,2051
803.989,2032
804.108,1983
804.227,1994
804.346,2032
804.465,2022
804.583,2039
804.702,2044
804.821,2021
804.94,2108
805.059,2039
805.178,2043
805.297,2025
805.416,2051
805.535,1999
805.653,2078
805.772,2116
805.891,2073
806.01,2051
806.129,2116
806.248,2027
806.367,2102
806.485,2093
806.604,2090
806.723,2072
806.842,2130
806.961,2042
807.08,2084
807.198,2085
807.317,2099
807.436,2090
807.555,2085
807.674,2124
807.793,2117
807.912,2166
808.03,2091
808.149,2093
808.268,2175
808.387,2115
808.506,2123
808.624,2151
808.743,2098
808.862,2154
808.981,2173
809.1,2135
809.219,2149
809.337,2142
809.456,2193
809.575,2146
809.694,2138
809.812,2155
809.931,2184
810.05,2176
810.169,2203
810.288,2134
810.406,2161
810.525,2214
810.644,2175
810.763,2177
810.882,2163
811.0,2186
811.119,2179
811.238,2165
811.357,2181
811.475,2210
811.594,2152
811.713,2148
811.832,2131
811.95,2216
812.069,2140
812.188,2221
812.307,2233
812.425,2164
812.544,2200
812.663,2182
812.782,2145
812.9,2184
813.019,2171
813.138,2186
813.257,2200
813.375,2185
813.494,2212
813.613,2224
813.731,2212
813.85,2173
813.969,2200
814.088,2189
814.206,2192
814.325,2193
814.444,2199
814.562,2145
814.681,2182
814.8,2136
814.918,2162
815.037,2132
815.156,2143
815.274,2105
815.393,2135
815.512,2105
815.631,2088
815.749,2078
815.868,2106
815.987,2042
816.105,2087
816.224,2072
816.343,2025
816.461,2111
816.58,2089
816.698,2105
816.817,2123
816.936,2121
817.055,2085
817.173,2094
817.292,2117
817.41,2089
817.529,2037
817.648,2045
817.766,1996
817.885,1952
818.004,1912
818.122,1905
818.241,1851
818.359,1785
818.478,1740
818.597,1756
818.715,1762
818.834,1714
818.953,1717
819.071,1668
819.19,1646
819.308,1629
819.427,1596
819.546,1587
819.664,1621
819.783,1589
819.901,1577
820.02,1576
820.138,1569
820.257,1567
820.376,1556
820.494,1553
820.613,1555
820.731,1533
820.85,1534
820.969,1528
821.087,1518
821.206,1512
821.324,1538
821.443,1510
821.561,1554
821.68,1507
821.798,1554
821.917,1494
822.035,1490
822.154,1494
822.273,1468
822.391,1511
822.51,1497
822.628,1458
822.747,1498
822.865,1442
822.984,1460
823.102,1481
823.221,1505
823.339,1456
823.458,1476
823.576,1419
823.695,1491
823.813,1508
823.932,1517
824.05,1505
824.169,1509
824.287,1468
824.406,1538
824.524,1483
824.643,1479
824.761,1508
824.88,1512
824.998,1460
825.117,1482
825.235,1482
825.354,1496
825.472,1459
825.591,1480
825.709,1448
825.828,1451
825.946,1441
826.064,1426
826.183,1443
826.301,1430
826.42,1450
826.538,1435
826.657,1429
826.775,1428
826.894,1390
827.012,1401
827.13,1366
827.249,1420
827.367,1410
827.486,1371
827.604,1339
827.723,1381
827.841,1368
827.959,1388
828.078,1392
828.196,1360
828.315,1376
828.433,1417
828.552,1363
828.67,1382
828.788,1350
828.907,1326
829.025,1372
829.143,1353
829.262,1389
829.38,1367
829.499,1340
829.617,1353
829.735,1353
829.854,1376
829.972,1346
830.091,1386
830.209,1377
830.327,1343
830.446,1326
830.564,1408
830.682,1342
830.801,1364
830.919,1401
831.037,1348
831.156,1375
831.274,1341
831.392,1328
831.511,1349
831.629,1380
831.747,1326
831.866,1335
831.984,1373
832.102,1365
832.221,1329
832.339,1383
832.457,1356
832.576,1364
832.694,1359
832.812,1337
832.93,1378
833.049,1307
833.167,1341
833.285,1325
833.404,1340
833.522,1371
833.64,1320
833.759,1367
833.877,1348
833.995,1323
834.113,1373
834.232,1338
834.35,1324
834.468,1340
834.586,1329
834.705,1351
834.823,1361
834.941,1319
835.059,1332
835.178,1405
835.296,1349
835.414,1342
835.532,1368
835.651,1340
835.769,1353
835.887,1386
836.005,1417
836.124,1366
836.242,1399
836.36,1420
836.478,1444
836.596,1410
836.715,1410
836.833,1402
836.951,1410
837.069,1435
837.188,1474
837.306,1407
837.424,1465
837.542,1439
837.66,1460
837.779,1476
837.897,1456
838.015,1450
838.133,1395
838.251,1409
838.369,1456
838.487,1440
838.606,1386
838.724,1462
838.842,1432
838.96,1418
839.078,1394
839.196,1422
839.315,1405
839.433,1421
839.551,1388
839.669,1390
839.787,1412
839.905,1361
840.023,1408
840.142,1414
840.26,1413
840.378,1391
840.496,1418
840.614,1400
840.732,1370
840.85,1397
840.968,1382
841.087,1391
841.205,1356
841.323,1359
841.441,1357
841.559,1382
841.677,1356
841.795,1361
841.913,1363
842.031,1345
842.149,1342
842.267,1327
842.385,1347
842.504,1329
842.622,1298
842.74,1341
842.858,1298
842.976,1340
843.094,1298
843.212,1339
843.33,1338
843.448,1308
843.566,1285
843.684,1309
843.802,1289
843.92,1356
844.038,1319
844.156,1291
844.274,1342
844.392,1308
844.51,1323
844.628,1315
844.746,1334
844.864,1285
844.982,1297
845.1,1312
845.218,1301
845.336,1252
845.454,1350
845.572,1313
845.69,1282
845.808,1296
845.926,1316
846.044,1312
846.162,1289
846.28,1276
846.398,1318
846.516,1325
846.634,1354
846.752,1285
846.87,1329
846.988,1287
847.106,1311
847.224,1314
847.342,1328
847.46,1304
847.578,1323
847.696,1331
847.814,1276
847.932,1276
848.05,1304
848.168,1321
848.285,1318
848.403,1280
848.521,1333
848.639,1301
848.757,1306
848.875,1288
848.993,1292
849.111,1259
849.229,1343
849.347,1311
849.465,1297
849.582,1285
849.7,1290
849.818,1333
849.936,1290
850.054,1279
850.172,1262
850.29,1293
850.408,1324
850.525,1313
850.643,1332
850.761,1298
850.879,1313
850.997,1310
851.115,1311
851.233,1325
851.35,1286
851.468,1311
851.586,1344
851.704,1327
851.822,1304
851.94,1326
852.057,1327
852.175,1347
852.293,1268
852.411,1304
852.529,1308
852.647,1326
852.764,1308
852.882,1335
853.0,1330
853.118,1272
853.236,1328
853.353,1313
853.471,1304
853.589,1298
853.707,1287
853.824,1323
853.942,1322
854.06,1337
854.178,1319
854.296,1320
854.413,1306
854.531,1316
854.649,1305
854.767,1337
854.884,1314
855.002,1291
855.12,1314
855.238,1335
855.355,1332
855.473,1308
855.591,1331
855.708,1317
855.826,1338
855.944,1361
856.062,1317
856.179,1314
856.297,1335
856.415,1348
856.532,1334
856.65,1354
856.768,1356
856.886,1358
857.003,1355
857.121,1350
857.239,1315
857.356,1353
857.474,1381
857.592,1382
857.709,1342
857.827,1322
857.945,1351
858.062,1326
858.18,1326
858.298,1328
858.415,1343
858.533,1322
858.651,1337
858.768,1347
858.886,1340
859.003,1358
859.121,1347
859.239,1361
859.356,1363
859.474,1339
859.592,1351
859.709,1329
859.827,1343
859.944,1309
860.062,1336
860.18,1335
860.297,1305
860.415,1267
860.532,1355
860.65,1347
860.768,1331
860.885,1315
861.003,1365
861.12,1308
861.238,1287
861.356,1343
861.473,1376
861.591,1360
861.708,1335
861.826,1318
861.943,1310
862.061,1301
862.178,1336
862.296,1297
862.414,1363
862.531,1326
862.649,1313
862.766,1339
862.884,1317
863.001,1328
863.119,1333
863.236,1297
863.354,1339
863.471,1348
863.589,1353
863.706,1325
863.824,1334
863.941,1321
864.059,1328
864.176,1323
864.294,1314
864.411,1378
864.529,1357
864.646,1326
864.764,1312
864.881,1381
864.999,1308
865.116,1328
865.233,1322
865.351,1315
865.468,1346
865.586,1332
865.703,1365
865.821,1359
865.938,1322
866.056,1357
866.173,1394
866.29,1303
866.408,1355
866.525,1381
866.643,1335
866.76,1357
866.878,1351
866.995,1327
867.112,1342
867.23,1315
867.347,1324
867.465,1356
867.582,1350
867.699,1296
867.817,1356
867.934,1338
868.051,1324
868.169,1313
868.286,1349
868.404,1388
868.521,1354
868.638,1365
868.756,1331
868.873,1339
868.99,1392
869.108,1353
869.225,1371
869.342,1320
869.46,1343
869.577,1343
869.694,1379
869.812,1332
869.929,1349
870.046,1354
870.164,1330
870.281,1282
870.398,1375
870.516,1351
870.633,1355
870.75,1309
870.867,1343
870.985,1311
871.102,1361
871.219,1338
871.337,1328
871.454,1347
871.571,1368
871.688,1325
871.806,1342
871.923,1302
872.04,1370
872.157,1369
872.275,1341
872.392,1362
872.509,1317
872.626,1351
872.744,1372
872.861,1380
872.978,1343
873.095,1312
873.213,1329
873.33,1297
873.447,1320
873.564,1349
873.681,1353
873.799,1338
873.916,1365
874.033,1329
874.15,1352
874.267,1324
874.385,1373
874.502,1327
874.619,1327
874.736,1348
874.853,1362
874.97,1354
875.088,1374
875.205,1334
875.322,1351
875.439,1355
875.556,1342
875.673,1372
875.791,1332
875.908,1350
876.025,1327
876.142,1336
876.259,1312
876.376,1384
876.493,1372
876.61,1356
876.728,1374
876.845,1344
876.962,1319
877.079,1312
877.196,1332
877.313,1384
877.43,1391
877.547,1348
877.664,1338
877.781,1341
877.898,1347
878.016,1350
878.133,1347
878.25,1362
878.367,1343
878.484,1327
878.601,1338
878.718,1362
878.835,1321
878.952,1310
879.069,1350
879.186,1327
879.303,1380
879.42,1367
879.537,1299
879.654,1331
879.771,1328
879.888,1310
880.005,1335
880.122,1320
880.239,1383
880.356,1328
880.473,1381
880.59,1331
880.707,1361
880.824,1371
880.941,1337
881.058,1372
881.175,1359
881.292,1353
881.409,1343
881.526,1350
881.643,1416
881.76,1378
881.877,1354
881.994,1399
882.111,1346
882.228,1348
882.345,1352
882.462,1341
882.579,1433
882.696,1374
882.812,1352
882.929,1368
883.046,1351
883.163,1349
883.28,1331
883.397,1374
883.514,1380
883.631,1331
883.748,1369
883.865,1349
883.982,1342
884.098,1325
884.215,1352
884.332,1378
884.449,1369
884.566,1341
884.683,1389
884.8,1406
884.916,1355
885.033,1364
885.15,1359
885.267,1346
885.384,1334
885.501,1388
885.617,1305
885.734,1341
885.851,1381
885.968,1381
886.085,1383
886.202,1370
886.318,1354
886.435,1386
886.552,1356
886.669,1361
886.786,1343
886.902,1398
887.019,1363
887.136,1427
887.253,1383
887.369,1358
887.486,1387
887.603,1424
887.72,1368
887.837,1360
887.953,1406
888.07,1375
888.187,1355
888.304,1373
888.42,1350
888.537,1343
888.654,1390
888.77,1399
888.887,1393
889.004,1388
889.121,1402
889.237,1397
889.354,1402
889.471,1395
889.587,1356
889.704,1427
889.821,1375
889.938,1377
890.054,1392
890.171,1412
890.288,1379
890.404,1403
890.521,1389
890.638,1379
890.754,1371
890.871,1378
890.988,1386
891.104,1394
891.221,1387
891.337,1374
891.454,1363
891.571,1445
891.687,1412
891.804,1402
891.921,1360
892.037,1402
892.154,1409
892.27,1383
892.387,1412
892.504,1383
892.62,1441
892.737,1415
892.854,1401
892.97,1400
893.087,1399
893.203,1415
893.32,1401
893.436,1419
893.553,1403
893.67,1400
893.786,1373
893.903,1402
894.019,1437
894.136,1396
894.252,1405
894.369,1442
894.485,1438
894.602,1417
894.718,1439
894.835,1416
894.951,1455
895.068,1432
895.184,1419
895.301,1425
895.417,1432
895.534,1420
895.65,1438
895.767,1391
895.883,1417
896.0,1404
896.116,1401
896.233,1441
896.349,1427
896.466,1440
896.582,1418
896.699,1452
896.815,1411
896.932,1407
897.048,1397
897.165,1435
897.281,1422
897.397,1419
897.514,1443
897.63,1439
897.747,1421
897.863,1385
897.979,1448
898.096,1417
898.212,1417
898.329,1437
898.445,1445
898.561,1403
898.678,1446
898.794,1399
898.911,1425
899.027,1412
899.143,1449
899.26,1417
899.376,1400
899.492,1471
899.609,1443
899.725,1463
899.842,1395
899.958,1439
900.074,1422
900.191,1443
900.307,1420
900.423,1418
900.539,1392
900.656,1486
900.772,1452
900.888,1469
901.005,1412
901.121,1451
901.237,1436
901.354,1478
901.47,1434
901.586,1488
901.703,1423
901.819,1407
901.935,1410
902.051,1459
902.168,1456
902.284,1438
902.4,1426
902.516,1428
902.633,1445
902.749,1428
902.865,1438
902.981,1418
903.098,1491
903.214,1427
903.33,1451
903.446,1472
903.562,1408
903.679,1456
903.795,1489
903.911,1440
904.027,1475
904.143,1489
904.26,1461
904.376,1458
904.492,1452
904.608,1439
904.724,1481
904.841,1448
904.957,1429
905.073,1462
905.189,1439
905.305,1470
905.421,1430
905.538,1463
905.654,1470
905.77,1419
905.886,1499
906.002,1454
906.118,1491
906.234,1467
906.35,1474
906.466,1483
906.583,1445
906.699,1483
906.815,1481
906.931,1476
907.047,1436
907.163,1496
907.279,1454
907.395,1462
907.511,1513
907.627,1405
907.743,1466
907.859,1489
907.976,1419
908.092,1456
908.208,1465
908.324,1506
908.44,1453
908.556,1442
908.672,1457
908.788,1478
908.904,1469
909.02,1450
909.136,1431
909.252,1439
909.368,1468
909.484,1431
909.6,1480
909.716,1472
909.832,1445
909.948,1488
910.064,1494
910.18,1409
910.296,1524
910.412,1502
910.528,1475
910.644,1538
910.76,1468
910.875,1436
910.991,1448
911.107,1418
911.223,1468
911.339,1477
911.455,1538
911.571,1434
911.687,1441
911.803,1482
911.919,1434
912.035,1454
912.151,1496
912.267,1427
912.382,1469
912.498,1435
912.614,1491
912.73,1440
912.846,1514
792.446,2270
792.565,2263
792.684,2307
792.803,2194
792.922,2095
793.041,2106
793.16,2111
793.279,2103
793.398,2084
793.518,2097
793.637,2084
793.756,2079
793.875,2114
793.994,2100
794.113,2056
794.232,1998
794.351,2001
794.47,1984
794.589,2057
794.708,2040
794.827,1998
794.946,2003
795.066,2001
795.185,1950
795.304,2006
795.423,1981
795.542,2021
795.661,2029
795.78,1979
795.899,2029
796.018,1976
796.137,1975
796.256,1986
796.375,1950
796.494,1919
796.613,1961
796.732,1949
796.851,1957
796.97,1987
797.089,1939
797.208,1926
797.327,1926
797.446,1946
797.565,1920
797.684,1982
797.803,1991
797.922,1965
798.041,1909
798.16,1943
798.279,1895
798.398,1947
798.517,1989
798.636,1914
798.755,1986
798.874,1916
798.993,1904
799.112,1945
799.231,1951
799.35,1922
799.469,1848
799.588,1905
799.707,1928
799.826,1947
799.945,1951
800.064,1959
800.183,1949
800.302,1917
800.421,1918
800.54,1967
800.659,2002
800.778,1931
800.897,1963
801.016,1973
801.135,2011
801.254,1970
801.373,1983
801.492,1951
801.611,1953
801.729,1986
801.848,1972
801.967,1976
802.086,2014
802.205,1948
802.324,1952
802.443,1982
802.562,2001
802.681,2025
802.8,1984
802.919,2001
803.038,1979
803.157,2036
803.276,2031
803.394,1995
803.513,1976
803.632,2020
803.751,2013
803.87,2013
803.989,2022
804.108,2002
804.227,2011
804.346,2052
804.465,2041
804.583,1985
804.702,2059
804.821,2015
804.94,2019
805.059,1993
805.178,2092
805.297,2082
805.416,2069
805.535,2079
805.653,2083
805.772,2124
805.891,2094
806.01,2075
806.129,2020
806.248,2073
806.367,2105
806.485,2100
806.604,2062
806.723,2100
806.842,2066
806.961,2077
807.08,2157
807.198,2154
807.317,2121
807.436,2134
807.555,2088
807.674,2115
807.793,2155
807.912,2092
808.03,2140
808.149,2146
808.268,2108
808.387,2106
808.506,2090
808.624,2189
808.743,2120
808.862,2185
808.981,2163
809.1,2190
809.219,2170
809.337,2202
809.456,2125
809.575,2206
809.694,2217
809.812,2171
809.931,2125
810.05,2141
810.169,2162
810.288,2182
810.406,2161
810.525,2164
810.644,2119
810.763,2185
810.882,2168
811.0,2181
811.119,2186
811.238,2169
811.357,2138
811.475,2186
811.594,2167
811.713,2260
811.832,2159
811.95,2186
812.069,2173
812.188,2196
812.307,2253
812.425,2236
812.544,2156
812.663,2147
812.782,2235
812.9,2196
813.019,2235
813.138,2202
813.257,2158
813.375,2234
813.494,2194
813.613,2189
813.731,2244
813.85,2214
813.969,2216
814.088,2192
814.206,2188
814.325,2187
814.444,2193
814.562,2208
814.681,2223
814.8,2180
814.918,2115
815.037,2141
815.156,2131
815.274,2093
815.393,2066
815.512,2136
815.631,2110
815.749,2091
815.868,2059
815.987,2088
816.105,2087
816.224,2076
816.343,2058
816.461,2086
816.58,2051
816.698,2124
816.817,2126
816.936,2131
817.055,2098
817.173,2117
817.292,2099
817.41,2090
817.529,2071
817.648,2065
817.766,1965
817.885,1966
818.004,1908
818.122,1875
818.241,1893
818.359,1791
818.478,1809
818.597,1778
818.715,1756
818.834,1712
818.953,1680
819.071,1671
819.19,1644
819.308,1648
819.427,1616
819.546,1602
819.664,1621
819.783,1621
819.901,1597
820.02,1617
820.138,1585
820.257,1550
820.376,1560
820.494,1569
820.613,1569
820.731,1583
820.85,1510
820.969,1542
821.087,1525
821.206,1554
821.324,1471
821.443,1515
821.561,1507
821.68,1528
821.798,1503
821.917,1525
822.035,1499
822.154,1508
822.273,1469
822.391,1516
822.51,1492
822.628,1454
822.747,1500
822.865,1472
822.984,1501
823.102,1451
823.221,1452
823.339,1481
823.458,1503
823.576,1480
823.695,1448
823.813,1523
823.932,1476
824.05,1482
824.169,1503
824.287,1517
824.406,1525
824.524,1498
824.643,1474
824.761,1446
824.88,1519
824.998,1515
825.117,1464
825.235,1541
825.354,1452
825.472,1476
825.591,1474
825.709,1464
825.828,1446
825.946,1462
826.064,1434
826.183,1428
826.301,1410
826.42,1481
826.538,1414
826.657,1388
826.775,1463
826.894,1432
827.012,1417
827.13,1406
827.249,1392
827.367,1394
827.486,1403
827.604,1380
827.723,1359
827.841,1412
827.959,1381
828.078,1423
828.196,1413
828.315,1447
828.433,1406
828.552,1403
828.67,1391
828.788,1396
828.907,1373
829.025,1385
829.143,1371
829.262,1381
829.38,1348
829.499,1404
829.617,1360
829.735,1399
829.854,1389
829.972,1377
830.091,1346
830.209,1354
830.327,1373
830.446,1385
830.564,1362
830.682,1348
830.801,1371
830.919,1417
831.037,1350
831.156,1356
831.274,1358
831.392,1370
831.511,1381
831.629,1373
831.747,1341
831.866,1370
831.984,1359
832.102,1355
832.221,1343
832.339,1333
832.457,1324
832.576,1338
832.694,1322
832.812,1401
832.93,1361
833.049,1356
833.167,1345
833.285,1355
833.404,1354
833.522,1397
833.64,1314
833.759,1371
833.877,1330
833.995,1332
834.113,1364
834.232,1339
834.35,1356
834.468,1367
834.586,1323
834.705,1383
834.823,1383
834.941,1343
835.059,1343
835.178,1355
835.296,1400
835.414,1422
835.532,1363
835.651,1363
835.769,1326
835.887,1398
836.005,1335
836.124,1379
836.242,1419
836.36,1386
836.478,1377
836.596,1366
836.715,1440
836.833,1434
836.951,1399
837.069,1484
837.188,1430
837.306,1439
837.424,1438
837.542,1479
837.66,1452
837.779,1403
837.897,1431
838.015,1447
838.133,1442
838.251,1477
838.369,1422
838.487,1475
838.606,1465
838.724,1444
838.842,1432
838.96,1460
839.078,1439
839.196,1394
839.315,1421
839.433,1435
839.551,1413
839.669,1444
839.787,1388
839.905,1450
840.023,1400
840.142,1400
840.26,1373
840.378,1394
840.496,1431
840.614,1411
840.732,1417
840.85,1399
840.968,1404
841.087,1407
841.205,1339
841.323,1407
841.441,1361
841.559,1391
841.677,1344
841.795,1361
841.913,1347
842.031,1345
842.149,1353
842.267,1352
842.385,1334
842.504,1383
842.622,1329
842.74,1315
842.858,1351
842.976,1381
843.094,1338
843.212,1338
843.33,1321
843.448,1310
843.566,1307
843.684,1344
843.802,1310
843.92,1350
844.038,1320
844.156,1389
844.274,1314
844.392,1325
844.51,1326
844.628,1296
844.746,1302
844.864,1329
844.982,1313
845.1,1348
845.218,1308
845.336,1326
845.454,1367
845.572,1253
845.69,1327
845.808,1335
845.926,1312
846.044,1334
846.162,1336
846.28,1313
846.398,1341
846.516,1320
846.634,1324
846.752,1339
846.87,1310
846.988,1295
847.106,1288
847.224,1322
847.342,1313
847.46,1313
847.578,1299
847.696,1315
847.814,1280
847.932,1320
848.05,1320
848.168,1279
848.285,1292
848.403,1359
848.521,1345
848.639,1311
848.757,1325
848.875,1326
848.993,1307
849.111,1329
849.229,1312
849.347,1351
849.465,1308
849.582,1307
849.7,1300
849.818,1308
849.936,1312
850.054,1296
850.172,1325
850.29,1325
850.408,1281
850.525,1327
850.643,1297
850.761,1316
850.879,1298
850.997,1315
851.115,1324
851.233,1328
851.35,1349
851.468,1295
851.586,1315
851.704,1324
851.822,1322
851.94,1276
852.057,1346
852.175,1313
852.293,1304
852.411,1341
852.529,1317
852.647,1302
852.764,1288
852.882,1326
853.0,1297
853.118,1321
853.236,1358
853.353,1358
853.471,1318
853.589,1342
853.707,1291
853.824,1315
853.942,1357
854.06,1342
854.178,1352
854.296,1350
854.413,1341
854.531,1362
854.649,1358
854.767,1325
854.884,1362
855.002,1363
855.12,1360
855.238,1343
855.355,1336
855.473,1322
855.591,1304
855.708,1369
855.826,1328
855.944,1357
856.062,1350
856.179,1367
856.297,1347
856.415,1358
856.532,1360
856.65,1339
856.768,1365
856.886,1352
857.003,1363
857.121,1362
857.239,1365
857.356,1392
857.474,1349
857.592,1353
857.709,1335
857.827,1341
857.945,1343
858.062,1364
858.18,1349
858.298,1347
858.415,1338
858.533,1356
858.651,1363
858.768,1375
858.886,1358
859.003,1334
859.121,1355
859.239,1329
859.356,1331
859.474,1303
859.592,1311
859.709,1361
859.827,1306
859.944,1328
860.062,1345
860.18,1334
860.297,1335
860.415,1379
860.532,1305
860.65,1346
860.768,1340
860.885,1331
861.003,1318
861.12,1342
861.238,1312
861.356,1360
861.473,1315
861.591,1291
861.708,1337
861.826,1333
861.943,1336
862.061,1329
862.178,1334
862.296,1317
862.414,1322
862.531,1314
862.649,1346
862.766,1332
862.884,1383
863.001,1342
863.119,1350
863.236,1336
863.354,1347
863.471,1372
863.589,1345
863.706,1363
863.824,1344
863.941,1377
864.059,1344
864.176,1378
864.294,1358
864.411,1353
864.529,1337
864.646,1338
864.764,1351
864.881,1389
864.999,1297
865.116,1386
865.233,1345
865.351,1328
865.468,1352
865.586,1335
865.703,1374
865.821,1363
865.938,1366
866.056,1351
866.173,1372
866.29,1342
866.408,1333
866.525,1330
866.643,1351
866.76,1327
866.878,1308
866.995,1369
867.112,1330
867.23,1302
867.347,1344
867.465,1377
867.582,1307
867.699,1382
867.817,1333
867.934,1325
868.051,1366
868.169,1346
868.286,1369
868.404,1386
868.521,1332
868.638,1363
868.756,1367
868.873,1385
868.99,1348
869.108,1372
869.225,1352
869.342,1361
869.46,1350
869.577,1365
869.694,1340
869.812,1354
869.929,1339
870.046,1356
870.164,1365
870.281,1375
870.398,1330
870.516,1376
870.633,1350
870.75,1362
870.867,1383
870.985,1325
871.102,1344
871.219,1391
871.337,1363
871.454,1358
871.571,1332
871.688,1355
871.806,1289
871.923,1381
872.04,1355
872.157,1353
872.275,1319
872.392,1374
872.509,1362
872.626,1307
872.744,1379
872.861,1343
872.978,1349
873.095,1342
873.213,1339
873.33,1343
873.447,1341
873.564,1367
873.681,1359
873.799,1391
873.916,1350
874.033,1317
874.15,1372
874.267,1324
874.385,1330
874.502,1313
874.619,1350
874.736,1367
874.853,1318
874.97,1337
875.088,1349
875.205,1321
875.322,1352
875.439,1348
875.556,1357
875.673,1389
875.791,1319
875.908,1349
876.025,1345
876.142,1374
876.259,1340
876.376,1338
876.493,1381
876.61,1354
876.728,1337
876.845,1381
876.962,1362
877.079,1392
877.196,1336
877.313,1340
877.43,1408
877.547,1341
877.664,1307
877.781,1363
877.898,1349
878.016,1361
878.133,1381
878.25,1366
878.367,1316
878.484,1322
878.601,1367
878.718,1351
878.835,1345
878.952,1412
879.069,1353
879.186,1342
879.303,1361
879.42,1373
879.537,1343
879.654,1360
879.771,1368
879.888,1377
880.005,1311
880.122,1342
880.239,1411
880.356,1329
880.473,1377
880.59,1367
880.707,1356
880.824,1386
880.941,1332
881.058,1345
881.175,1362
881.292,1329
881.409,1367
881.526,1369
881.643,1392
881.76,1381
881.877,1375
881.994,1330
882.111,1339
882.228,1364
882.345,1345
882.462,1377
882.579,1347
882.696,1397
882.812,1382
882.929,1372
883.046,1356
883.163,1372
883.28,1383
883.397,1377
883.514,1377
883.631,1387
883.748,1387
883.865,1354
883.982,1364
884.098,1390
884.215,1377
884.332,1339
884.449,1362
884.566,1381
884.683,1324
884.8,1363
884.916,1368
885.033,1376
885.15,1350
885.267,1367
885.384,1361
885.501,1362
885.617,1407
885.734,1389
885.851,1393
885.968,1366
886.085,1376
886.202,1404
886.318,1376
886.435,1380
886.552,1399
886.669,1410
886.786,1333
886.902,1384
887.019,1417
887.136,1389
887.253,1416
887.369,1408
887.486,1390
887.603,1405
887.72,1357
887.837,1413
887.953,1385
888.07,1392
888.187,1387
888.304,1379
888.42,1411
888.537,1348
888.654,1388
888.77,1411
888.887,1388
889.004,1335
889.121,1389
889.237,1399
889.354,1393
889.471,1361
889.587,1411
889.704,1407
889.821,1388
889.938,1371
890.054,1386
890.171,1385
890.288,1379
890.404,1425
890.521,1375
890.638,1369
890.754,1423
890.871,1413
890.988,1433
891.104,1414
891.221,1400
891.337,1423
891.454,1391
891.571,1402
891.687,1429
891.804,1418
891.921,1414
892.037,1392
892.154,1477
892.27,1397
892.387,1385
892.504,1431
892.62,1476
892.737,1373
892.854,1456
892.97,1458
893.087,1429
893.203,1422
893.32,1455
893.436,1449
893.553,1419
893.67,1453
893.786,1406
893.903,1439
894.019,1449
894.136,1360
894.252,1459
894.369,1411
894.485,1448
894.602,1436
894.718,1426
894.835,1419
894.951,1409
895.068,1444
895.184,1418
895.301,1446
895.417,1424
895.534,1438
895.65,1438
895.767,1402
895.883,1442
896.0,1436
896.116,1442
896.233,1456
896.349,1444
896.466,1385
896.582,1432
896.699,1440
896.815,1395
896.932,1439
897.048,1484
897.165,1422
897.281,1450
897.397,1453
897.514,1422
897.63,1444
897.747,1426
897.863,1406
897.979,1411
898.096,1424
898.212,1423
898.329,1435
898.445,1448
898.561,1451
898.678,1441
898.794,1457
898.911,1450
899.027,1425
899.143,1401
899.26,1465
899.376,1458
899.492,1422
899.609,1460
899.725,1421
899.842,1442
899.958,1453
900.074,1439
900.191,1475
900.307,1457
900.423,1471
900.539,1454
900.656,1431
900.772,1441
900.888,1460
901.005,1455
901.121,1462
901.237,1427
901.354,1446
901.47,1471
901.586,1447
901.703,1440
901.819,1524
901.935,1483
902.051,1457
902.168,1523
902.284,1490
902.4,1427
902.516,1414
902.633,1428
902.749,1476
902.865,1496
902.981,1422
903.098,1454
903.214,1484
903.33,1454
903.446,1471
903.562,1464
903.679,1471
903.795,1439
903.911,1466
904.027,1480
904.143,1478
904.26,1491
904.376,1454
904.492,1461
904.608,1449
904.724,1481
904.841,1461
904.957,1498
905.073,1502
905.189,1400
905.305,1476
905.421,1465
905.538,1494
905.654,1408
905.77,1460
905.886,1460
906.002,1487
906.118,1476
906.234,1499
906.35,1472
906.466,1493
906.583,1445
906.699,1532
906.815,1469
906.931,1488
907.047,1478
907.163,1471
907.279,1459
907.395,1461
907.511,1484
907.627,1494
907.743,1475
907.859,1468
907.976,1482
908.092,1458
908.208,1486
908.324,1440
908.44,1467
908.556,1512
908.672,1458
908.788,1502
908.904,1504
909.02,1461
909.136,1475
909.252,1495
909.368,1477
909.484,1494
909.6,1475
909.716,1443
909.832,1500
909.948,1483
910.064,1483
910.18,1430
910.296,1450
910.412,1479
910.528,1503
910.644,1516
910.76,1506
910.875,1502
910.991,1458
911.107,1466
911.223,1464
911.339,1528
911.455,1494
911.571,1464
911.687,1444
911.803,1459
911.919,1494
912.035,1461
912.151,1494
912.267,1503
912.382,1494
912.498,1512
912.614,1494
912.73,1482
912.846,1471
