792.446,2197
792.565,2168
792.684,2169
792.803,2156
792.922,2032
793.041,2036
793.16,2065
793.279,2080
793.398,2094
793.518,2003
793.637,1998
793.756,2021
793.875,2009
793.994,1994
794.113,1997
794.232,2011
794.351,2006
794.47,1981
794.589,1968
794.708,1909
794.827,1940
794.946,1919
795.066,1956
795.185,1933
795.304,1948
795.423,1928
795.542,1923
795.661,1912
795.78,1885
795.899,1937
796.018,1895
796.137,1939
796.256,1868
796.375,1902
796.494,1891
796.613,1868
796.732,1913
796.851,1888
796.97,1843
797.089,1832
797.208,1833
797.327,1861
797.446,1905
797.565,1853
797.684,1895
797.803,1877
797.922,1836
798.041,1841
798.16,1865
798.279,1857
798.398,1874
798.517,1861
798.636,1836
798.755,1846
798.874,1855
798.993,1861
799.112,1849
799.231,1869
799.35,1852
799.469,1805
799.588,1870
799.707,1802
799.826,1926
799.945,1820
800.064,1830
800.183,1870
800.302,1870
800.421,1880
800.54,1831
800.659,1865
800.778,1880
800.897,1829
801.016,1873
801.135,1868
801.254,1853
801.373,1870
801.492,1894
801.611,1840
801.729,1868
801.848,1848
801.967,1859
802.086,1793
802.205,1886
802.324,1880
802.443,1889
802.562,1894
802.681,1880
802.8,1933
802.919,1912
803.038,1855
803.157,1898
803.276,1965
803.394,1920
803.513,1905
803.632,1929
803.751,1928
803.87,1902
803.989,1907
804.108,1911
804.227,1921
804.346,1933
804.465,1956
804.583,1917
804.702,1972
804.821,1941
804.94,1903
805.059,1937
805.178,1966
805.297,1976
805.416,1950
805.535,1935
805.653,1995
805.772,1990
805.891,1985
806.01,1996
806.129,2019
806.248,1969
806.367,1991
806.485,2018
806.604,1924
806.723,1961
806.842,1959
806.961,1928
807.08,1985
807.198,1922
807.317,1969
807.436,2000
807.555,1986
807.674,1926
807.793,1996
807.912,2025
808.03,1956
808.149,1995
808.268,1997
808.387,2025
808.506,2073
808.624,1971
808.743,2016
808.862,1964
808.981,1934
809.1,2005
809.219,1980
809.337,2072
809.456,2015
809.575,2067
809.694,2030
809.812,2023
809.931,1999
810.05,2014
810.169,2013
810.288,2047
810.406,2021
810.525,2050
810.644,2007
810.763,2013
810.882,2011
811.0,2017
811.119,2015
811.238,2022
811.357,2105
811.475,2015
811.594,2006
811.713,2042
811.832,2068
811.95,2062
812.069,2004
812.188,2048
812.307,2059
812.425,2087
812.544,2031
812.663,2094
812.782,2056
812.9,2079
813.019,2015
813.138,2094
813.257,2009
813.375,2024
813.494,2011
813.613,2075
813.731,2064
813.85,2041
813.969,2074
814.088,2076
814.206,1976
814.325,2036
814.444,2026
814.562,2028
814.681,1985
814.8,1996
814.918,2015
815.037,2008
815.156,1987
815.274,2041
815.393,1968
815.512,1972
815.631,1969
815.749,1893
815.868,1966
815.987,1943
816.105,1916
816.224,1926
816.343,1956
816.461,1945
816.58,1957
816.698,1945
816.817,2027
816.936,1959
817.055,1969
817.173,1958
817.292,1984
817.41,1967
817.529,1888
817.648,1905
817.766,1833
817.885,1804
818.004,1807
818.122,1800
818.241,1713
818.359,1703
818.478,1703
818.597,1708
818.715,1671
818.834,1640
818.953,1616
819.071,1611
819.19,1573
819.308,1599
819.427,1553
819.546,1519
819.664,1580
819.783,1502
819.901,1568
820.02,1522
820.138,1535
820.257,1487
820.376,1506
820.494,1465
820.613,1472
820.731,1502
820.85,1513
820.969,1468
821.087,1481
821.206,1474
821.324,1491
821.443,1482
821.561,1467
821.68,1480
821.798,1445
821.917,1446
822.035,1459
822.154,1462
822.273,1441
822.391,1472
822.51,1448
822.628,1461
822.747,1444
822.865,1429
822.984,1412
823.102,1422
823.221,1415
823.339,1448
823.458,1447
823.576,1441
823.695,1440
823.813,1493
823.932,1461
824.05,1479
824.169,1472
824.287,1495
824.406,1453
824.524,1452
824.643,1459
824.761,1482
824.88,1455
824.998,1461
825.117,1461
825.235,1435
825.354,1425
825.472,1440
825.591,1410
825.709,1413
825.828,1467
825.946,1393
826.064,1407
826.183,1406
826.301,1399
826.42,1392
826.538,1409
826.657,1329
826.775,1393
826.894,1388
827.012,1357
827.13,1402
827.249,1393
827.367,1420
827.486,1396
827.604,1358
827.723,1398
827.841,1364
827.959,1328
828.078,1369
828.196,1364
828.315,1365
828.433,1360
828.552,1341
828.67,1364
828.788,1315
828.907,1325
829.025,1344
829.143,1337
829.262,1354
829.38,1284
829.499,1355
829.617,1332
829.735,1344
829.854,1317
829.972,1355
830.091,1343
830.209,1367
830.327,1373
830.446,1357
830.564,1336
830.682,1319
830.801,1333
830.919,1332
831.037,1347
831.156,1289
831.274,1338
831.392,1325
831.511,1341
831.629,1380
831.747,1326
831.866,1359
831.984,1368
832.102,1304
832.221,1351
832.339,1379
832.457,1329
832.576,1333
832.694,1314
832.812,1318
832.93,1350
833.049,1350
833.167,1354
833.285,1318
833.404,1344
833.522,1360
833.64,1326
833.759,1333
833.877,1315
833.995,1344
834.113,1330
834.232,1336
834.35,1332
834.468,1329
834.586,1345
834.705,1370
834.823,1303
834.941,1337
835.059,1333
835.178,1318
835.296,1391
835.414,1365
835.532,1345
835.651,1328
835.769,1344
835.887,1374
836.005,1367
836.124,1391
836.242,1351
836.36,1403
836.478,1352
836.596,1379
836.715,1357
836.833,1415
836.951,1365
837.069,1432
837.188,1359
837.306,1447
837.424,1418
837.542,1389
837.66,1416
837.779,1416
837.897,1377
838.015,1421
838.133,1422
838.251,1393
838.369,1389
838.487,1386
838.606,1371
838.724,1382
838.842,1374
838.96,1383
839.078,1393
839.196,1396
839.315,1384
839.433,1402
839.551,1397
839.669,1347
839.787,1376
839.905,1355
840.023,1391
840.142,1375
840.26,1368
840.378,1382
840.496,1334
840.614,1355
840.732,1341
840.85,1360
840.968,1358
841.087,1368
841.205,1331
841.323,1370
841.441,1332
841.559,1405
841.677,1365
841.795,1352
841.913,1358
842.031,1361
842.149,1352
842.267,1343
842.385,1322
842.504,1308
842.622,1303
842.74,1332
842.858,1302
842.976,1332
843.094,1297
843.212,1280
843.33,1288
843.448,1282
843.566,1258
843.684,1299
843.802,5541
843.92,2583
844.038,1262
844.156,1313
844.274,1302
844.392,1361
844.51,1295
844.628,1334
844.746,1310
844.864,1312
844.982,1335
845.1,1280
845.218,1301
845.336,1284
845.454,1303
845.572,1320
845.69,1311
845.808,1317
845.926,1350
846.044,1271
846.162,1315
846.28,1265
846.398,1271
846.516,1294
846.634,1328
846.752,1296
846.87,1308
846.988,1310
847.106,1318
847.224,1313
847.342,1292
847.46,1342
847.578,1294
847.696,1329
847.814,1265
847.932,1298
848.05,1297
848.168,1307
848.285,1285
848.403,1327
848.521,1320
848.639,1307
848.757,1298
848.875,1316
848.993,1326
849.111,1300
849.229,1316
849.347,1306
849.465,1306
849.582,1331
849.7,1268
849.818,1288
849.936,1297
850.054,1313
850.172,1250
850.29,1274
850.408,1284
850.525,1289
850.643,1291
850.761,1300
850.879,1335
850.997,1353
851.115,1270
851.233,1320
851.35,1307
851.468,1320
851.586,1288
851.704,1341
851.822,1325
851.94,1285
852.057,1289
852.175,1299
852.293,1322
852.411,1292
852.529,1331
852.647,1333
852.764,1313
852.882,1303
853.0,1289
853.118,1343
853.236,1274
853.353,1312
853.471,1299
853.589,1301
853.707,1350
853.824,1339
853.942,1317
854.06,1317
854.178,1311
854.296,1332
854.413,1300
854.531,1333
854.649,1351
854.767,1309
854.884,1298
855.002,1328
855.12,1323
855.238,1315
855.355,1318
855.473,1329
855.591,1331
855.708,1323
855.826,1307
855.944,1354
856.062,1355
856.179,1346
856.297,1331
856.415,1308
856.532,1325
856.65,1327
856.768,1339
856.886,1318
857.003,1336
857.121,1353
857.239,1330
857.356,1327
857.474,1323
857.592,1333
857.709,1327
857.827,1315
857.945,1323
858.062,1315
858.18,1322
858.298,1286
858.415,1324
858.533,1325
858.651,1299
858.768,1346
858.886,1305
859.003,1347
859.121,1305
859.239,1321
859.356,1313
859.474,1310
859.592,1303
859.709,1299
859.827,1351
859.944,1350
860.062,1334
860.18,1302
860.297,1319
860.415,1306
860.532,1291
860.65,1340
860.768,1290
860.885,1292
861.003,1277
861.12,1303
861.238,1339
861.356,1284
861.473,1290
861.591,1271
861.708,1313
861.826,1338
861.943,1338
862.061,1313
862.178,1311
862.296,1316
862.414,1341
862.531,1287
862.649,1318
862.766,1283
862.884,1282
863.001,1304
863.119,1345
863.236,1331
863.354,1349
863.471,1306
863.589,1335
863.706,1278
863.824,1285
863.941,1361
864.059,1319
864.176,1344
864.294,1307
864.411,1327
864.529,1309
864.646,1343
864.764,1327
864.881,1299
864.999,1307
865.116,1317
865.233,1277
865.351,1345
865.468,1346
865.586,1347
865.703,1332
865.821,1345
865.938,1293
866.056,1307
866.173,1350
866.29,1323
866.408,1282
866.525,1313
866.643,1324
866.76,1329
866.878,1340
866.995,1328
867.112,1324
867.23,1289
867.347,1309
867.465,1357
867.582,1316
867.699,1305
867.817,1356
867.934,1303
868.051,1354
868.169,1313
868.286,1348
868.404,1271
868.521,1313
868.638,1281
868.756,1300
868.873,1310
868.99,1323
869.108,1338
869.225,1331
869.342,1337
869.46,1298
869.577,1359
869.694,1345
869.812,1309
869.929,1317
870.046,1309
870.164,1327
870.281,1351
870.398,1276
870.516,1326
870.633,1308
870.75,1286
870.867,1343
870.985,1325
871.102,1312
871.219,1361
871.337,1343
871.454,1313
871.571,1332
871.688,1293
871.806,1362
871.923,1304
872.04,1342
872.157,1317
872.275,1355
872.392,1336
872.509,1347
872.626,1363
872.744,1321
872.861,1354
872.978,1310
873.095,1345
873.213,1340
873.33,1366
873.447,1340
873.564,1342
873.681,1322
873.799,1326
873.916,1333
874.033,1364
874.15,1314
874.267,1328
874.385,1278
874.502,1342
874.619,1328
874.736,1324
874.853,1337
874.97,1326
875.088,1310
875.205,1293
875.322,1346
875.439,1335
875.556,1313
875.673,1363
875.791,1299
875.908,1353
876.025,1338
876.142,1264
876.259,1299
876.376,1291
876.493,1316
876.61,1319
876.728,1357
876.845,1327
876.962,1317
877.079,1341
877.196,1363
877.313,1339
877.43,1320
877.547,1326
877.664,1334
877.781,1345
877.898,1366
878.016,1313
878.133,1308
878.25,1333
878.367,1335
878.484,1309
878.601,1351
878.718,1309
878.835,1344
878.952,1332
879.069,1317
879.186,1348
879.303,1333
879.42,1311
879.537,1358
879.654,1262
879.771,1337
879.888,1333
880.005,1334
880.122,1329
880.239,1310
880.356,1306
880.473,1280
880.59,1316
880.707,1294
880.824,1328
880.941,1331
881.058,1357
881.175,1353
881.292,1339
881.409,1346
881.526,1315
881.643,1325
881.76,1331
881.877,1329
881.994,1368
882.111,1330
882.228,1313
882.345,1334
882.462,1321
882.579,1341
882.696,1329
882.812,1309
882.929,1318
883.046,1340
883.163,1330
883.28,1303
883.397,1328
883.514,1349
883.631,1345
883.748,1327
883.865,1352
883.982,1358
884.098,1358
884.215,1349
884.332,1335
884.449,1295
884.566,1324
884.683,1288
884.8,1398
884.916,1315
885.033,1320
885.15,1373
885.267,1346
885.384,1339
885.501,1352
885.617,1375
885.734,1405
885.851,1366
885.968,1412
886.085,1371
886.202,1401
886.318,1365
886.435,1405
886.552,1362
886.669,1390
886.786,1323
886.902,1392
887.019,1386
887.136,1353
887.253,1368
887.369,1357
887.486,1390
887.603,1349
887.72,1347
887.837,1334
887.953,1358
888.07,1364
888.187,1369
888.304,1388
888.42,1330
888.537,1348
888.654,1385
888.77,1352
888.887,1368
889.004,1360
889.121,1394
889.237,1348
889.354,1332
889.471,1394
889.587,1371
889.704,1353
889.821,1366
889.938,1325
890.054,1307
890.171,1345
890.288,1360
890.404,1337
890.521,1355
890.638,1346
890.754,1382
890.871,1384
890.988,1356
891.104,1377
891.221,1383
891.337,1326
891.454,1375
891.571,1369
891.687,1324
891.804,1372
891.921,1348
892.037,1392
892.154,1362
892.27,1367
892.387,1379
892.504,1372
892.62,1377
892.737,1341
892.854,1384
892.97,1332
893.087,1400
893.203,1351
893.32,1369
893.436,1376
893.553,1369
893.67,1399
893.786,1347
893.903,1353
894.019,1364
894.136,1365
894.252,1357
894.369,1334
894.485,1382
894.602,1367
894.718,1372
894.835,1340
894.951,1375
895.068,1354
895.184,1373
895.301,1374
895.417,1370
895.534,1342
895.65,1423
895.767,1335
895.883,1397
896.0,1320
896.116,1345
896.233,1381
896.349,1420
896.466,1346
896.582,1358
896.699,1394
896.815,1385
896.932,1346
897.048,1391
897.165,1420
897.281,1387
897.397,1385
897.514,1406
897.63,1382
897.747,1358
897.863,1384
897.979,1355
898.096,1392
898.212,1362
898.329,1371
898.445,1385
898.561,1389
898.678,1382
898.794,1418
898.911,1366
899.027,1361
899.143,1423
899.26,1382
899.376,1385
899.492,1392
899.609,1380
899.725,1380
899.842,1393
899.958,1433
900.074,1372
900.191,1383
900.307,1361
900.423,1432
900.539,1386
900.656,1372
900.772,1399
900.888,1397
901.005,1373
901.121,1387
901.237,1383
901.354,1398
901.47,1365
901.586,1397
901.703,1399
901.819,1383
901.935,1444
902.051,1372
902.168,1380
902.284,1395
902.4,1420
902.516,1406
902.633,1384
902.749,1427
902.865,1400
902.981,1403
903.098,1420
903.214,1385
903.33,1419
903.446,1398
903.562,1394
903.679,1397
903.795,1392
903.911,1379
904.027,1440
904.143,1436
904.26,1387
904.376,1416
904.492,1428
904.608,1400
904.724,1395
904.841,1388
904.957,1444
905.073,1403
905.189,1408
905.305,1383
905.421,1405
905.538,1369
905.654,1454
905.77,1430
905.886,1434
906.002,1376
906.118,1386
906.234,1367
906.35,1395
906.466,1388
906.583,1394
906.699,1365
906.815,1412
906.931,1404
907.047,1358
907.163,1402
907.279,1390
907.395,1450
907.511,1393
907.627,1426
907.743,1368
907.859,1402
907.976,1407
908.092,1407
908.208,1368
908.324,1406
908.44,1393
908.556,1424
908.672,1411
908.788,1398
908.904,1409
909.02,1435
909.136,1387
909.252,1402
909.368,1412
909.484,1422
909.6,1355
909.716,1402
909.832,1407
909.948,1423
910.064,1396
910.18,1388
910.296,1377
910.412,1404
910.528,1414
910.644,1402
910.76,1429
910.875,1390
910.991,1390
911.107,1411
911.223,1417
911.339,1411
911.455,1420
911.571,1410
911.687,1431
911.803,1422
911.919,1377
912.035,1387
912.151,1451
912.267,1405
912.382,1387
912.498,1373
912.614,1391
912.73,1406
912.846,1389
792.446,2180
792.565,2213
792.684,2186
792.803,2158
792.922,2136
793.041,2067
793.16,2101
793.279,2121
793.398,2089
793.518,2053
793.637,2065
793.756,2065
793.875,2009
793.994,2080
794.113,2067
794.232,1991
794.351,1976
794.47,1980
794.589,2031
794.708,1961
794.827,2019
794.946,1938
795.066,1982
795.185,1968
795.304,1991
795.423,1981
795.542,1999
795.661,1959
795.78,1948
795.899,1910
796.018,1950
796.137,1978
796.256,1961
796.375,1948
796.494,1934
796.613,1935
796.732,1898
796.851,1892
796.97,1924
797.089,1903
797.208,1937
797.327,1873
797.446,1918
797.565,1915
797.684,1867
797.803,1885
797.922,1876
798.041,1860
798.16,1912
798.279,1850
798.398,1909
798.517,1879
798.636,1861
798.755,1858
798.874,1858
798.993,1869
799.112,1856
799.231,1923
799.35,1916
799.469,1874
799.588,1794
799.707,1876
799.826,1878
799.945,1882
800.064,1838
800.183,1915
800.302,1867
800.421,1917
800.54,1863
800.659,1854
800.778,1832
800.897,1917
801.016,1852
801.135,1889
801.254,1896
801.373,1868
801.492,1894
801.611,1918
801.729,1876
801.848,1883
801.967,1981
802.086,1886
802.205,1909
802.324,1923
802.443,1937
802.562,1904
802.681,1883
802.8,1864
802.919,1920
803.038,1942
803.157,1980
803.276,1917
803.394,1922
803.513,1941
803.632,1948
803.751,1943
803.87,1955
803.989,1956
804.108,1924
804.227,1947
804.346,1914
804.465,1951
804.583,1977
804.702,1923
804.821,1974
804.94,1990
805.059,1983
805.178,1948
805.297,1975
805.416,1950
805.535,1992
805.653,1905
805.772,2024
805.891,1950
806.01,1961
806.129,2053
806.248,2008
806.367,1955
806.485,1986
806.604,2049
806.723,2009
806.842,1972
806.961,1983
807.08,2019
807.198,1964
807.317,2004
807.436,2029
807.555,2024
807.674,2004
807.793,2033
807.912,2000
808.03,2050
808.149,2019
808.268,2023
808.387,2022
808.506,2046
808.624,2042
808.743,1983
808.862,2019
808.981,2069
809.1,2040
809.219,2015
809.337,2056
809.456,2030
809.575,2064
809.694,2044
809.812,2050
809.931,2068
810.05,2112
810.169,2039
810.288,2065
810.406,2010
810.525,2061
810.644,2029
810.763,2071
810.882,2059
811.0,2069
811.119,2065
811.238,2065
811.357,2076
811.475,2074
811.594,2049
811.713,2096
811.832,2119
811.95,2057
812.069,2059
812.188,2096
812.307,2079
812.425,2070
812.544,2143
812.663,2099
812.782,2060
812.9,2021
813.019,2083
813.138,2074
813.257,2079
813.375,2084
813.494,2094
813.613,2099
813.731,2062
813.85,2152
813.969,2083
814.088,2061
814.206,2075
814.325,2047
814.444,2086
814.562,2028
814.681,2061
814.8,2018
814.918,2001
815.037,2031
815.156,2061
815.274,2051
815.393,1968
815.512,1979
815.631,1945
815.749,1989
815.868,1954
815.987,1952
816.105,1949
816.224,1959
816.343,2014
816.461,1945
816.58,2022
816.698,2075
816.817,1961
816.936,1979
817.055,2000
817.173,1928
817.292,2001
817.41,1955
817.529,1948
817.648,1900
817.766,1846
817.885,1845
818.004,1830
818.122,1783
818.241,1817
818.359,1711
818.478,1692
818.597,1704
818.715,1671
818.834,1688
818.953,1616
819.071,1597
819.19,1681
819.308,1554
819.427,1562
819.546,1577
819.664,1552
819.783,1555
819.901,1555
820.02,1522
820.138,1561
820.257,1527
820.376,1547
820.494,1494
820.613,1521
820.731,1470
820.85,1495
820.969,1583
821.087,1500
821.206,1528
821.324,1524
821.443,1497
821.561,1496
821.68,1441
821.798,1455
821.917,1497
822.035,1471
822.154,1465
822.273,1460
822.391,1441
822.51,1478
822.628,1459
822.747,1431
822.865,1430
822.984,1456
823.102,1469
823.221,1454
823.339,1450
823.458,1453
823.576,1475
823.695,1438
823.813,1489
823.932,1478
824.05,1504
824.169,1485
824.287,1518
824.406,1495
824.524,1501
824.643,1488
824.761,1474
824.88,1473
824.998,1504
825.117,1440
825.235,1453
825.354,1476
825.472,1497
825.591,1430
825.709,1449
825.828,1449
825.946,1451
826.064,1452
826.183,1420
826.301,1383
826.42,1422
826.538,1400
826.657,1440
826.775,1421
826.894,1433
827.012,1393
827.13,1416
827.249,1418
827.367,1360
827.486,1387
827.604,1401
827.723,1375
827.841,1402
827.959,1319
828.078,1369
828.196,1410
828.315,1324
828.433,1381
828.552,1373
828.67,1381
828.788,1393
828.907,1366
829.025,1395
829.143,1405
829.262,1426
829.38,1366
829.499,1379
829.617,1366
829.735,1354
829.854,1377
829.972,1337
830.091,1381
830.209,1401
830.327,1361
830.446,1350
830.564,1377
830.682,1354
830.801,1368
830.919,1358
831.037,1365
831.156,1384
831.274,1356
831.392,1326
831.511,1349
831.629,1350
831.747,1316
831.866,1372
831.984,1346
832.102,1362
832.221,1388
832.339,1391
832.457,1333
832.576,1375
832.694,1321
832.812,1384
832.93,1347
833.049,1395
833.167,1361
833.285,1349
833.404,1399
833.522,1374
833.64,1332
833.759,1364
833.877,1354
833.995,1386
834.113,1377
834.232,1350
834.35,1331
834.468,1315
834.586,1383
834.705,1349
834.823,1348
834.941,1346
835.059,1370
835.178,1423
835.296,1388
835.414,1386
835.532,1392
835.651,1387
835.769,1380
835.887,1345
836.005,1424
836.124,1336
836.242,1384
836.36,1400
836.478,1414
836.596,1371
836.715,1408
836.833,1434
836.951,1415
837.069,1436
837.188,1465
837.306,1433
837.424,1421
837.542,1425
837.66,1439
837.779,1454
837.897,1399
838.015,1462
838.133,1421
838.251,1443
838.369,1447
838.487,1390
838.606,1416
838.724,1440
838.842,1437
838.96,1401
839.078,1402
839.196,1366
839.315,1376
839.433,1395
839.551,1402
839.669,1378
839.787,1389
839.905,1411
840.023,1373
840.142,1425
840.26,1417
840.378,1369
840.496,1393
840.614,1377
840.732,1375
840.85,1352
840.968,1397
841.087,1404
841.205,1379
841.323,1377
841.441,1380
841.559,1386
841.677,1342
841.795,1362
841.913,1381
842.031,1413
842.149,1351
842.267,1345
842.385,1375
842.504,1371
842.622,1328
842.74,1308
842.858,1347
842.976,1301
843.094,1382
843.212,1333
843.33,1329
843.448,1328
843.566,1321
843.684,1322
843.802,1365
843.92,1346
844.038,1326
844.156,1285
844.274,1346
844.392,1280
844.51,1347
844.628,1319
844.746,1333
844.864,1352
844.982,1351
845.1,1331
845.218,1332
845.336,1323
845.454,1294
845.572,1323
845.69,1335
845.808,1325
845.926,1334
846.044,1329
846.162,1297
846.28,1308
846.398,1334
846.516,1305
846.634,1342
846.752,1338
846.87,1305
846.988,1314
847.106,1312
847.224,1335
847.342,1352
847.46,1309
847.578,1330
847.696,1322
847.814,1324
847.932,1331
848.05,1304
848.168,1332
848.285,1325
848.403,1312
848.521,1352
848.639,1296
848.757,1324
848.875,1362
848.993,1307
849.111,1330
849.229,1331
849.347,1320
849.465,1337
849.582,1332
849.7,1283
849.818,1349
849.936,1317
850.054,1319
850.172,1299
850.29,1310
850.408,1280
850.525,1324
850.643,1339
850.761,1301
850.879,1346
850.997,1320
851.115,1357
851.233,1328
851.35,1347
851.468,1345
851.586,1333
851.704,1308
851.822,1353
851.94,1283
852.057,1296
852.175,1364
852.293,1323
852.411,1347
852.529,1333
852.647,1376
852.764,1356
852.882,1371
853.0,1352
853.118,1311
853.236,1367
853.353,1340
853.471,1351
853.589,1339
853.707,1327
853.824,1389
853.942,1335
854.06,1330
854.178,1326
854.296,1344
854.413,1334
854.531,1323
854.649,1344
854.767,1335
854.884,1314
855.002,1324
855.12,1361
855.238,1373
855.355,1368
855.473,1361
855.591,1310
855.708,1327
855.826,1370
855.944,1368
856.062,1281
856.179,1370
856.297,1353
856.415,1362
856.532,1372
856.65,1362
856.768,1335
856.886,1379
857.003,1331
857.121,1357
857.239,1366
857.356,1303
857.474,1353
857.592,1348
857.709,1326
857.827,1331
857.945,1334
858.062,1354
858.18,1341
858.298,1361
858.415,1341
858.533,1369
858.651,1322
858.768,1338
858.886,1377
859.003,1327
859.121,1335
859.239,1340
859.356,1354
859.474,1371
859.592,1328
859.709,1331
859.827,1354
859.944,1362
860.062,1312
860.18,1316
860.297,1358
860.415,1341
860.532,1347
860.65,1323
860.768,1346
860.885,1332
861.003,1336
861.12,1343
861.238,1332
861.356,1318
861.473,1348
861.591,1352
861.708,1313
861.826,1344
861.943,1379
862.061,1313
862.178,1325
862.296,1320
862.414,1335
862.531,1323
862.649,1352
862.766,1306
862.884,1343
863.001,1333
863.119,1357
863.236,1286
863.354,1349
863.471,1361
863.589,1336
863.706,1310
863.824,1384
863.941,1306
864.059,1336
864.176,1340
864.294,1358
864.411,1342
864.529,1339
864.646,1320
864.764,1332
864.881,1370
864.999,1343
865.116,1348
865.233,1351
865.351,1333
865.468,1366
865.586,1344
865.703,1346
865.821,1363
865.938,1336
866.056,1349
866.173,1325
866.29,1322
866.408,1351
866.525,1325
866.643,1347
866.76,1322
866.878,1361
866.995,1330
867.112,1333
867.23,1350
867.347,1360
867.465,1369
867.582,1367
867.699,1361
867.817,1337
867.934,1323
868.051,1319
868.169,1345
868.286,1300
868.404,1340
868.521,1341
868.638,1354
868.756,1349
868.873,1348
868.99,1336
869.108,1362
869.225,1365
869.342,1360
869.46,1386
869.577,1319
869.694,1361
869.812,1331
869.929,1351
870.046,1390
870.164,1347
870.281,1371
870.398,1355
870.516,1377
870.633,1361
870.75,1375
870.867,1354
870.985,1341
871.102,1380
871.219,1299
871.337,1318
871.454,1338
871.571,1365
871.688,1321
871.806,1335
871.923,1368
872.04,1370
872.157,1333
872.275,1337
872.392,1335
872.509,1341
872.626,1366
872.744,1342
872.861,1362
872.978,1335
873.095,1383
873.213,1330
873.33,1325
873.447,1342
873.564,1359
873.681,1354
873.799,1344
873.916,1295
874.033,1357
874.15,1385
874.267,1341
874.385,1327
874.502,1334
874.619,1423
874.736,1310
874.853,1366
874.97,1384
875.088,1374
875.205,1383
875.322,1371
875.439,1358
875.556,1324
875.673,1352
875.791,1318
875.908,1347
876.025,1355
876.142,1326
876.259,1371
876.376,1335
876.493,1349
876.61,1335
876.728,1328
876.845,1345
876.962,1344
877.079,1395
877.196,1394
877.313,1363
877.43,1364
877.547,1378
877.664,1321
877.781,1364
877.898,1372
878.016,1374
878.133,1317
878.25,1377
878.367,1315
878.484,1355
878.601,1366
878.718,1353
878.835,1380
878.952,1323
879.069,1329
879.186,1327
879.303,1338
879.42,1356
879.537,1329
879.654,1359
879.771,1311
879.888,1361
880.005,1336
880.122,1362
880.239,1337
880.356,1307
880.473,1357
880.59,1331
880.707,1347
880.824,1319
880.941,1326
881.058,1406
881.175,1342
881.292,1363
881.409,1329
881.526,1355
881.643,1346
881.76,1376
881.877,1343
881.994,1343
882.111,1371
882.228,1327
882.345,1366
882.462,1346
882.579,1377
882.696,1376
882.812,1357
882.929,1352
883.046,1380
883.163,1358
883.28,1331
883.397,1325
883.514,1385
883.631,1356
883.748,1346
883.865,1356
883.982,1387
884.098,1387
884.215,1330
884.332,1383
884.449,1402
884.566,1365
884.683,1356
884.8,1414
884.916,1405
885.033,1383
885.15,1360
885.267,1390
885.384,1353
885.501,1390
885.617,1369
885.734,1357
885.851,1364
885.968,1398
886.085,1378
886.202,1379
886.318,1415
886.435,1392
886.552,1358
886.669,1377
886.786,1407
886.902,1367
887.019,1380
887.136,1380
887.253,1376
887.369,1371
887.486,1381
887.603,1367
887.72,1388
887.837,1381
887.953,1369
888.07,1378
888.187,1366
888.304,1385
888.42,1406
888.537,1375
888.654,1359
888.77,1398
888.887,1382
889.004,1397
889.121,1395
889.237,1397
889.354,1404
889.471,1396
889.587,1353
889.704,1368
889.821,1370
889.938,1425
890.054,1355
890.171,1411
890.288,1417
890.404,1377
890.521,1405
890.638,1369
890.754,1376
890.871,1413
890.988,1398
891.104,1376
891.221,1362
891.337,1352
891.454,1419
891.571,1416
891.687,1408
891.804,1354
891.921,1414
892.037,1383
892.154,1384
892.27,1413
892.387,1381
892.504,1392
892.62,1367
892.737,1364
892.854,1420
892.97,1402
893.087,1435
893.203,1369
893.32,1364
893.436,1395
893.553,1395
893.67,1379
893.786,1392
893.903,1383
894.019,1352
894.136,1335
894.252,1426
894.369,1443
894.485,1377
894.602,1423
894.718,1420
894.835,1361
894.951,1416
895.068,1371
895.184,1396
895.301,1420
895.417,1406
895.534,1408
895.65,1410
895.767,1436
895.883,1343
896.0,1435
896.116,1399
896.233,1429
896.349,1399
896.466,1399
896.582,1374
896.699,1400
896.815,1417
896.932,1363
897.048,1407
897.165,1412
897.281,1398
897.397,1401
897.514,1389
897.63,1405
897.747,1404
897.863,1386
897.979,1401
898.096,1471
898.212,1392
898.329,1406
898.445,1430
898.561,1423
898.678,1400
898.794,1447
898.911,1362
899.027,1391
899.143,1412
899.26,1395
899.376,1437
899.492,1403
899.609,1427
899.725,1446
899.842,1404
899.958,1441
900.074,1428
900.191,1441
900.307,1407
900.423,1450
900.539,1452
900.656,1406
900.772,1394
900.888,1387
901.005,1430
901.121,1381
901.237,1427
901.354,1437
901.47,1444
901.586,1428
901.703,1405
901.819,1442
901.935,1396
902.051,1435
902.168,1392
902.284,1456
902.4,1457
902.516,1425
902.633,1418
902.749,1372
902.865,1470
902.981,1378
903.098,1439
903.214,1408
903.33,1446
903.446,1515
903.562,1453
903.679,1423
903.795,1411
903.911,1442
904.027,1422
904.143,1433
904.26,1504
904.376,1432
904.492,1461
904.608,1417
904.724,1424
904.841,1418
904.957,1442
905.073,1435
905.189,1433
905.305,1452
905.421,1429
905.538,1425
905.654,1446
905.77,1431
905.886,1464
906.002,1403
906.118,1445
906.234,1424
906.35,1450
906.466,1409
906.583,1457
906.699,1452
906.815,1435
906.931,1467
907.047,1436
907.163,1406
907.279,1464
907.395,1432
907.511,1431
907.627,1432
907.743,1407
907.859,1443
907.976,1476
908.092,1418
908.208,1416
908.324,1436
908.44,1429
908.556,1447
908.672,1463
908.788,1435
908.904,1418
909.02,1466
909.136,1425
909.252,1440
909.368,1462
909.484,1437
909.6,1447
909.716,1450
909.832,1469
909.948,1434
910.064,1397
910.18,1471
910.296,1461
910.412,1428
910.528,1457
910.644,1440
910.76,1423
910.875,1436
910.991,1444
911.107,1430
911.223,1442
911.339,1469
911.455,1475
911.571,1473
911.687,1467
911.803,1449
911.919,1416
912.035,1462
912.151,1442
912.267,1427
912.382,1431
912.498,1465
912.614,1447
912.73,1448
912.846,1433
792.446,2238
792.565,2221
792.684,2207
792.803,2114
792.922,2131
793.041,2075
793.16,2142
793.279,2095
793.398,2142
793.518,2055
793.637,2066
793.756,2061
793.875,2065
793.994,2063
794.113,2069
794.232,2006
794.351,2018
794.47,2031
794.589,2009
794.708,2031
794.827,2047
794.946,1993
795.066,1973
795.185,2003
795.304,1996
795.423,1978
795.542,1980
795.661,2002
795.78,1889
795.899,1905
796.018,1913
796.137,1905
796.256,1956
796.375,1960
796.494,1908
796.613,1934
796.732,1991
796.851,1898
796.97,1930
797.089,1920
797.208,1918
797.327,1885
797.446,1883
797.565,1923
797.684,1942
797.803,1907
797.922,1874
798.041,1925
798.16,1915
798.279,1894
798.398,1925
798.517,1910
798.636,1870
798.755,1884
798.874,1901
798.993,1889
799.112,1897
799.231,1852
799.35,1900
799.469,1911
799.588,1899
799.707,1895
799.826,1892
799.945,1840
800.064,1876
800.183,1925
800.302,1859
800.421,1886
800.54,1895
800.659,1880
800.778,1868
800.897,1864
801.016,1860
801.135,1868
801.254,1925
801.373,1866
801.492,1928
801.611,1908
801.729,1916
801.848,1910
801.967,1916
802.086,1893
802.205,1890
802.324,1906
802.443,1901
802.562,1921
802.681,1912
802.8,1904
802.919,1895
803.038,1917
803.157,1928
803.276,1921
803.394,1960
803.513,1996
803.632,1957
803.751,1956
803.87,1981
803.989,1963
804.108,1939
804.227,1905
804.346,1977
804.465,1978
804.583,1976
804.702,1988
804.821,1993
804.94,1984
805.059,1964
805.178,1912
805.297,2000
805.416,1946
805.535,1999
805.653,1984
805.772,1982
805.891,1991
806.01,2010
806.129,2045
806.248,1966
806.367,2014
806.485,2056
806.604,2022
806.723,2012
806.842,1988
806.961,2004
807.08,2002
807.198,1987
807.317,2014
807.436,2055
807.555,1971
807.674,2013
807.793,2087
807.912,2058
808.03,2023
808.149,2011
808.268,2042
808.387,1994
808.506,2080
808.624,2069
808.743,2045
808.862,1995
808.981,2040
809.1,2040
809.219,2024
809.337,2030
809.456,2031
809.575,2055
809.694,2069
809.812,2064
809.931,2046
810.05,2115
810.169,2088
810.288,2041
810.406,2045
810.525,2067
810.644,2049
810.763,2058
810.882,2082
811.0,2108
811.119,1999
811.238,1973
811.357,2002
811.475,2132
811.594,2063
811.713,2061
811.832,2037
811.95,2102
812.069,2089
812.188,2052
812.307,2084
812.425,2035
812.544,2096
812.663,2097
812.782,2101
812.9,2066
813.019,2123
813.138,2126
813.257,2086
813.375,2076
813.494,2050
813.613,2080
813.731,2056
813.85,2078
813.969,2033
814.088,2088
814.206,2048
814.325,2036
814.444,2058
814.562,2015
814.681,2050
814.8,2006
814.918,2029
815.037,2006
815.156,2022
815.274,1971
815.393,2016
815.512,2039
815.631,1934
815.749,1936
815.868,1960
815.987,2009
816.105,1939
816.224,1974
816.343,1952
816.461,2024
816.58,1995
816.698,1990
816.817,1972
816.936,2051
817.055,2004
817.173,2013
817.292,1936
817.41,1983
817.529,1959
817.648,1931
817.766,1817
817.885,1839
818.004,1848
818.122,1817
818.241,1754
818.359,1728
818.478,1735
818.597,1671
818.715,1687
818.834,1619
818.953,1646
819.071,1616
819.19,1607
819.308,1575
819.427,1545
819.546,1591
819.664,1576
819.783,1574
819.901,1567
820.02,1520
820.138,1548
820.257,1534
820.376,1523
820.494,1551
820.613,1501
820.731,1501
820.85,1530
820.969,1508
821.087,1527
821.206,1488
821.324,1490
821.443,1527
821.561,1540
821.68,1498
821.798,1501
821.917,1445
822.035,1480
822.154,1465
822.273,1501
822.391,1452
822.51,1492
822.628,1488
822.747,1447
822.865,1468
822.984,1441
823.102,1440
823.221,1528
823.339,1470
823.458,1464
823.576,1470
823.695,1495
823.813,1458
823.932,1503
824.05,1494
824.169,1536
824.287,1470
824.406,1500
824.524,1470
824.643,1524
824.761,1563
824.88,1463
824.998,1538
825.117,1493
825.235,1479
825.354,1446
825.472,1528
825.591,1430
825.709,1480
825.828,1449
825.946,1422
826.064,1427
826.183,1408
826.301,1418
826.42,1459
826.538,1406
826.657,1406
826.775,1432
826.894,1405
827.012,1412
827.13,1414
827.249,1412
827.367,1416
827.486,1401
827.604,1402
827.723,1377
827.841,1402
827.959,1365
828.078,1374
828.196,1436
828.315,1384
828.433,1388
828.552,1399
828.67,1348
828.788,1397
828.907,1387
829.025,1385
829.143,1418
829.262,1371
829.38,1380
829.499,1349
829.617,1371
829.735,1411
829.854,1354
829.972,1358
830.091,1372
830.209,1383
830.327,1410
830.446,1350
830.564,1429
830.682,1386
830.801,1367
830.919,1363
831.037,1388
831.156,1394
831.274,1339
831.392,1388
831.511,1372
831.629,1377
831.747,1357
831.866,1340
831.984,1324
832.102,1355
832.221,1361
832.339,1365
832.457,1340
832.576,1386
832.694,1359
832.812,1389
832.93,1406
833.049,1341
833.167,1370
833.285,1365
833.404,1377
833.522,1364
833.64,1394
833.759,1350
833.877,1342
833.995,1363
834.113,1358
834.232,1381
834.35,1383
834.468,1392
834.586,1371
834.705,1391
834.823,1365
834.941,1350
835.059,1360
835.178,1378
835.296,1354
835.414,1385
835.532,1352
835.651,1347
835.769,1381
835.887,1367
836.005,1384
836.124,1398
836.242,1400
836.36,1419
836.478,1454
836.596,1410
836.715,1431
836.833,1402
836.951,1427
837.069,1424
837.188,1404
837.306,1427
837.424,1425
837.542,1408
837.66,1438
837.779,1414
837.897,1440
838.015,1422
838.133,1439
838.251,1410
838.369,1400
838.487,1420
838.606,1405
838.724,1426
838.842,1418
838.96,1381
839.078,1409
839.196,1379
839.315,1403
839.433,1444
839.551,1413
839.669,1418
839.787,1351
839.905,1421
840.023,1436
840.142,1392
840.26,1418
840.378,1420
840.496,1409
840.614,1390
840.732,1361
840.85,1400
840.968,1359
841.087,1412
841.205,1393
841.323,1376
841.441,1326
841.559,1340
841.677,1394
841.795,1430
841.913,1339
842.031,1397
842.149,1337
842.267,1366
842.385,1379
842.504,1346
842.622,1369
842.74,1323
842.858,1312
842.976,1381
843.094,1327
843.212,1345
843.33,1343
843.448,1319
843.566,1331
843.684,1352
843.802,1330
843.92,1330
844.038,1343
844.156,1343
844.274,1336
844.392,1291
844.51,1372
844.628,1349
844.746,1331
844.864,1342
844.982,1308
845.1,1352
845.218,1340
845.336,1306
845.454,1295
845.572,1333
845.69,1337
845.808,1262
845.926,1334
846.044,1332
846.162,1279
846.28,1352
846.398,1337
846.516,1349
846.634,1282
846.752,1334
846.87,1343
846.988,1329
847.106,1331
847.224,1337
847.342,1325
847.46,1314
847.578,1317
847.696,1308
847.814,1342
847.932,1313
848.05,1359
848.168,1322
848.285,1339
848.403,1308
848.521,1326
848.639,1337
848.757,1291
848.875,1356
848.993,1312
849.111,1357
849.229,1328
849.347,1322
849.465,1338
849.582,1304
849.7,1333
849.818,1331
849.936,1319
850.054,1348
850.172,1300
850.29,1334
850.408,1785
850.525,2007
850.643,1317
850.761,1331
850.879,1334
850.997,1354
851.115,1291
851.233,1331
851.35,1281
851.468,1332
851.586,1321
851.704,1319
851.822,1361
851.94,1363
852.057,1346
852.175,1360
852.293,1339
852.411,1319
852.529,1321
852.647,1333
852.764,1328
852.882,1353
853.0,1345
853.118,1333
853.236,1338
853.353,1359
853.471,1335
853.589,1317
853.707,1349
853.824,1359
853.942,1390
854.06,1320
854.178,1345
854.296,1334
854.413,1320
854.531,1370
854.649,1350
854.767,1332
854.884,1338
855.002,1317
855.12,1338
855.238,1359
855.355,1318
855.473,1370
855.591,1324
855.708,1356
855.826,1316
855.944,1364
856.062,1332
856.179,1364
856.297,1321
856.415,1387
856.532,1371
856.65,1342
856.768,1367
856.886,1376
857.003,1338
857.121,1361
857.239,1385
857.356,1383
857.474,1373
857.592,1363
857.709,1347
857.827,1322
857.945,1326
858.062,1377
858.18,1354
858.298,1361
858.415,1369
858.533,1376
858.651,1359
858.768,1391
858.886,1357
859.003,1364
859.121,1314
859.239,1335
859.356,1344
859.474,1347
859.592,1328
859.709,1336
859.827,1348
859.944,1312
860.062,1379
860.18,1322
860.297,1326
860.415,1346
860.532,1353
860.65,1380
860.768,1304
860.885,1347
861.003,1288
861.12,1352
861.238,1359
861.356,1360
861.473,1350
861.591,1343
861.708,1350
861.826,1358
861.943,1359
862.061,1331
862.178,1342
862.296,1304
862.414,1337
862.531,1336
862.649,1349
862.766,1350
862.884,1331
863.001,1378
863.119,1356
863.236,1329
863.354,1316
863.471,1379
863.589,1342
863.706,1338
863.824,1342
863.941,1337
864.059,1341
864.176,1312
864.294,1358
864.411,1351
864.529,1341
864.646,1342
864.764,1328
864.881,1347
864.999,1356
865.116,1328
865.233,1320
865.351,1339
865.468,1339
865.586,1359
865.703,1359
865.821,1386
865.938,1329
866.056,1361
866.173,1310
866.29,1338
866.408,1370
866.525,1367
866.643,1325
866.76,1363
866.878,1329
866.995,1376
867.112,1380
867.23,1317
867.347,1358
867.465,1345
867.582,1360
867.699,1340
867.817,1371
867.934,1312
868.051,1288
868.169,1353
868.286,1367
868.404,1342
868.521,1342
868.638,1332
868.756,1348
868.873,1385
868.99,1356
869.108,1358
869.225,1343
869.342,1341
869.46,1365
869.577,1350
869.694,1332
869.812,1380
869.929,1337
870.046,1378
870.164,1342
870.281,1377
870.398,1351
870.516,1358
870.633,1352
870.75,1346
870.867,1401
870.985,1354
871.102,1385
871.219,1336
871.337,1366
871.454,1325
871.571,1376
871.688,1358
871.806,1349
871.923,1345
872.04,1350
872.157,1378
872.275,1374
872.392,1342
872.509,1395
872.626,1350
872.744,1343
872.861,1361
872.978,1336
873.095,1341
873.213,1376
873.33,1307
873.447,1349
873.564,1334
873.681,1362
873.799,1337
873.916,1345
874.033,1338
874.15,1323
874.267,1350
874.385,1367
874.502,1348
874.619,1326
874.736,1362
874.853,1322
874.97,1339
875.088,1374
875.205,1350
875.322,1367
875.439,1324
875.556,1372
875.673,1352
875.791,1360
875.908,1352
876.025,1328
876.142,1416
876.259,1330
876.376,1365
876.493,1373
876.61,1368
876.728,1361
876.845,1357
876.962,1364
877.079,1361
877.196,1337
877.313,1381
877.43,1355
877.547,1353
877.664,1384
877.781,1377
877.898,1349
878.016,1382
878.133,1385
878.25,1346
878.367,1386
878.484,1381
878.601,1366
878.718,1379
878.835,1340
878.952,1366
879.069,1364
879.186,1371
879.303,1343
879.42,1369
879.537,1338
879.654,1353
879.771,1353
879.888,1347
880.005,1334
880.122,1354
880.239,1371
880.356,1350
880.473,1353
880.59,1358
880.707,1329
880.824,1383
880.941,1370
881.058,1376
881.175,1399
881.292,1350
881.409,1371
881.526,1380
881.643,1362
881.76,1388
881.877,1352
881.994,1375
882.111,1374
882.228,1351
882.345,1324
882.462,1387
882.579,1404
882.696,1354
882.812,1354
882.929,1344
883.046,1370
883.163,1391
883.28,1344
883.397,1389
883.514,1352
883.631,1399
883.748,1383
883.865,1368
883.982,1344
884.098,1410
884.215,1350
884.332,1411
884.449,1379
884.566,1367
884.683,1388
884.8,1366
884.916,1365
885.033,1377
885.15,1398
885.267,1355
885.384,1391
885.501,1381
885.617,1388
885.734,1426
885.851,1353
885.968,1391
886.085,1406
886.202,1377
886.318,1368
886.435,1386
886.552,1382
886.669,1418
886.786,1418
886.902,1418
887.019,1388
887.136,1411
887.253,1372
887.369,1401
887.486,1373
887.603,1401
887.72,1419
887.837,1408
887.953,1414
888.07,1380
888.187,1393
888.304,1369
888.42,1436
888.537,1382
888.654,1391
888.77,1399
888.887,1387
889.004,1371
889.121,1361
889.237,1444
889.354,1393
889.471,1404
889.587,1382
889.704,1411
889.821,1337
889.938,1396
890.054,1400
890.171,1351
890.288,1423
890.404,1396
890.521,1416
890.638,1421
890.754,1350
890.871,1437
890.988,1365
891.104,1412
891.221,1403
891.337,1378
891.454,1412
891.571,1404
891.687,1418
891.804,1381
891.921,1396
892.037,1417
892.154,1415
892.27,1404
892.387,1417
892.504,1420
892.62,1422
892.737,1373
892.854,1402
892.97,1382
893.087,1430
893.203,1406
893.32,1378
893.436,1405
893.553,1392
893.67,1413
893.786,1426
893.903,1434
894.019,1419
894.136,1431
894.252,1425
894.369,1417
894.485,1407
894.602,1414
894.718,1428
894.835,1425
894.951,1439
895.068,1395
895.184,1441
895.301,1433
895.417,1417
895.534,1395
895.65,1431
895.767,1419
895.883,1392
896.0,1433
896.116,1435
896.233,1406
896.349,1427
896.466,1397
896.582,1394
896.699,1434
896.815,1362
896.932,1461
897.048,1424
897.165,1431
897.281,1395
897.397,1419
897.514,1377
897.63,1423
897.747,1430
897.863,1410
897.979,1403
898.096,1398
898.212,1431
898.329,1413
898.445,1397
898.561,1461
898.678,1418
898.794,1436
898.911,1377
899.027,1434
899.143,1426
899.26,1405
899.376,1452
899.492,1432
899.609,1393
899.725,1482
899.842,1415
899.958,1450
900.074,1413
900.191,1421
900.307,1436
900.423,1434
900.539,1438
900.656,1456
900.772,1444
900.888,1467
901.005,1422
901.121,1442
901.237,1416
901.354,1438
901.47,1440
901.586,1437
901.703,1452
901.819,1445
901.935,1442
902.051,1471
902.168,1453
902.284,1443
902.4,1427
902.516,1439
902.633,1456
902.749,1411
902.865,1476
902.981,1453
903.098,1444
903.214,1457
903.33,1465
903.446,1476
903.562,1459
903.679,1460
903.795,1459
903.911,1480
904.027,1476
904.143,1446
904.26,1456
904.376,1454
904.492,1449
904.608,1475
904.724,1395
904.841,1471
904.957,1455
905.073,1449
905.189,1431
905.305,1453
905.421,1461
905.538,1413
905.654,1469
905.77,1432
905.886,1474
906.002,1421
906.118,1433
906.234,1469
906.35,1444
906.466,1444
906.583,1423
906.699,1464
906.815,1463
906.931,1439
907.047,1457
907.163,1464
907.279,1444
907.395,1443
907.511,1410
907.627,1436
907.743,1456
907.859,1462
907.976,1430
908.092,1492
908.208,1443
908.324,1465
908.44,1456
908.556,1434
908.672,1443
908.788,1454
908.904,1437
909.02,1460
909.136,1479
909.252,1482
909.368,1429
909.484,1464
909.6,1443
909.716,1520
909.832,1479
909.948,1428
910.064,1469
910.18,1453
910.296,1486
910.412,1428
910.528,1439
910.644,1501
910.76,1478
910.875,1452
910.991,1483
911.107,1449
911.223,1469
911.339,1460
911.455,1442
911.571,1501
911.687,1464
911.803,1411
911.919,1508
912.035,1473
912.151,1451
912.267,1432
912.382,1482
912.498,1483
912.614,1444
912.73,1443
912.846,1449
