792.446,2696
792.565,2678
792.684,2555
792.803,2548
792.922,2488
793.041,2417
793.16,2410
793.279,2421
793.398,2355
793.518,2396
793.637,2305
793.756,2319
793.875,2311
793.994,2278
794.113,2264
794.232,2252
794.351,2238
794.47,2205
794.589,2183
794.708,2198
794.827,2111
794.946,2076
795.066,2151
795.185,2110
795.304,2131
795.423,2066
795.542,2012
795.661,2040
795.78,2024
795.899,2060
796.018,2026
796.137,1964
796.256,2004
796.375,2063
796.494,1955
796.613,1933
796.732,1918
796.851,1917
796.97,1944
797.089,1894
797.208,1891
797.327,1922
797.446,1850
797.565,1887
797.684,1890
797.803,1861
797.922,1860
798.041,1840
798.16,1876
798.279,1853
798.398,1848
798.517,1789
798.636,1781
798.755,1815
798.874,1807
798.993,1804
799.112,1771
799.231,1781
799.35,1776
799.469,1778
799.588,1774
799.707,1729
799.826,1811
799.945,1768
800.064,1750
800.183,1721
800.302,1709
800.421,1701
800.54,1715
800.659,1739
800.778,1752
800.897,1762
801.016,1669
801.135,1691
801.254,1632
801.373,1629
801.492,1702
801.611,1675
801.729,1702
801.848,1641
801.967,1657
802.086,1677
802.205,1654
802.324,1622
802.443,1674
802.562,1674
802.681,1652
802.8,1613
802.919,1682
803.038,1633
803.157,1637
803.276,1632
803.394,1654
803.513,1646
803.632,1657
803.751,1627
803.87,1634
803.989,1619
804.108,1609
804.227,1627
804.346,1632
804.465,1605
804.583,1611
804.702,1610
804.821,1593
804.94,1578
805.059,1589
805.178,1568
805.297,1602
805.416,1616
805.535,1631
805.653,1582
805.772,1648
805.891,1647
806.01,1565
806.129,1587
806.248,1576
806.367,1625
806.485,1588
806.604,1564
806.723,1602
806.842,1576
806.961,1572
807.08,1578
807.198,1582
807.317,1606
807.436,1583
807.555,1557
807.674,1608
807.793,1596
807.912,1606
808.03,1555
808.149,1544
808.268,1586
808.387,1639
808.506,1648
808.624,1617
808.743,1591
808.862,1598
808.981,1632
809.1,1625
809.219,1614
809.337,1596
809.456,1609
809.575,1636
809.694,1644
809.812,1633
809.931,1618
810.05,1691
810.169,1673
810.288,1650
810.406,1699
810.525,1679
810.644,1643
810.763,1687
810.882,1649
811.0,1651
811.119,1679
811.238,1688
811.357,1665
811.475,1696
811.594,1615
811.713,1659
811.832,1660
811.95,1689
812.069,1691
812.188,1658
812.307,1629
812.425,1648
812.544,1638
812.663,1598
812.782,1628
812.9,1626
813.019,1606
813.138,1621
813.257,1601
813.375,1594
813.494,1622
813.613,1611
813.731,1612
813.85,1593
813.969,1554
814.088,1525
814.206,1553
814.325,1555
814.444,1563
814.562,1580
814.681,1588
814.8,1527
814.918,1566
815.037,1548
815.156,1562
815.274,1528
815.393,1525
815.512,1542
815.631,1551
815.749,1552
815.868,1555
815.987,1493
816.105,1585
816.224,1489
816.343,1555
816.461,1527
816.58,1533
816.698,1564
816.817,1578
816.936,1518
817.055,1552
817.173,1557
817.292,1556
817.41,1548
817.529,1585
817.648,1587
817.766,1549
817.885,1561
818.004,1523
818.122,1565
818.241,1588
818.359,1557
818.478,1549
818.597,1541
818.715,1595
818.834,1561
818.953,1543
819.071,1563
819.19,1551
819.308,1534
819.427,1533
819.546,1564
819.664,1540
819.783,1503
819.901,1562
820.02,1546
820.138,1543
820.257,1562
820.376,1518
820.494,1501
820.613,1549
820.731,1576
820.85,1517
820.969,1486
821.087,1532
821.206,1524
821.324,1492
821.443,1472
821.561,1490
821.68,1463
821.798,1452
821.917,1443
822.035,1504
822.154,1469
822.273,1474
822.391,1435
822.51,1458
822.628,1450
822.747,1440
822.865,1467
822.984,1412
823.102,1439
823.221,1406
823.339,1425
823.458,1408
823.576,1435
823.695,1416
823.813,1409
823.932,1435
824.05,1385
824.169,1406
824.287,1438
824.406,1425
824.524,1409
824.643,1407
824.761,1393
824.88,1415
824.998,1424
825.117,1411
825.235,1400
825.354,1402
825.472,1379
825.591,1394
825.709,1453
825.828,1390
825.946,1391
826.064,1404
826.183,1423
826.301,1426
826.42,1391
826.538,1423
826.657,1407
826.775,1419
826.894,1413
827.012,1338
827.13,1412
827.249,1334
827.367,1383
827.486,1429
827.604,1399
827.723,1433
827.841,1336
827.959,1347
828.078,1379
828.196,1402
828.315,1348
828.433,1378
828.552,1366
828.67,1396
828.788,1359
828.907,1381
829.025,1336
829.143,1347
829.262,1388
829.38,1360
829.499,1372
829.617,1393
829.735,1398
829.854,1395
829.972,1394
830.091,1396
830.209,1378
830.327,1340
830.446,1372
830.564,1375
830.682,1387
830.801,1367
830.919,1332
831.037,1372
831.156,1386
831.274,1350
831.392,1397
831.511,1388
831.629,1416
831.747,1377
831.866,1393
831.984,1364
832.102,1369
832.221,1380
832.339,1338
832.457,1369
832.576,1376
832.694,1378
832.812,1358
832.93,1345
833.049,1337
833.167,1394
833.285,1371
833.404,1402
833.522,1376
833.64,1375
833.759,1350
833.877,1388
833.995,1358
834.113,1347
834.232,1334
834.35,1320
834.468,1364
834.586,1382
834.705,1408
834.823,1406
834.941,1369
835.059,1404
835.178,1370
835.296,1392
835.414,1341
835.532,1364
835.651,1388
835.769,1371
835.887,1341
836.005,1359
836.124,1412
836.242,1337
836.36,1334
836.478,1341
836.596,1372
836.715,1373
836.833,1374
836.951,1369
837.069,1327
837.188,1393
837.306,1369
837.424,1347
837.542,1393
837.66,1373
837.779,1320
837.897,1383
838.015,1394
838.133,1358
838.251,1394
838.369,1346
838.487,1352
838.606,1351
838.724,1381
838.842,1373
838.96,1391
839.078,1381
839.196,1404
839.315,1358
839.433,1362
839.551,1354
839.669,1364
839.787,1394
839.905,1417
840.023,1406
840.142,1424
840.26,1416
840.378,1348
840.496,1375
840.614,1424
840.732,1391
840.85,1409
840.968,1388
841.087,1451
841.205,1370
841.323,1431
841.441,1392
841.559,1406
841.677,1438
841.795,1470
841.913,1426
842.031,1440
842.149,1454
842.267,1412
842.385,1451
842.504,1416
842.622,1418
842.74,1404
842.858,1468
842.976,1491
843.094,1415
843.212,1462
843.33,1469
843.448,1473
843.566,1475
843.684,1465
843.802,1448
843.92,1464
844.038,1479
844.156,1460
844.274,1480
844.392,1448
844.51,1474
844.628,1460
844.746,1427
844.864,1494
844.982,1448
845.1,1461
845.218,1433
845.336,1405
845.454,1484
845.572,1445
845.69,1449
845.808,1418
845.926,1433
846.044,1444
846.162,1417
846.28,1462
846.398,1402
846.516,1423
846.634,1403
846.752,1439
846.87,1462
846.988,1438
847.106,1429
847.224,1449
847.342,1466
847.46,1461
847.578,1429
847.696,1419
847.814,1480
847.932,1461
848.05,1496
848.168,1492
848.285,1514
848.403,1511
848.521,1489
848.639,1493
848.757,1587
848.875,1568
848.993,1573
849.111,1563
849.229,1586
849.347,1568
849.465,1558
849.582,1556
849.7,1595
849.818,1593
849.936,1575
850.054,1585
850.172,1588
850.29,1617
850.408,1635
850.525,1635
850.643,1635
850.761,1608
850.879,1636
850.997,1669
851.115,1602
851.233,1564
851.35,1611
851.468,1634
851.586,1629
851.704,1589
851.822,1577
851.94,1579
852.057,1532
852.175,1526
852.293,1511
852.411,1509
852.529,1543
852.647,1539
852.764,1486
852.882,1486
853.0,1473
853.118,1474
853.236,1402
853.353,1443
853.471,1384
853.589,1429
853.707,1437
853.824,1417
853.942,1377
854.06,1398
854.178,1393
854.296,1416
854.413,1399
854.531,1405
854.649,1409
854.767,1384
854.884,1431
855.002,1419
855.12,1380
855.238,1462
855.355,1394
855.473,1403
855.591,1401
855.708,1422
855.826,1404
855.944,1423
856.062,1395
856.179,1410
856.297,1419
856.415,1426
856.532,1433
856.65,1411
856.768,1424
856.886,1398
857.003,1420
857.121,1457
857.239,1397
857.356,1457
857.474,1419
857.592,1399
857.709,1440
857.827,1412
857.945,1434
858.062,1468
858.18,1448
858.298,1424
858.415,1450
858.533,1424
858.651,1455
858.768,1443
858.886,1399
859.003,1376
859.121,1426
859.239,1396
859.356,1450
859.474,1438
859.592,1374
859.709,1424
859.827,1432
859.944,1386
860.062,1426
860.18,1404
860.297,1393
860.415,1410
860.532,1447
860.65,1409
860.768,1421
860.885,1443
861.003,1409
861.12,1408
861.238,1444
861.356,1407
861.473,1460
861.591,1447
861.708,1407
861.826,1429
861.943,1416
862.061,1383
862.178,1438
862.296,1391
862.414,1470
862.531,1398
862.649,1408
862.766,1377
862.884,1390
863.001,1386
863.119,1341
863.236,1392
863.354,1384
863.471,1381
863.589,1404
863.706,1432
863.824,1372
863.941,1386
864.059,1375
864.176,1402
864.294,1337
864.411,1398
864.529,1422
864.646,1405
864.764,1399
864.881,1356
864.999,1366
865.116,1385
865.233,1378
865.351,1393
865.468,1352
865.586,1399
865.703,1372
865.821,1378
865.938,1390
866.056,1387
866.173,1393
866.29,1409
866.408,1428
866.525,1364
866.643,1416
866.76,1366
866.878,1372
866.995,1384
867.112,1398
867.23,1384
867.347,1390
867.465,1394
867.582,1406
867.699,1369
867.817,1387
867.934,1391
868.051,1403
868.169,1429
868.286,1399
868.404,1391
868.521,1426
868.638,1410
868.756,1400
868.873,1404
868.99,1398
869.108,1408
869.225,1375
869.342,1435
869.46,1405
869.577,1393
869.694,1405
869.812,1418
869.929,1391
870.046,1406
870.164,1384
870.281,1399
870.398,1417
870.516,1452
870.633,1407
870.75,1429
870.867,1436
870.985,1399
871.102,1435
871.219,1441
871.337,1438
871.454,1425
871.571,1403
871.688,1407
871.806,1378
871.923,1408
872.04,1387
872.157,1412
872.275,1417
872.392,1425
872.509,1429
872.626,1407
872.744,1414
872.861,1415
872.978,1406
873.095,1412
873.213,1365
873.33,1413
873.447,1385
873.564,1436
873.681,1437
873.799,1401
873.916,1433
874.033,1407
874.15,1387
874.267,1395
874.385,1406
874.502,1401
874.619,1382
874.736,1435
874.853,1436
874.97,1456
875.088,1448
875.205,1462
875.322,1420
875.439,1437
875.556,1448
875.673,1433
875.791,1418
875.908,1454
876.025,1387
876.142,1404
876.259,1425
876.376,1432
876.493,1458
876.61,1467
876.728,1428
876.845,1458
876.962,1418
877.079,1392
877.196,1436
877.313,1434
877.43,1462
877.547,1428
877.664,1391
877.781,1443
877.898,1467
878.016,1389
878.133,1427
878.25,1438
878.367,1438
878.484,1423
878.601,1401
878.718,1418
878.835,1416
878.952,1407
879.069,1405
879.186,1427
879.303,1393
879.42,1413
879.537,1408
879.654,1422
879.771,1378
879.888,1396
880.005,1400
880.122,1410
880.239,1361
880.356,1396
880.473,1392
880.59,1370
880.707,1416
880.824,1413
880.941,1387
881.058,1428
881.175,1407
881.292,1407
881.409,1397
881.526,1395
881.643,1378
881.76,1415
881.877,1368
881.994,1430
882.111,1368
882.228,1425
882.345,1405
882.462,1407
882.579,1393
882.696,1406
882.812,1407
882.929,1439
883.046,1457
883.163,1400
883.28,1444
883.397,1424
883.514,1413
883.631,1380
883.748,1425
883.865,1379
883.982,1425
884.098,1395
884.215,1429
884.332,1429
884.449,1429
884.566,1429
884.683,1455
884.8,1465
884.916,1452
885.033,1483
885.15,1458
885.267,1479
885.384,1467
885.501,1525
885.617,1526
885.734,1501
885.851,1470
885.968,1520
886.085,1525
886.202,1489
886.318,1498
886.435,1540
886.552,1485
886.669,1473
886.786,1489
886.902,1537
887.019,1439
887.136,1490
887.253,1428
887.369,1467
887.486,1461
887.603,1446
887.72,1430
887.837,1454
887.953,1417
888.07,1446
888.187,1420
888.304,1439
888.42,1377
888.537,1439
888.654,1425
888.77,1396
888.887,1434
889.004,1434
889.121,1382
889.237,1400
889.354,1410
889.471,1403
889.587,1393
889.704,1364
889.821,1403
889.938,1404
890.054,1381
890.171,1423
890.288,1440
890.404,1418
890.521,1402
890.638,1452
890.754,1399
890.871,1412
890.988,1379
891.104,1420
891.221,1388
891.337,1402
891.454,1411
891.571,1401
891.687,1398
891.804,1419
891.921,1437
892.037,1454
892.154,1419
892.27,1372
892.387,1403
892.504,1410
892.62,1438
892.737,1402
892.854,1418
892.97,1408
893.087,1410
893.203,1410
893.32,1446
893.436,1419
893.553,1485
893.67,1438
893.786,1414
893.903,1427
894.019,1435
894.136,1428
894.252,1388
894.369,1438
894.485,1429
894.602,1402
894.718,1459
894.835,1407
894.951,1449
895.068,1404
895.184,1446
895.301,1428
895.417,1442
895.534,1454
895.65,1409
895.767,1413
895.883,1420
896.0,1394
896.116,1439
896.233,1429
896.349,1434
896.466,1445
896.582,1469
896.699,1440
896.815,1439
896.932,1453
897.048,1457
897.165,1471
897.281,1426
897.397,1423
897.514,1425
897.63,1394
897.747,1418
897.863,1463
897.979,1471
898.096,1406
898.212,1446
898.329,1470
898.445,1441
898.561,1430
898.678,1479
898.794,1471
898.911,1470
899.027,1434
899.143,1416
899.26,1425
899.376,1430
899.492,1456
899.609,1441
899.725,1482
899.842,1426
899.958,1437
900.074,1451
900.191,1427
900.307,1406
900.423,1455
900.539,1478
900.656,1488
900.772,1409
900.888,1408
901.005,1464
901.121,1463
901.237,1444
901.354,1505
901.47,1521
901.586,1463
901.703,1426
901.819,1475
901.935,1463
902.051,1474
902.168,1515
902.284,1498
902.4,1507
902.516,1480
902.633,1471
902.749,1489
902.865,1563
902.981,1479
903.098,1521
903.214,1518
903.33,1499
903.446,1521
903.562,1486
903.679,1480
903.795,1489
903.911,1517
904.027,1489
904.143,1497
904.26,1458
904.376,1482
904.492,1476
904.608,1504
904.724,1451
904.841,1460
904.957,1473
905.073,1512
905.189,1422
905.305,1515
905.421,1467
905.538,1437
905.654,1476
905.77,1417
905.886,1491
906.002,1474
906.118,1461
906.234,1478
906.35,1392
906.466,1415
906.583,1483
906.699,1470
906.815,1396
906.931,1492
907.047,1432
907.163,1460
907.279,1434
907.395,1458
907.511,1457
907.627,1443
907.743,1456
907.859,1428
907.976,1432
908.092,1421
908.208,1433
908.324,1464
908.44,1457
908.556,1427
908.672,1468
908.788,1455
908.904,1412
909.02,1469
909.136,1445
909.252,1415
909.368,1452
909.484,1449
909.6,1413
909.716,1470
909.832,1448
909.948,1468
910.064,1449
910.18,1454
910.296,1432
910.412,1468
910.528,1440
910.644,1474
910.76,1427
910.875,1489
910.991,1475
911.107,1441
911.223,1469
911.339,1439
911.455,1462
911.571,1460
911.687,1503
911.803,1466
911.919,1442
912.035,1456
912.151,1431
912.267,1450
912.382,1439
912.498,1430
912.614,1451
912.73,1443
912.846,1435
792.446,2681
792.565,2668
792.684,2630
792.803,2602
792.922,2561
793.041,2438
793.16,2453
793.279,2486
793.398,2355
793.518,2411
793.637,2347
793.756,2319
793.875,2336
793.994,2305
794.113,2254
794.232,2211
794.351,2216
794.47,2192
794.589,2240
794.708,2178
794.827,2231
794.946,2186
795.066,2115
795.185,2107
795.304,2138
795.423,2106
795.542,2141
795.661,2066
795.78,2061
795.899,2125
796.018,2032
796.137,2005
796.256,2028
796.375,1980
796.494,1998
796.613,1997
796.732,2004
796.851,1983
796.97,1910
797.089,1932
797.208,1896
797.327,1931
797.446,1913
797.565,1917
797.684,1857
797.803,1887
797.922,1874
798.041,1845
798.16,1798
798.279,1846
798.398,1847
798.517,1852
798.636,1809
798.755,1824
798.874,1826
798.993,1830
799.112,1785
799.231,1852
799.35,1851
799.469,1842
799.588,1770
799.707,1824
799.826,1778
799.945,1784
800.064,1736
800.183,1816
800.302,1756
800.421,1748
800.54,1780
800.659,1734
800.778,1733
800.897,1761
801.016,1712
801.135,1749
801.254,1696
801.373,1738
801.492,1742
801.611,1703
801.729,1687
801.848,1673
801.967,1711
802.086,1700
802.205,1698
802.324,1681
802.443,1710
802.562,1674
802.681,1694
802.8,1660
802.919,1674
803.038,1623
803.157,1655
803.276,1675
803.394,1662
803.513,1667
803.632,1642
803.751,1676
803.87,1678
803.989,1643
804.108,1662
804.227,1663
804.346,1641
804.465,1621
804.583,1589
804.702,1670
804.821,1624
804.94,1662
805.059,1612
805.178,1633
805.297,1634
805.416,1607
805.535,1603
805.653,1590
805.772,1671
805.891,1581
806.01,1657
806.129,1601
806.248,1608
806.367,1631
806.485,1609
806.604,1644
806.723,1572
806.842,1633
806.961,1637
807.08,1652
807.198,1619
807.317,1627
807.436,1581
807.555,1621
807.674,1669
807.793,1623
807.912,1621
808.03,1646
808.149,1601
808.268,1632
808.387,1588
808.506,1669
808.624,1660
808.743,1617
808.862,1640
808.981,1606
809.1,1611
809.219,1700
809.337,1692
809.456,1680
809.575,1640
809.694,1690
809.812,1664
809.931,1701
810.05,1698
810.169,1676
810.288,1682
810.406,1719
810.525,1674
810.644,1675
810.763,1673
810.882,1734
811.0,1729
811.119,1703
811.238,1680
811.357,1705
811.475,1702
811.594,1663
811.713,1725
811.832,1682
811.95,1666
812.069,1659
812.188,1676
812.307,1638
812.425,1665
812.544,1610
812.663,1627
812.782,1622
812.9,1615
813.019,1622
813.138,1597
813.257,1645
813.375,1587
813.494,1611
813.613,1636
813.731,1575
813.85,1578
813.969,1622
814.088,1597
814.206,1596
814.325,1541
814.444,1530
814.562,1554
814.681,1595
814.8,1588
814.918,1555
815.037,1588
815.156,1579
815.274,1567
815.393,1606
815.512,1549
815.631,1559
815.749,1571
815.868,1581
815.987,1551
816.105,1564
816.224,1557
816.343,1593
816.461,1579
816.58,1528
816.698,1560
816.817,1574
816.936,1569
817.055,1606
817.173,1613
817.292,1571
817.41,1604
817.529,1574
817.648,1574
817.766,1562
817.885,1598
818.004,1581
818.122,1591
818.241,1557
818.359,1570
818.478,1575
818.597,1589
818.715,1559
818.834,1561
818.953,1594
819.071,1576
819.19,1570
819.308,1559
819.427,1590
819.546,1581
819.664,1581
819.783,1598
819.901,1602
820.02,1563
820.138,1551
820.257,1566
820.376,1583
820.494,1563
820.613,1595
820.731,1558
820.85,1565
820.969,1579
821.087,1565
821.206,1545
821.324,1515
821.443,1534
821.561,1533
821.68,1488
821.798,1488
821.917,1484
822.035,1514
822.154,1455
822.273,1530
822.391,1475
822.51,1444
822.628,1473
822.747,1517
822.865,1445
822.984,1447
823.102,1458
823.221,1460
823.339,1524
823.458,1439
823.576,1427
823.695,1447
823.813,1467
823.932,1441
824.05,1444
824.169,1436
824.287,1430
824.406,1464
824.524,1417
824.643,1454
824.761,1415
824.88,1414
824.998,1385
825.117,1431
825.235,1424
825.354,1470
825.472,1422
825.591,1451
825.709,1469
825.828,1451
825.946,1459
826.064,1422
826.183,1441
826.301,1427
826.42,1423
826.538,1391
826.657,1427
826.775,1394
826.894,1385
827.012,1420
827.13,1448
827.249,1459
827.367,1423
827.486,1425
827.604,1428
827.723,1434
827.841,1398
827.959,1437
828.078,1425
828.196,1411
828.315,1380
828.433,1384
828.552,1384
828.67,1408
828.788,1393
828.907,1358
829.025,1377
829.143,1392
829.262,1360
829.38,1435
829.499,1365
829.617,1396
829.735,1382
829.854,1406
829.972,1406
830.091,1391
830.209,1373
830.327,1373
830.446,1386
830.564,1448
830.682,1412
830.801,1393
830.919,1422
831.037,1404
831.156,1389
831.274,1409
831.392,1373
831.511,1421
831.629,1373
831.747,1406
831.866,1386
831.984,1373
832.102,1414
832.221,1380
832.339,1416
832.457,1403
832.576,1421
832.694,1399
832.812,1376
832.93,1399
833.049,1402
833.167,1412
833.285,1440
833.404,1414
833.522,1431
833.64,1370
833.759,1387
833.877,1395
833.995,1353
834.113,1456
834.232,1400
834.35,1425
834.468,1384
834.586,1391
834.705,1412
834.823,1395
834.941,1388
835.059,1395
835.178,1385
835.296,1380
835.414,1384
835.532,1418
835.651,1357
835.769,1352
835.887,1390
836.005,1379
836.124,1384
836.242,1417
836.36,1368
836.478,1415
836.596,1417
836.715,1364
836.833,1374
836.951,1376
837.069,1414
837.188,1395
837.306,1425
837.424,1402
837.542,1371
837.66,1354
837.779,1401
837.897,1384
838.015,1384
838.133,1388
838.251,1386
838.369,1402
838.487,1377
838.606,1382
838.724,1427
838.842,1370
838.96,1393
839.078,1389
839.196,1388
839.315,1394
839.433,1418
839.551,1387
839.669,1373
839.787,1405
839.905,1386
840.023,1411
840.142,1433
840.26,1403
840.378,1437
840.496,1402
840.614,1469
840.732,1404
840.85,1420
840.968,1437
841.087,1418
841.205,1471
841.323,1473
841.441,1440
841.559,1499
841.677,1426
841.795,1462
841.913,1437
842.031,1425
842.149,1438
842.267,1459
842.385,1424
842.504,1436
842.622,1479
842.74,1467
842.858,1466
842.976,1477
843.094,1449
843.212,1466
843.33,1479
843.448,1493
843.566,1478
843.684,1448
843.802,1478
843.92,1501
844.038,1473
844.156,1530
844.274,1520
844.392,1532
844.51,1489
844.628,1492
844.746,1486
844.864,1524
844.982,1465
845.1,1509
845.218,1488
845.336,1422
845.454,1523
845.572,1426
845.69,1466
845.808,1443
845.926,1481
846.044,1459
846.162,1484
846.28,1456
846.398,1424
846.516,1485
846.634,1445
846.752,1456
846.87,1434
846.988,1461
847.106,1466
847.224,1466
847.342,1461
847.46,1465
847.578,1520
847.696,1500
847.814,1511
847.932,1537
848.05,1529
848.168,1516
848.285,1502
848.403,1520
848.521,1582
848.639,1528
848.757,1555
848.875,1548
848.993,1552
849.111,1552
849.229,1580
849.347,1620
849.465,1596
849.582,1632
849.7,1602
849.818,1604
849.936,1620
850.054,1636
850.172,1629
850.29,1621
850.408,1611
850.525,1637
850.643,1634
850.761,1639
850.879,1613
850.997,1645
851.115,1646
851.233,1625
851.35,1668
851.468,1610
851.586,1623
851.704,1612
851.822,1573
851.94,1545
852.057,1538
852.175,1544
852.293,1543
852.411,1552
852.529,1585
852.647,1575
852.764,1572
852.882,1490
853.0,1487
853.118,1468
853.236,1479
853.353,1446
853.471,1435
853.589,1422
853.707,1465
853.824,1424
853.942,1452
854.06,1428
854.178,1439
854.296,1442
854.413,1470
854.531,1489
854.649,1434
854.767,1442
854.884,1450
855.002,1444
855.12,1398
855.238,1413
855.355,1440
855.473,1447
855.591,1422
855.708,1434
855.826,1422
855.944,1473
856.062,1456
856.179,1447
856.297,1395
856.415,1448
856.532,1462
856.65,1393
856.768,1434
856.886,1469
857.003,1452
857.121,1448
857.239,1453
857.356,1447
857.474,1460
857.592,1440
857.709,1490
857.827,1445
857.945,1438
858.062,1427
858.18,1480
858.298,1434
858.415,1452
858.533,1466
858.651,1482
858.768,1470
858.886,1483
859.003,1461
859.121,1423
859.239,1473
859.356,1425
859.474,1409
859.592,1437
859.709,1451
859.827,1462
859.944,1446
860.062,1416
860.18,1448
860.297,1401
860.415,1433
860.532,1402
860.65,1416
860.768,1443
860.885,1446
861.003,1421
861.12,1426
861.238,1454
861.356,1449
861.473,1461
861.591,1391
861.708,1430
861.826,1406
861.943,1423
862.061,1403
862.178,1423
862.296,1426
862.414,1411
862.531,1418
862.649,1404
862.766,1370
862.884,1395
863.001,1419
863.119,1438
863.236,1382
863.354,1415
863.471,1349
863.589,1450
863.706,1390
863.824,1427
863.941,1439
864.059,1430
864.176,1428
864.294,1407
864.411,1385
864.529,1374
864.646,1441
864.764,1368
864.881,1450
864.999,1402
865.116,1431
865.233,1402
865.351,1399
865.468,1394
865.586,1400
865.703,1405
865.821,1394
865.938,1413
866.056,1431
866.173,1407
866.29,1405
866.408,1426
866.525,1411
866.643,1412
866.76,1412
866.878,1392
866.995,1366
867.112,1421
867.23,1361
867.347,1433
867.465,1359
867.582,1426
867.699,1414
867.817,1433
867.934,1352
868.051,1421
868.169,1451
868.286,1440
868.404,1390
868.521,1442
868.638,1413
868.756,1448
868.873,1420
868.99,1417
869.108,1399
869.225,1416
869.342,1411
869.46,1391
869.577,1401
869.694,1383
869.812,1418
869.929,1426
870.046,1450
870.164,1434
870.281,1434
870.398,1437
870.516,1432
870.633,1469
870.75,1444
870.867,1439
870.985,1443
871.102,1449
871.219,1453
871.337,1460
871.454,1416
871.571,1430
871.688,1467
871.806,1469
871.923,1431
872.04,1456
872.157,1472
872.275,1481
872.392,1404
872.509,1445
872.626,1426
872.744,1469
872.861,1469
872.978,1461
873.095,1430
873.213,1435
873.33,1436
873.447,1433
873.564,1465
873.681,1466
873.799,1411
873.916,1451
874.033,1413
874.15,1476
874.267,1422
874.385,1433
874.502,1396
874.619,1444
874.736,1428
874.853,1463
874.97,1451
875.088,1441
875.205,1438
875.322,1479
875.439,1454
875.556,1490
875.673,1465
875.791,1460
875.908,1450
876.025,1400
876.142,1444
876.259,1430
876.376,1439
876.493,1464
876.61,1461
876.728,1424
876.845,1500
876.962,1407
877.079,1412
877.196,1463
877.313,1504
877.43,1472
877.547,1413
877.664,1467
877.781,1439
877.898,1453
878.016,1447
878.133,1443
878.25,1490
878.367,1436
878.484,1435
878.601,1433
878.718,1447
878.835,1448
878.952,1447
879.069,1461
879.186,1421
879.303,1429
879.42,1423
879.537,1412
879.654,1425
879.771,1448
879.888,1426
880.005,1463
880.122,1400
880.239,1445
880.356,1424
880.473,1435
880.59,1407
880.707,1422
880.824,1449
880.941,1429
881.058,1457
881.175,1397
881.292,1421
881.409,1432
881.526,1433
881.643,1407
881.76,1454
881.877,1427
881.994,1453
882.111,1408
882.228,1447
882.345,1435
882.462,1410
882.579,1423
882.696,1429
882.812,1463
882.929,1441
883.046,1444
883.163,1427
883.28,1411
883.397,1464
883.514,1468
883.631,1440
883.748,1427
883.865,1453
883.982,1399
884.098,1471
884.215,1449
884.332,1445
884.449,1445
884.566,1461
884.683,1460
884.8,1474
884.916,1479
885.033,1525
885.15,1523
885.267,1537
885.384,1508
885.501,1499
885.617,1561
885.734,1554
885.851,1566
885.968,1538
886.085,1524
886.202,1523
886.318,1549
886.435,1556
886.552,1563
886.669,1509
886.786,1486
886.902,1498
887.019,1472
887.136,1498
887.253,1507
887.369,1512
887.486,1512
887.603,1506
887.72,1471
887.837,1475
887.953,1457
888.07,1484
888.187,1468
888.304,1455
888.42,1453
888.537,1442
888.654,1426
888.77,1430
888.887,1420
889.004,1452
889.121,1402
889.237,1430
889.354,1452
889.471,1453
889.587,1436
889.704,1461
889.821,1440
889.938,1424
890.054,1471
890.171,1447
890.288,1463
890.404,1438
890.521,1393
890.638,1429
890.754,1457
890.871,1471
890.988,1417
891.104,1462
891.221,1448
891.337,1416
891.454,1476
891.571,1462
891.687,1443
891.804,1441
891.921,1438
892.037,1472
892.154,1467
892.27,1448
892.387,1437
892.504,1478
892.62,1481
892.737,1418
892.854,1446
892.97,1459
893.087,1463
893.203,1486
893.32,1429
893.436,1455
893.553,1426
893.67,1478
893.786,1443
893.903,1449
894.019,1445
894.136,1444
894.252,1416
894.369,1468
894.485,1446
894.602,1440
894.718,1458
894.835,1454
894.951,1507
895.068,1479
895.184,1444
895.301,1476
895.417,1437
895.534,1437
895.65,1418
895.767,1453
895.883,1467
896.0,1454
896.116,1425
896.233,1445
896.349,1471
896.466,1448
896.582,1409
896.699,1451
896.815,1475
896.932,1470
897.048,1468
897.165,1480
897.281,1457
897.397,1430
897.514,1479
897.63,1473
897.747,1440
897.863,1419
897.979,1449
898.096,1440
898.212,1471
898.329,1456
898.445,1512
898.561,1447
898.678,1472
898.794,1454
898.911,1428
899.027,1470
899.143,1456
899.26,1490
899.376,1505
899.492,1512
899.609,1483
899.725,1484
899.842,1476
899.958,1509
900.074,1520
900.191,1525
900.307,1456
900.423,1507
900.539,1504
900.656,1481
900.772,1508
900.888,1457
901.005,1506
901.121,1465
901.237,1499
901.354,1557
901.47,1511
901.586,1505
901.703,1515
901.819,1496
901.935,1510
902.051,1535
902.168,1570
902.284,1522
902.4,1445
902.516,1537
902.633,1479
902.749,1506
902.865,1596
902.981,1551
903.098,1532
903.214,1533
903.33,1536
903.446,1531
903.562,1529
903.679,1539
903.795,1516
903.911,1503
904.027,1507
904.143,1530
904.26,1500
904.376,1497
904.492,1495
904.608,1488
904.724,1516
904.841,1544
904.957,1484
905.073,1478
905.189,1460
905.305,1467
905.421,1512
905.538,1478
905.654,1468
905.77,1479
905.886,1460
906.002,1462
906.118,1467
906.234,1539
906.35,1506
906.466,1470
906.583,1496
906.699,1456
906.815,1485
906.931,1475
907.047,1474
907.163,1519
907.279,1430
907.395,1453
907.511,1484
907.627,1462
907.743,1453
907.859,1502
907.976,1515
908.092,1461
908.208,1445
908.324,1511
908.44,1475
908.556,1485
908.672,1474
908.788,1498
908.904,1452
909.02,1434
909.136,1482
909.252,1456
909.368,1482
909.484,1483
909.6,1525
909.716,1510
909.832,1532
909.948,1475
910.064,1493
910.18,1445
910.296,1541
910.412,1486
910.528,1522
910.644,1513
910.76,1450
910.875,1506
910.991,1497
911.107,1490
911.223,1488
911.339,1524
911.455,1499
911.571,1496
911.687,1493
911.803,1456
911.919,1429
912.035,1536
912.151,1471
912.267,1487
912.382,1471
912.498,1476
912.614,1487
912.73,1460
912.846,1476
792.446,2735
792.565,2751
792.684,2679
792.803,2589
792.922,2527
793.041,2495
793.16,2465
793.279,2414
793.398,2459
793.518,2415
793.637,2310
793.756,2371
793.875,2295
793.994,2272
794.113,2314
794.232,2269
794.351,2274
794.47,2249
794.589,2284
794.708,2182
794.827,2213
794.946,2152
795.066,2157
795.185,2181
795.304,2142
795.423,2129
795.542,2193
795.661,2056
795.78,2067
795.899,2062
796.018,1980
796.137,2039
796.256,2029
796.375,2046
796.494,2006
796.613,2002
796.732,1979
796.851,1958
796.97,1961
797.089,1972
797.208,1957
797.327,1902
797.446,1932
797.565,1847
797.684,1888
797.803,1873
797.922,1870
798.041,1907
798.16,1837
798.279,1871
798.398,1837
798.517,1869
798.636,1872
798.755,1862
798.874,1798
798.993,1832
799.112,1810
799.231,1847
799.35,1819
799.469,1805
799.588,1760
799.707,1830
799.826,1764
799.945,1804
800.064,1778
800.183,1793
800.302,1786
800.421,1772
800.54,1748
800.659,1767
800.778,1707
800.897,1736
801.016,1758
801.135,1717
801.254,1746
801.373,1736
801.492,1698
801.611,1739
801.729,1751
801.848,1662
801.967,1709
802.086,1716
802.205,1693
802.324,1686
802.443,1697
802.562,1695
802.681,1687
802.8,1691
802.919,1659
803.038,1649
803.157,1701
803.276,1704
803.394,1689
803.513,1636
803.632,1664
803.751,1616
803.87,1687
803.989,1620
804.108,1686
804.227,1645
804.346,1646
804.465,1645
804.583,1682
804.702,1664
804.821,1628
804.94,1645
805.059,1653
805.178,1673
805.297,1639
805.416,1662
805.535,1648
805.653,1649
805.772,1637
805.891,1631
806.01,1655
806.129,1670
806.248,1692
806.367,1608
806.485,1636
806.604,1640
806.723,1626
806.842,1597
806.961,1637
807.08,1570
807.198,1603
807.317,1609
807.436,1689
807.555,1598
807.674,1602
807.793,1597
807.912,1610
808.03,1630
808.149,1620
808.268,1646
808.387,1656
808.506,1657
808.624,1636
808.743,1621
808.862,1653
808.981,1672
809.1,1662
809.219,1616
809.337,1655
809.456,1708
809.575,1705
809.694,1699
809.812,1714
809.931,1736
810.05,1698
810.169,1732
810.288,1660
810.406,1709
810.525,1640
810.644,1672
810.763,1695
810.882,1656
811.0,1760
811.119,1687
811.238,1715
811.357,1673
811.475,1664
811.594,1675
811.713,1714
811.832,1691
811.95,1704
812.069,1694
812.188,1667
812.307,1653
812.425,1649
812.544,1660
812.663,1628
812.782,1612
812.9,1668
813.019,1626
813.138,1662
813.257,1620
813.375,1632
813.494,1651
813.613,1623
813.731,1581
813.85,1588
813.969,1629
814.088,1676
814.206,1648
814.325,1601
814.444,1597
814.562,1599
814.681,1618
814.8,1608
814.918,1576
815.037,1586
815.156,1542
815.274,1552
815.393,1562
815.512,1559
815.631,1541
815.749,1558
815.868,1607
815.987,1559
816.105,1530
816.224,1534
816.343,1592
816.461,1597
816.58,1630
816.698,1632
816.817,1628
816.936,1607
817.055,1618
817.173,1589
817.292,1601
817.41,1620
817.529,1594
817.648,1589
817.766,1587
817.885,1611
818.004,1556
818.122,1559
818.241,1580
818.359,1572
818.478,1597
818.597,1524
818.715,1613
818.834,1578
818.953,1546
819.071,1584
819.19,1599
819.308,1563
819.427,1560
819.546,1563
819.664,1566
819.783,1597
819.901,1614
820.02,1564
820.138,1592
820.257,1634
820.376,1590
820.494,1549
820.613,1588
820.731,1555
820.85,1545
820.969,1576
821.087,1568
821.206,1511
821.324,1541
821.443,1497
821.561,1539
821.68,1511
821.798,1501
821.917,1512
822.035,1492
822.154,1495
822.273,1459
822.391,1496
822.51,1459
822.628,1478
822.747,1476
822.865,1486
822.984,1430
823.102,1472
823.221,1492
823.339,1472
823.458,1430
823.576,1475
823.695,1448
823.813,1458
823.932,1453
824.05,1431
824.169,1470
824.287,1463
824.406,1489
824.524,1458
824.643,1413
824.761,1454
824.88,1436
824.998,1458
825.117,1434
825.235,1452
825.354,1463
825.472,1415
825.591,1462
825.709,1400
825.828,1474
825.946,1448
826.064,1447
826.183,1370
826.301,1452
826.42,1435
826.538,1464
826.657,1395
826.775,1393
826.894,1435
827.012,1413
827.13,1431
827.249,1442
827.367,1438
827.486,1450
827.604,1464
827.723,1423
827.841,1406
827.959,1417
828.078,1407
828.196,1421
828.315,1428
828.433,1396
828.552,1376
828.67,1415
828.788,1399
828.907,1403
829.025,1428
829.143,1443
829.262,1411
829.38,1394
829.499,1427
829.617,1434
829.735,1408
829.854,1357
829.972,1376
830.091,1388
830.209,1426
830.327,1413
830.446,1374
830.564,1401
830.682,1369
830.801,1430
830.919,1408
831.037,1418
831.156,1396
831.274,1406
831.392,1421
831.511,1416
831.629,1377
831.747,1411
831.866,1376
831.984,1383
832.102,1416
832.221,1424
832.339,1397
832.457,1436
832.576,1373
832.694,1424
832.812,1404
832.93,1392
833.049,1414
833.167,1443
833.285,1398
833.404,1427
833.522,1395
833.64,1356
833.759,1394
833.877,1426
833.995,1359
834.113,1401
834.232,1438
834.35,1391
834.468,1419
834.586,1418
834.705,1387
834.823,1457
834.941,1397
835.059,1400
835.178,1413
835.296,1401
835.414,1430
835.532,1406
835.651,1404
835.769,1392
835.887,1411
836.005,1395
836.124,1409
836.242,1400
836.36,1428
836.478,1404
836.596,1393
836.715,1409
836.833,1385
836.951,1386
837.069,1401
837.188,1370
837.306,1421
837.424,1401
837.542,1396
837.66,1400
837.779,1399
837.897,1375
838.015,1408
838.133,1413
838.251,1388
838.369,1404
838.487,1453
838.606,1397
838.724,1423
838.842,1435
838.96,1396
839.078,1409
839.196,1380
839.315,1434
839.433,1402
839.551,1380
839.669,1429
839.787,1374
839.905,1400
840.023,1400
840.142,1432
840.26,1455
840.378,1428
840.496,1434
840.614,1456
840.732,1448
840.85,1409
840.968,1418
841.087,1434
841.205,1459
841.323,1421
841.441,1453
841.559,1449
841.677,1456
841.795,1436
841.913,1464
842.031,1408
842.149,1460
842.267,1469
842.385,1454
842.504,1447
842.622,1468
842.74,1483
842.858,1487
842.976,1471
843.094,1457
843.212,1489
843.33,1509
843.448,1521
843.566,1450
843.684,1433
843.802,1522
843.92,1509
844.038,1510
844.156,1503
844.274,1484
844.392,1499
844.51,1503
844.628,1489
844.746,1512
844.864,1488
844.982,1499
845.1,1492
845.218,1533
845.336,1513
845.454,1464
845.572,1455
845.69,1494
845.808,1439
845.926,1502
846.044,1468
846.162,1475
846.28,1477
846.398,1472
846.516,1488
846.634,1405
846.752,1478
846.87,1474
846.988,1485
847.106,1485
847.224,1506
847.342,1499
847.46,1458
847.578,1500
847.696,1511
847.814,1474
847.932,1480
848.05,1543
848.168,1541
848.285,1539
848.403,1494
848.521,1553
848.639,1521
848.757,1535
848.875,1581
848.993,1568
849.111,1575
849.229,1553
849.347,1605
849.465,1629
849.582,1659
849.7,1592
849.818,1622
849.936,1612
850.054,1614
850.172,1614
850.29,1627
850.408,1619
850.525,1698
850.643,1647
850.761,1667
850.879,1661
850.997,1662
851.115,1707
851.233,1610
851.35,1629
851.468,1610
851.586,1661
851.704,1633
851.822,1641
851.94,1597
852.057,1569
852.175,1571
852.293,1523
852.411,1557
852.529,1552
852.647,1533
852.764,1532
852.882,1547
853.0,1492
853.118,1457
853.236,1434
853.353,1422
853.471,1480
853.589,1437
853.707,1435
853.824,1418
853.942,1454
854.06,1421
854.178,1443
854.296,1450
854.413,1469
854.531,1428
854.649,1457
854.767,1426
854.884,1414
855.002,1468
855.12,1435
855.238,1440
855.355,1441
855.473,1439
855.591,1444
855.708,1385
855.826,1429
855.944,1458
856.062,1457
856.179,1454
856.297,1439
856.415,1459
856.532,1479
856.65,1471
856.768,1455
856.886,1479
857.003,1465
857.121,1447
857.239,1480
857.356,1467
857.474,1474
857.592,1498
857.709,1464
857.827,1473
857.945,1505
858.062,1423
858.18,1472
858.298,1497
858.415,1481
858.533,1464
858.651,1489
858.768,1479
858.886,1489
859.003,1485
859.121,1455
859.239,1448
859.356,1421
859.474,1442
859.592,1455
859.709,1451
859.827,1474
859.944,1426
860.062,1466
860.18,1456
860.297,1418
860.415,1398
860.532,1429
860.65,1442
860.768,1443
860.885,1427
861.003,1421
861.12,1421
861.238,1444
861.356,1455
861.473,1459
861.591,1445
861.708,1420
861.826,1378
861.943,1424
862.061,1427
862.178,1439
862.296,1384
862.414,1386
862.531,1412
862.649,1446
862.766,1386
862.884,1403
863.001,1458
863.119,1437
863.236,1398
863.354,1422
863.471,1418
863.589,1450
863.706,1427
863.824,1415
863.941,1393
864.059,1432
864.176,1418
864.294,1417
864.411,1400
864.529,1399
864.646,1465
864.764,1414
864.881,1418
864.999,1446
865.116,1450
865.233,1392
865.351,1380
865.468,1394
865.586,1487
865.703,1400
865.821,1419
865.938,1404
866.056,1454
866.173,1365
866.29,1439
866.408,1393
866.525,1405
866.643,1415
866.76,1407
866.878,1457
866.995,1402
867.112,1423
867.23,1409
867.347,1440
867.465,1426
867.582,1470
867.699,1424
867.817,1453
867.934,1401
868.051,1431
868.169,1428
868.286,1428
868.404,1459
868.521,1431
868.638,1373
868.756,1458
868.873,1458
868.99,1448
869.108,1464
869.225,1393
869.342,1393
869.46,1465
869.577,1422
869.694,1445
869.812,1436
869.929,1481
870.046,1439
870.164,1443
870.281,1477
870.398,1430
870.516,1429
870.633,1451
870.75,1444
870.867,1422
870.985,1488
871.102,1466
871.219,1433
871.337,1476
871.454,1468
871.571,1444
871.688,1488
871.806,1427
871.923,1471
872.04,1426
872.157,1449
872.275,1430
872.392,1467
872.509,1448
872.626,1453
872.744,1449
872.861,1408
872.978,1432
873.095,1470
873.213,1442
873.33,1465
873.447,1470
873.564,1439
873.681,1487
873.799,1465
873.916,1426
874.033,1498
874.15,1466
874.267,1468
874.385,1497
874.502,1435
874.619,1461
874.736,1442
874.853,1487
874.97,1504
875.088,1472
875.205,1423
875.322,1430
875.439,1425
875.556,1437
875.673,1492
875.791,1418
875.908,1482
876.025,1422
876.142,1505
876.259,1505
876.376,1447
876.493,1460
876.61,1477
876.728,1407
876.845,1501
876.962,1445
877.079,1480
877.196,1487
877.313,1463
877.43,1448
877.547,1460
877.664,1437
877.781,1478
877.898,1471
878.016,1486
878.133,1467
878.25,1495
878.367,1431
878.484,1471
878.601,1429
878.718,1429
878.835,1462
878.952,1480
879.069,1434
879.186,1475
879.303,1450
879.42,1468
879.537,1430
879.654,1434
879.771,1399
879.888,1463
880.005,1424
880.122,1424
880.239,1451
880.356,1430
880.473,1402
880.59,1449
880.707,1483
880.824,1428
880.941,1434
881.058,1431
881.175,1419
881.292,1404
881.409,1441
881.526,1416
881.643,1446
881.76,1396
881.877,1430
881.994,1431
882.111,1418
882.228,1414
882.345,1426
882.462,1489
882.579,1434
882.696,1437
882.812,1463
882.929,1438
883.046,1451
883.163,1437
883.28,1454
883.397,1455
883.514,1414
883.631,1500
883.748,1452
883.865,1446
883.982,1449
884.098,1446
884.215,1476
884.332,1471
884.449,1444
884.566,1470
884.683,1484
884.8,1429
884.916,1508
885.033,1488
885.15,1530
885.267,1550
885.384,1517
885.501,1569
885.617,1571
885.734,1544
885.851,1535
885.968,1594
886.085,1541
886.202,1540
886.318,1533
886.435,1475
886.552,1492
886.669,1538
886.786,1583
886.902,1503
887.019,1496
887.136,1513
887.253,1504
887.369,1496
887.486,1515
887.603,1489
887.72,1514
887.837,1494
887.953,1485
888.07,1453
888.187,1527
888.304,1459
888.42,1455
888.537,1461
888.654,1475
888.77,1452
888.887,1451
889.004,1470
889.121,1433
889.237,1402
889.354,1455
889.471,1482
889.587,1478
889.704,1431
889.821,1446
889.938,1465
890.054,1433
890.171,1459
890.288,1465
890.404,1445
890.521,1474
890.638,1438
890.754,1443
890.871,1469
890.988,1467
891.104,1458
891.221,1452
891.337,1449
891.454,1408
891.571,1468
891.687,1444
891.804,1480
891.921,1447
892.037,1459
892.154,1468
892.27,1460
892.387,1475
892.504,1419
892.62,1416
892.737,1455
892.854,1461
892.97,1476
893.087,1456
893.203,1471
893.32,1491
893.436,1468
893.553,1458
893.67,1453
893.786,1450
893.903,1448
894.019,1478
894.136,1512
894.252,1472
894.369,1458
894.485,1512
894.602,1478
894.718,1447
894.835,1478
894.951,1422
895.068,1494
895.184,1467
895.301,1492
895.417,1462
895.534,1475
895.65,1439
895.767,1431
895.883,1506
896.0,1468
896.116,1454
896.233,1510
896.349,1471
896.466,1465
896.582,1426
896.699,1488
896.815,1483
896.932,1432
897.048,1462
897.165,1459
897.281,1439
897.397,1471
897.514,1504
897.63,1518
897.747,1502
897.863,1484
897.979,1474
898.096,1468
898.212,1471
898.329,1463
898.445,1502
898.561,1461
898.678,1540
898.794,1483
898.911,1468
899.027,1511
899.143,1503
899.26,1472
899.376,1466
899.492,1477
899.609,1478
899.725,1495
899.842,1499
899.958,1510
900.074,1479
900.191,1479
900.307,1445
900.423,1485
900.539,1471
900.656,1549
900.772,1510
900.888,1487
901.005,1517
901.121,1510
901.237,1519
901.354,1528
901.47,1493
901.586,1520
901.703,1510
901.819,1553
901.935,1513
902.051,1510
902.168,1529
902.284,1554
902.4,1525
902.516,1564
902.633,1533
902.749,1598
902.865,1554
902.981,1554
903.098,1536
903.214,1550
903.33,1565
903.446,1492
903.562,1540
903.679,1508
903.795,1536
903.911,1507
904.027,1523
904.143,1559
904.26,1532
904.376,1506
904.492,1514
904.608,1533
904.724,1481
904.841,1509
904.957,1574
905.073,1541
905.189,1529
905.305,1511
905.421,1518
905.538,1485
905.654,1488
905.77,1515
905.886,1557
906.002,1501
906.118,1488
906.234,1553
906.35,1535
906.466,1473
906.583,1451
906.699,1486
906.815,1464
906.931,1512
907.047,1438
907.163,1487
907.279,1493
907.395,1500
907.511,1483
907.627,1501
907.743,1485
907.859,1531
907.976,1505
908.092,1548
908.208,1478
908.324,1480
908.44,1490
908.556,1498
908.672,1504
908.788,1497
908.904,1516
909.02,1496
909.136,1490
909.252,1481
909.368,1489
909.484,1493
909.6,1531
909.716,1571
909.832,1485
909.948,1487
910.064,1483
910.18,1479
910.296,1525
910.412,1520
910.528,1510
910.644,1525
910.76,1476
910.875,1518
910.991,1518
911.107,1510
911.223,1490
911.339,1498
911.455,1515
911.571,1518
911.687,1516
911.803,1481
911.919,1521
912.035,1492
912.151,1513
912.267,1544
912.382,1538
912.498,1514
912.614,1491
912.73,1490
912.846,1475
