792.446,2476
792.565,2450
792.684,2355
792.803,2384
792.922,2328
793.041,2266
793.16,2239
793.279,2263
793.398,2275
793.518,2247
793.637,2181
793.756,2197
793.875,2162
793.994,2145
794.113,2150
794.232,2143
794.351,2136
794.47,2096
794.589,2016
794.708,2055
794.827,2071
794.946,2033
795.066,2011
795.185,2022
795.304,2044
795.423,2013
795.542,2092
795.661,2042
795.78,1985
795.899,1989
796.018,1997
796.137,2001
796.256,1950
796.375,1966
796.494,1920
796.613,1971
796.732,1979
796.851,1891
796.97,1934
797.089,1910
797.208,1923
797.327,1905
797.446,1926
797.565,1954
797.684,1894
797.803,1848
797.922,1923
798.041,1898
798.16,1930
798.279,1870
798.398,1866
798.517,1853
798.636,1823
798.755,1841
798.874,1914
798.993,1867
799.112,1881
799.231,1861
799.35,1854
799.469,1861
799.588,1805
799.707,1817
799.826,1861
799.945,1850
800.064,1875
800.183,1834
800.302,1867
800.421,1855
800.54,1904
800.659,1828
800.778,1898
800.897,1810
801.016,1860
801.135,1865
801.254,1808
801.373,1859
801.492,1865
801.611,1799
801.729,1840
801.848,1860
801.967,1856
802.086,1853
802.205,1841
802.324,1840
802.443,1834
802.562,1878
802.681,1842
802.8,1878
802.919,1842
803.038,1802
803.157,1831
803.276,1848
803.394,1868
803.513,1878
803.632,1864
803.751,1820
803.87,1905
803.989,1885
804.108,1869
804.227,1896
804.346,1895
804.465,1882
804.583,1891
804.702,1904
804.821,1917
804.94,1930
805.059,1841
805.178,1869
805.297,1926
805.416,1923
805.535,1893
805.653,1888
805.772,1863
805.891,1896
806.01,1971
806.129,1890
806.248,1910
806.367,1854
806.485,1878
806.604,1901
806.723,1952
806.842,1916
806.961,1918
807.08,1892
807.198,1909
807.317,1938
807.436,1883
807.555,1879
807.674,1942
807.793,1921
807.912,1928
808.03,1870
808.149,1953
808.268,1888
808.387,1940
808.506,1909
808.624,1935
808.743,1965
808.862,1923
808.981,1926
809.1,1875
809.219,1887
809.337,1921
809.456,1978
809.575,1921
809.694,1939
809.812,1981
809.931,1911
810.05,1949
810.169,1924
810.288,1933
810.406,1901
810.525,1955
810.644,1953
810.763,1943
810.882,1902
811.0,1992
811.119,1959
811.238,1937
811.357,1965
811.475,1979
811.594,1967
811.713,1911
811.832,1965
811.95,2025
812.069,1962
812.188,2005
812.307,1970
812.425,2012
812.544,1974
812.663,1914
812.782,1944
812.9,1981
813.019,1970
813.138,1976
813.257,1942
813.375,1917
813.494,1930
813.613,1955
813.731,1941
813.85,1955
813.969,1935
814.088,1948
814.206,1942
814.325,1925
814.444,1909
814.562,1921
814.681,1872
814.8,1899
814.918,1882
815.037,1865
815.156,1866
815.274,1836
815.393,1861
815.512,1877
815.631,1899
815.749,1852
815.868,1871
815.987,1842
816.105,1837
816.224,1872
816.343,1882
816.461,1870
816.58,1889
816.698,1871
816.817,1921
816.936,1867
817.055,1910
817.173,1866
817.292,1856
817.41,1793
817.529,1822
817.648,1800
817.766,1734
817.885,1767
818.004,1725
818.122,1682
818.241,1669
818.359,1625
818.478,1624
818.597,1613
818.715,1634
818.834,1570
818.953,1602
819.071,1540
819.19,1498
819.308,1518
819.427,1558
819.546,1555
819.664,1557
819.783,1505
819.901,1483
820.02,1527
820.138,1462
820.257,1497
820.376,1497
820.494,1492
820.613,1437
820.731,1511
820.85,1471
820.969,1493
821.087,1463
821.206,1475
821.324,1440
821.443,1460
821.561,1403
821.68,1456
821.798,1413
821.917,1428
822.035,1409
822.154,1422
822.273,1432
822.391,1462
822.51,1439
822.628,1468
822.747,1410
822.865,1440
822.984,1424
823.102,1420
823.221,1397
823.339,1442
823.458,1469
823.576,1442
823.695,1449
823.813,1434
823.932,1456
824.05,1420
824.169,1426
824.287,1441
824.406,1453
824.524,1444
824.643,1460
824.761,1424
824.88,1476
824.998,1409
825.117,1464
825.235,1385
825.354,1440
825.472,1405
825.591,1439
825.709,1418
825.828,1404
825.946,1351
826.064,1388
826.183,1416
826.301,1344
826.42,1356
826.538,1401
826.657,1408
826.775,1367
826.894,1375
827.012,1349
827.13,1402
827.249,1378
827.367,1391
827.486,1396
827.604,1373
827.723,1357
827.841,1366
827.959,1356
828.078,1339
828.196,1330
828.315,1370
828.433,1318
828.552,1419
828.67,1341
828.788,1329
828.907,1324
829.025,1355
829.143,1360
829.262,1330
829.38,1373
829.499,1365
829.617,1352
829.735,1359
829.854,1353
829.972,1364
830.091,1338
830.209,1316
830.327,1363
830.446,1345
830.564,1339
830.682,1318
830.801,1378
830.919,1313
831.037,1349
831.156,1364
831.274,1326
831.392,1365
831.511,1334
831.629,1343
831.747,1343
831.866,1361
831.984,1354
832.102,1319
832.221,1368
832.339,1328
832.457,1322
832.576,1387
832.694,1325
832.812,1328
832.93,1360
833.049,1337
833.167,1346
833.285,1341
833.404,1295
833.522,1350
833.64,1345
833.759,1348
833.877,1335
833.995,1332
834.113,1323
834.232,1376
834.35,1347
834.468,1333
834.586,1330
834.705,1362
834.823,1339
834.941,1381
835.059,1323
835.178,1399
835.296,1344
835.414,1337
835.532,1330
835.651,1345
835.769,1332
835.887,1319
836.005,1314
836.124,1353
836.242,1343
836.36,1327
836.478,1356
836.596,1371
836.715,1371
836.833,1370
836.951,1380
837.069,1390
837.188,1383
837.306,1355
837.424,1352
837.542,1374
837.66,1446
837.779,1382
837.897,1425
838.015,1412
838.133,1388
838.251,1414
838.369,1421
838.487,1375
838.606,1392
838.724,1358
838.842,1444
838.96,1371
839.078,1395
839.196,1396
839.315,1384
839.433,1382
839.551,1391
839.669,1388
839.787,1432
839.905,1377
840.023,1363
840.142,1398
840.26,1382
840.378,1402
840.496,1389
840.614,1402
840.732,1404
840.85,1415
840.968,1360
841.087,1399
841.205,1364
841.323,1372
841.441,1388
841.559,1427
841.677,1386
841.795,1402
841.913,1396
842.031,1414
842.149,1386
842.267,1371
842.385,1357
842.504,1375
842.622,1377
842.74,1343
842.858,1333
842.976,1344
843.094,1350
843.212,1389
843.33,1324
843.448,1372
843.566,1330
843.684,1343
843.802,1354
843.92,1358
844.038,1332
844.156,1362
844.274,1314
844.392,1334
844.51,1319
844.628,1315
844.746,1292
844.864,1312
844.982,1322
845.1,1336
845.218,1324
845.336,1290
845.454,1339
845.572,1286
845.69,1329
845.808,1294
845.926,1346
846.044,1331
846.162,1347
846.28,1348
846.398,1335
846.516,1316
846.634,1276
846.752,1333
846.87,1311
846.988,1322
847.106,1317
847.224,1324
847.342,1345
847.46,1364
847.578,1332
847.696,1340
847.814,1335
847.932,1337
848.05,1300
848.168,1323
848.285,1340
848.403,1342
848.521,1348
848.639,1307
848.757,1292
848.875,1322
848.993,1322
849.111,1332
849.229,1336
849.347,1353
849.465,1330
849.582,1344
849.7,1316
849.818,1337
849.936,1316
850.054,1355
850.172,1310
850.29,1324
850.408,1327
850.525,1332
850.643,1324
850.761,1322
850.879,1342
850.997,1321
851.115,1321
851.233,1325
851.35,1343
851.468,1350
851.586,1331
851.704,1340
851.822,1314
851.94,1345
852.057,1351
852.175,1346
852.293,1333
852.411,1361
852.529,1367
852.647,1358
852.764,1418
852.882,1313
853.0,1362
853.118,1348
853.236,1328
853.353,1354
853.471,1348
853.589,1284
853.707,1327
853.824,1334
853.942,1307
854.06,1353
854.178,1385
854.296,1310
854.413,1345
854.531,1347
854.649,1379
854.767,1351
854.884,1406
855.002,1321
855.12,1335
855.238,1371
855.355,1369
855.473,1335
855.591,1383
855.708,1372
855.826,1348
855.944,1360
856.062,1377
856.179,1358
856.297,1348
856.415,1361
856.532,1417
856.65,1369
856.768,1402
856.886,1405
857.003,1359
857.121,1403
857.239,1366
857.356,1371
857.474,1361
857.592,1360
857.709,1363
857.827,1351
857.945,1366
858.062,1343
858.18,1347
858.298,1394
858.415,1367
858.533,1368
858.651,1342
858.768,1365
858.886,1434
859.003,1372
859.121,1331
859.239,1320
859.356,1340
859.474,1337
859.592,1348
859.709,1341
859.827,1348
859.944,1364
860.062,1324
860.18,1377
860.297,1324
860.415,1338
860.532,1318
860.65,1305
860.768,1342
860.885,1329
861.003,1317
861.12,1358
861.238,1350
861.356,1307
861.473,1332
861.591,1298
861.708,1353
861.826,1315
861.943,1360
862.061,1321
862.178,1336
862.296,1314
862.414,1330
862.531,1348
862.649,1318
862.766,1331
862.884,1345
863.001,1317
863.119,1323
863.236,1314
863.354,1341
863.471,1348
863.589,1348
863.706,1330
863.824,1361
863.941,1334
864.059,1307
864.176,1343
864.294,1341
864.411,1337
864.529,1338
864.646,1310
864.764,1327
864.881,1323
864.999,1324
865.116,1333
865.233,1330
865.351,1330
865.468,1327
865.586,1314
865.703,1295
865.821,1280
865.938,1304
866.056,1323
866.173,1287
866.29,1343
866.408,1312
866.525,1334
866.643,1340
866.76,1309
866.878,1309
866.995,1338
867.112,1317
867.23,1309
867.347,1324
867.465,1336
867.582,1367
867.699,1296
867.817,1363
867.934,1296
868.051,1343
868.169,1347
868.286,1307
868.404,1370
868.521,1345
868.638,1331
868.756,1309
868.873,1330
868.99,1345
869.108,1335
869.225,1323
869.342,1359
869.46,1349
869.577,1374
869.694,1322
869.812,1368
869.929,1349
870.046,1378
870.164,1372
870.281,1360
870.398,1361
870.516,1386
870.633,1400
870.75,1341
870.867,1391
870.985,1362
871.102,1321
871.219,1374
871.337,1347
871.454,1373
871.571,1358
871.688,1351
871.806,1360
871.923,1399
872.04,1374
872.157,1368
872.275,1338
872.392,1367
872.509,1395
872.626,1345
872.744,1363
872.861,1373
872.978,1361
873.095,1338
873.213,1322
873.33,1337
873.447,1346
873.564,1352
873.681,1341
873.799,1340
873.916,1382
874.033,1301
874.15,1376
874.267,1307
874.385,1330
874.502,1377
874.619,1372
874.736,1372
874.853,1356
874.97,1354
875.088,1370
875.205,1364
875.322,1341
875.439,1354
875.556,1374
875.673,1348
875.791,1324
875.908,1378
876.025,1362
876.142,1323
876.259,1376
876.376,1331
876.493,1331
876.61,1356
876.728,1325
876.845,1322
876.962,1352
877.079,1362
877.196,1357
877.313,1331
877.43,1346
877.547,1327
877.664,1401
877.781,1301
877.898,1349
878.016,1359
878.133,1319
878.25,1338
878.367,1331
878.484,1345
878.601,1294
878.718,1380
878.835,1396
878.952,1350
879.069,1357
879.186,1345
879.303,1317
879.42,1318
879.537,1345
879.654,1308
879.771,1348
879.888,1347
880.005,1385
880.122,1313
880.239,1324
880.356,1327
880.473,1356
880.59,1298
880.707,1312
880.824,1349
880.941,1325
881.058,1303
881.175,1332
881.292,1310
881.409,1332
881.526,1345
881.643,1314
881.76,1331
881.877,1316
881.994,1333
882.111,1318
882.228,1354
882.345,1333
882.462,1334
882.579,1290
882.696,1341
882.812,1322
882.929,1335
883.046,1343
883.163,1336
883.28,1357
883.397,1342
883.514,1362
883.631,1335
883.748,1347
883.865,1288
883.982,1342
884.098,1331
884.215,1338
884.332,1399
884.449,1333
884.566,1326
884.683,1363
884.8,1340
884.916,1377
885.033,1394
885.15,1423
885.267,1421
885.384,1400
885.501,1440
885.617,1370
885.734,1437
885.851,1406
885.968,1372
886.085,1425
886.202,1394
886.318,1434
886.435,1381
886.552,1414
886.669,1370
886.786,1384
886.902,1378
887.019,1409
887.136,1441
887.253,1399
887.369,1385
887.486,1374
887.603,1358
887.72,1396
887.837,1384
887.953,1380
888.07,1382
888.187,1347
888.304,1347
888.42,1323
888.537,1328
888.654,1350
888.77,1333
888.887,1345
889.004,1337
889.121,1322
889.237,1339
889.354,1331
889.471,1344
889.587,1358
889.704,1326
889.821,1315
889.938,1332
890.054,1319
890.171,1332
890.288,1306
890.404,1340
890.521,1319
890.638,1309
890.754,1329
890.871,1323
890.988,1330
891.104,1347
891.221,1335
891.337,1362
891.454,1366
891.571,1383
891.687,1339
891.804,1376
891.921,1363
892.037,1406
892.154,1308
892.27,1356
892.387,1367
892.504,1361
892.62,1345
892.737,1347
892.854,1357
892.97,1339
893.087,1341
893.203,1335
893.32,1313
893.436,1355
893.553,1345
893.67,1364
893.786,1351
893.903,1339
894.019,1360
894.136,1378
894.252,1343
894.369,1388
894.485,1343
894.602,1362
894.718,1348
894.835,1361
894.951,1332
895.068,1350
895.184,1317
895.301,1333
895.417,1366
895.534,1328
895.65,1375
895.767,1330
895.883,1346
896.0,1360
896.116,1371
896.233,1362
896.349,1355
896.466,1365
896.582,1340
896.699,1323
896.815,1362
896.932,1375
897.048,1376
897.165,1350
897.281,1380
897.397,1333
897.514,1387
897.63,1393
897.747,1356
897.863,1342
897.979,1348
898.096,1359
898.212,1344
898.329,1381
898.445,1374
898.561,1339
898.678,1377
898.794,1342
898.911,1358
899.027,1389
899.143,1354
899.26,1393
899.376,1363
899.492,1372
899.609,1372
899.725,1383
899.842,1384
899.958,1350
900.074,1371
900.191,1358
900.307,1328
900.423,1410
900.539,1413
900.656,1351
900.772,1368
900.888,1404
901.005,1377
901.121,1379
901.237,1385
901.354,1366
901.47,1431
901.586,1355
901.703,1373
901.819,1374
901.935,1418
902.051,1362
902.168,1415
902.284,1398
902.4,1425
902.516,1409
902.633,1412
902.749,1405
902.865,1443
902.981,1402
903.098,1414
903.214,1411
903.33,1426
903.446,1385
903.562,1412
903.679,1418
903.795,1428
903.911,1420
904.027,1388
904.143,1390
904.26,1392
904.376,1371
904.492,1403
904.608,1418
904.724,1361
904.841,1389
904.957,1380
905.073,1418
905.189,1378
905.305,1387
905.421,1376
905.538,1370
905.654,1402
905.77,1415
905.886,1405
906.002,1386
906.118,1382
906.234,1388
906.35,1329
906.466,1351
906.583,1406
906.699,1381
906.815,1355
906.931,1397
907.047,1353
907.163,1339
907.279,1383
907.395,1378
907.511,1350
907.627,1376
907.743,1383
907.859,1365
907.976,1371
908.092,1366
908.208,1402
908.324,1362
908.44,1399
908.556,1363
908.672,1367
908.788,1362
908.904,1378
909.02,1347
909.136,1373
909.252,1402
909.368,1391
909.484,1339
909.6,1432
909.716,1388
909.832,1414
909.948,1376
910.064,1404
910.18,1377
910.296,1381
910.412,1426
910.528,1355
910.644,1376
910.76,1446
910.875,1371
910.991,1372
911.107,1358
911.223,1371
911.339,1377
911.455,1394
911.571,1352
911.687,1388
911.803,1392
911.919,1385
912.035,1379
912.151,1410
912.267,1344
912.382,1325
912.498,1374
912.614,1356
912.73,1370
912.846,1350
792.446,2573
792.565,2508
792.684,2470
792.803,2441
792.922,2387
793.041,2308
793.16,2337
793.279,2281
793.398,2261
793.518,2292
793.637,2245
793.756,2255
793.875,2296
793.994,2193
794.113,2218
794.232,2141
794.351,2136
794.47,2143
794.589,2118
794.708,2053
794.827,2108
794.946,2069
795.066,2069
795.185,2037
795.304,2057
795.423,2053
795.542,2040
795.661,2020
795.78,1989
795.899,2015
796.018,2020
796.137,1988
796.256,2011
796.375,2023
796.494,1995
796.613,1987
796.732,1976
796.851,1978
796.97,1968
797.089,1935
797.208,1979
797.327,1955
797.446,1909
797.565,1953
797.684,1913
797.803,1935
797.922,1960
798.041,1946
798.16,1961
798.279,1925
798.398,1925
798.517,1934
798.636,1897
798.755,1884
798.874,1893
798.993,1916
799.112,1872
799.231,1899
799.35,1891
799.469,1865
799.588,1948
799.707,1884
799.826,1909
799.945,1857
800.064,1888
800.183,1931
800.302,1873
800.421,1880
800.54,1868
800.659,1914
800.778,1916
800.897,1887
801.016,1896
801.135,1829
801.254,1896
801.373,1916
801.492,1861
801.611,1900
801.729,1856
801.848,1916
801.967,1914
802.086,1854
802.205,1880
802.324,1836
802.443,1838
802.562,1864
802.681,1959
802.8,1875
802.919,1903
803.038,1889
803.157,1939
803.276,1893
803.394,1881
803.513,1890
803.632,1890
803.751,1913
803.87,1929
803.989,1907
804.108,1930
804.227,1951
804.346,1961
804.465,1937
804.583,1967
804.702,1946
804.821,1931
804.94,1913
805.059,1944
805.178,1918
805.297,1925
805.416,1916
805.535,1926
805.653,1859
805.772,1893
805.891,1869
806.01,1980
806.129,1936
806.248,1916
806.367,1940
806.485,1952
806.604,1968
806.723,2019
806.842,1980
806.961,1965
807.08,1945
807.198,1974
807.317,1933
807.436,1922
807.555,1936
807.674,1935
807.793,1927
807.912,1938
808.03,1962
808.149,1955
808.268,1920
808.387,1947
808.506,1949
808.624,1930
808.743,1960
808.862,1940
808.981,1941
809.1,1969
809.219,1954
809.337,2040
809.456,1955
809.575,1946
809.694,1959
809.812,2004
809.931,1923
810.05,2000
810.169,1967
810.288,1973
810.406,2008
810.525,2015
810.644,1959
810.763,1995
810.882,2033
811.0,1965
811.119,1991
811.238,1958
811.357,1981
811.475,1978
811.594,1941
811.713,1990
811.832,2019
811.95,1973
812.069,2036
812.188,2008
812.307,1977
812.425,1974
812.544,2032
812.663,1974
812.782,2022
812.9,2008
813.019,1937
813.138,1999
813.257,1970
813.375,1976
813.494,1945
813.613,1941
813.731,1967
813.85,1951
813.969,1963
814.088,1944
814.206,1923
814.325,1972
814.444,1933
814.562,1933
814.681,1955
814.8,1893
814.918,1948
815.037,1936
815.156,1957
815.274,1872
815.393,1911
815.512,1865
815.631,1886
815.749,1868
815.868,1847
815.987,1909
816.105,1851
816.224,1879
816.343,1893
816.461,1878
816.58,1936
816.698,1944
816.817,1977
816.936,1947
817.055,1935
817.173,1894
817.292,1886
817.41,1899
817.529,1836
817.648,1859
817.766,1807
817.885,1812
818.004,1749
818.122,1784
818.241,1660
818.359,1707
818.478,1631
818.597,1633
818.715,1597
818.834,1593
818.953,1558
819.071,1586
819.19,1580
819.308,1558
819.427,1587
819.546,1548
819.664,1528
819.783,1509
819.901,1526
820.02,1528
820.138,1486
820.257,1546
820.376,1504
820.494,1566
820.613,1486
820.731,1492
820.85,1490
820.969,1530
821.087,1484
821.206,1477
821.324,1469
821.443,1504
821.561,1475
821.68,1464
821.798,1426
821.917,1479
822.035,1442
822.154,1458
822.273,1460
822.391,1436
822.51,1478
822.628,1427
822.747,1480
822.865,1473
822.984,1476
823.102,1437
823.221,1454
823.339,1460
823.458,1440
823.576,1416
823.695,1470
823.813,1433
823.932,1470
824.05,1416
824.169,1483
824.287,1486
824.406,1479
824.524,1427
824.643,1462
824.761,1482
824.88,1496
824.998,1453
825.117,1466
825.235,1450
825.354,1444
825.472,1431
825.591,1411
825.709,1464
825.828,1440
825.946,1430
826.064,1448
826.183,1411
826.301,1421
826.42,1413
826.538,1391
826.657,1394
826.775,1425
826.894,1347
827.012,1382
827.13,1426
827.249,1431
827.367,1413
827.486,1394
827.604,1357
827.723,1374
827.841,1378
827.959,1358
828.078,1402
828.196,1330
828.315,1372
828.433,1349
828.552,1386
828.67,1374
828.788,1400
828.907,1367
829.025,1386
829.143,1416
829.262,1365
829.38,1368
829.499,1363
829.617,1383
829.735,1404
829.854,1378
829.972,1353
830.091,1370
830.209,1464
830.327,3981
830.446,1316
830.564,1366
830.682,1427
830.801,1365
830.919,1375
831.037,1363
831.156,1362
831.274,1330
831.392,1351
831.511,1345
831.629,1337
831.747,1361
831.866,1337
831.984,1399
832.102,1362
832.221,1408
832.339,1375
832.457,1414
832.576,1387
832.694,1366
832.812,1361
832.93,1329
833.049,1362
833.167,1370
833.285,1312
833.404,1324
833.522,1431
833.64,1359
833.759,1350
833.877,1346
833.995,1385
834.113,1402
834.232,1380
834.35,1339
834.468,1352
834.586,1325
834.705,1337
834.823,1368
834.941,1350
835.059,1375
835.178,1373
835.296,1376
835.414,1372
835.532,1374
835.651,1364
835.769,1357
835.887,1359
836.005,1364
836.124,1376
836.242,1391
836.36,1391
836.478,1373
836.596,1355
836.715,1383
836.833,1352
836.951,1400
837.069,1387
837.188,1408
837.306,1404
837.424,1415
837.542,1403
837.66,1392
837.779,1427
837.897,1402
838.015,1393
838.133,1408
838.251,1369
838.369,1448
838.487,1376
838.606,1428
838.724,1426
838.842,1357
838.96,1408
839.078,1410
839.196,1418
839.315,1412
839.433,1431
839.551,1412
839.669,1381
839.787,1428
839.905,1385
840.023,1423
840.142,1429
840.26,1405
840.378,1415
840.496,1410
840.614,1414
840.732,1407
840.85,1445
840.968,1379
841.087,1398
841.205,1377
841.323,1396
841.441,1374
841.559,1396
841.677,1411
841.795,1437
841.913,1393
842.031,1419
842.149,1395
842.267,1394
842.385,1400
842.504,1387
842.622,1381
842.74,1384
842.858,1392
842.976,1374
843.094,1375
843.212,1386
843.33,1326
843.448,1393
843.566,1337
843.684,1360
843.802,1360
843.92,1366
844.038,1349
844.156,1388
844.274,1402
844.392,1333
844.51,1370
844.628,1324
844.746,1342
844.864,1336
844.982,1346
845.1,1371
845.218,1367
845.336,1336
845.454,1400
845.572,1347
845.69,1341
845.808,1301
845.926,1394
846.044,1335
846.162,1384
846.28,1370
846.398,1346
846.516,1357
846.634,1392
846.752,1336
846.87,1365
846.988,1369
847.106,1378
847.224,1372
847.342,1306
847.46,1372
847.578,1339
847.696,1295
847.814,1346
847.932,1374
848.05,1356
848.168,1375
848.285,1343
848.403,1384
848.521,1350
848.639,1361
848.757,1345
848.875,1323
848.993,1361
849.111,1376
849.229,1331
849.347,1323
849.465,1376
849.582,1323
849.7,1367
849.818,1372
849.936,1329
850.054,1385
850.172,1340
850.29,1358
850.408,1336
850.525,1333
850.643,1382
850.761,1320
850.879,1342
850.997,1362
851.115,1278
851.233,1346
851.35,1322
851.468,1328
851.586,1363
851.704,1350
851.822,1346
851.94,1358
852.057,1357
852.175,1376
852.293,1381
852.411,1366
852.529,1437
852.647,1441
852.764,1386
852.882,1379
853.0,1333
853.118,1352
853.236,1372
853.353,1387
853.471,1344
853.589,1369
853.707,1322
853.824,1379
853.942,1384
854.06,1369
854.178,1369
854.296,1353
854.413,1360
854.531,1415
854.649,1404
854.767,1376
854.884,1377
855.002,1384
855.12,1381
855.238,1393
855.355,1390
855.473,1365
855.591,1384
855.708,1353
855.826,1381
855.944,1369
856.062,1417
856.179,1408
856.297,1435
856.415,1394
856.532,1404
856.65,1386
856.768,1384
856.886,1367
857.003,1391
857.121,1430
857.239,1405
857.356,1413
857.474,1384
857.592,1374
857.709,1383
857.827,1386
857.945,1387
858.062,1369
858.18,1383
858.298,1369
858.415,1405
858.533,1404
858.651,1376
858.768,1440
858.886,1361
859.003,1388
859.121,1368
859.239,1395
859.356,1391
859.474,1381
859.592,1360
859.709,1353
859.827,1389
859.944,1344
860.062,1393
860.18,1326
860.297,1361
860.415,1318
860.532,1338
860.65,1371
860.768,1376
860.885,1353
861.003,1355
861.12,1349
861.238,1346
861.356,1371
861.473,1361
861.591,1350
861.708,1372
861.826,1320
861.943,1365
862.061,1363
862.178,1351
862.296,1362
862.414,1312
862.531,1312
862.649,1344
862.766,1385
862.884,1345
863.001,1374
863.119,1305
863.236,1332
863.354,1354
863.471,1397
863.589,1361
863.706,1370
863.824,1338
863.941,1348
864.059,1371
864.176,1384
864.294,1380
864.411,1309
864.529,1340
864.646,1335
864.764,1371
864.881,1340
864.999,1353
865.116,1312
865.233,1356
865.351,1399
865.468,1328
865.586,1362
865.703,1354
865.821,1338
865.938,1337
866.056,1350
866.173,1331
866.29,1341
866.408,1338
866.525,1388
866.643,1360
866.76,1348
866.878,1345
866.995,1351
867.112,1361
867.23,1378
867.347,1347
867.465,1347
867.582,1349
867.699,1378
867.817,1359
867.934,1406
868.051,1374
868.169,1364
868.286,1392
868.404,1328
868.521,1354
868.638,1352
868.756,1325
868.873,1387
868.99,1339
869.108,1393
869.225,1336
869.342,1372
869.46,1412
869.577,1393
869.694,1391
869.812,1378
869.929,1370
870.046,1374
870.164,1366
870.281,1387
870.398,1378
870.516,1381
870.633,1404
870.75,1400
870.867,1378
870.985,1381
871.102,1429
871.219,1381
871.337,1346
871.454,1439
871.571,1343
871.688,1369
871.806,1337
871.923,1380
872.04,1371
872.157,1419
872.275,1399
872.392,1380
872.509,1415
872.626,1376
872.744,1324
872.861,1414
872.978,1327
873.095,1391
873.213,1405
873.33,1364
873.447,1397
873.564,1384
873.681,1388
873.799,1399
873.916,1386
874.033,1368
874.15,1346
874.267,1369
874.385,1358
874.502,1380
874.619,1359
874.736,1383
874.853,1391
874.97,1376
875.088,1356
875.205,1383
875.322,1396
875.439,1348
875.556,1379
875.673,1383
875.791,1395
875.908,1429
876.025,1418
876.142,1404
876.259,1382
876.376,1423
876.493,1420
876.61,1370
876.728,1384
876.845,1359
876.962,1406
877.079,1383
877.196,1402
877.313,1366
877.43,1406
877.547,1357
877.664,1437
877.781,1409
877.898,1419
878.016,1329
878.133,1354
878.25,1365
878.367,1403
878.484,1361
878.601,1365
878.718,1388
878.835,1357
878.952,1374
879.069,1381
879.186,1365
879.303,1338
879.42,1339
879.537,1327
879.654,1384
879.771,1374
879.888,1322
880.005,1380
880.122,1348
880.239,1346
880.356,1379
880.473,1335
880.59,1367
880.707,1385
880.824,1347
880.941,1335
881.058,1310
881.175,1366
881.292,1348
881.409,1383
881.526,1343
881.643,1366
881.76,1316
881.877,1388
881.994,1329
882.111,1364
882.228,1395
882.345,1336
882.462,1349
882.579,1300
882.696,1323
882.812,1384
882.929,1356
883.046,1322
883.163,1320
883.28,1327
883.397,1334
883.514,1398
883.631,1346
883.748,1323
883.865,1373
883.982,1390
884.098,1373
884.215,1389
884.332,1343
884.449,1367
884.566,1372
884.683,1353
884.8,1373
884.916,1383
885.033,1408
885.15,1410
885.267,1415
885.384,1445
885.501,1487
885.617,1414
885.734,1431
885.851,1478
885.968,1421
886.085,1387
886.202,1442
886.318,1437
886.435,1457
886.552,1418
886.669,1436
886.786,1447
886.902,1453
887.019,1441
887.136,1479
887.253,1417
887.369,1425
887.486,1415
887.603,1421
887.72,1450
887.837,1409
887.953,1375
888.07,1375
888.187,1425
888.304,1354
888.42,1402
888.537,1349
888.654,1356
888.77,1401
888.887,1351
889.004,1341
889.121,1346
889.237,1364
889.354,1348
889.471,1418
889.587,1346
889.704,1393
889.821,1344
889.938,1372
890.054,1343
890.171,1384
890.288,1344
890.404,1363
890.521,1375
890.638,1395
890.754,1355
890.871,1409
890.988,1316
891.104,1401
891.221,1390
891.337,1384
891.454,1358
891.571,1372
891.687,1389
891.804,1392
891.921,1351
892.037,1375
892.154,1397
892.27,1381
892.387,1374
892.504,1363
892.62,1379
892.737,1355
892.854,1392
892.97,1337
893.087,1371
893.203,1348
893.32,1353
893.436,1374
893.553,1392
893.67,1396
893.786,1399
893.903,1384
894.019,1407
894.136,1379
894.252,1372
894.369,1361
894.485,1383
894.602,1373
894.718,1401
894.835,1384
894.951,1354
895.068,1373
895.184,1372
895.301,1379
895.417,1373
895.534,1364
895.65,1396
895.767,1392
895.883,1383
896.0,1398
896.116,1350
896.233,1383
896.349,1399
896.466,1360
896.582,1363
896.699,1408
896.815,1400
896.932,1367
897.048,1373
897.165,1395
897.281,1365
897.397,1398
897.514,1419
897.63,1385
897.747,1357
897.863,1409
897.979,1351
898.096,1351
898.212,1391
898.329,1396
898.445,1375
898.561,1412
898.678,1413
898.794,1407
898.911,1367
899.027,1409
899.143,1438
899.26,1385
899.376,1423
899.492,1407
899.609,1390
899.725,1377
899.842,1438
899.958,1401
900.074,1406
900.191,1394
900.307,1428
900.423,1386
900.539,1381
900.656,1365
900.772,1399
900.888,1374
901.005,1413
901.121,1406
901.237,1357
901.354,1398
901.47,1427
901.586,1382
901.703,1403
901.819,1419
901.935,1455
902.051,1391
902.168,1425
902.284,1458
902.4,1443
902.516,1447
902.633,1440
902.749,1441
902.865,1469
902.981,1453
903.098,1498
903.214,1447
903.33,1466
903.446,1411
903.562,1411
903.679,1460
903.795,1425
903.911,1435
904.027,1466
904.143,1455
904.26,1476
904.376,1418
904.492,1399
904.608,1402
904.724,1411
904.841,1404
904.957,1443
905.073,1415
905.189,1409
905.305,1433
905.421,1414
905.538,1426
905.654,1434
905.77,1410
905.886,1424
906.002,1374
906.118,1395
906.234,1377
906.35,1399
906.466,1436
906.583,1396
906.699,1388
906.815,1387
906.931,1413
907.047,1402
907.163,1413
907.279,1395
907.395,1408
907.511,1392
907.627,1400
907.743,1412
907.859,1419
907.976,1402
908.092,1433
908.208,1400
908.324,1419
908.44,1406
908.556,1427
908.672,1409
908.788,1372
908.904,1424
909.02,1420
909.136,1387
909.252,1442
909.368,1423
909.484,1390
909.6,1426
909.716,1415
909.832,1450
909.948,1423
910.064,1429
910.18,1423
910.296,1484
910.412,1397
910.528,1429
910.644,1454
910.76,1389
910.875,1451
910.991,1421
911.107,1414
911.223,1433
911.339,1421
911.455,1440
911.571,1392
911.687,1448
911.803,1398
911.919,1408
912.035,1445
912.151,1420
912.267,1414
912.382,1420
912.498,1378
912.614,1388
912.73,1370
912.846,1436
792.446,2545
792.565,2507
792.684,2450
792.803,2428
792.922,2391
793.041,2334
793.16,2390
793.279,2351
793.398,2318
793.518,2297
793.637,2294
793.756,2233
793.875,2271
793.994,2243
794.113,2202
794.232,2209
794.351,2169
794.47,2165
794.589,2124
794.708,2098
794.827,2092
794.946,2071
795.066,2111
795.185,2011
795.304,2102
795.423,2109
795.542,2054
795.661,2069
795.78,2067
795.899,2037
796.018,2062
796.137,2021
796.256,2016
796.375,2024
796.494,2030
796.613,1991
796.732,2030
796.851,1939
796.97,2009
797.089,1979
797.208,1960
797.327,1962
797.446,1989
797.565,1944
797.684,1942
797.803,1997
797.922,1951
798.041,1935
798.16,1936
798.279,1945
798.398,1906
798.517,1862
798.636,1928
798.755,1937
798.874,1939
798.993,1929
799.112,1935
799.231,1888
799.35,1916
799.469,1919
799.588,1935
799.707,1884
799.826,1862
799.945,1890
800.064,1901
800.183,1915
800.302,1937
800.421,1911
800.54,1903
800.659,1855
800.778,1892
800.897,1914
801.016,1901
801.135,1918
801.254,1857
801.373,1863
801.492,1904
801.611,1934
801.729,1916
801.848,1916
801.967,1912
802.086,1865
802.205,1936
802.324,1845
802.443,1975
802.562,1932
802.681,1895
802.8,1909
802.919,1919
803.038,1915
803.157,1903
803.276,1898
803.394,1955
803.513,1875
803.632,1924
803.751,1898
803.87,1926
803.989,1950
804.108,1924
804.227,1898
804.346,1921
804.465,1954
804.583,1924
804.702,1956
804.821,1937
804.94,1925
805.059,1911
805.178,1924
805.297,1933
805.416,1909
805.535,2021
805.653,1881
805.772,1942
805.891,1955
806.01,1945
806.129,1967
806.248,1964
806.367,1934
806.485,1942
806.604,1971
806.723,1963
806.842,1973
806.961,1925
807.08,1930
807.198,1937
807.317,1961
807.436,1922
807.555,1929
807.674,1943
807.793,1948
807.912,1968
808.03,1982
808.149,1964
808.268,1922
808.387,2038
808.506,1929
808.624,1964
808.743,1979
808.862,1957
808.981,1981
809.1,1962
809.219,1977
809.337,1983
809.456,1887
809.575,2013
809.694,1931
809.812,1980
809.931,1979
810.05,1986
810.169,1979
810.288,1966
810.406,1976
810.525,2011
810.644,2014
810.763,1983
810.882,1967
811.0,1989
811.119,1980
811.238,1973
811.357,2003
811.475,2040
811.594,1952
811.713,2028
811.832,2042
811.95,2008
812.069,1993
812.188,2008
812.307,1992
812.425,1967
812.544,1974
812.663,2017
812.782,1991
812.9,2051
813.019,2022
813.138,1996
813.257,2006
813.375,2041
813.494,1951
813.613,1975
813.731,1977
813.85,2011
813.969,2000
814.088,1968
814.206,1943
814.325,1929
814.444,1948
814.562,1920
814.681,1949
814.8,1939
814.918,1919
815.037,1973
815.156,1910
815.274,1914
815.393,1907
815.512,1882
815.631,1910
815.749,1916
815.868,1883
815.987,1907
816.105,1844
816.224,1909
816.343,1901
816.461,1904
816.58,1895
816.698,1987
816.817,1917
816.936,1930
817.055,1948
817.173,1935
817.292,1869
817.41,1918
817.529,1873
817.648,1852
817.766,1801
817.885,1765
818.004,1780
818.122,1747
818.241,1697
818.359,1662
818.478,1687
818.597,1592
818.715,1643
818.834,1651
818.953,1625
819.071,1631
819.19,1572
819.308,1549
819.427,1521
819.546,1565
819.664,1558
819.783,1552
819.901,1514
820.02,1511
820.138,1474
820.257,1564
820.376,1522
820.494,1532
820.613,1540
820.731,1525
820.85,1497
820.969,1531
821.087,1453
821.206,1502
821.324,1507
821.443,1516
821.561,1446
821.68,1529
821.798,1462
821.917,1453
822.035,1454
822.154,1486
822.273,1488
822.391,1440
822.51,1447
822.628,1448
822.747,1421
822.865,1467
822.984,1484
823.102,1461
823.221,1484
823.339,1441
823.458,1442
823.576,1443
823.695,1457
823.813,1459
823.932,1542
824.05,1457
824.169,1443
824.287,1481
824.406,1490
824.524,1466
824.643,1461
824.761,1516
824.88,1453
824.998,1504
825.117,1449
825.235,1446
825.354,1481
825.472,1427
825.591,1429
825.709,1423
825.828,1396
825.946,1421
826.064,1476
826.183,1406
826.301,1431
826.42,1414
826.538,1404
826.657,1412
826.775,1410
826.894,1417
827.012,1390
827.13,1425
827.249,1407
827.367,1426
827.486,1401
827.604,1403
827.723,1367
827.841,1362
827.959,1372
828.078,1367
828.196,1401
828.315,1351
828.433,1353
828.552,1376
828.67,1384
828.788,1311
828.907,1400
829.025,1383
829.143,1388
829.262,1364
829.38,1337
829.499,1383
829.617,1378
829.735,1389
829.854,1341
829.972,1384
830.091,1372
830.209,1416
830.327,1367
830.446,1372
830.564,1375
830.682,1345
830.801,1341
830.919,1378
831.037,1388
831.156,1358
831.274,1370
831.392,1402
831.511,1380
831.629,1383
831.747,1364
831.866,1381
831.984,1373
832.102,1365
832.221,1351
832.339,1418
832.457,1385
832.576,1403
832.694,1393
832.812,1383
832.93,1339
833.049,1415
833.167,1414
833.285,1391
833.404,1379
833.522,1379
833.64,1334
833.759,1361
833.877,1372
833.995,1354
834.113,1363
834.232,1376
834.35,1368
834.468,1329
834.586,1380
834.705,1406
834.823,1361
834.941,1439
835.059,1362
835.178,1419
835.296,1410
835.414,1379
835.532,1358
835.651,1424
835.769,1380
835.887,1339
836.005,1397
836.124,1379
836.242,1360
836.36,1393
836.478,1377
836.596,1403
836.715,1376
836.833,1417
836.951,1420
837.069,1386
837.188,1443
837.306,1360
837.424,1425
837.542,1369
837.66,1384
837.779,1440
837.897,1382
838.015,1406
838.133,1454
838.251,1392
838.369,1401
838.487,1412
838.606,1363
838.724,1459
838.842,1402
838.96,1420
839.078,1461
839.196,1397
839.315,1393
839.433,1440
839.551,1386
839.669,1395
839.787,1382
839.905,1404
840.023,1433
840.142,1418
840.26,1416
840.378,1400
840.496,1418
840.614,1420
840.732,1461
840.85,1374
840.968,1419
841.087,1385
841.205,1384
841.323,1402
841.441,1414
841.559,1453
841.677,1457
841.795,1414
841.913,1427
842.031,1430
842.149,1452
842.267,1392
842.385,1410
842.504,1370
842.622,1374
842.74,1352
842.858,1352
842.976,1386
843.094,1407
843.212,1410
843.33,1353
843.448,1413
843.566,1372
843.684,1346
843.802,1388
843.92,1352
844.038,1338
844.156,1367
844.274,1336
844.392,1369
844.51,1368
844.628,1372
844.746,1318
844.864,1353
844.982,1356
845.1,1378
845.218,1362
845.336,1357
845.454,1355
845.572,1364
845.69,1385
845.808,1378
845.926,1324
846.044,1355
846.162,1352
846.28,1364
846.398,1356
846.516,1351
846.634,1389
846.752,1359
846.87,1378
846.988,1384
847.106,1347
847.224,1380
847.342,1353
847.46,1357
847.578,1365
847.696,1337
847.814,1332
847.932,1385
848.05,1378
848.168,1335
848.285,1322
848.403,1358
848.521,1357
848.639,1381
848.757,1390
848.875,1360
848.993,1381
849.111,1346
849.229,1370
849.347,1368
849.465,1385
849.582,1353
849.7,1363
849.818,1363
849.936,1341
850.054,1367
850.172,1362
850.29,1336
850.408,1322
850.525,1313
850.643,1372
850.761,1383
850.879,1320
850.997,1394
851.115,1346
851.233,1371
851.35,1394
851.468,1388
851.586,1378
851.704,1375
851.822,1356
851.94,1384
852.057,1307
852.175,1370
852.293,1432
852.411,1384
852.529,1403
852.647,1427
852.764,1387
852.882,1421
853.0,1408
853.118,1380
853.236,1379
853.353,1387
853.471,1351
853.589,1381
853.707,1359
853.824,1385
853.942,1373
854.06,1344
854.178,1337
854.296,1363
854.413,1389
854.531,1395
854.649,1398
854.767,1390
854.884,1401
855.002,1399
855.12,1392
855.238,1374
855.355,1425
855.473,1362
855.591,1396
855.708,1385
855.826,1391
855.944,1420
856.062,1402
856.179,1398
856.297,1405
856.415,1442
856.532,1436
856.65,1379
856.768,1399
856.886,1431
857.003,1403
857.121,1400
857.239,1409
857.356,1424
857.474,1406
857.592,1390
857.709,1388
857.827,1424
857.945,1374
858.062,1393
858.18,1412
858.298,1402
858.415,1404
858.533,1409
858.651,1417
858.768,1438
858.886,1381
859.003,1373
859.121,1367
859.239,1404
859.356,1394
859.474,1384
859.592,1385
859.709,1390
859.827,1371
859.944,1397
860.062,1363
860.18,1366
860.297,1422
860.415,1363
860.532,1355
860.65,1388
860.768,1358
860.885,1374
861.003,1382
861.12,1396
861.238,1339
861.356,1414
861.473,1360
861.591,1409
861.708,1373
861.826,1360
861.943,1391
862.061,1348
862.178,1343
862.296,1340
862.414,1341
862.531,1379
862.649,1348
862.766,1308
862.884,1348
863.001,1357
863.119,1338
863.236,1382
863.354,1376
863.471,1379
863.589,1365
863.706,1386
863.824,1374
863.941,1341
864.059,1305
864.176,1377
864.294,1398
864.411,1366
864.529,1387
864.646,1372
864.764,1325
864.881,1358
864.999,1343
865.116,1357
865.233,1397
865.351,1350
865.468,1336
865.586,1362
865.703,1344
865.821,1321
865.938,1370
866.056,1307
866.173,1396
866.29,1359
866.408,1320
866.525,1367
866.643,1355
866.76,1383
866.878,1356
866.995,1397
867.112,1381
867.23,1433
867.347,1352
867.465,1367
867.582,1400
867.699,1413
867.817,1363
867.934,1374
868.051,1390
868.169,1374
868.286,1322
868.404,1381
868.521,1359
868.638,1365
868.756,1372
868.873,1360
868.99,1365
869.108,1407
869.225,1393
869.342,1404
869.46,1382
869.577,1425
869.694,1373
869.812,1366
869.929,1394
870.046,1416
870.164,1387
870.281,1381
870.398,1424
870.516,1390
870.633,1367
870.75,1386
870.867,1409
870.985,1394
871.102,1417
871.219,1378
871.337,1378
871.454,1417
871.571,1388
871.688,1404
871.806,1396
871.923,1412
872.04,1399
872.157,1401
872.275,1437
872.392,1391
872.509,1376
872.626,1380
872.744,1400
872.861,1360
872.978,1367
873.095,1393
873.213,1411
873.33,1395
873.447,1370
873.564,1420
873.681,1400
873.799,1380
873.916,1397
874.033,1380
874.15,1364
874.267,1351
874.385,1379
874.502,1398
874.619,1376
874.736,1448
874.853,1357
874.97,1394
875.088,1393
875.205,1345
875.322,1390
875.439,1409
875.556,1380
875.673,1398
875.791,1382
875.908,1350
876.025,1375
876.142,1356
876.259,1366
876.376,1389
876.493,1393
876.61,1349
876.728,1369
876.845,1402
876.962,1408
877.079,1385
877.196,1384
877.313,1443
877.43,1350
877.547,1411
877.664,1372
877.781,1388
877.898,1349
878.016,1360
878.133,1377
878.25,1353
878.367,1406
878.484,1366
878.601,1378
878.718,1383
878.835,1373
878.952,1355
879.069,1323
879.186,1371
879.303,1354
879.42,1380
879.537,1354
879.654,1344
879.771,1352
879.888,1376
880.005,1334
880.122,1393
880.239,1357
880.356,1375
880.473,1400
880.59,1342
880.707,1358
880.824,1357
880.941,1342
881.058,1390
881.175,1358
881.292,1348
881.409,1353
881.526,1425
881.643,1353
881.76,1379
881.877,1370
881.994,1400
882.111,1343
882.228,1356
882.345,1410
882.462,1305
882.579,1372
882.696,1359
882.812,1383
882.929,1383
883.046,1392
883.163,1351
883.28,1355
883.397,1381
883.514,1388
883.631,1357
883.748,1391
883.865,1390
883.982,1342
884.098,1394
884.215,1375
884.332,1386
884.449,1402
884.566,1385
884.683,1401
884.8,1406
884.916,1404
885.033,1434
885.15,1427
885.267,1463
885.384,1444
885.501,1421
885.617,1450
885.734,1467
885.851,1465
885.968,1431
886.085,1458
886.202,1482
886.318,1423
886.435,1428
886.552,1462
886.669,1440
886.786,1447
886.902,1517
887.019,1450
887.136,1470
887.253,1444
887.369,1423
887.486,1416
887.603,1404
887.72,1442
887.837,1457
887.953,1397
888.07,1407
888.187,1418
888.304,1437
888.42,1388
888.537,1394
888.654,1389
888.77,1404
888.887,1401
889.004,1387
889.121,1390
889.237,1363
889.354,1400
889.471,1348
889.587,1391
889.704,1368
889.821,1355
889.938,1391
890.054,1369
890.171,1360
890.288,1391
890.404,1379
890.521,1417
890.638,1382
890.754,1371
890.871,1406
890.988,1391
891.104,1388
891.221,1401
891.337,1385
891.454,1362
891.571,1422
891.687,1394
891.804,1405
891.921,1395
892.037,1394
892.154,1404
892.27,1412
892.387,1407
892.504,1394
892.62,1390
892.737,1363
892.854,1385
892.97,1391
893.087,1425
893.203,1338
893.32,1367
893.436,1363
893.553,1346
893.67,1384
893.786,1393
893.903,1382
894.019,1397
894.136,1366
894.252,1412
894.369,1374
894.485,1399
894.602,1372
894.718,1371
894.835,1409
894.951,1394
895.068,1403
895.184,1349
895.301,1368
895.417,1410
895.534,1409
895.65,1345
895.767,1374
895.883,1430
896.0,1416
896.116,1404
896.233,1357
896.349,1405
896.466,1402
896.582,1375
896.699,1394
896.815,1426
896.932,1410
897.048,1376
897.165,1426
897.281,1419
897.397,1372
897.514,1430
897.63,1372
897.747,1398
897.863,1370
897.979,1380
898.096,1407
898.212,1429
898.329,1388
898.445,1403
898.561,1365
898.678,1432
898.794,1395
898.911,1430
899.027,1445
899.143,1350
899.26,1384
899.376,1396
899.492,1412
899.609,1398
899.725,1414
899.842,1389
899.958,1439
900.074,1396
900.191,1416
900.307,1430
900.423,1413
900.539,1386
900.656,1384
900.772,1427
900.888,1410
901.005,1425
901.121,1396
901.237,1411
901.354,1398
901.47,1421
901.586,1444
901.703,1436
901.819,1397
901.935,1431
902.051,1448
902.168,1426
902.284,1454
902.4,1411
902.516,1487
902.633,1468
902.749,1471
902.865,1468
902.981,1429
903.098,1456
903.214,1453
903.33,1438
903.446,1428
903.562,1471
903.679,1477
903.795,1473
903.911,1480
904.027,1445
904.143,1471
904.26,1479
904.376,1412
904.492,1442
904.608,1431
904.724,1425
904.841,1426
904.957,1441
905.073,1417
905.189,1419
905.305,1410
905.421,1444
905.538,1406
905.654,1412
905.77,1394
905.886,1410
906.002,1425
906.118,1390
906.234,1407
906.35,1421
906.466,1382
906.583,1369
906.699,1404
906.815,1406
906.931,1441
907.047,1398
907.163,1426
907.279,1388
907.395,1452
907.511,1392
907.627,1420
907.743,1397
907.859,1453
907.976,1454
908.092,1410
908.208,1439
908.324,1418
908.44,1447
908.556,1435
908.672,1460
908.788,1420
908.904,1408
909.02,1447
909.136,1417
909.252,1382
909.368,1397
909.484,1457
909.6,1425
909.716,1432
909.832,1424
909.948,1423
910.064,1435
910.18,1452
910.296,1423
910.412,1427
910.528,1428
910.644,1405
910.76,1437
910.875,1441
910.991,1416
911.107,1410
911.223,1431
911.339,1425
911.455,1425
911.571,1402
911.687,1409
911.803,1400
911.919,1455
912.035,1468
912.151,1426
912.267,1419
912.382,1398
912.498,1416
912.614,1429
912.73,1408
912.846,1392
