792.446,902
792.565,902
792.684,900
792.803,925
792.922,871
793.041,814
793.16,823
793.279,785
793.398,794
793.518,783
793.637,803
793.756,754
793.875,776
793.994,782
794.113,744
794.232,701
794.351,735
794.47,727
794.589,719
794.708,703
794.827,715
794.946,684
795.066,716
795.185,703
795.304,689
795.423,654
795.542,682
795.661,699
795.78,698
795.899,651
796.018,659
796.137,635
796.256,643
796.375,655
796.494,640
796.613,651
796.732,641
796.851,634
796.97,642
797.089,626
797.208,623
797.327,619
797.446,611
797.565,590
797.684,625
797.803,617
797.922,610
798.041,620
798.16,595
798.279,608
798.398,600
798.517,601
798.636,612
798.755,615
798.874,613
798.993,576
799.112,572
799.231,580
799.35,610
799.469,608
799.588,587
799.707,594
799.826,599
799.945,596
800.064,605
800.183,592
800.302,584
800.421,595
800.54,591
800.659,577
800.778,570
800.897,587
801.016,600
801.135,571
801.254,571
801.373,579
801.492,578
801.611,581
801.729,561
801.848,561
801.967,579
802.086,594
802.205,565
802.324,572
802.443,559
802.562,562
802.681,575
802.8,569
802.919,548
803.038,564
803.157,569
803.276,566
803.394,577
803.513,582
803.632,566
803.751,570
803.87,551
803.989,553
804.108,574
804.227,562
804.346,553
804.465,581
804.583,558
804.702,550
804.821,560
804.94,569
805.059,565
805.178,573
805.297,553
805.416,551
805.535,565
805.653,561
805.772,552
805.891,559
806.01,556
806.129,566
806.248,568
806.367,553
806.485,564
806.604,551
806.723,544
806.842,558
806.961,548
807.08,558
807.198,537
807.317,555
807.436,539
807.555,563
807.674,541
807.793,552
807.912,567
808.03,563
808.149,548
808.268,546
808.387,546
808.506,539
808.624,548
808.743,548
808.862,562
808.981,557
809.1,543
809.219,566
809.337,534
809.456,547
809.575,554
809.694,538
809.812,554
809.931,566
810.05,554
810.169,562
810.288,519
810.406,574
810.525,555
810.644,535
810.763,538
810.882,572
811.0,546
811.119,548
811.238,534
811.357,566
811.475,572
811.594,556
811.713,553
811.832,573
811.95,561
812.069,570
812.188,588
812.307,566
812.425,572
812.544,561
812.663,570
812.782,583
812.9,551
813.019,568
813.138,548
813.257,560
813.375,548
813.494,535
813.613,551
813.731,534
813.85,551
813.969,559
814.088,551
814.206,540
814.325,535
814.444,524
814.562,540
814.681,547
814.8,542
814.918,528
815.037,533
815.156,532
815.274,529
815.393,548
815.512,541
815.631,554
815.749,539
815.868,541
815.987,540
816.105,555
816.224,530
816.343,546
816.461,541
816.58,549
816.698,540
816.817,534
816.936,551
817.055,554
817.173,549
817.292,537
817.41,512
817.529,558
817.648,508
817.766,533
817.885,527
818.004,507
818.122,539
818.241,515
818.359,505
818.478,514
818.597,494
818.715,532
818.834,499
818.953,504
819.071,519
819.19,496
819.308,511
819.427,493
819.546,491
819.664,506
819.783,499
819.901,500
820.02,505
820.138,491
820.257,479
820.376,505
820.494,501
820.613,505
820.731,507
820.85,511
820.969,505
821.087,494
821.206,480
821.324,509
821.443,496
821.561,468
821.68,497
821.798,485
821.917,487
822.035,505
822.154,483
822.273,467
822.391,488
822.51,516
822.628,491
822.747,491
822.865,462
822.984,473
823.102,490
823.221,467
823.339,478
823.458,476
823.576,501
823.695,504
823.813,477
823.932,477
824.05,507
824.169,496
824.287,482
824.406,481
824.524,503
824.643,478
824.761,475
824.88,473
824.998,506
825.117,488
825.235,490
825.354,476
825.472,484
825.591,482
825.709,503
825.828,481
825.946,464
826.064,486
826.183,488
826.301,476
826.42,487
826.538,488
826.657,468
826.775,465
826.894,484
827.012,465
827.13,475
827.249,477
827.367,474
827.486,476
827.604,485
827.723,477
827.841,451
827.959,454
828.078,464
828.196,483
828.315,473
828.433,469
828.552,490
828.67,484
828.788,470
828.907,469
829.025,479
829.143,480
829.262,475
829.38,471
829.499,475
829.617,475
829.735,458
829.854,467
829.972,468
830.091,481
830.209,484
830.327,464
830.446,467
830.564,472
830.682,487
830.801,489
830.919,458
831.037,484
831.156,476
831.274,464
831.392,482
831.511,478
831.629,472
831.747,468
831.866,471
831.984,473
832.102,467
832.221,482
832.339,486
832.457,476
832.576,460
832.694,475
832.812,479
832.93,462
833.049,447
833.167,470
833.285,461
833.404,481
833.522,484
833.64,463
833.759,469
833.877,475
833.995,471
834.113,470
834.232,465
834.35,465
834.468,465
834.586,475
834.705,461
834.823,467
834.941,477
835.059,483
835.178,470
835.296,479
835.414,483
835.532,465
835.651,457
835.769,465
835.887,468
836.005,446
836.124,466
836.242,486
836.36,465
836.478,479
836.596,479
836.715,484
836.833,473
836.951,469
837.069,476
837.188,469
837.306,483
837.424,457
837.542,489
837.66,503
837.779,481
837.897,479
838.015,473
838.133,489
838.251,477
838.369,494
838.487,466
838.606,468
838.724,467
838.842,485
838.96,497
839.078,479
839.196,481
839.315,490
839.433,485
839.551,483
839.669,485
839.787,487
839.905,490
840.023,483
840.142,486
840.26,501
840.378,501
840.496,497
840.614,507
840.732,485
840.85,477
840.968,483
841.087,502
841.205,508
841.323,500
841.441,481
841.559,504
841.677,516
841.795,508
841.913,517
842.031,496
842.149,525
842.267,530
842.385,498
842.504,518
842.622,491
842.74,520
842.858,492
842.976,506
843.094,495
843.212,487
843.33,498
843.448,488
843.566,511
843.684,485
843.802,481
843.92,503
844.038,496
844.156,509
844.274,493
844.392,515
844.51,506
844.628,493
844.746,494
844.864,494
844.982,478
845.1,506
845.218,495
845.336,485
845.454,502
845.572,476
845.69,488
845.808,476
845.926,482
846.044,476
846.162,490
846.28,488
846.398,473
846.516,499
846.634,492
846.752,464
846.87,476
846.988,479
847.106,490
847.224,495
847.342,492
847.46,476
847.578,496
847.696,498
847.814,488
847.932,487
848.05,502
848.168,484
848.285,496
848.403,503
848.521,492
848.639,497
848.757,491
848.875,484
848.993,502
849.111,499
849.229,493
849.347,483
849.465,483
849.582,492
849.7,496
849.818,499
849.936,482
850.054,482
850.172,496
850.29,481
850.408,481
850.525,497
850.643,484
850.761,489
850.879,497
850.997,496
851.115,485
851.233,475
851.35,481
851.468,485
851.586,489
851.704,470
851.822,504
851.94,496
852.057,487
852.175,480
852.293,480
852.411,514
852.529,524
852.647,503
852.764,532
852.882,515
853.0,517
853.118,501
853.236,496
853.353,513
853.471,481
853.589,489
853.707,501
853.824,484
853.942,502
854.06,492
854.178,490
854.296,486
854.413,476
854.531,483
854.649,506
854.767,521
854.884,491
855.002,515
855.12,513
855.238,482
855.355,507
855.473,497
855.591,493
855.708,511
855.826,507
855.944,476
856.062,504
856.179,489
856.297,499
856.415,504
856.532,499
856.65,519
856.768,508
856.886,488
857.003,531
857.121,497
857.239,504
857.356,501
857.474,524
857.592,525
857.709,516
857.827,521
857.945,508
858.062,474
858.18,500
858.298,511
858.415,511
858.533,484
858.651,494
858.768,497
858.886,481
859.003,506
859.121,512
859.239,474
859.356,480
859.474,491
859.592,486
859.709,494
859.827,476
859.944,494
860.062,481
860.18,475
860.297,494
860.415,485
860.532,496
860.65,496
860.768,486
860.885,477
861.003,466
861.12,482
861.238,506
861.356,501
861.473,468
861.591,492
861.708,501
861.826,500
861.943,481
862.061,491
862.178,487
862.296,458
862.414,474
862.531,483
862.649,478
862.766,467
862.884,455
863.001,503
863.119,494
863.236,481
863.354,494
863.471,490
863.589,493
863.706,485
863.824,498
863.941,483
864.059,469
864.176,478
864.294,502
864.411,476
864.529,470
864.646,488
864.764,459
864.881,469
864.999,464
865.116,477
865.233,478
865.351,473
865.468,489
865.586,471
865.703,470
865.821,457
865.938,466
866.056,470
866.173,466
866.29,498
866.408,472
866.525,464
866.643,480
866.76,479
866.878,476
866.995,470
867.112,489
867.23,490
867.347,480
867.465,489
867.582,478
867.699,501
867.817,489
867.934,483
868.051,505
868.169,494
868.286,477
868.404,478
868.521,484
868.638,481
868.756,478
868.873,499
868.99,494
869.108,491
869.225,493
869.342,477
869.46,485
869.577,502
869.694,492
869.812,493
869.929,493
870.046,493
870.164,499
870.281,511
870.398,499
870.516,496
870.633,507
870.75,494
870.867,509
870.985,512
871.102,481
871.219,515
871.337,505
871.454,508
871.571,511
871.688,505
871.806,503
871.923,537
872.04,507
872.157,489
872.275,505
872.392,531
872.509,498
872.626,509
872.744,524
872.861,487
872.978,525
873.095,515
873.213,502
873.33,508
873.447,496
873.564,509
873.681,499
873.799,502
873.916,499
874.033,501
874.15,524
874.267,519
874.385,501
874.502,503
874.619,498
874.736,499
874.853,496
874.97,490
875.088,514
875.205,495
875.322,512
875.439,512
875.556,513
875.673,482
875.791,514
875.908,505
876.025,492
876.142,502
876.259,503
876.376,490
876.493,516
876.61,501
876.728,502
876.845,485
876.962,486
877.079,499
877.196,489
877.313,480
877.43,478
877.547,498
877.664,511
877.781,464
877.898,494
878.016,503
878.133,502
878.25,479
878.367,472
878.484,470
878.601,478
878.718,476
878.835,492
878.952,461
879.069,481
879.186,487
879.303,479
879.42,476
879.537,489
879.654,487
879.771,491
879.888,471
880.005,465
880.122,458
880.239,469
880.356,465
880.473,457
880.59,479
880.707,473
880.824,475
880.941,481
881.058,466
881.175,476
881.292,462
881.409,470
881.526,462
881.643,485
881.76,474
881.877,452
881.994,461
882.111,473
882.228,465
882.345,485
882.462,488
882.579,478
882.696,478
882.812,473
882.929,458
883.046,477
883.163,477
883.28,491
883.397,494
883.514,458
883.631,472
883.748,502
883.865,485
883.982,469
884.098,483
884.215,481
884.332,488
884.449,486
884.566,488
884.683,522
884.8,527
884.916,510
885.033,532
885.15,519
885.267,529
885.384,538
885.501,552
885.617,532
885.734,554
885.851,553
885.968,545
886.085,519
886.202,537
886.318,527
886.435,520
886.552,533
886.669,546
886.786,518
886.902,552
887.019,518
887.136,516
887.253,494
887.369,533
887.486,516
887.603,502
887.72,521
887.837,494
887.953,482
888.07,512
888.187,490
888.304,476
888.42,476
888.537,489
888.654,454
888.77,482
888.887,478
889.004,446
889.121,475
889.237,467
889.354,461
889.471,479
889.587,465
889.704,465
889.821,458
889.938,466
890.054,464
890.171,466
890.288,467
890.404,486
890.521,486
890.638,453
890.754,485
890.871,465
890.988,484
891.104,479
891.221,484
891.337,464
891.454,490
891.571,453
891.687,491
891.804,467
891.921,486
892.037,469
892.154,479
892.27,479
892.387,467
892.504,464
892.62,471
892.737,445
892.854,465
892.97,466
893.087,465
893.203,465
893.32,463
893.436,475
893.553,466
893.67,463
893.786,462
893.903,463
894.019,461
894.136,452
894.252,468
894.369,473
894.485,460
894.602,469
894.718,460
894.835,450
894.951,463
895.068,470
895.184,473
895.301,471
895.417,468
895.534,451
895.65,481
895.767,468
895.883,469
896.0,457
896.116,483
896.233,459
896.349,468
896.466,466
896.582,470
896.699,460
896.815,467
896.932,473
897.048,466
897.165,468
897.281,480
897.397,469
897.514,459
897.63,480
897.747,444
897.863,449
897.979,484
898.096,455
898.212,455
898.329,468
898.445,471
898.561,478
898.678,472
898.794,472
898.911,453
899.027,473
899.143,472
899.26,471
899.376,489
899.492,477
899.609,485
899.725,457
899.842,473
899.958,469
900.074,483
900.191,471
900.307,476
900.423,478
900.539,491
900.656,477
900.772,464
900.888,473
901.005,482
901.121,473
901.237,461
901.354,479
901.47,472
901.586,492
901.703,464
901.819,465
901.935,483
902.051,479
902.168,511
902.284,485
902.4,479
902.516,479
902.633,492
902.749,525
902.865,498
902.981,487
903.098,515
903.214,501
903.33,481
903.446,487
903.562,471
903.679,494
903.795,500
903.911,500
904.027,485
904.143,492
904.26,484
904.376,467
904.492,490
904.608,502
904.724,479
904.841,452
904.957,482
905.073,444
905.189,469
905.305,471
905.421,457
905.538,473
905.654,462
905.77,461
905.886,458
906.002,465
906.118,457
906.234,473
906.35,457
906.466,468
906.583,469
906.699,471
906.815,463
906.931,453
907.047,482
907.163,466
907.279,460
907.395,453
907.511,466
907.627,447
907.743,457
907.859,456
907.976,481
908.092,461
908.208,454
908.324,453
908.44,474
908.556,452
908.672,473
908.788,465
908.904,469
909.02,462
909.136,454
909.252,463
909.368,472
909.484,473
909.6,458
909.716,464
909.832,473
909.948,472
910.064,487
910.18,483
910.296,466
910.412,469
910.528,462
910.644,468
910.76,466
910.875,477
910.991,464
911.107,461
911.223,474
911.339,459
911.455,471
911.571,449
911.687,465
911.803,466
911.919,462
912.035,468
912.151,462
912.267,468
912.382,465
912.498,441
912.614,474
912.73,465
912.846,456
792.446,915
792.565,924
792.684,945
792.803,906
792.922,875
793.041,853
793.16,810
793.279,840
793.398,831
793.518,801
793.637,759
793.756,738
793.875,781
793.994,758
794.113,744
794.232,758
794.351,736
794.47,721
794.589,694
794.708,710
794.827,700
794.946,695
795.066,700
795.185,704
795.304,685
795.423,706
795.542,691
795.661,679
795.78,671
795.899,665
796.018,688
796.137,635
796.256,663
796.375,641
796.494,655
796.613,620
796.732,646
796.851,647
796.97,621
797.089,622
797.208,650
797.327,614
797.446,621
797.565,607
797.684,630
797.803,596
797.922,623
798.041,622
798.16,601
798.279,617
798.398,595
798.517,588
798.636,616
798.755,608
798.874,611
798.993,577
799.112,576
799.231,602
799.35,590
799.469,580
799.588,565
799.707,574
799.826,607
799.945,599
800.064,625
800.183,562
800.302,566
800.421,595
800.54,588
800.659,577
800.778,580
800.897,618
801.016,594
801.135,604
801.254,578
801.373,559
801.492,569
801.611,569
801.729,556
801.848,553
801.967,581
802.086,564
802.205,576
802.324,581
802.443,584
802.562,561
802.681,572
802.8,560
802.919,570
803.038,591
803.157,576
803.276,570
803.394,561
803.513,577
803.632,565
803.751,559
803.87,571
803.989,580
804.108,568
804.227,576
804.346,573
804.465,551
804.583,553
804.702,563
804.821,574
804.94,571
805.059,581
805.178,576
805.297,562
805.416,572
805.535,558
805.653,542
805.772,559
805.891,543
806.01,531
806.129,571
806.248,569
806.367,558
806.485,562
806.604,549
806.723,557
806.842,542
806.961,559
807.08,562
807.198,550
807.317,552
807.436,554
807.555,555
807.674,548
807.793,551
807.912,539
808.03,550
808.149,549
808.268,536
808.387,544
808.506,554
808.624,578
808.743,531
808.862,530
808.981,551
809.1,564
809.219,540
809.337,531
809.456,551
809.575,542
809.694,560
809.812,555
809.931,538
810.05,558
810.169,574
810.288,565
810.406,550
810.525,541
810.644,555
810.763,538
810.882,559
811.0,552
811.119,565
811.238,530
811.357,545
811.475,568
811.594,543
811.713,562
811.832,561
811.95,575
812.069,569
812.188,569
812.307,545
812.425,558
812.544,552
812.663,567
812.782,560
812.9,574
813.019,546
813.138,548
813.257,575
813.375,573
813.494,551
813.613,554
813.731,544
813.85,543
813.969,557
814.088,544
814.206,528
814.325,560
814.444,547
814.562,544
814.681,529
814.8,546
814.918,525
815.037,560
815.156,557
815.274,548
815.393,516
815.512,537
815.631,541
815.749,535
815.868,545
815.987,524
816.105,511
816.224,545
816.343,558
816.461,550
816.58,532
816.698,555
816.817,547
816.936,539
817.055,547
817.173,554
817.292,566
817.41,534
817.529,558
817.648,547
817.766,517
817.885,538
818.004,501
818.122,514
818.241,505
818.359,522
818.478,517
818.597,512
818.715,499
818.834,529
818.953,504
819.071,520
819.19,527
819.308,498
819.427,485
819.546,483
819.664,515
819.783,512
819.901,510
820.02,461
820.138,489
820.257,492
820.376,480
820.494,515
820.613,515
820.731,520
820.85,491
820.969,509
821.087,510
821.206,512
821.324,495
821.443,507
821.561,470
821.68,490
821.798,491
821.917,476
822.035,504
822.154,478
822.273,481
822.391,508
822.51,487
822.628,509
822.747,487
822.865,470
822.984,497
823.102,501
823.221,484
823.339,489
823.458,483
823.576,505
823.695,470
823.813,475
823.932,499
824.05,499
824.169,480
824.287,491
824.406,483
824.524,512
824.643,471
824.761,475
824.88,488
824.998,505
825.117,488
825.235,501
825.354,476
825.472,492
825.591,508
825.709,501
825.828,481
825.946,476
826.064,475
826.183,463
826.301,478
826.42,473
826.538,496
826.657,479
826.775,473
826.894,494
827.012,484
827.13,475
827.249,488
827.367,476
827.486,471
827.604,488
827.723,476
827.841,476
827.959,480
828.078,497
828.196,479
828.315,499
828.433,469
828.552,488
828.67,471
828.788,468
828.907,473
829.025,482
829.143,477
829.262,471
829.38,474
829.499,477
829.617,463
829.735,463
829.854,476
829.972,477
830.091,462
830.209,472
830.327,460
830.446,483
830.564,491
830.682,469
830.801,466
830.919,502
831.037,491
831.156,488
831.274,484
831.392,480
831.511,467
831.629,485
831.747,468
831.866,475
831.984,466
832.102,493
832.221,464
832.339,487
832.457,466
832.576,471
832.694,483
832.812,479
832.93,468
833.049,487
833.167,488
833.285,479
833.404,465
833.522,479
833.64,479
833.759,472
833.877,466
833.995,469
834.113,480
834.232,472
834.35,484
834.468,480
834.586,484
834.705,505
834.823,461
834.941,478
835.059,473
835.178,481
835.296,480
835.414,482
835.532,470
835.651,489
835.769,488
835.887,473
836.005,481
836.124,480
836.242,455
836.36,479
836.478,483
836.596,475
836.715,470
836.833,459
836.951,454
837.069,469
837.188,481
837.306,465
837.424,479
837.542,482
837.66,464
837.779,474
837.897,476
838.015,481
838.133,475
838.251,491
838.369,504
838.487,481
838.606,486
838.724,481
838.842,504
838.96,489
839.078,480
839.196,491
839.315,481
839.433,484
839.551,503
839.669,484
839.787,481
839.905,512
840.023,514
840.142,504
840.26,480
840.378,512
840.496,500
840.614,506
840.732,502
840.85,502
840.968,489
841.087,506
841.205,501
841.323,499
841.441,504
841.559,523
841.677,512
841.795,505
841.913,492
842.031,516
842.149,507
842.267,496
842.385,513
842.504,499
842.622,494
842.74,516
842.858,499
842.976,506
843.094,496
843.212,505
843.33,480
843.448,479
843.566,483
843.684,478
843.802,491
843.92,504
844.038,488
844.156,474
844.274,501
844.392,486
844.51,487
844.628,498
844.746,479
844.864,484
844.982,490
845.1,499
845.218,497
845.336,499
845.454,503
845.572,491
845.69,490
845.808,485
845.926,480
846.044,484
846.162,499
846.28,495
846.398,480
846.516,501
846.634,481
846.752,495
846.87,480
846.988,495
847.106,485
847.224,469
847.342,484
847.46,515
847.578,485
847.696,474
847.814,504
847.932,493
848.05,480
848.168,488
848.285,473
848.403,488
848.521,484
848.639,510
848.757,480
848.875,498
848.993,499
849.111,484
849.229,488
849.347,505
849.465,495
849.582,493
849.7,486
849.818,488
849.936,503
850.054,496
850.172,483
850.29,498
850.408,492
850.525,516
850.643,499
850.761,488
850.879,476
850.997,509
851.115,486
851.233,486
851.35,476
851.468,496
851.586,492
851.704,495
851.822,493
851.94,484
852.057,487
852.175,506
852.293,509
852.411,511
852.529,529
852.647,518
852.764,531
852.882,534
853.0,484
853.118,512
853.236,502
853.353,509
853.471,489
853.589,499
853.707,511
853.824,513
853.942,487
854.06,498
854.178,489
854.296,487
854.413,490
854.531,493
854.649,501
854.767,511
854.884,493
855.002,508
855.12,501
855.238,510
855.355,492
855.473,491
855.591,485
855.708,512
855.826,523
855.944,515
856.062,487
856.179,509
856.297,506
856.415,523
856.532,507
856.65,502
856.768,517
856.886,504
857.003,515
857.121,526
857.239,518
857.356,517
857.474,506
857.592,506
857.709,518
857.827,503
857.945,512
858.062,477
858.18,485
858.298,512
858.415,510
858.533,513
858.651,515
858.768,514
858.886,502
859.003,503
859.121,486
859.239,497
859.356,503
859.474,489
859.592,493
859.709,485
859.827,482
859.944,485
860.062,481
860.18,509
860.297,501
860.415,499
860.532,482
860.65,466
860.768,483
860.885,503
861.003,495
861.12,494
861.238,477
861.356,472
861.473,480
861.591,502
861.708,497
861.826,501
861.943,506
862.061,497
862.178,475
862.296,491
862.414,484
862.531,485
862.649,473
862.766,470
862.884,492
863.001,505
863.119,488
863.236,486
863.354,481
863.471,519
863.589,516
863.706,486
863.824,493
863.941,503
864.059,485
864.176,489
864.294,481
864.411,490
864.529,472
864.646,510
864.764,474
864.881,487
864.999,476
865.116,480
865.233,479
865.351,486
865.468,479
865.586,475
865.703,490
865.821,466
865.938,487
866.056,482
866.173,463
866.29,493
866.408,472
866.525,465
866.643,483
866.76,473
866.878,486
866.995,486
867.112,456
867.23,494
867.347,474
867.465,497
867.582,468
867.699,490
867.817,464
867.934,490
868.051,486
868.169,498
868.286,483
868.404,483
868.521,493
868.638,496
868.756,479
868.873,464
868.99,486
869.108,490
869.225,481
869.342,479
869.46,488
869.577,492
869.694,487
869.812,493
869.929,497
870.046,495
870.164,498
870.281,502
870.398,497
870.516,508
870.633,506
870.75,535
870.867,522
870.985,496
871.102,497
871.219,514
871.337,518
871.454,514
871.571,488
871.688,505
871.806,499
871.923,526
872.04,508
872.157,512
872.275,492
872.392,539
872.509,485
872.626,512
872.744,489
872.861,500
872.978,499
873.095,507
873.213,508
873.33,497
873.447,509
873.564,514
873.681,492
873.799,503
873.916,497
874.033,502
874.15,520
874.267,491
874.385,502
874.502,529
874.619,514
874.736,510
874.853,501
874.97,523
875.088,493
875.205,520
875.322,490
875.439,504
875.556,512
875.673,487
875.791,492
875.908,477
876.025,504
876.142,484
876.259,482
876.376,482
876.493,499
876.61,488
876.728,510
876.845,506
876.962,494
877.079,493
877.196,497
877.313,480
877.43,481
877.547,500
877.664,471
877.781,498
877.898,478
878.016,500
878.133,471
878.25,495
878.367,494
878.484,495
878.601,477
878.718,485
878.835,493
878.952,474
879.069,486
879.186,490
879.303,463
879.42,479
879.537,471
879.654,496
879.771,480
879.888,462
880.005,492
880.122,469
880.239,488
880.356,483
880.473,453
880.59,467
880.707,468
880.824,475
880.941,464
881.058,453
881.175,470
881.292,475
881.409,477
881.526,491
881.643,461
881.76,500
881.877,474
881.994,466
882.111,481
882.228,490
882.345,481
882.462,479
882.579,477
882.696,471
882.812,477
882.929,459
883.046,484
883.163,456
883.28,485
883.397,478
883.514,496
883.631,490
883.748,490
883.865,493
883.982,482
884.098,473
884.215,465
884.332,502
884.449,479
884.566,494
884.683,506
884.8,491
884.916,525
885.033,520
885.15,514
885.267,544
885.384,527
885.501,549
885.617,548
885.734,553
885.851,522
885.968,535
886.085,537
886.202,546
886.318,529
886.435,533
886.552,538
886.669,537
886.786,532
886.902,538
887.019,536
887.136,527
887.253,505
887.369,525
887.486,503
887.603,512
887.72,506
887.837,504
887.953,507
888.07,512
888.187,491
888.304,493
888.42,487
888.537,474
888.654,470
888.77,497
888.887,476
889.004,478
889.121,469
889.237,484
889.354,453
889.471,474
889.587,470
889.704,459
889.821,455
889.938,473
890.054,473
890.171,467
890.288,452
890.404,451
890.521,475
890.638,466
890.754,445
890.871,482
890.988,466
891.104,480
891.221,450
891.337,472
891.454,474
891.571,481
891.687,476
891.804,483
891.921,491
892.037,484
892.154,470
892.27,476
892.387,467
892.504,477
892.62,475
892.737,478
892.854,454
892.97,474
893.087,458
893.203,456
893.32,465
893.436,478
893.553,451
893.67,476
893.786,463
893.903,458
894.019,473
894.136,489
894.252,465
894.369,484
894.485,463
894.602,456
894.718,448
894.835,459
894.951,474
895.068,459
895.184,458
895.301,461
895.417,456
895.534,456
895.65,453
895.767,467
895.883,455
896.0,469
896.116,475
896.233,475
896.349,466
896.466,479
896.582,473
896.699,488
896.815,448
896.932,455
897.048,480
897.165,476
897.281,452
897.397,480
897.514,463
897.63,468
897.747,476
897.863,471
897.979,458
898.096,496
898.212,470
898.329,472
898.445,483
898.561,470
898.678,449
898.794,482
898.911,465
899.027,481
899.143,469
899.26,477
899.376,463
899.492,483
899.609,447
899.725,478
899.842,479
899.958,483
900.074,478
900.191,486
900.307,472
900.423,477
900.539,464
900.656,476
900.772,453
900.888,477
901.005,468
901.121,479
901.237,477
901.354,487
901.47,468
901.586,482
901.703,495
901.819,494
901.935,498
902.051,494
902.168,509
902.284,495
902.4,516
902.516,489
902.633,495
902.749,506
902.865,494
902.981,502
903.098,505
903.214,506
903.33,489
903.446,514
903.562,500
903.679,505
903.795,496
903.911,494
904.027,498
904.143,499
904.26,472
904.376,487
904.492,489
904.608,487
904.724,467
904.841,477
904.957,462
905.073,457
905.189,476
905.305,470
905.421,482
905.538,489
905.654,487
905.77,463
905.886,458
906.002,466
906.118,475
906.234,478
906.35,476
906.466,477
906.583,465
906.699,482
906.815,479
906.931,467
907.047,474
907.163,455
907.279,453
907.395,476
907.511,468
907.627,476
907.743,468
907.859,471
907.976,453
908.092,471
908.208,472
908.324,478
908.44,444
908.556,493
908.672,457
908.788,473
908.904,470
909.02,469
909.136,478
909.252,478
909.368,455
909.484,463
909.6,453
909.716,481
909.832,485
909.948,479
910.064,467
910.18,464
910.296,471
910.412,489
910.528,460
910.644,490
910.76,474
910.875,459
910.991,464
911.107,465
911.223,471
911.339,476
911.455,459
911.571,460
911.687,446
911.803,469
911.919,457
912.035,480
912.151,473
912.267,462
912.382,473
912.498,463
912.614,460
912.73,453
912.846,459
792.446,935
792.565,953
792.684,958
792.803,908
792.922,865
793.041,849
793.16,803
793.279,801
793.398,806
793.518,775
793.637,774
793.756,794
793.875,789
793.994,759
794.113,773
794.232,731
794.351,749
794.47,707
794.589,702
794.708,734
794.827,686
794.946,713
795.066,714
795.185,715
795.304,690
795.423,700
795.542,711
795.661,691
795.78,675
795.899,668
796.018,676
796.137,669
796.256,691
796.375,646
796.494,638
796.613,658
796.732,661
796.851,642
796.97,643
797.089,622
797.208,631
797.327,586
797.446,622
797.565,634
797.684,612
797.803,613
797.922,585
798.041,620
798.16,596
798.279,617
798.398,623
798.517,602
798.636,590
798.755,606
798.874,589
798.993,605
799.112,599
799.231,599
799.35,587
799.469,590
799.588,577
799.707,607
799.826,614
799.945,568
800.064,602
800.183,578
800.302,593
800.421,578
800.54,595
800.659,586
800.778,590
800.897,580
801.016,590
801.135,568
801.254,563
801.373,580
801.492,602
801.611,565
801.729,541
801.848,561
801.967,555
802.086,540
802.205,566
802.324,558
802.443,592
802.562,586
802.681,564
802.8,575
802.919,543
803.038,554
803.157,549
803.276,560
803.394,566
803.513,555
803.632,546
803.751,551
803.87,562
803.989,542
804.108,568
804.227,564
804.346,552
804.465,544
804.583,573
804.702,561
804.821,565
804.94,568
805.059,563
805.178,564
805.297,562
805.416,563
805.535,562
805.653,556
805.772,574
805.891,565
806.01,549
806.129,532
806.248,570
806.367,563
806.485,560
806.604,527
806.723,554
806.842,539
806.961,548
807.08,552
807.198,572
807.317,561
807.436,571
807.555,545
807.674,585
807.793,546
807.912,537
808.03,554
808.149,538
808.268,555
808.387,562
808.506,545
808.624,548
808.743,537
808.862,564
808.981,567
809.1,559
809.219,551
809.337,557
809.456,563
809.575,542
809.694,567
809.812,567
809.931,548
810.05,553
810.169,549
810.288,562
810.406,546
810.525,566
810.644,554
810.763,567
810.882,546
811.0,562
811.119,550
811.238,555
811.357,565
811.475,549
811.594,555
811.713,572
811.832,548
811.95,561
812.069,549
812.188,575
812.307,578
812.425,572
812.544,557
812.663,559
812.782,570
812.9,571
813.019,561
813.138,556
813.257,560
813.375,542
813.494,563
813.613,540
813.731,550
813.85,546
813.969,564
814.088,536
814.206,561
814.325,542
814.444,526
814.562,548
814.681,526
814.8,542
814.918,544
815.037,540
815.156,539
815.274,554
815.393,563
815.512,540
815.631,536
815.749,554
815.868,541
815.987,545
816.105,525
816.224,554
816.343,557
816.461,552
816.58,543
816.698,556
816.817,556
816.936,554
817.055,565
817.173,558
817.292,536
817.41,525
817.529,524
817.648,533
817.766,537
817.885,543
818.004,520
818.122,536
818.241,510
818.359,524
818.478,520
818.597,508
818.715,499
818.834,503
818.953,501
819.071,528
819.19,514
819.308,513
819.427,488
819.546,512
819.664,491
819.783,497
819.901,478
820.02,507
820.138,485
820.257,519
820.376,497
820.494,501
820.613,493
820.731,498
820.85,504
820.969,499
821.087,495
821.206,479
821.324,485
821.443,508
821.561,512
821.68,506
821.798,496
821.917,504
822.035,508
822.154,494
822.273,481
822.391,501
822.51,475
822.628,474
822.747,489
822.865,496
822.984,498
823.102,474
823.221,489
823.339,470
823.458,483
823.576,485
823.695,489
823.813,499
823.932,476
824.05,488
824.169,482
824.287,500
824.406,471
824.524,493
824.643,512
824.761,495
824.88,495
824.998,495
825.117,482
825.235,496
825.354,466
825.472,471
825.591,480
825.709,498
825.828,498
825.946,488
826.064,467
826.183,490
826.301,465
826.42,502
826.538,491
826.657,472
826.775,464
826.894,473
827.012,472
827.13,478
827.249,469
827.367,484
827.486,481
827.604,456
827.723,482
827.841,481
827.959,470
828.078,489
828.196,468
828.315,477
828.433,463
828.552,469
828.67,486
828.788,462
828.907,471
829.025,485
829.143,465
829.262,474
829.38,469
829.499,470
829.617,456
829.735,468
829.854,487
829.972,458
830.091,466
830.209,474
830.327,477
830.446,471
830.564,482
830.682,462
830.801,480
830.919,486
831.037,469
831.156,517
831.274,487
831.392,494
831.511,462
831.629,479
831.747,489
831.866,478
831.984,483
832.102,490
832.221,480
832.339,477
832.457,471
832.576,469
832.694,471
832.812,478
832.93,483
833.049,471
833.167,465
833.285,475
833.404,468
833.522,493
833.64,479
833.759,475
833.877,462
833.995,488
834.113,485
834.232,483
834.35,470
834.468,483
834.586,477
834.705,478
834.823,479
834.941,486
835.059,464
835.178,481
835.296,463
835.414,484
835.532,488
835.651,467
835.769,486
835.887,487
836.005,478
836.124,464
836.242,478
836.36,475
836.478,471
836.596,475
836.715,485
836.833,486
836.951,465
837.069,488
837.188,483
837.306,472
837.424,463
837.542,505
837.66,452
837.779,485
837.897,478
838.015,479
838.133,502
838.251,481
838.369,477
838.487,484
838.606,507
838.724,477
838.842,497
838.96,491
839.078,495
839.196,487
839.315,480
839.433,465
839.551,475
839.669,498
839.787,488
839.905,483
840.023,494
840.142,519
840.26,492
840.378,517
840.496,481
840.614,507
840.732,496
840.85,509
840.968,508
841.087,498
841.205,496
841.323,502
841.441,506
841.559,506
841.677,486
841.795,502
841.913,519
842.031,513
842.149,504
842.267,510
842.385,486
842.504,505
842.622,497
842.74,509
842.858,497
842.976,511
843.094,497
843.212,513
843.33,484
843.448,507
843.566,511
843.684,481
843.802,480
843.92,494
844.038,494
844.156,499
844.274,485
844.392,510
844.51,495
844.628,468
844.746,484
844.864,505
844.982,488
845.1,484
845.218,478
845.336,483
845.454,496
845.572,486
845.69,482
845.808,492
845.926,493
846.044,488
846.162,488
846.28,495
846.398,481
846.516,466
846.634,481
846.752,479
846.87,500
846.988,491
847.106,476
847.224,483
847.342,483
847.46,494
847.578,501
847.696,507
847.814,487
847.932,496
848.05,492
848.168,487
848.285,499
848.403,483
848.521,500
848.639,486
848.757,495
848.875,480
848.993,483
849.111,499
849.229,489
849.347,498
849.465,486
849.582,509
849.7,500
849.818,506
849.936,498
850.054,500
850.172,486
850.29,494
850.408,490
850.525,485
850.643,493
850.761,493
850.879,500
850.997,502
851.115,492
851.233,511
851.35,487
851.468,486
851.586,476
851.704,507
851.822,479
851.94,486
852.057,499
852.175,505
852.293,493
852.411,515
852.529,516
852.647,508
852.764,520
852.882,499
853.0,519
853.118,505
853.236,497
853.353,503
853.471,509
853.589,496
853.707,490
853.824,480
853.942,495
854.06,488
854.178,494
854.296,503
854.413,499
854.531,493
854.649,493
854.767,500
854.884,501
855.002,495
855.12,489
855.238,506
855.355,489
855.473,504
855.591,479
855.708,513
855.826,484
855.944,491
856.062,484
856.179,488
856.297,502
856.415,507
856.532,533
856.65,518
856.768,499
856.886,533
857.003,511
857.121,503
857.239,508
857.356,538
857.474,533
857.592,499
857.709,514
857.827,508
857.945,502
858.062,515
858.18,514
858.298,510
858.415,492
858.533,510
858.651,523
858.768,500
858.886,519
859.003,514
859.121,522
859.239,504
859.356,488
859.474,492
859.592,490
859.709,494
859.827,493
859.944,484
860.062,486
860.18,499
860.297,494
860.415,500
860.532,501
860.65,511
860.768,486
860.885,495
861.003,498
861.12,503
861.238,499
861.356,492
861.473,481
861.591,512
861.708,513
861.826,490
861.943,488
862.061,487
862.178,469
862.296,488
862.414,486
862.531,492
862.649,468
862.766,479
862.884,483
863.001,463
863.119,462
863.236,516
863.354,465
863.471,511
863.589,512
863.706,499
863.824,500
863.941,491
864.059,487
864.176,503
864.294,489
864.411,491
864.529,476
864.646,472
864.764,497
864.881,483
864.999,473
865.116,486
865.233,489
865.351,464
865.468,471
865.586,484
865.703,481
865.821,482
865.938,468
866.056,469
866.173,495
866.29,468
866.408,483
866.525,488
866.643,488
866.76,466
866.878,483
866.995,494
867.112,494
867.23,476
867.347,470
867.465,501
867.582,486
867.699,494
867.817,486
867.934,492
868.051,494
868.169,493
868.286,481
868.404,472
868.521,491
868.638,502
868.756,494
868.873,479
868.99,490
869.108,502
869.225,476
869.342,478
869.46,507
869.577,486
869.694,513
869.812,499
869.929,500
870.046,517
870.164,519
870.281,526
870.398,498
870.516,512
870.633,486
870.75,500
870.867,503
870.985,504
871.102,496
871.219,515
871.337,517
871.454,536
871.571,482
871.688,510
871.806,492
871.923,512
872.04,525
872.157,516
872.275,531
872.392,511
872.509,501
872.626,511
872.744,517
872.861,515
872.978,496
873.095,501
873.213,494
873.33,485
873.447,522
873.564,499
873.681,502
873.799,487
873.916,501
874.033,511
874.15,513
874.267,517
874.385,494
874.502,506
874.619,520
874.736,514
874.853,494
874.97,514
875.088,493
875.205,509
875.322,527
875.439,503
875.556,510
875.673,491
875.791,515
875.908,519
876.025,500
876.142,514
876.259,491
876.376,498
876.493,487
876.61,502
876.728,488
876.845,492
876.962,512
877.079,509
877.196,481
877.313,499
877.43,502
877.547,505
877.664,491
877.781,503
877.898,501
878.016,498
878.133,493
878.25,511
878.367,502
878.484,492
878.601,471
878.718,473
878.835,480
878.952,481
879.069,494
879.186,479
879.303,486
879.42,482
879.537,475
879.654,487
879.771,494
879.888,491
880.005,468
880.122,476
880.239,480
880.356,471
880.473,469
880.59,482
880.707,483
880.824,482
880.941,467
881.058,504
881.175,478
881.292,501
881.409,463
881.526,487
881.643,475
881.76,466
881.877,483
881.994,482
882.111,478
882.228,481
882.345,477
882.462,485
882.579,473
882.696,483
882.812,479
882.929,484
883.046,454
883.163,480
883.28,460
883.397,507
883.514,468
883.631,481
883.748,489
883.865,466
883.982,506
884.098,495
884.215,477
884.332,491
884.449,489
884.566,502
884.683,494
884.8,510
884.916,503
885.033,528
885.15,552
885.267,530
885.384,537
885.501,551
885.617,534
885.734,526
885.851,531
885.968,540
886.085,536
886.202,522
886.318,550
886.435,534
886.552,516
886.669,537
886.786,525
886.902,548
887.019,530
887.136,526
887.253,501
887.369,524
887.486,537
887.603,520
887.72,507
887.837,483
887.953,504
888.07,481
888.187,482
888.304,462
888.42,475
888.537,489
888.654,500
888.77,474
888.887,471
889.004,469
889.121,476
889.237,481
889.354,460
889.471,479
889.587,481
889.704,480
889.821,464
889.938,463
890.054,468
890.171,479
890.288,467
890.404,452
890.521,456
890.638,470
890.754,466
890.871,481
890.988,474
891.104,483
891.221,451
891.337,476
891.454,472
891.571,500
891.687,488
891.804,478
891.921,472
892.037,466
892.154,480
892.27,483
892.387,488
892.504,487
892.62,467
892.737,475
892.854,476
892.97,470
893.087,454
893.203,453
893.32,472
893.436,454
893.553,453
893.67,476
893.786,459
893.903,474
894.019,474
894.136,457
894.252,460
894.369,453
894.485,438
894.602,481
894.718,473
894.835,478
894.951,464
895.068,466
895.184,480
895.301,463
895.417,461
895.534,467
895.65,466
895.767,472
895.883,455
896.0,451
896.116,461
896.233,476
896.349,448
896.466,460
896.582,470
896.699,486
896.815,457
896.932,460
897.048,451
897.165,465
897.281,471
897.397,488
897.514,480
897.63,481
897.747,470
897.863,484
897.979,446
898.096,469
898.212,454
898.329,474
898.445,471
898.561,478
898.678,474
898.794,465
898.911,439
899.027,476
899.143,459
899.26,476
899.376,461
899.492,494
899.609,468
899.725,482
899.842,483
899.958,454
900.074,506
900.191,475
900.307,487
900.423,472
900.539,460
900.656,470
900.772,482
900.888,498
901.005,475
901.121,482
901.237,474
901.354,460
901.47,491
901.586,485
901.703,472
901.819,487
901.935,500
902.051,483
902.168,483
902.284,509
902.4,498
902.516,528
902.633,520
902.749,519
902.865,489
902.981,516
903.098,525
903.214,501
903.33,498
903.446,484
903.562,500
903.679,499
903.795,485
903.911,508
904.027,505
904.143,507
904.26,499
904.376,481
904.492,489
904.608,479
904.724,469
904.841,472
904.957,503
905.073,474
905.189,475
905.305,481
905.421,488
905.538,481
905.654,483
905.77,467
905.886,455
906.002,466
906.118,472
906.234,471
906.35,450
906.466,457
906.583,463
906.699,486
906.815,459
906.931,459
907.047,450
907.163,485
907.279,468
907.395,454
907.511,463
907.627,484
907.743,461
907.859,459
907.976,484
908.092,475
908.208,478
908.324,467
908.44,473
908.556,449
908.672,449
908.788,453
908.904,466
909.02,472
909.136,481
909.252,469
909.368,475
909.484,466
909.6,469
909.716,462
909.832,463
909.948,480
910.064,451
910.18,470
910.296,477
910.412,478
910.528,470
910.644,471
910.76,468
910.875,470
910.991,469
911.107,474
911.223,466
911.339,481
911.455,464
911.571,482
911.687,466
911.803,448
911.919,501
912.035,478
912.151,452
912.267,462
912.382,458
912.498,456
912.614,485
912.73,468
912.846,463
