792.446,606
792.565,613
792.684,646
792.803,655
792.922,586
793.041,589
793.16,553
793.279,592
793.398,587
793.518,576
793.637,552
793.756,578
793.875,560
793.994,583
794.113,581
794.232,550
794.351,554
794.47,576
794.589,577
794.708,534
794.827,574
794.946,560
795.066,566
795.185,578
795.304,557
795.423,559
795.542,551
795.661,558
795.78,537
795.899,562
796.018,555
796.137,561
796.256,541
796.375,571
796.494,567
796.613,542
796.732,551
796.851,549
796.97,541
797.089,552
797.208,531
797.327,557
797.446,566
797.565,539
797.684,550
797.803,548
797.922,559
798.041,553
798.16,536
798.279,545
798.398,552
798.517,550
798.636,535
798.755,568
798.874,544
798.993,548
799.112,526
799.231,544
799.35,562
799.469,574
799.588,546
799.707,528
799.826,562
799.945,566
800.064,553
800.183,563
800.302,575
800.421,549
800.54,552
800.659,546
800.778,546
800.897,547
801.016,564
801.135,553
801.254,545
801.373,575
801.492,549
801.611,553
801.729,573
801.848,549
801.967,538
802.086,557
802.205,556
802.324,544
802.443,549
802.562,569
802.681,563
802.8,536
802.919,556
803.038,551
803.157,560
803.276,553
803.394,558
803.513,555
803.632,547
803.751,562
803.87,558
803.989,562
804.108,550
804.227,547
804.346,564
804.465,568
804.583,538
804.702,554
804.821,566
804.94,590
805.059,579
805.178,566
805.297,580
805.416,561
805.535,565
805.653,561
805.772,574
805.891,577
806.01,555
806.129,599
806.248,562
806.367,564
806.485,586
806.604,587
806.723,572
806.842,566
806.961,580
807.08,597
807.198,575
807.317,570
807.436,546
807.555,594
807.674,563
807.793,579
807.912,561
808.03,570
808.149,543
808.268,586
808.387,578
808.506,567
808.624,597
808.743,556
808.862,591
808.981,576
809.1,585
809.219,580
809.337,604
809.456,590
809.575,597
809.694,585
809.812,577
809.931,575
810.05,591
810.169,570
810.288,575
810.406,584
810.525,572
810.644,604
810.763,582
810.882,582
811.0,590
811.119,615
811.238,574
811.357,599
811.475,596
811.594,597
811.713,591
811.832,618
811.95,589
812.069,587
812.188,590
812.307,607
812.425,597
812.544,601
812.663,599
812.782,586
812.9,598
813.019,584
813.138,590
813.257,608
813.375,580
813.494,600
813.613,597
813.731,583
813.85,567
813.969,612
814.088,576
814.206,600
814.325,584
814.444,589
814.562,570
814.681,571
814.8,561
814.918,568
815.037,593
815.156,594
815.274,578
815.393,581
815.512,568
815.631,566
815.749,575
815.868,580
815.987,571
816.105,567
816.224,545
816.343,574
816.461,572
816.58,591
816.698,576
816.817,598
816.936,588
817.055,577
817.173,571
817.292,584
817.41,569
817.529,557
817.648,544
817.766,553
817.885,512
818.004,545
818.122,541
818.241,521
818.359,547
818.478,518
818.597,505
818.715,490
818.834,502
818.953,507
819.071,502
819.19,494
819.308,487
819.427,504
819.546,501
819.664,480
819.783,485
819.901,486
820.02,473
820.138,504
820.257,475
820.376,461
820.494,469
820.613,500
820.731,483
820.85,481
820.969,491
821.087,498
821.206,473
821.324,477
821.443,482
821.561,481
821.68,486
821.798,463
821.917,448
822.035,465
822.154,463
822.273,486
822.391,475
822.51,454
822.628,475
822.747,475
822.865,446
822.984,473
823.102,471
823.221,453
823.339,454
823.458,462
823.576,465
823.695,473
823.813,480
823.932,473
824.05,470
824.169,459
824.287,461
824.406,484
824.524,485
824.643,467
824.761,464
824.88,471
824.998,473
825.117,467
825.235,480
825.354,461
825.472,468
825.591,471
825.709,466
825.828,476
825.946,460
826.064,463
826.183,459
826.301,461
826.42,467
826.538,456
826.657,439
826.775,455
826.894,463
827.012,457
827.13,456
827.249,460
827.367,438
827.486,459
827.604,434
827.723,442
827.841,452
827.959,453
828.078,448
828.196,455
828.315,464
828.433,460
828.552,450
828.67,442
828.788,448
828.907,439
829.025,444
829.143,470
829.262,457
829.38,464
829.499,464
829.617,456
829.735,444
829.854,452
829.972,440
830.091,469
830.209,466
830.327,465
830.446,443
830.564,483
830.682,436
830.801,447
830.919,463
831.037,453
831.156,462
831.274,440
831.392,469
831.511,445
831.629,439
831.747,460
831.866,456
831.984,453
832.102,445
832.221,451
832.339,450
832.457,460
832.576,441
832.694,452
832.812,442
832.93,441
833.049,438
833.167,458
833.285,447
833.404,440
833.522,468
833.64,453
833.759,445
833.877,455
833.995,441
834.113,452
834.232,449
834.35,444
834.468,446
834.586,435
834.705,462
834.823,434
834.941,463
835.059,453
835.178,447
835.296,444
835.414,447
835.532,452
835.651,460
835.769,439
835.887,464
836.005,457
836.124,451
836.242,448
836.36,453
836.478,463
836.596,448
836.715,465
836.833,457
836.951,458
837.069,454
837.188,464
837.306,462
837.424,478
837.542,457
837.66,456
837.779,460
837.897,478
838.015,469
838.133,446
838.251,460
838.369,461
838.487,466
838.606,481
838.724,454
838.842,468
838.96,458
839.078,465
839.196,450
839.315,477
839.433,438
839.551,488
839.669,468
839.787,453
839.905,481
840.023,467
840.142,459
840.26,462
840.378,466
840.496,457
840.614,445
840.732,448
840.85,465
840.968,447
841.087,466
841.205,439
841.323,464
841.441,449
841.559,465
841.677,450
841.795,429
841.913,442
842.031,441
842.149,464
842.267,432
842.385,432
842.504,443
842.622,463
842.74,450
842.858,443
842.976,438
843.094,443
843.212,436
843.33,458
843.448,458
843.566,435
843.684,436
843.802,456
843.92,454
844.038,435
844.156,454
844.274,439
844.392,449
844.51,452
844.628,437
844.746,440
844.864,428
844.982,463
845.1,471
845.218,442
845.336,449
845.454,456
845.572,444
845.69,465
845.808,429
845.926,446
846.044,439
846.162,441
846.28,444
846.398,446
846.516,436
846.634,442
846.752,459
846.87,464
846.988,449
847.106,438
847.224,435
847.342,443
847.46,426
847.578,453
847.696,430
847.814,429
847.932,471
848.05,432
848.168,441
848.285,447
848.403,440
848.521,439
848.639,438
848.757,431
848.875,433
848.993,447
849.111,447
849.229,435
849.347,433
849.465,437
849.582,445
849.7,450
849.818,435
849.936,432
850.054,452
850.172,444
850.29,432
850.408,446
850.525,439
850.643,468
850.761,434
850.879,444
850.997,427
851.115,441
851.233,438
851.35,438
851.468,445
851.586,449
851.704,444
851.822,421
851.94,442
852.057,439
852.175,441
852.293,435
852.411,438
852.529,433
852.647,430
852.764,427
852.882,432
853.0,441
853.118,448
853.236,450
853.353,441
853.471,441
853.589,438
853.707,453
853.824,451
853.942,460
854.06,441
854.178,461
854.296,423
854.413,443
854.531,470
854.649,444
854.767,459
854.884,443
855.002,455
855.12,433
855.238,445
855.355,448
855.473,456
855.591,435
855.708,429
855.826,451
855.944,442
856.062,459
856.179,436
856.297,449
856.415,449
856.532,460
856.65,454
856.768,454
856.886,439
857.003,463
857.121,444
857.239,441
857.356,449
857.474,440
857.592,450
857.709,450
857.827,447
857.945,466
858.062,446
858.18,438
858.298,434
858.415,450
858.533,452
858.651,454
858.768,432
858.886,473
859.003,439
859.121,449
859.239,443
859.356,453
859.474,452
859.592,434
859.709,431
859.827,446
859.944,453
860.062,427
860.18,433
860.297,436
860.415,422
860.532,440
860.65,451
860.768,433
860.885,445
861.003,437
861.12,451
861.238,455
861.356,447
861.473,438
861.591,440
861.708,453
861.826,454
861.943,427
862.061,450
862.178,435
862.296,449
862.414,442
862.531,438
862.649,456
862.766,433
862.884,437
863.001,456
863.119,445
863.236,436
863.354,434
863.471,429
863.589,436
863.706,439
863.824,438
863.941,416
864.059,453
864.176,443
864.294,453
864.411,458
864.529,430
864.646,416
864.764,422
864.881,441
864.999,431
865.116,442
865.233,439
865.351,427
865.468,445
865.586,436
865.703,449
865.821,437
865.938,434
866.056,440
866.173,459
866.29,461
866.408,428
866.525,454
866.643,450
866.76,423
866.878,450
866.995,440
867.112,458
867.23,436
867.347,431
867.465,444
867.582,433
867.699,453
867.817,446
867.934,425
868.051,449
868.169,430
868.286,454
868.404,436
868.521,420
868.638,430
868.756,427
868.873,447
868.99,444
869.108,451
869.225,459
869.342,449
869.46,444
869.577,433
869.694,461
869.812,448
869.929,442
870.046,456
870.164,436
870.281,466
870.398,463
870.516,427
870.633,430
870.75,438
870.867,459
870.985,436
871.102,454
871.219,468
871.337,445
871.454,435
871.571,444
871.688,430
871.806,438
871.923,431
872.04,456
872.157,438
872.275,445
872.392,443
872.509,448
872.626,424
872.744,422
872.861,450
872.978,438
873.095,449
873.213,456
873.33,461
873.447,428
873.564,441
873.681,464
873.799,437
873.916,442
874.033,423
874.15,447
874.267,451
874.385,443
874.502,453
874.619,419
874.736,419
874.853,443
874.97,462
875.088,457
875.205,447
875.322,443
875.439,434
875.556,444
875.673,445
875.791,444
875.908,429
876.025,452
876.142,441
876.259,437
876.376,424
876.493,456
876.61,424
876.728,444
876.845,455
876.962,436
877.079,450
877.196,436
877.313,431
877.43,452
877.547,436
877.664,454
877.781,424
877.898,456
878.016,433
878.133,441
878.25,447
878.367,437
878.484,448
878.601,420
878.718,415
878.835,441
878.952,444
879.069,460
879.186,459
879.303,435
879.42,432
879.537,434
879.654,447
879.771,445
879.888,431
880.005,440
880.122,439
880.239,454
880.356,433
880.473,449
880.59,438
880.707,436
880.824,430
880.941,439
881.058,445
881.175,438
881.292,442
881.409,437
881.526,458
881.643,468
881.76,455
881.877,459
881.994,435
882.111,443
882.228,454
882.345,436
882.462,443
882.579,435
882.696,421
882.812,438
882.929,430
883.046,459
883.163,426
883.28,432
883.397,439
883.514,447
883.631,425
883.748,449
883.865,433
883.982,430
884.098,446
884.215,440
884.332,446
884.449,456
884.566,459
884.683,442
884.8,445
884.916,446
885.033,443
885.15,460
885.267,449
885.384,439
885.501,450
885.617,455
885.734,442
885.851,455
885.968,446
886.085,439
886.202,430
886.318,450
886.435,441
886.552,422
886.669,462
886.786,455
886.902,454
887.019,434
887.136,447
887.253,438
887.369,435
887.486,454
887.603,438
887.72,448
887.837,448
887.953,462
888.07,449
888.187,465
888.304,435
888.42,438
888.537,436
888.654,444
888.77,450
888.887,461
889.004,440
889.121,447
889.237,439
889.354,460
889.471,445
889.587,443
889.704,435
889.821,443
889.938,450
890.054,446
890.171,443
890.288,433
890.404,458
890.521,458
890.638,442
890.754,443
890.871,435
890.988,435
891.104,461
891.221,449
891.337,456
891.454,443
891.571,443
891.687,446
891.804,447
891.921,449
892.037,457
892.154,447
892.27,450
892.387,449
892.504,446
892.62,441
892.737,464
892.854,449
892.97,461
893.087,448
893.203,436
893.32,460
893.436,434
893.553,463
893.67,448
893.786,470
893.903,456
894.019,429
894.136,450
894.252,455
894.369,438
894.485,452
894.602,438
894.718,461
894.835,453
894.951,455
895.068,454
895.184,437
895.301,454
895.417,452
895.534,464
895.65,444
895.767,443
895.883,453
896.0,446
896.116,465
896.233,430
896.349,445
896.466,441
896.582,443
896.699,444
896.815,449
896.932,464
897.048,444
897.165,467
897.281,423
897.397,439
897.514,452
897.63,446
897.747,443
897.863,441
897.979,461
898.096,438
898.212,463
898.329,447
898.445,442
898.561,454
898.678,464
898.794,444
898.911,442
899.027,443
899.143,438
899.26,453
899.376,449
899.492,462
899.609,450
899.725,441
899.842,450
899.958,456
900.074,467
900.191,450
900.307,455
900.423,444
900.539,462
900.656,491
900.772,464
900.888,450
901.005,451
901.121,436
901.237,441
901.354,456
901.47,449
901.586,436
901.703,446
901.819,459
901.935,459
902.051,452
902.168,456
902.284,442
902.4,441
902.516,453
902.633,456
902.749,460
902.865,449
902.981,456
903.098,468
903.214,456
903.33,470
903.446,435
903.562,455
903.679,442
903.795,450
903.911,457
904.027,456
904.143,453
904.26,464
904.376,457
904.492,449
904.608,446
904.724,463
904.841,442
904.957,464
905.073,483
905.189,447
905.305,455
905.421,464
905.538,462
905.654,455
905.77,456
905.886,470
906.002,449
906.118,461
906.234,468
906.35,463
906.466,457
906.583,481
906.699,446
906.815,461
906.931,435
907.047,469
907.163,453
907.279,451
907.395,447
907.511,434
907.627,462
907.743,462
907.859,461
907.976,470
908.092,446
908.208,454
908.324,452
908.44,467
908.556,452
908.672,456
908.788,460
908.904,451
909.02,447
909.136,466
909.252,430
909.368,448
909.484,435
909.6,466
909.716,465
909.832,458
909.948,460
910.064,469
910.18,459
910.296,474
910.412,448
910.528,467
910.644,469
910.76,475
910.875,461
910.991,459
911.107,465
911.223,435
911.339,446
911.455,472
911.571,466
911.687,471
911.803,461
911.919,455
912.035,459
912.151,484
912.267,455
912.382,455
912.498,446
912.614,459
912.73,450
912.846,477
792.446,601
792.565,614
792.684,648
792.803,642
792.922,586
793.041,571
793.16,563
793.279,588
793.398,593
793.518,585
793.637,571
793.756,567
793.875,591
793.994,594
794.113,575
794.232,555
794.351,547
794.47,544
794.589,571
794.708,576
794.827,567
794.946,594
795.066,572
795.185,574
795.304,580
795.423,574
795.542,578
795.661,552
795.78,574
795.899,549
796.018,586
796.137,555
796.256,557
796.375,548
796.494,569
796.613,544
796.732,551
796.851,563
796.97,571
797.089,546
797.208,562
797.327,558
797.446,541
797.565,549
797.684,542
797.803,563
797.922,552
798.041,555
798.16,568
798.279,536
798.398,573
798.517,537
798.636,555
798.755,547
798.874,563
798.993,584
799.112,544
799.231,548
799.35,532
799.469,557
799.588,547
799.707,541
799.826,541
799.945,529
800.064,568
800.183,553
800.302,563
800.421,556
800.54,568
800.659,561
800.778,541
800.897,553
801.016,559
801.135,566
801.254,562
801.373,550
801.492,550
801.611,559
801.729,559
801.848,556
801.967,557
802.086,557
802.205,565
802.324,566
802.443,569
802.562,533
802.681,558
802.8,570
802.919,552
803.038,556
803.157,569
803.276,567
803.394,579
803.513,557
803.632,594
803.751,583
803.87,572
803.989,552
804.108,565
804.227,599
804.346,556
804.465,569
804.583,593
804.702,572
804.821,553
804.94,559
805.059,564
805.178,574
805.297,559
805.416,561
805.535,575
805.653,564
805.772,609
805.891,574
806.01,580
806.129,587
806.248,570
806.367,617
806.485,589
806.604,589
806.723,574
806.842,568
806.961,575
807.08,561
807.198,579
807.317,584
807.436,588
807.555,585
807.674,593
807.793,587
807.912,616
808.03,585
808.149,581
808.268,567
808.387,592
808.506,614
808.624,595
808.743,606
808.862,589
808.981,591
809.1,584
809.219,589
809.337,563
809.456,584
809.575,596
809.694,585
809.812,594
809.931,572
810.05,592
810.169,598
810.288,606
810.406,595
810.525,579
810.644,569
810.763,573
810.882,595
811.0,579
811.119,609
811.238,589
811.357,576
811.475,616
811.594,580
811.713,600
811.832,594
811.95,608
812.069,585
812.188,577
812.307,607
812.425,602
812.544,598
812.663,602
812.782,570
812.9,583
813.019,582
813.138,597
813.257,584
813.375,586
813.494,598
813.613,578
813.731,601
813.85,596
813.969,578
814.088,575
814.206,575
814.325,564
814.444,579
814.562,569
814.681,595
814.8,584
814.918,576
815.037,574
815.156,579
815.274,575
815.393,583
815.512,564
815.631,566
815.749,574
815.868,577
815.987,570
816.105,558
816.224,579
816.343,551
816.461,582
816.58,596
816.698,591
816.817,570
816.936,581
817.055,577
817.173,558
817.292,553
817.41,553
817.529,567
817.648,560
817.766,552
817.885,554
818.004,568
818.122,528
818.241,540
818.359,525
818.478,504
818.597,526
818.715,518
818.834,520
818.953,511
819.071,500
819.19,478
819.308,500
819.427,509
819.546,484
819.664,485
819.783,489
819.901,489
820.02,474
820.138,495
820.257,484
820.376,482
820.494,480
820.613,467
820.731,484
820.85,465
820.969,483
821.087,466
821.206,472
821.324,500
821.443,498
821.561,476
821.68,459
821.798,487
821.917,517
822.035,478
822.154,470
822.273,465
822.391,471
822.51,449
822.628,483
822.747,470
822.865,473
822.984,474
823.102,497
823.221,493
823.339,468
823.458,464
823.576,479
823.695,486
823.813,465
823.932,493
824.05,480
824.169,464
824.287,485
824.406,479
824.524,483
824.643,462
824.761,469
824.88,474
824.998,503
825.117,463
825.235,459
825.354,468
825.472,484
825.591,486
825.709,476
825.828,460
825.946,467
826.064,459
826.183,462
826.301,452
826.42,469
826.538,430
826.657,467
826.775,475
826.894,467
827.012,461
827.13,456
827.249,457
827.367,444
827.486,467
827.604,468
827.723,461
827.841,449
827.959,455
828.078,466
828.196,455
828.315,457
828.433,449
828.552,453
828.67,452
828.788,456
828.907,450
829.025,477
829.143,445
829.262,455
829.38,458
829.499,453
829.617,447
829.735,475
829.854,454
829.972,458
830.091,465
830.209,460
830.327,441
830.446,444
830.564,448
830.682,458
830.801,444
830.919,458
831.037,456
831.156,461
831.274,450
831.392,451
831.511,449
831.629,467
831.747,465
831.866,465
831.984,453
832.102,473
832.221,451
832.339,458
832.457,449
832.576,447
832.694,480
832.812,460
832.93,449
833.049,433
833.167,448
833.285,448
833.404,443
833.522,461
833.64,456
833.759,440
833.877,445
833.995,449
834.113,443
834.232,474
834.35,435
834.468,458
834.586,443
834.705,458
834.823,448
834.941,455
835.059,459
835.178,462
835.296,441
835.414,458
835.532,465
835.651,462
835.769,448
835.887,461
836.005,454
836.124,481
836.242,462
836.36,467
836.478,446
836.596,473
836.715,439
836.833,483
836.951,449
837.069,468
837.188,450
837.306,459
837.424,479
837.542,458
837.66,475
837.779,466
837.897,457
838.015,442
838.133,453
838.251,460
838.369,458
838.487,466
838.606,468
838.724,475
838.842,458
838.96,460
839.078,480
839.196,460
839.315,439
839.433,462
839.551,457
839.669,464
839.787,446
839.905,438
840.023,457
840.142,458
840.26,443
840.378,459
840.496,459
840.614,450
840.732,455
840.85,455
840.968,468
841.087,461
841.205,444
841.323,452
841.441,468
841.559,467
841.677,437
841.795,440
841.913,459
842.031,467
842.149,444
842.267,432
842.385,444
842.504,442
842.622,447
842.74,437
842.858,443
842.976,443
843.094,442
843.212,451
843.33,449
843.448,451
843.566,451
843.684,441
843.802,447
843.92,463
844.038,444
844.156,454
844.274,448
844.392,465
844.51,435
844.628,442
844.746,453
844.864,438
844.982,423
845.1,452
845.218,430
845.336,441
845.454,434
845.572,454
845.69,432
845.808,449
845.926,446
846.044,446
846.162,462
846.28,446
846.398,434
846.516,462
846.634,437
846.752,454
846.87,444
846.988,448
847.106,454
847.224,440
847.342,431
847.46,447
847.578,442
847.696,437
847.814,428
847.932,448
848.05,435
848.168,436
848.285,440
848.403,457
848.521,440
848.639,454
848.757,441
848.875,455
848.993,436
849.111,431
849.229,435
849.347,439
849.465,449
849.582,448
849.7,423
849.818,458
849.936,436
850.054,434
850.172,433
850.29,431
850.408,428
850.525,446
850.643,427
850.761,441
850.879,461
850.997,437
851.115,442
851.233,446
851.35,438
851.468,452
851.586,432
851.704,443
851.822,442
851.94,453
852.057,415
852.175,449
852.293,435
852.411,445
852.529,447
852.647,455
852.764,457
852.882,435
853.0,449
853.118,449
853.236,438
853.353,455
853.471,427
853.589,445
853.707,459
853.824,453
853.942,452
854.06,434
854.178,447
854.296,448
854.413,447
854.531,447
854.649,412
854.767,430
854.884,434
855.002,447
855.12,438
855.238,458
855.355,473
855.473,446
855.591,429
855.708,456
855.826,450
855.944,445
856.062,445
856.179,449
856.297,439
856.415,451
856.532,433
856.65,463
856.768,432
856.886,462
857.003,433
857.121,458
857.239,451
857.356,451
857.474,453
857.592,442
857.709,432
857.827,446
857.945,473
858.062,447
858.18,436
858.298,460
858.415,450
858.533,425
858.651,422
858.768,443
858.886,438
859.003,438
859.121,426
859.239,447
859.356,458
859.474,448
859.592,428
859.709,465
859.827,429
859.944,452
860.062,441
860.18,446
860.297,423
860.415,447
860.532,445
860.65,465
860.768,463
860.885,450
861.003,439
861.12,451
861.238,420
861.356,450
861.473,426
861.591,439
861.708,430
861.826,452
861.943,452
862.061,438
862.178,451
862.296,434
862.414,435
862.531,455
862.649,459
862.766,459
862.884,447
863.001,445
863.119,466
863.236,465
863.354,449
863.471,442
863.589,420
863.706,460
863.824,444
863.941,426
864.059,422
864.176,456
864.294,446
864.411,452
864.529,438
864.646,434
864.764,429
864.881,440
864.999,440
865.116,449
865.233,439
865.351,463
865.468,435
865.586,440
865.703,444
865.821,446
865.938,438
866.056,449
866.173,438
866.29,460
866.408,428
866.525,440
866.643,448
866.76,445
866.878,459
866.995,456
867.112,438
867.23,455
867.347,451
867.465,443
867.582,452
867.699,455
867.817,442
867.934,442
868.051,438
868.169,443
868.286,449
868.404,452
868.521,448
868.638,443
868.756,453
868.873,440
868.99,435
869.108,436
869.225,432
869.342,444
869.46,459
869.577,458
869.694,450
869.812,451
869.929,462
870.046,457
870.164,429
870.281,450
870.398,449
870.516,468
870.633,446
870.75,465
870.867,437
870.985,441
871.102,436
871.219,461
871.337,438
871.454,426
871.571,450
871.688,463
871.806,444
871.923,446
872.04,433
872.157,446
872.275,447
872.392,453
872.509,426
872.626,445
872.744,446
872.861,457
872.978,453
873.095,445
873.213,444
873.33,439
873.447,437
873.564,446
873.681,444
873.799,448
873.916,449
874.033,435
874.15,440
874.267,437
874.385,440
874.502,461
874.619,424
874.736,433
874.853,439
874.97,441
875.088,433
875.205,447
875.322,420
875.439,450
875.556,436
875.673,441
875.791,452
875.908,450
876.025,446
876.142,454
876.259,461
876.376,437
876.493,442
876.61,446
876.728,456
876.845,440
876.962,458
877.079,466
877.196,450
877.313,451
877.43,437
877.547,462
877.664,427
877.781,454
877.898,455
878.016,459
878.133,447
878.25,464
878.367,437
878.484,432
878.601,446
878.718,435
878.835,451
878.952,423
879.069,435
879.186,441
879.303,443
879.42,446
879.537,438
879.654,443
879.771,444
879.888,459
880.005,443
880.122,447
880.239,435
880.356,438
880.473,438
880.59,438
880.707,448
880.824,444
880.941,442
881.058,446
881.175,453
881.292,446
881.409,432
881.526,449
881.643,431
881.76,440
881.877,453
881.994,442
882.111,448
882.228,438
882.345,450
882.462,458
882.579,434
882.696,472
882.812,435
882.929,453
883.046,442
883.163,448
883.28,432
883.397,425
883.514,452
883.631,443
883.748,454
883.865,453
883.982,429
884.098,442
884.215,435
884.332,446
884.449,436
884.566,443
884.683,438
884.8,467
884.916,446
885.033,455
885.15,434
885.267,444
885.384,424
885.501,454
885.617,462
885.734,440
885.851,427
885.968,447
886.085,433
886.202,460
886.318,451
886.435,441
886.552,445
886.669,450
886.786,445
886.902,448
887.019,443
887.136,450
887.253,425
887.369,456
887.486,448
887.603,442
887.72,455
887.837,463
887.953,454
888.07,439
888.187,469
888.304,437
888.42,445
888.537,445
888.654,437
888.77,446
888.887,436
889.004,441
889.121,449
889.237,469
889.354,457
889.471,454
889.587,449
889.704,479
889.821,436
889.938,468
890.054,450
890.171,461
890.288,477
890.404,443
890.521,460
890.638,451
890.754,452
890.871,465
890.988,450
891.104,453
891.221,455
891.337,454
891.454,432
891.571,449
891.687,433
891.804,466
891.921,460
892.037,466
892.154,445
892.27,452
892.387,447
892.504,444
892.62,464
892.737,452
892.854,444
892.97,449
893.087,450
893.203,468
893.32,443
893.436,467
893.553,459
893.67,448
893.786,439
893.903,464
894.019,451
894.136,449
894.252,459
894.369,460
894.485,457
894.602,452
894.718,457
894.835,452
894.951,451
895.068,441
895.184,437
895.301,454
895.417,443
895.534,458
895.65,432
895.767,461
895.883,458
896.0,469
896.116,462
896.233,460
896.349,437
896.466,457
896.582,434
896.699,456
896.815,473
896.932,457
897.048,456
897.165,451
897.281,437
897.397,449
897.514,436
897.63,451
897.747,455
897.863,437
897.979,456
898.096,468
898.212,456
898.329,486
898.445,465
898.561,462
898.678,444
898.794,454
898.911,450
899.027,456
899.143,460
899.26,466
899.376,439
899.492,486
899.609,470
899.725,439
899.842,456
899.958,462
900.074,468
900.191,451
900.307,453
900.423,459
900.539,467
900.656,462
900.772,458
900.888,472
901.005,456
901.121,464
901.237,444
901.354,447
901.47,473
901.586,467
901.703,447
901.819,461
901.935,459
902.051,467
902.168,445
902.284,467
902.4,454
902.516,461
902.633,431
902.749,447
902.865,452
902.981,463
903.098,446
903.214,457
903.33,447
903.446,445
903.562,443
903.679,456
903.795,462
903.911,453
904.027,442
904.143,469
904.26,467
904.376,458
904.492,446
904.608,450
904.724,454
904.841,476
904.957,449
905.073,481
905.189,445
905.305,461
905.421,471
905.538,454
905.654,453
905.77,429
905.886,449
906.002,481
906.118,444
906.234,468
906.35,472
906.466,455
906.583,473
906.699,462
906.815,462
906.931,462
907.047,458
907.163,459
907.279,464
907.395,465
907.511,475
907.627,446
907.743,467
907.859,469
907.976,482
908.092,458
908.208,483
908.324,463
908.44,464
908.556,457
908.672,463
908.788,461
908.904,460
909.02,463
909.136,455
909.252,471
909.368,450
909.484,465
909.6,451
909.716,453
909.832,444
909.948,457
910.064,457
910.18,459
910.296,473
910.412,477
910.528,473
910.644,453
910.76,448
910.875,464
910.991,456
911.107,475
911.223,452
911.339,456
911.455,449
911.571,454
911.687,468
911.803,461
911.919,458
912.035,462
912.151,458
912.267,457
912.382,462
912.498,470
912.614,447
912.73,451
912.846,444
792.446,578
792.565,627
792.684,671
792.803,641
792.922,596
793.041,589
793.16,589
793.279,603
793.398,597
793.518,585
793.637,567
793.756,578
793.875,600
793.994,599
794.113,584
794.232,567
794.351,580
794.47,571
794.589,548
794.708,564
794.827,568
794.946,558
795.066,580
795.185,587
795.304,550
795.423,567
795.542,580
795.661,554
795.78,542
795.899,563
796.018,559
796.137,545
796.256,571
796.375,567
796.494,568
796.613,558
796.732,578
796.851,547
796.97,551
797.089,558
797.208,581
797.327,567
797.446,548
797.565,579
797.684,560
797.803,545
797.922,565
798.041,542
798.16,568
798.279,572
798.398,549
798.517,555
798.636,545
798.755,552
798.874,539
798.993,569
799.112,572
799.231,528
799.35,555
799.469,560
799.588,566
799.707,560
799.826,563
799.945,553
800.064,578
800.183,536
800.302,587
800.421,546
800.54,552
800.659,563
800.778,539
800.897,564
801.016,552
801.135,561
801.254,601
801.373,547
801.492,564
801.611,562
801.729,582
801.848,557
801.967,560
802.086,566
802.205,566
802.324,554
802.443,569
802.562,571
802.681,544
802.8,563
802.919,585
803.038,548
803.157,576
803.276,553
803.394,559
803.513,568
803.632,559
803.751,550
803.87,561
803.989,587
804.108,563
804.227,579
804.346,579
804.465,563
804.583,564
804.702,584
804.821,591
804.94,594
805.059,582
805.178,583
805.297,551
805.416,575
805.535,598
805.653,577
805.772,571
805.891,576
806.01,578
806.129,538
806.248,603
806.367,572
806.485,573
806.604,578
806.723,583
806.842,593
806.961,574
807.08,565
807.198,574
807.317,578
807.436,600
807.555,560
807.674,581
807.793,553
807.912,588
808.03,554
808.149,572
808.268,580
808.387,596
808.506,585
808.624,590
808.743,605
808.862,591
808.981,581
809.1,600
809.219,609
809.337,598
809.456,610
809.575,596
809.694,586
809.812,592
809.931,590
810.05,602
810.169,590
810.288,595
810.406,605
810.525,591
810.644,585
810.763,592
810.882,573
811.0,605
811.119,572
811.238,600
811.357,608
811.475,594
811.594,609
811.713,594
811.832,596
811.95,618
812.069,611
812.188,588
812.307,579
812.425,621
812.544,595
812.663,599
812.782,596
812.9,588
813.019,599
813.138,584
813.257,596
813.375,602
813.494,577
813.613,610
813.731,594
813.85,579
813.969,588
814.088,626
814.206,568
814.325,590
814.444,595
814.562,607
814.681,596
814.8,588
814.918,592
815.037,581
815.156,561
815.274,604
815.393,571
815.512,588
815.631,571
815.749,567
815.868,568
815.987,572
816.105,565
816.224,566
816.343,565
816.461,602
816.58,590
816.698,582
816.817,592
816.936,585
817.055,581
817.173,559
817.292,574
817.41,582
817.529,556
817.648,566
817.766,581
817.885,554
818.004,508
818.122,533
818.241,545
818.359,540
818.478,515
818.597,515
818.715,517
818.834,514
818.953,497
819.071,504
819.19,505
819.308,489
819.427,498
819.546,506
819.664,495
819.783,492
819.901,507
820.02,467
820.138,491
820.257,494
820.376,461
820.494,476
820.613,497
820.731,486
820.85,475
820.969,484
821.087,472
821.206,498
821.324,468
821.443,487
821.561,464
821.68,483
821.798,492
821.917,470
822.035,448
822.154,475
822.273,478
822.391,495
822.51,460
822.628,482
822.747,465
822.865,444
822.984,456
823.102,500
823.221,460
823.339,490
823.458,488
823.576,482
823.695,503
823.813,475
823.932,467
824.05,480
824.169,484
824.287,479
824.406,488
824.524,477
824.643,482
824.761,484
824.88,482
824.998,485
825.117,469
825.235,486
825.354,471
825.472,478
825.591,456
825.709,459
825.828,480
825.946,464
826.064,478
826.183,478
826.301,469
826.42,462
826.538,466
826.657,470
826.775,465
826.894,462
827.012,453
827.13,455
827.249,462
827.367,488
827.486,445
827.604,457
827.723,474
827.841,451
827.959,469
828.078,457
828.196,482
828.315,459
828.433,458
828.552,467
828.67,470
828.788,468
828.907,468
829.025,462
829.143,432
829.262,458
829.38,453
829.499,463
829.617,435
829.735,450
829.854,474
829.972,457
830.091,458
830.209,456
830.327,447
830.446,465
830.564,455
830.682,437
830.801,458
830.919,452
831.037,444
831.156,463
831.274,450
831.392,464
831.511,452
831.629,449
831.747,443
831.866,443
831.984,451
832.102,469
832.221,450
832.339,460
832.457,449
832.576,452
832.694,449
832.812,451
832.93,463
833.049,448
833.167,451
833.285,453
833.404,447
833.522,462
833.64,439
833.759,452
833.877,445
833.995,461
834.113,431
834.232,460
834.35,426
834.468,439
834.586,449
834.705,452
834.823,450
834.941,449
835.059,465
835.178,467
835.296,446
835.414,481
835.532,444
835.651,464
835.769,446
835.887,455
836.005,459
836.124,458
836.242,456
836.36,457
836.478,485
836.596,465
836.715,473
836.833,460
836.951,454
837.069,476
837.188,458
837.306,468
837.424,459
837.542,454
837.66,469
837.779,461
837.897,454
838.015,472
838.133,448
838.251,454
838.369,463
838.487,452
838.606,482
838.724,458
838.842,469
838.96,478
839.078,469
839.196,458
839.315,455
839.433,463
839.551,455
839.669,463
839.787,448
839.905,468
840.023,453
840.142,462
840.26,456
840.378,470
840.496,457
840.614,461
840.732,448
840.85,467
840.968,457
841.087,470
841.205,447
841.323,468
841.441,467
841.559,449
841.677,445
841.795,473
841.913,433
842.031,463
842.149,444
842.267,442
842.385,451
842.504,451
842.622,459
842.74,444
842.858,452
842.976,456
843.094,450
843.212,445
843.33,435
843.448,452
843.566,444
843.684,450
843.802,428
843.92,444
844.038,450
844.156,445
844.274,454
844.392,450
844.51,451
844.628,466
844.746,432
844.864,440
844.982,459
845.1,460
845.218,444
845.336,451
845.454,448
845.572,443
845.69,454
845.808,452
845.926,454
846.044,454
846.162,441
846.28,449
846.398,429
846.516,463
846.634,426
846.752,449
846.87,432
846.988,450
847.106,445
847.224,456
847.342,437
847.46,453
847.578,440
847.696,457
847.814,437
847.932,434
848.05,441
848.168,466
848.285,444
848.403,447
848.521,425
848.639,430
848.757,446
848.875,439
848.993,441
849.111,452
849.229,446
849.347,456
849.465,456
849.582,428
849.7,447
849.818,440
849.936,436
850.054,441
850.172,430
850.29,452
850.408,431
850.525,432
850.643,458
850.761,451
850.879,439
850.997,427
851.115,434
851.233,432
851.35,435
851.468,430
851.586,436
851.704,433
851.822,446
851.94,457
852.057,433
852.175,451
852.293,431
852.411,440
852.529,442
852.647,431
852.764,428
852.882,449
853.0,449
853.118,449
853.236,453
853.353,446
853.471,428
853.589,423
853.707,450
853.824,452
853.942,432
854.06,430
854.178,434
854.296,445
854.413,444
854.531,428
854.649,451
854.767,435
854.884,455
855.002,434
855.12,437
855.238,438
855.355,457
855.473,446
855.591,440
855.708,439
855.826,444
855.944,471
856.062,450
856.179,442
856.297,451
856.415,467
856.532,451
856.65,446
856.768,444
856.886,448
857.003,444
857.121,452
857.239,453
857.356,456
857.474,457
857.592,436
857.709,461
857.827,442
857.945,437
858.062,458
858.18,453
858.298,457
858.415,446
858.533,445
858.651,462
858.768,440
858.886,444
859.003,451
859.121,457
859.239,460
859.356,444
859.474,427
859.592,441
859.709,469
859.827,437
859.944,453
860.062,434
860.18,462
860.297,439
860.415,463
860.532,427
860.65,447
860.768,421
860.885,437
861.003,433
861.12,440
861.238,453
861.356,441
861.473,415
861.591,455
861.708,428
861.826,451
861.943,433
862.061,443
862.178,455
862.296,449
862.414,445
862.531,440
862.649,443
862.766,441
862.884,427
863.001,444
863.119,476
863.236,456
863.354,439
863.471,453
863.589,467
863.706,445
863.824,452
863.941,436
864.059,432
864.176,449
864.294,441
864.411,443
864.529,444
864.646,460
864.764,446
864.881,440
864.999,452
865.116,444
865.233,433
865.351,463
865.468,449
865.586,429
865.703,435
865.821,448
865.938,443
866.056,444
866.173,446
866.29,450
866.408,450
866.525,452
866.643,451
866.76,444
866.878,433
866.995,452
867.112,451
867.23,459
867.347,445
867.465,437
867.582,438
867.699,457
867.817,442
867.934,465
868.051,455
868.169,457
868.286,446
868.404,455
868.521,441
868.638,458
868.756,445
868.873,471
868.99,462
869.108,437
869.225,444
869.342,422
869.46,442
869.577,420
869.694,448
869.812,459
869.929,453
870.046,450
870.164,436
870.281,462
870.398,434
870.516,453
870.633,452
870.75,458
870.867,454
870.985,447
871.102,462
871.219,443
871.337,432
871.454,445
871.571,450
871.688,470
871.806,450
871.923,435
872.04,461
872.157,442
872.275,452
872.392,459
872.509,431
872.626,430
872.744,457
872.861,442
872.978,441
873.095,446
873.213,439
873.33,440
873.447,423
873.564,448
873.681,442
873.799,435
873.916,446
874.033,465
874.15,427
874.267,450
874.385,437
874.502,452
874.619,445
874.736,475
874.853,443
874.97,447
875.088,461
875.205,425
875.322,441
875.439,443
875.556,429
875.673,446
875.791,444
875.908,439
876.025,460
876.142,451
876.259,437
876.376,446
876.493,429
876.61,438
876.728,439
876.845,458
876.962,440
877.079,430
877.196,455
877.313,434
877.43,432
877.547,442
877.664,460
877.781,448
877.898,445
878.016,439
878.133,455
878.25,433
878.367,441
878.484,437
878.601,436
878.718,442
878.835,449
878.952,440
879.069,427
879.186,463
879.303,450
879.42,444
879.537,449
879.654,428
879.771,429
879.888,439
880.005,454
880.122,443
880.239,456
880.356,444
880.473,437
880.59,448
880.707,429
880.824,448
880.941,450
881.058,427
881.175,435
881.292,465
881.409,419
881.526,435
881.643,444
881.76,445
881.877,442
881.994,449
882.111,437
882.228,465
882.345,436
882.462,450
882.579,447
882.696,443
882.812,434
882.929,453
883.046,422
883.163,447
883.28,459
883.397,441
883.514,444
883.631,444
883.748,444
883.865,458
883.982,431
884.098,453
884.215,440
884.332,445
884.449,433
884.566,449
884.683,468
884.8,446
884.916,442
885.033,425
885.15,453
885.267,450
885.384,454
885.501,449
885.617,441
885.734,448
885.851,471
885.968,458
886.085,461
886.202,449
886.318,439
886.435,439
886.552,457
886.669,462
886.786,440
886.902,446
887.019,429
887.136,411
887.253,459
887.369,469
887.486,454
887.603,470
887.72,452
887.837,444
887.953,439
888.07,446
888.187,424
888.304,463
888.42,454
888.537,438
888.654,452
888.77,462
888.887,449
889.004,453
889.121,454
889.237,450
889.354,431
889.471,454
889.587,442
889.704,457
889.821,431
889.938,460
890.054,451
890.171,452
890.288,447
890.404,462
890.521,444
890.638,463
890.754,447
890.871,454
890.988,425
891.104,465
891.221,449
891.337,459
891.454,433
891.571,461
891.687,447
891.804,458
891.921,438
892.037,459
892.154,450
892.27,456
892.387,463
892.504,453
892.62,459
892.737,454
892.854,461
892.97,441
893.087,460
893.203,453
893.32,451
893.436,457
893.553,445
893.67,445
893.786,451
893.903,468
894.019,437
894.136,467
894.252,474
894.369,449
894.485,457
894.602,462
894.718,445
894.835,456
894.951,465
895.068,457
895.184,456
895.301,447
895.417,442
895.534,442
895.65,443
895.767,443
895.883,444
896.0,447
896.116,454
896.233,453
896.349,437
896.466,472
896.582,454
896.699,463
896.815,463
896.932,471
897.048,464
897.165,437
897.281,449
897.397,466
897.514,455
897.63,470
897.747,451
897.863,463
897.979,452
898.096,461
898.212,461
898.329,447
898.445,449
898.561,472
898.678,465
898.794,459
898.911,437
899.027,454
899.143,447
899.26,458
899.376,456
899.492,448
899.609,446
899.725,474
899.842,443
899.958,453
900.074,443
900.191,444
900.307,444
900.423,468
900.539,463
900.656,460
900.772,452
900.888,456
901.005,460
901.121,453
901.237,465
901.354,456
901.47,467
901.586,470
901.703,469
901.819,462
901.935,447
902.051,482
902.168,465
902.284,473
902.4,464
902.516,479
902.633,442
902.749,460
902.865,455
902.981,438
903.098,458
903.214,472
903.33,450
903.446,468
903.562,456
903.679,464
903.795,441
903.911,477
904.027,462
904.143,446
904.26,454
904.376,467
904.492,474
904.608,449
904.724,454
904.841,457
904.957,457
905.073,454
905.189,448
905.305,453
905.421,445
905.538,461
905.654,439
905.77,458
905.886,449
906.002,471
906.118,449
906.234,456
906.35,464
906.466,460
906.583,458
906.699,465
906.815,470
906.931,455
907.047,433
907.163,465
907.279,468
907.395,465
907.511,480
907.627,466
907.743,462
907.859,462
907.976,444
908.092,475
908.208,451
908.324,484
908.44,457
908.556,471
908.672,485
908.788,479
908.904,467
909.02,466
909.136,449
909.252,464
909.368,468
909.484,456
909.6,458
909.716,451
909.832,464
909.948,454
910.064,455
910.18,448
910.296,471
910.412,480
910.528,460
910.644,459
910.76,459
910.875,467
910.991,445
911.107,467
911.223,474
911.339,482
911.455,466
911.571,472
911.687,475
911.803,465
911.919,450
912.035,463
912.151,446
912.267,452
912.382,469
912.498,467
912.614,462
912.73,452
912.846,459
