792.446,2124
792.565,2088
792.684,2107
792.803,2087
792.922,1997
793.041,2048
793.16,2069
793.279,2066
793.398,2041
793.518,2008
793.637,1980
793.756,2003
793.875,2024
793.994,1989
794.113,1971
794.232,1981
794.351,1974
794.47,1951
794.589,1996
794.708,1942
794.827,1971
794.946,1908
795.066,1971
795.185,1932
795.304,1928
795.423,1876
795.542,1918
795.661,1919
795.78,1948
795.899,1920
796.018,1921
796.137,1923
796.256,1853
796.375,1927
796.494,1898
796.613,1922
796.732,1867
796.851,1877
796.97,1921
797.089,1835
797.208,1882
797.327,1866
797.446,1901
797.565,1845
797.684,1845
797.803,1849
797.922,1852
798.041,1855
798.16,1833
798.279,1851
798.398,1866
798.517,1868
798.636,1870
798.755,1838
798.874,1849
798.993,1925
799.112,1838
799.231,1899
799.35,1890
799.469,1840
799.588,1847
799.707,1896
799.826,1894
799.945,1892
800.064,1865
800.183,1917
800.302,1863
800.421,1888
800.54,1838
800.659,1924
800.778,1881
800.897,1902
801.016,1922
801.135,1888
801.254,1937
801.373,1885
801.492,1893
801.611,1912
801.729,1931
801.848,1861
801.967,1942
802.086,1934
802.205,1863
802.324,1961
802.443,1921
802.562,1895
802.681,1937
802.8,1908
802.919,1935
803.038,1940
803.157,1960
803.276,1975
803.394,1934
803.513,1984
803.632,1947
803.751,1937
803.87,1968
803.989,1945
804.108,1995
804.227,1946
804.346,1981
804.465,1980
804.583,2000
804.702,2001
804.821,1984
804.94,1979
805.059,1982
805.178,2030
805.297,2024
805.416,2052
805.535,1992
805.653,2008
805.772,2059
805.891,2009
806.01,2020
806.129,1995
806.248,2021
806.367,2015
806.485,2034
806.604,2032
806.723,2003
806.842,2039
806.961,1977
807.08,2050
807.198,2098
807.317,2065
807.436,2002
807.555,2048
807.674,2022
807.793,2022
807.912,2112
808.03,2052
808.149,2054
808.268,2038
808.387,2059
808.506,2057
808.624,2047
808.743,2139
808.862,2060
808.981,2044
809.1,2133
809.219,2080
809.337,2068
809.456,2031
809.575,2113
809.694,2078
809.812,2110
809.931,2105
810.05,2051
810.169,2117
810.288,2078
810.406,2044
810.525,2089
810.644,2083
810.763,2112
810.882,2139
811.0,2086
811.119,2115
811.238,2110
811.357,2108
811.475,2123
811.594,2141
811.713,2078
811.832,2086
811.95,2104
812.069,2155
812.188,2129
812.307,2125
812.425,2134
812.544,2133
812.663,2099
812.782,2089
812.9,2124
813.019,2075
813.138,2172
813.257,2134
813.375,2103
813.494,2098
813.613,2141
813.731,2148
813.85,2137
813.969,2097
814.088,2119
814.206,2121
814.325,2060
814.444,2036
814.562,2103
814.681,2088
814.8,2119
814.918,2075
815.037,2097
815.156,2057
815.274,2057
815.393,2068
815.512,2028
815.631,2012
815.749,2012
815.868,2006
815.987,2022
816.105,1996
816.224,1959
816.343,1977
816.461,2055
816.58,2027
816.698,2032
816.817,2031
816.936,2042
817.055,2008
817.173,2066
817.292,1997
817.41,1965
817.529,1956
817.648,1991
817.766,1897
817.885,1872
818.004,1812
818.122,1784
818.241,1786
818.359,1772
818.478,1712
818.597,1697
818.715,1676
818.834,1622
818.953,1620
819.071,1607
819.19,1606
819.308,1613
819.427,1574
819.546,1516
819.664,1506
819.783,1540
819.901,1540
820.02,1505
820.138,1554
820.257,1499
820.376,1474
820.494,1486
820.613,1460
820.731,1464
820.85,1466
820.969,1459
821.087,1452
821.206,1463
821.324,1450
821.443,1464
821.561,1444
821.68,1411
821.798,1395
821.917,1463
822.035,1435
822.154,1417
822.273,1453
822.391,1446
822.51,1424
822.628,1407
822.747,1423
822.865,1448
822.984,1434
823.102,1458
823.221,1382
823.339,1422
823.458,1446
823.576,1448
823.695,1395
823.813,1462
823.932,1424
824.05,1450
824.169,1397
824.287,1400
824.406,1407
824.524,1471
824.643,1421
824.761,1454
824.88,1441
824.998,1442
825.117,1461
825.235,1496
825.354,1403
825.472,1370
825.591,1394
825.709,1389
825.828,1377
825.946,1346
826.064,1367
826.183,1370
826.301,1387
826.42,1359
826.538,1357
826.657,1358
826.775,1397
826.894,1366
827.012,1325
827.13,1373
827.249,1363
827.367,1316
827.486,1334
827.604,1348
827.723,1324
827.841,1301
827.959,1315
828.078,1314
828.196,1341
828.315,1320
828.433,1353
828.552,1301
828.67,1344
828.788,1311
828.907,1344
829.025,1340
829.143,1293
829.262,1364
829.38,1345
829.499,1280
829.617,1294
829.735,1282
829.854,1303
829.972,1378
830.091,1321
830.209,1297
830.327,1305
830.446,1335
830.564,1303
830.682,1322
830.801,1283
830.919,1336
831.037,1325
831.156,1342
831.274,1297
831.392,1320
831.511,1318
831.629,1276
831.747,1288
831.866,1294
831.984,1310
832.102,1325
832.221,1266
832.339,1324
832.457,1288
832.576,1339
832.694,1323
832.812,1336
832.93,1292
833.049,1330
833.167,1341
833.285,1274
833.404,1341
833.522,1295
833.64,1309
833.759,1296
833.877,1327
833.995,1312
834.113,1325
834.232,1339
834.35,1329
834.468,1317
834.586,1344
834.705,1311
834.823,1359
834.941,1313
835.059,1331
835.178,1315
835.296,1341
835.414,1322
835.532,1302
835.651,1339
835.769,1336
835.887,1337
836.005,1331
836.124,1331
836.242,1319
836.36,1359
836.478,1364
836.596,1382
836.715,1362
836.833,1356
836.951,1384
837.069,1387
837.188,1392
837.306,1391
837.424,1383
837.542,1425
837.66,1404
837.779,1423
837.897,1410
838.015,1393
838.133,1399
838.251,1384
838.369,1419
838.487,1401
838.606,1366
838.724,1406
838.842,1414
838.96,1393
839.078,1398
839.196,1363
839.315,1401
839.433,1395
839.551,1350
839.669,1385
839.787,1380
839.905,1357
840.023,1419
840.142,1411
840.26,1346
840.378,1350
840.496,1345
840.614,1315
840.732,1346
840.85,1342
840.968,1340
841.087,1376
841.205,1362
841.323,1331
841.441,1372
841.559,1313
841.677,1312
841.795,1297
841.913,1279
842.031,1293
842.149,1307
842.267,1294
842.385,1293
842.504,1283
842.622,1308
842.74,1288
842.858,1277
842.976,1264
843.094,1321
843.212,1300
843.33,1284
843.448,1316
843.566,1245
843.684,1277
843.802,1270
843.92,1260
844.038,1294
844.156,1272
844.274,1293
844.392,1286
844.51,1265
844.628,1281
844.746,1278
844.864,1284
844.982,1266
845.1,1256
845.218,1245
845.336,1233
845.454,1261
845.572,1272
845.69,1286
845.808,1238
845.926,1294
846.044,1221
846.162,1281
846.28,1233
846.398,1288
846.516,1286
846.634,1266
846.752,1306
846.87,1277
846.988,1229
847.106,1236
847.224,1265
847.342,1238
847.46,1319
847.578,1295
847.696,1280
847.814,1259
847.932,1252
848.05,1302
848.168,1270
848.285,1230
848.403,1277
848.521,1239
848.639,1246
848.757,1277
848.875,1268
848.993,1252
849.111,1279
849.229,1226
849.347,1271
849.465,1320
849.582,1296
849.7,1248
849.818,1279
849.936,1263
850.054,1273
850.172,1265
850.29,1277
850.408,1266
850.525,1285
850.643,1263
850.761,1231
850.879,1273
850.997,1269
851.115,1256
851.233,1271
851.35,1269
851.468,1285
851.586,1286
851.704,1296
851.822,1227
851.94,1279
852.057,1315
852.175,1273
852.293,1305
852.411,1264
852.529,1255
852.647,1236
852.764,1303
852.882,1289
853.0,1259
853.118,1320
853.236,1241
853.353,1292
853.471,1285
853.589,1258
853.707,1274
853.824,1322
853.942,1299
854.06,1278
854.178,1260
854.296,1275
854.413,1280
854.531,1293
854.649,1301
854.767,1274
854.884,1320
855.002,1300
855.12,1282
855.238,1315
855.355,1301
855.473,1320
855.591,1288
855.708,1317
855.826,1296
855.944,1291
856.062,1345
856.179,1298
856.297,1263
856.415,1304
856.532,1277
856.65,1278
856.768,1305
856.886,1306
857.003,1325
857.121,1297
857.239,1312
857.356,1335
857.474,1290
857.592,1311
857.709,1302
857.827,1307
857.945,1298
858.062,1321
858.18,1291
858.298,1311
858.415,1247
858.533,1319
858.651,1272
858.768,1267
858.886,1283
859.003,1260
859.121,1273
859.239,1292
859.356,1259
859.474,1302
859.592,1281
859.709,1310
859.827,1260
859.944,1312
860.062,1306
860.18,1314
860.297,1297
860.415,1320
860.532,1246
860.65,1305
860.768,1272
860.885,1315
861.003,1252
861.12,1286
861.238,1276
861.356,1296
861.473,1255
861.591,1274
861.708,1280
861.826,1268
861.943,1273
862.061,1296
862.178,1275
862.296,1307
862.414,1247
862.531,1275
862.649,1321
862.766,1266
862.884,1334
863.001,1286
863.119,1302
863.236,1289
863.354,1271
863.471,1246
863.589,1270
863.706,1245
863.824,1296
863.941,1287
864.059,1302
864.176,1293
864.294,1286
864.411,1304
864.529,1278
864.646,1280
864.764,1283
864.881,1275
864.999,1271
865.116,1303
865.233,1258
865.351,1266
865.468,1333
865.586,1334
865.703,1280
865.821,1281
865.938,1321
866.056,1303
866.173,1304
866.29,1316
866.408,1263
866.525,1292
866.643,1292
866.76,1287
866.878,1296
866.995,1331
867.112,1347
867.23,1302
867.347,1302
867.465,1311
867.582,1333
867.699,1250
867.817,1289
867.934,1344
868.051,1270
868.169,1297
868.286,1306
868.404,1322
868.521,1281
868.638,1314
868.756,1300
868.873,1306
868.99,1316
869.108,1321
869.225,1342
869.342,1312
869.46,1322
869.577,1281
869.694,1335
869.812,1277
869.929,1321
870.046,1332
870.164,1313
870.281,1301
870.398,1319
870.516,1299
870.633,1311
870.75,1319
870.867,1291
870.985,1298
871.102,1284
871.219,1269
871.337,1321
871.454,1328
871.571,1333
871.688,1282
871.806,1276
871.923,1321
872.04,1304
872.157,1300
872.275,1299
872.392,1326
872.509,1290
872.626,1293
872.744,1311
872.861,1297
872.978,1281
873.095,1300
873.213,1333
873.33,1299
873.447,1308
873.564,1270
873.681,1303
873.799,1282
873.916,1308
874.033,1319
874.15,1306
874.267,1255
874.385,1244
874.502,1326
874.619,1299
874.736,1312
874.853,1317
874.97,1308
875.088,1294
875.205,1289
875.322,1281
875.439,1300
875.556,1291
875.673,1330
875.791,1257
875.908,1286
876.025,1301
876.142,1282
876.259,1331
876.376,1245
876.493,1275
876.61,1308
876.728,1311
876.845,1301
876.962,1291
877.079,1321
877.196,1306
877.313,1290
877.43,1295
877.547,1291
877.664,1320
877.781,1312
877.898,1345
878.016,1316
878.133,1316
878.25,1308
878.367,1294
878.484,1305
878.601,1309
878.718,1281
878.835,1308
878.952,1282
879.069,1299
879.186,1298
879.303,1321
879.42,1284
879.537,1305
879.654,1285
879.771,1326
879.888,1298
880.005,1313
880.122,1302
880.239,1291
880.356,1311
880.473,1327
880.59,1311
880.707,1323
880.824,1296
880.941,1331
881.058,1312
881.175,1298
881.292,1264
881.409,1272
881.526,1285
881.643,1304
881.76,1320
881.877,1317
881.994,1263
882.111,1325
882.228,1355
882.345,1312
882.462,1310
882.579,1324
882.696,1320
882.812,1329
882.929,1330
883.046,1298
883.163,1325
883.28,1292
883.397,1304
883.514,1348
883.631,1349
883.748,1338
883.865,1338
883.982,1323
884.098,1333
884.215,1322
884.332,1368
884.449,1360
884.566,1324
884.683,1336
884.8,1314
884.916,1356
885.033,1321
885.15,1312
885.267,1353
885.384,1360
885.501,1365
885.617,1321
885.734,1333
885.851,1315
885.968,1353
886.085,1289
886.202,1315
886.318,1366
886.435,1330
886.552,1273
886.669,1363
886.786,1330
886.902,1333
887.019,1286
887.136,1367
887.253,1339
887.369,1301
887.486,1367
887.603,1338
887.72,1330
887.837,1349
887.953,1321
888.07,1344
888.187,1362
888.304,1325
888.42,1359
888.537,1312
888.654,1309
888.77,1319
888.887,1337
889.004,1351
889.121,1348
889.237,1352
889.354,1322
889.471,1345
889.587,1325
889.704,1333
889.821,1392
889.938,1341
890.054,1335
890.171,1366
890.288,1363
890.404,1323
890.521,1349
890.638,1331
890.754,1342
890.871,1365
890.988,1343
891.104,1315
891.221,1348
891.337,1361
891.454,1405
891.571,1298
891.687,1382
891.804,1376
891.921,1359
892.037,1334
892.154,1360
892.27,1358
892.387,1337
892.504,1341
892.62,1338
892.737,1355
892.854,1322
892.97,1341
893.087,1375
893.203,1352
893.32,1383
893.436,1336
893.553,1360
893.67,1379
893.786,1414
893.903,1319
894.019,1331
894.136,1352
894.252,1356
894.369,1381
894.485,1331
894.602,1366
894.718,1364
894.835,1379
894.951,1343
895.068,1413
895.184,1332
895.301,1338
895.417,1356
895.534,1362
895.65,1356
895.767,1352
895.883,1350
896.0,1382
896.116,1383
896.233,1350
896.349,1348
896.466,1372
896.582,1374
896.699,1364
896.815,1306
896.932,1359
897.048,1384
897.165,1340
897.281,1392
897.397,1381
897.514,1361
897.63,1397
897.747,1326
897.863,1376
897.979,1326
898.096,1348
898.212,1349
898.329,1382
898.445,1357
898.561,1372
898.678,1409
898.794,1387
898.911,1370
899.027,1331
899.143,1398
899.26,1370
899.376,1397
899.492,1404
899.609,1393
899.725,1395
899.842,1386
899.958,1384
900.074,1375
900.191,1384
900.307,1396
900.423,1383
900.539,1386
900.656,1386
900.772,1394
900.888,1382
901.005,1375
901.121,1352
901.237,1391
901.354,1408
901.47,1408
901.586,1368
901.703,1359
901.819,1389
901.935,1383
902.051,1369
902.168,1415
902.284,1379
902.4,1361
902.516,1391
902.633,1416
902.749,1416
902.865,1376
902.981,1401
903.098,1402
903.214,1386
903.33,1399
903.446,1386
903.562,1404
903.679,1406
903.795,1379
903.911,1382
904.027,1393
904.143,1377
904.26,1395
904.376,1377
904.492,1390
904.608,1421
904.724,1375
904.841,1369
904.957,1422
905.073,1405
905.189,1334
905.305,1392
905.421,1407
905.538,1433
905.654,1385
905.77,1404
905.886,1399
906.002,1371
906.118,1405
906.234,1423
906.35,1394
906.466,1390
906.583,1369
906.699,1419
906.815,1404
906.931,1390
907.047,1372
907.163,1430
907.279,1412
907.395,1425
907.511,1389
907.627,1384
907.743,1397
907.859,1395
907.976,1387
908.092,1401
908.208,1415
908.324,1383
908.44,1414
908.556,1387
908.672,1390
908.788,1406
908.904,1432
909.02,1422
909.136,1417
909.252,1435
909.368,1396
909.484,1394
909.6,1391
909.716,1422
909.832,1402
909.948,1373
910.064,1398
910.18,1414
910.296,1399
910.412,1442
910.528,1416
910.644,1429
910.76,1393
910.875,1394
910.991,1409
911.107,1420
911.223,1366
911.339,1396
911.455,1389
911.571,1435
911.687,1401
911.803,1426
911.919,1418
912.035,1390
912.151,1428
912.267,1371
912.382,1418
912.498,1365
912.614,1402
912.73,1394
912.846,1382
792.446,2135
792.565,2104
792.684,2127
792.803,2127
792.922,2034
793.041,2060
793.16,2104
793.279,2117
793.398,2047
793.518,2113
793.637,2032
793.756,2028
793.875,2031
793.994,2005
794.113,2047
794.232,1968
794.351,2020
794.47,1961
794.589,1978
794.708,1979
794.827,1955
794.946,1995
795.066,1979
795.185,1972
795.304,1970
795.423,1926
795.542,1977
795.661,2000
795.78,1916
795.899,1934
796.018,1912
796.137,1962
796.256,1890
796.375,1936
796.494,1940
796.613,1891
796.732,1899
796.851,1946
796.97,1943
797.089,1896
797.208,1923
797.327,1921
797.446,1844
797.565,1931
797.684,1933
797.803,1947
797.922,1908
798.041,1922
798.16,1969
798.279,1942
798.398,1895
798.517,1875
798.636,1869
798.755,1918
798.874,1884
798.993,1865
799.112,1899
799.231,1927
799.35,1917
799.469,1895
799.588,1868
799.707,1942
799.826,1927
799.945,1929
800.064,1899
800.183,1863
800.302,1898
800.421,1919
800.54,1930
800.659,1873
800.778,1945
800.897,1910
801.016,1921
801.135,1983
801.254,1880
801.373,1893
801.492,1923
801.611,1967
801.729,1994
801.848,2009
801.967,1960
802.086,1925
802.205,1929
802.324,1935
802.443,1940
802.562,1950
802.681,2016
802.8,2001
802.919,1993
803.038,1998
803.157,1944
803.276,1943
803.394,1979
803.513,1975
803.632,1955
803.751,1988
803.87,1975
803.989,1927
804.108,2038
804.227,2044
804.346,1989
804.465,2013
804.583,2039
804.702,2010
804.821,2033
804.94,2016
805.059,2058
805.178,2007
805.297,2054
805.416,2033
805.535,2014
805.653,2041
805.772,2026
805.891,2083
806.01,2011
806.129,2035
806.248,2042
806.367,2074
806.485,2005
806.604,2117
806.723,2068
806.842,2091
806.961,2109
807.08,2016
807.198,2022
807.317,2096
807.436,2094
807.555,2108
807.674,2074
807.793,2090
807.912,2085
808.03,2161
808.149,2087
808.268,2085
808.387,2111
808.506,2142
808.624,2067
808.743,2079
808.862,2147
808.981,2132
809.1,2138
809.219,2100
809.337,2094
809.456,2109
809.575,2132
809.694,2123
809.812,2154
809.931,2109
810.05,2111
810.169,2214
810.288,2116
810.406,2140
810.525,2101
810.644,2161
810.763,2138
810.882,2176
811.0,2122
811.119,2153
811.238,2175
811.357,2131
811.475,2144
811.594,2155
811.713,2132
811.832,2176
811.95,2187
812.069,2135
812.188,2181
812.307,2133
812.425,2088
812.544,2155
812.663,2130
812.782,2138
812.9,2207
813.019,2165
813.138,2120
813.257,2169
813.375,2165
813.494,2185
813.613,2203
813.731,2177
813.85,2170
813.969,2140
814.088,2169
814.206,2132
814.325,2092
814.444,2098
814.562,2071
814.681,2111
814.8,2127
814.918,2106
815.037,2101
815.156,2084
815.274,2038
815.393,2099
815.512,2063
815.631,2096
815.749,2010
815.868,2036
815.987,2044
816.105,2031
816.224,2122
816.343,2024
816.461,2066
816.58,2084
816.698,2071
816.817,2107
816.936,2118
817.055,2060
817.173,2048
817.292,2010
817.41,2028
817.529,2001
817.648,1966
817.766,1957
817.885,1940
818.004,1900
818.122,1820
818.241,1814
818.359,1765
818.478,1739
818.597,1746
818.715,1706
818.834,1639
818.953,1641
819.071,1645
819.19,1601
819.308,1652
819.427,1608
819.546,1547
819.664,1563
819.783,1569
819.901,1597
820.02,1551
820.138,1573
820.257,1533
820.376,1507
820.494,1492
820.613,1493
820.731,1499
820.85,1492
820.969,1480
821.087,1465
821.206,1516
821.324,1475
821.443,1483
821.561,1483
821.68,1472
821.798,1472
821.917,1478
822.035,1464
822.154,1500
822.273,1437
822.391,1443
822.51,1457
822.628,1478
822.747,1494
822.865,1448
822.984,1478
823.102,1438
823.221,1446
823.339,1407
823.458,1454
823.576,1453
823.695,1439
823.813,1466
823.932,1462
824.05,1515
824.169,1483
824.287,1513
824.406,1473
824.524,1507
824.643,1469
824.761,1540
824.88,1471
824.998,1476
825.117,1473
825.235,1488
825.354,1440
825.472,1449
825.591,1397
825.709,1439
825.828,1423
825.946,1417
826.064,1442
826.183,1396
826.301,1412
826.42,1402
826.538,1365
826.657,1403
826.775,1375
826.894,1374
827.012,1410
827.13,1379
827.249,1372
827.367,1406
827.486,1385
827.604,1364
827.723,1380
827.841,1365
827.959,1368
828.078,1410
828.196,1391
828.315,1338
828.433,1362
828.552,1327
828.67,1379
828.788,1356
828.907,1336
829.025,1348
829.143,1300
829.262,1388
829.38,1326
829.499,1329
829.617,1347
829.735,1310
829.854,1349
829.972,1348
830.091,1359
830.209,1337
830.327,1341
830.446,1347
830.564,1351
830.682,1335
830.801,1345
830.919,1327
831.037,1339
831.156,1328
831.274,1330
831.392,1364
831.511,1336
831.629,1369
831.747,1321
831.866,1381
831.984,1356
832.102,1354
832.221,1372
832.339,1317
832.457,1366
832.576,1327
832.694,1343
832.812,1299
832.93,1342
833.049,1368
833.167,1328
833.285,1301
833.404,1356
833.522,1379
833.64,1358
833.759,1337
833.877,1343
833.995,1346
834.113,1323
834.232,1318
834.35,1349
834.468,1347
834.586,1318
834.705,1371
834.823,1334
834.941,1357
835.059,1341
835.178,1350
835.296,1340
835.414,1325
835.532,1373
835.651,1364
835.769,1364
835.887,1356
836.005,1356
836.124,1375
836.242,1385
836.36,1354
836.478,1359
836.596,1413
836.715,1402
836.833,1430
836.951,1430
837.069,1404
837.188,1430
837.306,1449
837.424,1413
837.542,1421
837.66,1447
837.779,1474
837.897,1380
838.015,1401
838.133,1401
838.251,1457
838.369,1388
838.487,1415
838.606,1371
838.724,1433
838.842,1382
838.96,1435
839.078,1377
839.196,1388
839.315,1364
839.433,1437
839.551,1388
839.669,1361
839.787,1375
839.905,1368
840.023,1393
840.142,1377
840.26,1347
840.378,1346
840.496,1332
840.614,1361
840.732,1393
840.85,1376
840.968,1381
841.087,1374
841.205,1408
841.323,1304
841.441,1346
841.559,1300
841.677,1342
841.795,1305
841.913,1298
842.031,1306
842.149,1279
842.267,1324
842.385,1312
842.504,1329
842.622,1334
842.74,1302
842.858,1319
842.976,1304
843.094,1298
843.212,1299
843.33,1294
843.448,1293
843.566,1295
843.684,1319
843.802,1282
843.92,1320
844.038,1323
844.156,1289
844.274,1310
844.392,1300
844.51,1294
844.628,1298
844.746,1269
844.864,1285
844.982,1288
845.1,1304
845.218,1306
845.336,1281
845.454,1322
845.572,1273
845.69,1341
845.808,1303
845.926,1331
846.044,1270
846.162,1297
846.28,1278
846.398,1283
846.516,1287
846.634,1297
846.752,1309
846.87,1294
846.988,1317
847.106,1281
847.224,1266
847.342,1328
847.46,1258
847.578,1240
847.696,1321
847.814,1315
847.932,1288
848.05,1326
848.168,1308
848.285,1304
848.403,1259
848.521,1278
848.639,1307
848.757,1304
848.875,1264
848.993,1315
849.111,1263
849.229,1286
849.347,1297
849.465,1302
849.582,1274
849.7,1284
849.818,1312
849.936,1324
850.054,1306
850.172,1325
850.29,1286
850.408,1264
850.525,1287
850.643,1272
850.761,1305
850.879,1261
850.997,1291
851.115,1315
851.233,1297
851.35,1322
851.468,1316
851.586,1361
851.704,1315
851.822,1300
851.94,1243
852.057,1305
852.175,1292
852.293,1263
852.411,1318
852.529,1285
852.647,1320
852.764,1305
852.882,1325
853.0,1303
853.118,1314
853.236,1315
853.353,1306
853.471,1259
853.589,1292
853.707,1280
853.824,1319
853.942,1318
854.06,1268
854.178,1303
854.296,1304
854.413,1289
854.531,1306
854.649,1348
854.767,1287
854.884,1351
855.002,1305
855.12,1330
855.238,1352
855.355,1321
855.473,1331
855.591,1315
855.708,1332
855.826,1321
855.944,1345
856.062,1323
856.179,1340
856.297,1387
856.415,1353
856.532,1357
856.65,1315
856.768,1325
856.886,1337
857.003,1319
857.121,1334
857.239,1322
857.356,1329
857.474,1326
857.592,1314
857.709,1345
857.827,1298
857.945,1359
858.062,1316
858.18,1318
858.298,1319
858.415,1292
858.533,1336
858.651,1319
858.768,1355
858.886,1325
859.003,1335
859.121,1323
859.239,1310
859.356,1302
859.474,1297
859.592,1306
859.709,1341
859.827,1303
859.944,1322
860.062,1302
860.18,1327
860.297,1297
860.415,1320
860.532,1298
860.65,1306
860.768,1311
860.885,1278
861.003,1324
861.12,1288
861.238,1319
861.356,1303
861.473,1311
861.591,1302
861.708,1344
861.826,1295
861.943,1320
862.061,1291
862.178,1323
862.296,1281
862.414,1305
862.531,1246
862.649,1313
862.766,1328
862.884,1317
863.001,1326
863.119,1324
863.236,1311
863.354,1333
863.471,1326
863.589,1320
863.706,1317
863.824,1303
863.941,1295
864.059,1330
864.176,1304
864.294,1343
864.411,1343
864.529,1308
864.646,1345
864.764,1342
864.881,1293
864.999,1296
865.116,1337
865.233,1304
865.351,1343
865.468,1365
865.586,1321
865.703,1281
865.821,1331
865.938,1336
866.056,1312
866.173,1377
866.29,1314
866.408,1346
866.525,1338
866.643,1351
866.76,1328
866.878,1343
866.995,1326
867.112,1351
867.23,1323
867.347,1363
867.465,1355
867.582,1328
867.699,1319
867.817,1331
867.934,1317
868.051,1312
868.169,1317
868.286,1319
868.404,1320
868.521,1329
868.638,1376
868.756,1297
868.873,1356
868.99,1350
869.108,1321
869.225,1329
869.342,1359
869.46,1315
869.577,1330
869.694,1383
869.812,1334
869.929,1331
870.046,1338
870.164,1314
870.281,1339
870.398,1297
870.516,1314
870.633,1345
870.75,1309
870.867,1318
870.985,1304
871.102,1338
871.219,1327
871.337,1301
871.454,1314
871.571,1304
871.688,1303
871.806,1333
871.923,1321
872.04,1318
872.157,1302
872.275,1355
872.392,1317
872.509,1344
872.626,1344
872.744,1358
872.861,1308
872.978,1347
873.095,1329
873.213,1328
873.33,1325
873.447,1330
873.564,1342
873.681,1323
873.799,1309
873.916,1289
874.033,1293
874.15,1325
874.267,1319
874.385,1369
874.502,1319
874.619,1308
874.736,1307
874.853,1341
874.97,1362
875.088,1344
875.205,1311
875.322,1312
875.439,1311
875.556,1305
875.673,1321
875.791,1325
875.908,1295
876.025,1327
876.142,1383
876.259,1350
876.376,1335
876.493,1330
876.61,1314
876.728,1362
876.845,1374
876.962,1325
877.079,1336
877.196,1306
877.313,1339
877.43,1364
877.547,1344
877.664,1374
877.781,1325
877.898,1333
878.016,1350
878.133,1361
878.25,1367
878.367,1311
878.484,1320
878.601,1343
878.718,1286
878.835,1334
878.952,1339
879.069,1354
879.186,1335
879.303,1347
879.42,1341
879.537,1320
879.654,1363
879.771,1323
879.888,1379
880.005,1347
880.122,1317
880.239,1389
880.356,1309
880.473,1326
880.59,1368
880.707,1346
880.824,1380
880.941,1342
881.058,1351
881.175,1341
881.292,1345
881.409,1309
881.526,1352
881.643,1352
881.76,1330
881.877,1340
881.994,1335
882.111,1346
882.228,1354
882.345,1340
882.462,1306
882.579,1369
882.696,1368
882.812,1329
882.929,1373
883.046,1379
883.163,1374
883.28,1389
883.397,1386
883.514,1368
883.631,1383
883.748,1342
883.865,1322
883.982,1316
884.098,1309
884.215,1337
884.332,1326
884.449,1331
884.566,1332
884.683,1387
884.8,1358
884.916,1324
885.033,1356
885.15,1376
885.267,1342
885.384,1361
885.501,1388
885.617,1355
885.734,1381
885.851,1297
885.968,1392
886.085,1375
886.202,1355
886.318,1332
886.435,1386
886.552,1370
886.669,1407
886.786,1384
886.902,1359
887.019,1364
887.136,1375
887.253,1400
887.369,1340
887.486,1379
887.603,1366
887.72,1391
887.837,1315
887.953,1392
888.07,1353
888.187,1398
888.304,1338
888.42,1378
888.537,1335
888.654,1345
888.77,1370
888.887,1364
889.004,1380
889.121,1380
889.237,1346
889.354,1395
889.471,1385
889.587,1353
889.704,1408
889.821,1335
889.938,1362
890.054,1362
890.171,1389
890.288,1396
890.404,1339
890.521,1393
890.638,1404
890.754,1377
890.871,1373
890.988,1378
891.104,1422
891.221,1347
891.337,1397
891.454,1383
891.571,1390
891.687,1404
891.804,1380
891.921,1404
892.037,1354
892.154,1367
892.27,1380
892.387,1381
892.504,1395
892.62,1382
892.737,1399
892.854,1394
892.97,1396
893.087,1402
893.203,1363
893.32,1346
893.436,1396
893.553,1377
893.67,1375
893.786,1446
893.903,1377
894.019,1424
894.136,1401
894.252,1425
894.369,1373
894.485,1393
894.602,1405
894.718,1400
894.835,1386
894.951,1379
895.068,1383
895.184,1415
895.301,1411
895.417,1381
895.534,1440
895.65,1388
895.767,1438
895.883,1341
896.0,1430
896.116,1391
896.233,1400
896.349,1405
896.466,1441
896.582,1414
896.699,1398
896.815,1377
896.932,1416
897.048,1402
897.165,1399
897.281,1357
897.397,1401
897.514,1372
897.63,1363
897.747,1412
897.863,1372
897.979,1405
898.096,1395
898.212,1368
898.329,1374
898.445,1423
898.561,1400
898.678,1384
898.794,1369
898.911,1430
899.027,1396
899.143,1399
899.26,1435
899.376,1423
899.492,1392
899.609,1453
899.725,1405
899.842,1378
899.958,1422
900.074,1415
900.191,1405
900.307,1430
900.423,1412
900.539,1371
900.656,1407
900.772,1403
900.888,1401
901.005,1410
901.121,1408
901.237,1418
901.354,1395
901.47,1433
901.586,1387
901.703,1463
901.819,1392
901.935,1423
902.051,1402
902.168,1401
902.284,1441
902.4,1426
902.516,1420
902.633,1392
902.749,1444
902.865,1407
902.981,1401
903.098,1413
903.214,1399
903.33,1431
903.446,1439
903.562,1425
903.679,1404
903.795,1443
903.911,1453
904.027,1404
904.143,1417
904.26,1461
904.376,1436
904.492,1427
904.608,1450
904.724,1398
904.841,1414
904.957,1422
905.073,1431
905.189,1399
905.305,1454
905.421,1433
905.538,1448
905.654,1386
905.77,1404
905.886,1459
906.002,1446
906.118,1443
906.234,1403
906.35,1459
906.466,1450
906.583,1419
906.699,1419
906.815,1450
906.931,1441
907.047,1424
907.163,1470
907.279,1438
907.395,1415
907.511,1452
907.627,1461
907.743,1461
907.859,1417
907.976,1443
908.092,1453
908.208,1468
908.324,1431
908.44,1424
908.556,1437
908.672,1411
908.788,1486
908.904,1446
909.02,1436
909.136,1442
909.252,1465
909.368,1451
909.484,1413
909.6,1442
909.716,1423
909.832,1440
909.948,1430
910.064,1496
910.18,1457
910.296,1435
910.412,1450
910.528,1413
910.644,1436
910.76,1437
910.875,1405
910.991,1431
911.107,1461
911.223,1486
911.339,1491
911.455,1467
911.571,1427
911.687,1433
911.803,1462
911.919,1444
912.035,1433
912.151,1414
912.267,1439
912.382,1459
912.498,1414
912.614,1426
912.73,1410
912.846,1473
792.446,2177
792.565,2121
792.684,2144
792.803,2207
792.922,2085
793.041,2066
793.16,2045
793.279,2028
793.398,2082
793.518,2083
793.637,2111
793.756,2046
793.875,2058
793.994,2101
794.113,2011
794.232,1983
794.351,2007
794.47,1998
794.589,1962
794.708,1976
794.827,1970
794.946,1951
795.066,1986
795.185,1944
795.304,1965
795.423,2008
795.542,1948
795.661,1990
795.78,1918
795.899,1951
796.018,1954
796.137,1939
796.256,1963
796.375,1931
796.494,1926
796.613,1958
796.732,1982
796.851,1907
796.97,1945
797.089,1923
797.208,2000
797.327,1930
797.446,1951
797.565,1943
797.684,1915
797.803,1888
797.922,1921
798.041,1943
798.16,1901
798.279,1903
798.398,1889
798.517,1982
798.636,1947
798.755,1897
798.874,1907
798.993,1890
799.112,1863
799.231,1981
799.35,1901
799.469,1944
799.588,1987
799.707,1921
799.826,1954
799.945,1909
800.064,1896
800.183,1904
800.302,1903
800.421,1906
800.54,1898
800.659,1873
800.778,1873
800.897,1903
801.016,1977
801.135,1972
801.254,1945
801.373,1931
801.492,1942
801.611,1960
801.729,1936
801.848,1959
801.967,1946
802.086,1936
802.205,2017
802.324,1974
802.443,2016
802.562,1997
802.681,2002
802.8,1998
802.919,1995
803.038,1975
803.157,1982
803.276,2037
803.394,2050
803.513,2006
803.632,2028
803.751,2020
803.87,1975
803.989,1985
804.108,2017
804.227,1990
804.346,2033
804.465,2039
804.583,2032
804.702,2011
804.821,2000
804.94,2044
805.059,2047
805.178,2042
805.297,2083
805.416,2063
805.535,2067
805.653,2005
805.772,2117
805.891,2051
806.01,2071
806.129,2101
806.248,2072
806.367,2114
806.485,2085
806.604,2043
806.723,2118
806.842,2127
806.961,2064
807.08,2084
807.198,2111
807.317,2067
807.436,2124
807.555,2091
807.674,2077
807.793,2077
807.912,2070
808.03,2061
808.149,2093
808.268,2103
808.387,2074
808.506,2123
808.624,2111
808.743,2088
808.862,2125
808.981,2126
809.1,2120
809.219,2123
809.337,2089
809.456,2171
809.575,2144
809.694,2138
809.812,2123
809.931,2111
810.05,2156
810.169,2116
810.288,2124
810.406,2138
810.525,2186
810.644,2120
810.763,2142
810.882,2094
811.0,2194
811.119,2152
811.238,2130
811.357,2145
811.475,2144
811.594,2199
811.713,2139
811.832,2188
811.95,2181
812.069,2103
812.188,2182
812.307,2126
812.425,2177
812.544,2141
812.663,2169
812.782,2154
812.9,2191
813.019,2153
813.138,2222
813.257,2201
813.375,2191
813.494,2187
813.613,2121
813.731,2154
813.85,2148
813.969,2186
814.088,2151
814.206,2124
814.325,2137
814.444,2185
814.562,2142
814.681,2149
814.8,2095
814.918,2107
815.037,2133
815.156,2077
815.274,2115
815.393,2081
815.512,2077
815.631,2124
815.749,2105
815.868,2035
815.987,2080
816.105,2032
816.224,2062
816.343,2029
816.461,2093
816.58,2082
816.698,2067
816.817,2111
816.936,2117
817.055,2102
817.173,2064
817.292,2009
817.41,2052
817.529,2019
817.648,1969
817.766,1926
817.885,1923
818.004,1895
818.122,1834
818.241,1846
818.359,1775
818.478,1739
818.597,1718
818.715,1724
818.834,1727
818.953,1681
819.071,1643
819.19,1640
819.308,1605
819.427,1572
819.546,1581
819.664,1588
819.783,1544
819.901,1564
820.02,1550
820.138,1491
820.257,1525
820.376,1533
820.494,1511
820.613,1510
820.731,1537
820.85,1564
820.969,1484
821.087,1491
821.206,1548
821.324,1470
821.443,1493
821.561,1494
821.68,1472
821.798,1484
821.917,1474
822.035,1506
822.154,1508
822.273,1428
822.391,1470
822.51,1492
822.628,1507
822.747,1452
822.865,1439
822.984,1479
823.102,1454
823.221,1471
823.339,1431
823.458,1454
823.576,1444
823.695,1483
823.813,1474
823.932,1512
824.05,1452
824.169,1447
824.287,1483
824.406,1486
824.524,1471
824.643,1495
824.761,1499
824.88,1498
824.998,1492
825.117,1488
825.235,1449
825.354,1462
825.472,1504
825.591,1475
825.709,1411
825.828,1437
825.946,1455
826.064,1452
826.183,1412
826.301,1394
826.42,1465
826.538,1404
826.657,1380
826.775,1409
826.894,1384
827.012,1385
827.13,1407
827.249,1373
827.367,1384
827.486,1366
827.604,1369
827.723,1373
827.841,1404
827.959,1385
828.078,1363
828.196,1397
828.315,1398
828.433,1361
828.552,1376
828.67,1351
828.788,1343
828.907,1384
829.025,1356
829.143,1403
829.262,1378
829.38,1378
829.499,1372
829.617,1383
829.735,1365
829.854,1373
829.972,1346
830.091,1372
830.209,1342
830.327,1344
830.446,1351
830.564,1376
830.682,1364
830.801,1343
830.919,1317
831.037,1343
831.156,1361
831.274,1386
831.392,1307
831.511,1377
831.629,1351
831.747,1364
831.866,1412
831.984,1386
832.102,1332
832.221,1361
832.339,1316
832.457,1283
832.576,1313
832.694,1363
832.812,1358
832.93,1367
833.049,1377
833.167,1343
833.285,1364
833.404,1307
833.522,1385
833.64,1349
833.759,1355
833.877,1326
833.995,1329
834.113,1339
834.232,1394
834.35,1354
834.468,1356
834.586,1347
834.705,1342
834.823,1345
834.941,1382
835.059,1368
835.178,1417
835.296,1359
835.414,1400
835.532,1357
835.651,1367
835.769,1329
835.887,1355
836.005,1342
836.124,1389
836.242,1372
836.36,1412
836.478,1420
836.596,1398
836.715,1422
836.833,1396
836.951,1413
837.069,1445
837.188,1442
837.306,1453
837.424,1441
837.542,1386
837.66,1433
837.779,1420
837.897,1430
838.015,1394
838.133,1392
838.251,1388
838.369,1422
838.487,1432
838.606,1409
838.724,1448
838.842,1431
838.96,1408
839.078,1372
839.196,1427
839.315,1383
839.433,1388
839.551,1350
839.669,1419
839.787,1396
839.905,1410
840.023,1439
840.142,1388
840.26,1368
840.378,1375
840.496,1390
840.614,1358
840.732,1362
840.85,1365
840.968,1411
841.087,1388
841.205,1374
841.323,1409
841.441,1358
841.559,1388
841.677,1368
841.795,1363
841.913,1326
842.031,1325
842.149,1332
842.267,1308
842.385,1330
842.504,1305
842.622,1340
842.74,1303
842.858,1311
842.976,1304
843.094,1301
843.212,1347
843.33,1293
843.448,1311
843.566,1331
843.684,1314
843.802,1316
843.92,1312
844.038,1307
844.156,1345
844.274,1307
844.392,1309
844.51,1350
844.628,1289
844.746,1338
844.864,1288
844.982,1331
845.1,1294
845.218,1317
845.336,1290
845.454,1353
845.572,1308
845.69,1315
845.808,1367
845.926,1308
846.044,1348
846.162,1283
846.28,1290
846.398,1369
846.516,1327
846.634,1301
846.752,1348
846.87,1281
846.988,1298
847.106,1306
847.224,1250
847.342,1288
847.46,1317
847.578,1279
847.696,1294
847.814,1317
847.932,1318
848.05,1330
848.168,1263
848.285,1314
848.403,1276
848.521,1320
848.639,1278
848.757,1294
848.875,1281
848.993,1283
849.111,1278
849.229,1278
849.347,1254
849.465,1306
849.582,1295
849.7,1306
849.818,1296
849.936,1293
850.054,1285
850.172,1288
850.29,1284
850.408,1273
850.525,1342
850.643,1294
850.761,1285
850.879,1303
850.997,1321
851.115,1335
851.233,1316
851.35,1274
851.468,1268
851.586,1295
851.704,1307
851.822,1251
851.94,1319
852.057,1291
852.175,1311
852.293,1336
852.411,1297
852.529,1322
852.647,1326
852.764,1256
852.882,1306
853.0,1327
853.118,1319
853.236,1322
853.353,1318
853.471,1326
853.589,1312
853.707,1305
853.824,1360
853.942,1334
854.06,1288
854.178,1357
854.296,1337
854.413,1335
854.531,1285
854.649,1303
854.767,1352
854.884,1333
855.002,1337
855.12,1321
855.238,1368
855.355,1338
855.473,1319
855.591,1322
855.708,1314
855.826,1324
855.944,1327
856.062,1347
856.179,1314
856.297,1326
856.415,1354
856.532,1346
856.65,1395
856.768,1338
856.886,1375
857.003,1319
857.121,1344
857.239,1345
857.356,1336
857.474,1350
857.592,1325
857.709,1331
857.827,1368
857.945,1321
858.062,1334
858.18,1312
858.298,1355
858.415,1325
858.533,1321
858.651,1350
858.768,1357
858.886,1317
859.003,1381
859.121,1347
859.239,1337
859.356,1340
859.474,1342
859.592,1334
859.709,1308
859.827,1321
859.944,1335
860.062,1292
860.18,1346
860.297,1319
860.415,1298
860.532,1296
860.65,1305
860.768,1332
860.885,1326
861.003,1314
861.12,1272
861.238,1313
861.356,1345
861.473,1320
861.591,1324
861.708,1328
861.826,1318
861.943,1326
862.061,1393
862.178,1336
862.296,1333
862.414,1295
862.531,1287
862.649,1350
862.766,1355
862.884,1307
863.001,1312
863.119,1314
863.236,1364
863.354,1295
863.471,1324
863.589,1284
863.706,1328
863.824,1314
863.941,1324
864.059,1288
864.176,1314
864.294,1320
864.411,1324
864.529,1325
864.646,1298
864.764,1323
864.881,1315
864.999,1298
865.116,1365
865.233,1328
865.351,1345
865.468,1327
865.586,1355
865.703,1312
865.821,1330
865.938,1326
866.056,1335
866.173,1332
866.29,1362
866.408,1346
866.525,1337
866.643,1340
866.76,1315
866.878,1329
866.995,1338
867.112,1284
867.23,1328
867.347,1324
867.465,1331
867.582,1333
867.699,1327
867.817,1335
867.934,1339
868.051,1354
868.169,1286
868.286,1366
868.404,1318
868.521,1284
868.638,1338
868.756,1332
868.873,1331
868.99,1325
869.108,1353
869.225,1334
869.342,1314
869.46,1355
869.577,1342
869.694,1326
869.812,1335
869.929,1331
870.046,1349
870.164,1326
870.281,1339
870.398,1337
870.516,1347
870.633,1336
870.75,1340
870.867,1377
870.985,1304
871.102,1323
871.219,1373
871.337,1348
871.454,1327
871.571,1353
871.688,1378
871.806,1344
871.923,1363
872.04,1326
872.157,1350
872.275,1347
872.392,1333
872.509,1331
872.626,1352
872.744,1296
872.861,1365
872.978,1373
873.095,1287
873.213,1316
873.33,1362
873.447,1348
873.564,1350
873.681,1350
873.799,1377
873.916,1350
874.033,1360
874.15,1326
874.267,1350
874.385,1320
874.502,1336
874.619,1343
874.736,1335
874.853,1305
874.97,1365
875.088,1334
875.205,1331
875.322,1315
875.439,1355
875.556,1356
875.673,1382
875.791,1327
875.908,1318
876.025,1362
876.142,1344
876.259,1341
876.376,1346
876.493,1332
876.61,1365
876.728,1370
876.845,1357
876.962,1349
877.079,1354
877.196,1319
877.313,1389
877.43,1338
877.547,1358
877.664,1330
877.781,1335
877.898,1352
878.016,1349
878.133,1337
878.25,1341
878.367,1351
878.484,1317
878.601,1366
878.718,1300
878.835,1335
878.952,1353
879.069,1345
879.186,1352
879.303,1321
879.42,1345
879.537,1368
879.654,1343
879.771,1338
879.888,1332
880.005,1332
880.122,1336
880.239,1299
880.356,1332
880.473,1288
880.59,1358
880.707,1367
880.824,1372
880.941,1344
881.058,1309
881.175,1334
881.292,1359
881.409,1322
881.526,1344
881.643,1361
881.76,1415
881.877,1341
881.994,1395
882.111,1320
882.228,1362
882.345,1348
882.462,1351
882.579,1368
882.696,1316
882.812,1351
882.929,1388
883.046,1355
883.163,1363
883.28,1337
883.397,1341
883.514,1377
883.631,1369
883.748,1364
883.865,1347
883.982,1387
884.098,1383
884.215,1367
884.332,1323
884.449,1389
884.566,1330
884.683,1375
884.8,1370
884.916,1357
885.033,1367
885.15,1343
885.267,1378
885.384,1344
885.501,1390
885.617,1386
885.734,1390
885.851,1396
885.968,1388
886.085,1356
886.202,1414
886.318,1384
886.435,1385
886.552,1379
886.669,1397
886.786,1363
886.902,1374
887.019,1337
887.136,1359
887.253,1354
887.369,1366
887.486,1390
887.603,1368
887.72,1370
887.837,1410
887.953,1385
888.07,1366
888.187,1371
888.304,1422
888.42,1369
888.537,1396
888.654,1384
888.77,1354
888.887,1380
889.004,1355
889.121,1364
889.237,1384
889.354,1386
889.471,1329
889.587,1399
889.704,1404
889.821,1370
889.938,1412
890.054,1330
890.171,1404
890.288,1385
890.404,1392
890.521,1363
890.638,1406
890.754,1329
890.871,1389
890.988,1362
891.104,1446
891.221,1364
891.337,1418
891.454,1381
891.571,1378
891.687,1400
891.804,1398
891.921,1390
892.037,1398
892.154,1426
892.27,1369
892.387,1411
892.504,1450
892.62,1380
892.737,1400
892.854,1366
892.97,1415
893.087,1388
893.203,1391
893.32,1381
893.436,1419
893.553,1402
893.67,1389
893.786,1379
893.903,1362
894.019,1461
894.136,1422
894.252,1359
894.369,1413
894.485,1402
894.602,1430
894.718,1438
894.835,1400
894.951,1395
895.068,1450
895.184,1419
895.301,1453
895.417,1369
895.534,1379
895.65,1403
895.767,1423
895.883,1393
896.0,1410
896.116,1421
896.233,1404
896.349,1412
896.466,1376
896.582,1441
896.699,1403
896.815,1398
896.932,1413
897.048,1422
897.165,1406
897.281,1401
897.397,1414
897.514,1391
897.63,1424
897.747,1420
897.863,1377
897.979,1434
898.096,1419
898.212,1392
898.329,1423
898.445,1377
898.561,1398
898.678,1448
898.794,1415
898.911,1427
899.027,1409
899.143,1381
899.26,1445
899.376,1374
899.492,1411
899.609,1420
899.725,1398
899.842,1420
899.958,1418
900.074,1407
900.191,1460
900.307,1407
900.423,1446
900.539,1394
900.656,1457
900.772,1418
900.888,1428
901.005,1440
901.121,1443
901.237,1437
901.354,1404
901.47,1415
901.586,1437
901.703,1436
901.819,1440
901.935,1408
902.051,1439
902.168,1432
902.284,1462
902.4,1416
902.516,1440
902.633,1416
902.749,1464
902.865,1422
902.981,1441
903.098,1446
903.214,1445
903.33,1419
903.446,1416
903.562,1427
903.679,1454
903.795,1446
903.911,1477
904.027,1463
904.143,1402
904.26,1476
904.376,1450
904.492,1409
904.608,1412
904.724,1468
904.841,1454
904.957,1442
905.073,1473
905.189,1437
905.305,1438
905.421,1434
905.538,1436
905.654,1437
905.77,1434
905.886,1464
906.002,1416
906.118,1439
906.234,1487
906.35,1420
906.466,1440
906.583,1443
906.699,1444
906.815,1483
906.931,1415
907.047,1456
907.163,1427
907.279,1446
907.395,1456
907.511,1423
907.627,1422
907.743,1418
907.859,1449
907.976,1458
908.092,1427
908.208,1461
908.324,1469
908.44,1496
908.556,1404
908.672,1480
908.788,1438
908.904,1458
909.02,1466
909.136,1444
909.252,1401
909.368,1484
909.484,1456
909.6,1434
909.716,1456
909.832,1434
909.948,1462
910.064,1431
910.18,1463
910.296,1420
910.412,1499
910.528,1431
910.644,1439
910.76,1447
910.875,1461
910.991,1451
911.107,1441
911.223,1455
911.339,1465
911.455,1473
911.571,1437
911.687,1453
911.803,1418
911.919,1490
912.035,1452
912.151,1467
912.267,1450
912.382,1456
912.498,1445
912.614,1450
912.73,1440
912.846,1456
