792.446,296
792.565,348
792.684,389
792.803,392
792.922,336
793.041,314
793.16,325
793.279,343
793.398,344
793.518,321
793.637,324
793.756,334
793.875,357
793.994,347
794.113,318
794.232,340
794.351,322
794.47,332
794.589,327
794.708,339
794.827,312
794.946,335
795.066,324
795.185,345
795.304,334
795.423,338
795.542,327
795.661,352
795.78,335
795.899,324
796.018,335
796.137,335
796.256,326
796.375,332
796.494,330
796.613,340
796.732,323
796.851,326
796.97,336
797.089,321
797.208,332
797.327,336
797.446,321
797.565,336
797.684,328
797.803,320
797.922,328
798.041,341
798.16,324
798.279,334
798.398,325
798.517,328
798.636,337
798.755,330
798.874,334
798.993,328
799.112,333
799.231,326
799.35,336
799.469,327
799.588,338
799.707,319
799.826,329
799.945,335
800.064,324
800.183,326
800.302,339
800.421,318
800.54,317
800.659,328
800.778,340
800.897,326
801.016,322
801.135,334
801.254,315
801.373,325
801.492,328
801.611,325
801.729,343
801.848,324
801.967,317
802.086,336
802.205,342
802.324,331
802.443,340
802.562,344
802.681,318
802.8,349
802.919,321
803.038,318
803.157,325
803.276,340
803.394,326
803.513,330
803.632,334
803.751,327
803.87,322
803.989,345
804.108,332
804.227,345
804.346,323
804.465,340
804.583,328
804.702,342
804.821,306
804.94,340
805.059,335
805.178,331
805.297,322
805.416,333
805.535,339
805.653,335
805.772,335
805.891,332
806.01,338
806.129,331
806.248,341
806.367,324
806.485,325
806.604,339
806.723,312
806.842,329
806.961,337
807.08,335
807.198,334
807.317,314
807.436,332
807.555,328
807.674,326
807.793,329
807.912,336
808.03,323
808.149,339
808.268,327
808.387,334
808.506,331
808.624,333
808.743,338
808.862,332
808.981,332
809.1,322
809.219,330
809.337,324
809.456,334
809.575,323
809.694,337
809.812,325
809.931,344
810.05,328
810.169,332
810.288,333
810.406,341
810.525,318
810.644,335
810.763,328
810.882,330
811.0,337
811.119,335
811.238,341
811.357,333
811.475,349
811.594,325
811.713,337
811.832,337
811.95,336
812.069,344
812.188,317
812.307,343
812.425,338
812.544,336
812.663,328
812.782,331
812.9,336
813.019,324
813.138,323
813.257,340
813.375,325
813.494,329
813.613,328
813.731,330
813.85,329
813.969,334
814.088,338
814.206,335
814.325,337
814.444,326
814.562,319
814.681,320
814.8,339
814.918,346
815.037,337
815.156,329
815.274,341
815.393,335
815.512,334
815.631,346
815.749,330
815.868,339
815.987,336
816.105,329
816.224,339
816.343,338
816.461,323
816.58,339
816.698,339
816.817,332
816.936,322
817.055,337
817.173,330
817.292,332
817.41,335
817.529,331
817.648,334
817.766,321
817.885,317
818.004,331
818.122,325
818.241,321
818.359,332
818.478,321
818.597,314
818.715,324
818.834,314
818.953,323
819.071,329
819.19,337
819.308,322
819.427,314
819.546,325
819.664,324
819.783,323
819.901,324
820.02,318
820.138,330
820.257,312
820.376,316
820.494,316
820.613,335
820.731,318
820.85,327
820.969,307
821.087,320
821.206,321
821.324,313
821.443,325
821.561,322
821.68,322
821.798,314
821.917,323
822.035,326
822.154,308
822.273,317
822.391,323
822.51,320
822.628,315
822.747,326
822.865,320
822.984,315
823.102,323
823.221,311
823.339,313
823.458,321
823.576,322
823.695,327
823.813,314
823.932,309
824.05,316
824.169,321
824.287,319
824.406,319
824.524,314
824.643,318
824.761,317
824.88,314
824.998,308
825.117,327
825.235,317
825.354,331
825.472,312
825.591,321
825.709,320
825.828,329
825.946,321
826.064,315
826.183,314
826.301,327
826.42,309
826.538,314
826.657,320
826.775,306
826.894,317
827.012,303
827.13,313
827.249,319
827.367,318
827.486,308
827.604,321
827.723,331
827.841,315
827.959,322
828.078,316
828.196,312
828.315,317
828.433,313
828.552,313
828.67,321
828.788,308
828.907,306
829.025,305
829.143,319
829.262,333
829.38,320
829.499,314
829.617,317
829.735,311
829.854,321
829.972,304
830.091,310
830.209,317
830.327,321
830.446,304
830.564,314
830.682,313
830.801,315
830.919,314
831.037,320
831.156,321
831.274,321
831.392,309
831.511,317
831.629,327
831.747,323
831.866,320
831.984,315
832.102,322
832.221,319
832.339,315
832.457,313
832.576,329
832.694,323
832.812,306
832.93,315
833.049,314
833.167,331
833.285,309
833.404,316
833.522,313
833.64,321
833.759,314
833.877,320
833.995,313
834.113,305
834.232,314
834.35,308
834.468,315
834.586,313
834.705,310
834.823,323
834.941,314
835.059,317
835.178,323
835.296,314
835.414,317
835.532,314
835.651,313
835.769,320
835.887,316
836.005,320
836.124,313
836.242,319
836.36,324
836.478,335
836.596,303
836.715,314
836.833,319
836.951,321
837.069,316
837.188,335
837.306,308
837.424,309
837.542,321
837.66,325
837.779,314
837.897,320
838.015,307
838.133,305
838.251,303
838.369,322
838.487,327
838.606,315
838.724,328
838.842,316
838.96,324
839.078,325
839.196,321
839.315,319
839.433,312
839.551,323
839.669,334
839.787,308
839.905,312
840.023,324
840.142,308
840.26,316
840.378,310
840.496,314
840.614,311
840.732,328
840.85,312
840.968,307
841.087,321
841.205,308
841.323,312
841.441,317
841.559,333
841.677,331
841.795,310
841.913,323
842.031,316
842.149,328
842.267,319
842.385,308
842.504,326
842.622,305
842.74,303
842.858,317
842.976,308
843.094,327
843.212,317
843.33,321
843.448,305
843.566,318
843.684,321
843.802,308
843.92,298
844.038,322
844.156,313
844.274,308
844.392,311
844.51,313
844.628,323
844.746,311
844.864,317
844.982,313
845.1,305
845.218,313
845.336,311
845.454,312
845.572,311
845.69,320
845.808,316
845.926,307
846.044,318
846.162,320
846.28,318
846.398,318
846.516,298
846.634,334
846.752,312
846.87,312
846.988,324
847.106,325
847.224,316
847.342,308
847.46,328
847.578,317
847.696,315
847.814,319
847.932,305
848.05,310
848.168,313
848.285,315
848.403,318
848.521,329
848.639,307
848.757,327
848.875,307
848.993,325
849.111,306
849.229,318
849.347,316
849.465,298
849.582,308
849.7,319
849.818,315
849.936,316
850.054,312
850.172,320
850.29,317
850.408,322
850.525,292
850.643,312
850.761,315
850.879,324
850.997,312
851.115,322
851.233,310
851.35,319
851.468,322
851.586,315
851.704,312
851.822,309
851.94,317
852.057,303
852.175,313
852.293,317
852.411,322
852.529,321
852.647,309
852.764,323
852.882,324
853.0,316
853.118,314
853.236,330
853.353,308
853.471,297
853.589,316
853.707,320
853.824,322
853.942,311
854.06,317
854.178,311
854.296,313
854.413,320
854.531,320
854.649,314
854.767,312
854.884,310
855.002,313
855.12,316
855.238,324
855.355,308
855.473,315
855.591,322
855.708,303
855.826,313
855.944,318
856.062,329
856.179,309
856.297,298
856.415,313
856.532,313
856.65,313
856.768,314
856.886,308
857.003,321
857.121,307
857.239,329
857.356,308
857.474,316
857.592,309
857.709,308
857.827,313
857.945,314
858.062,307
858.18,323
858.298,318
858.415,302
858.533,311
858.651,311
858.768,319
858.886,322
859.003,330
859.121,322
859.239,309
859.356,307
859.474,319
859.592,311
859.709,316
859.827,315
859.944,317
860.062,319
860.18,321
860.297,324
860.415,312
860.532,321
860.65,313
860.768,321
860.885,316
861.003,323
861.12,335
861.238,298
861.356,304
861.473,325
861.591,316
861.708,315
861.826,326
861.943,321
862.061,315
862.178,321
862.296,310
862.414,319
862.531,311
862.649,326
862.766,308
862.884,324
863.001,313
863.119,321
863.236,314
863.354,312
863.471,304
863.589,313
863.706,321
863.824,316
863.941,313
864.059,311
864.176,314
864.294,310
864.411,306
864.529,312
864.646,302
864.764,324
864.881,325
864.999,312
865.116,314
865.233,321
865.351,308
865.468,333
865.586,310
865.703,309
865.821,305
865.938,316
866.056,311
866.173,327
866.29,313
866.408,325
866.525,311
866.643,322
866.76,305
866.878,311
866.995,324
867.112,315
867.23,305
867.347,310
867.465,324
867.582,320
867.699,317
867.817,320
867.934,305
868.051,333
868.169,314
868.286,322
868.404,306
868.521,324
868.638,309
868.756,307
868.873,313
868.99,314
869.108,331
869.225,321
869.342,309
869.46,307
869.577,327
869.694,308
869.812,318
869.929,328
870.046,312
870.164,324
870.281,305
870.398,308
870.516,314
870.633,308
870.75,302
870.867,309
870.985,313
871.102,312
871.219,318
871.337,320
871.454,305
871.571,312
871.688,312
871.806,324
871.923,314
872.04,315
872.157,316
872.275,323
872.392,309
872.509,326
872.626,309
872.744,295
872.861,308
872.978,312
873.095,326
873.213,329
873.33,314
873.447,315
873.564,305
873.681,318
873.799,303
873.916,315
874.033,307
874.15,312
874.267,302
874.385,327
874.502,298
874.619,332
874.736,310
874.853,312
874.97,310
875.088,322
875.205,323
875.322,314
875.439,318
875.556,316
875.673,300
875.791,321
875.908,323
876.025,322
876.142,312
876.259,321
876.376,317
876.493,320
876.61,309
876.728,328
876.845,315
876.962,325
877.079,309
877.196,319
877.313,319
877.43,309
877.547,301
877.664,321
877.781,314
877.898,308
878.016,316
878.133,321
878.25,325
878.367,318
878.484,317
878.601,304
878.718,321
878.835,306
878.952,304
879.069,324
879.186,317
879.303,319
879.42,308
879.537,307
879.654,305
879.771,308
879.888,323
880.005,324
880.122,321
880.239,317
880.356,314
880.473,317
880.59,313
880.707,321
880.824,318
880.941,302
881.058,317
881.175,320
881.292,316
881.409,305
881.526,320
881.643,315
881.76,313
881.877,312
881.994,313
882.111,316
882.228,316
882.345,303
882.462,328
882.579,305
882.696,309
882.812,315
882.929,312
883.046,325
883.163,314
883.28,315
883.397,312
883.514,307
883.631,309
883.748,316
883.865,308
883.982,314
884.098,305
884.215,322
884.332,312
884.449,299
884.566,319
884.683,321
884.8,323
884.916,312
885.033,315
885.15,308
885.267,318
885.384,306
885.501,318
885.617,307
885.734,322
885.851,328
885.968,331
886.085,321
886.202,303
886.318,328
886.435,319
886.552,322
886.669,316
886.786,316
886.902,320
887.019,334
887.136,303
887.253,327
887.369,311
887.486,306
887.603,319
887.72,317
887.837,311
887.953,316
888.07,311
888.187,314
888.304,319
888.42,321
888.537,319
888.654,321
888.77,313
888.887,320
889.004,309
889.121,318
889.237,320
889.354,313
889.471,315
889.587,336
889.704,308
889.821,322
889.938,302
890.054,328
890.171,326
890.288,313
890.404,317
890.521,316
890.638,316
890.754,316
890.871,323
890.988,305
891.104,313
891.221,322
891.337,319
891.454,321
891.571,316
891.687,311
891.804,309
891.921,311
892.037,313
892.154,329
892.27,310
892.387,324
892.504,322
892.62,311
892.737,306
892.854,301
892.97,318
893.087,329
893.203,304
893.32,313
893.436,310
893.553,319
893.67,328
893.786,317
893.903,307
894.019,322
894.136,309
894.252,306
894.369,309
894.485,315
894.602,315
894.718,317
894.835,307
894.951,311
895.068,307
895.184,313
895.301,318
895.417,324
895.534,314
895.65,311
895.767,313
895.883,309
896.0,326
896.116,320
896.233,326
896.349,317
896.466,329
896.582,325
896.699,317
896.815,325
896.932,309
897.048,321
897.165,313
897.281,305
897.397,309
897.514,302
897.63,310
897.747,317
897.863,306
897.979,313
898.096,321
898.212,309
898.329,313
898.445,319
898.561,317
898.678,318
898.794,312
898.911,310
899.027,316
899.143,312
899.26,312
899.376,312
899.492,324
899.609,307
899.725,316
899.842,322
899.958,317
900.074,328
900.191,300
900.307,326
900.423,308
900.539,318
900.656,320
900.772,317
900.888,323
901.005,314
901.121,322
901.237,326
901.354,310
901.47,313
901.586,311
901.703,325
901.819,320
901.935,329
902.051,312
902.168,316
902.284,322
902.4,321
902.516,310
902.633,329
902.749,313
902.865,323
902.981,306
903.098,313
903.214,325
903.33,304
903.446,316
903.562,329
903.679,331
903.795,321
903.911,329
904.027,314
904.143,312
904.26,312
904.376,311
904.492,322
904.608,323
904.724,312
904.841,308
904.957,313
905.073,311
905.189,315
905.305,319
905.421,319
905.538,312
905.654,307
905.77,317
905.886,327
906.002,306
906.118,317
906.234,297
906.35,332
906.466,310
906.583,322
906.699,317
906.815,328
906.931,319
907.047,322
907.163,307
907.279,324
907.395,311
907.511,336
907.627,317
907.743,326
907.859,313
907.976,312
908.092,309
908.208,320
908.324,313
908.44,319
908.556,309
908.672,319
908.788,312
908.904,316
909.02,319
909.136,320
909.252,318
909.368,311
909.484,308
909.6,314
909.716,314
909.832,323
909.948,305
910.064,336
910.18,336
910.296,318
910.412,330
910.528,305
910.644,312
910.76,305
910.875,300
910.991,318
911.107,308
911.223,317
911.339,304
911.455,319
911.571,326
911.687,314
911.803,314
911.919,309
912.035,321
912.151,326
912.267,321
912.382,306
912.498,312
912.614,303
912.73,318
912.846,325
792.446,305
792.565,349
792.684,404
792.803,389
792.922,333
793.041,322
793.16,315
793.279,351
793.398,322
793.518,311
793.637,327
793.756,336
793.875,349
793.994,346
794.113,335
794.232,325
794.351,346
794.47,330
794.589,337
794.708,335
794.827,324
794.946,337
795.066,327
795.185,343
795.304,331
795.423,336
795.542,331
795.661,332
795.78,331
795.899,338
796.018,338
796.137,336
796.256,337
796.375,330
796.494,330
796.613,331
796.732,328
796.851,312
796.97,326
797.089,333
797.208,331
797.327,320
797.446,336
797.565,319
797.684,352
797.803,335
797.922,329
798.041,316
798.16,327
798.279,325
798.398,325
798.517,341
798.636,342
798.755,325
798.874,328
798.993,328
799.112,340
799.231,332
799.35,334
799.469,307
799.588,329
799.707,328
799.826,327
799.945,329
800.064,327
800.183,336
800.302,331
800.421,332
800.54,338
800.659,318
800.778,334
800.897,323
801.016,338
801.135,331
801.254,324
801.373,328
801.492,328
801.611,320
801.729,344
801.848,332
801.967,333
802.086,327
802.205,332
802.324,314
802.443,339
802.562,325
802.681,333
802.8,329
802.919,330
803.038,328
803.157,313
803.276,330
803.394,342
803.513,320
803.632,329
803.751,313
803.87,326
803.989,330
804.108,338
804.227,326
804.346,341
804.465,331
804.583,333
804.702,333
804.821,338
804.94,329
805.059,321
805.178,328
805.297,353
805.416,336
805.535,338
805.653,334
805.772,336
805.891,325
806.01,334
806.129,348
806.248,338
806.367,331
806.485,324
806.604,347
806.723,332
806.842,340
806.961,322
807.08,342
807.198,326
807.317,321
807.436,332
807.555,328
807.674,327
807.793,332
807.912,335
808.03,327
808.149,331
808.268,314
808.387,341
808.506,331
808.624,333
808.743,320
808.862,319
808.981,330
809.1,323
809.219,329
809.337,342
809.456,320
809.575,343
809.694,335
809.812,326
809.931,340
810.05,318
810.169,315
810.288,336
810.406,341
810.525,334
810.644,331
810.763,336
810.882,312
811.0,342
811.119,321
811.238,338
811.357,328
811.475,344
811.594,329
811.713,333
811.832,335
811.95,327
812.069,349
812.188,350
812.307,326
812.425,334
812.544,341
812.663,327
812.782,332
812.9,341
813.019,335
813.138,330
813.257,332
813.375,342
813.494,339
813.613,354
813.731,321
813.85,335
813.969,331
814.088,322
814.206,330
814.325,345
814.444,334
814.562,329
814.681,336
814.8,330
814.918,320
815.037,345
815.156,325
815.274,328
815.393,339
815.512,336
815.631,334
815.749,331
815.868,341
815.987,332
816.105,333
816.224,333
816.343,326
816.461,338
816.58,332
816.698,335
816.817,326
816.936,331
817.055,328
817.173,333
817.292,329
817.41,331
817.529,328
817.648,329
817.766,318
817.885,324
818.004,330
818.122,330
818.241,327
818.359,351
818.478,323
818.597,337
818.715,310
818.834,332
818.953,328
819.071,316
819.19,331
819.308,331
819.427,334
819.546,322
819.664,333
819.783,318
819.901,326
820.02,316
820.138,316
820.257,327
820.376,327
820.494,323
820.613,329
820.731,326
820.85,325
820.969,334
821.087,317
821.206,324
821.324,319
821.443,324
821.561,305
821.68,320
821.798,325
821.917,319
822.035,331
822.154,317
822.273,315
822.391,321
822.51,311
822.628,328
822.747,317
822.865,316
822.984,328
823.102,325
823.221,318
823.339,313
823.458,315
823.576,319
823.695,313
823.813,317
823.932,319
824.05,324
824.169,317
824.287,320
824.406,313
824.524,327
824.643,302
824.761,323
824.88,325
824.998,328
825.117,314
825.235,300
825.354,322
825.472,313
825.591,311
825.709,316
825.828,308
825.946,315
826.064,315
826.183,312
826.301,315
826.42,314
826.538,310
826.657,310
826.775,306
826.894,320
827.012,308
827.13,323
827.249,318
827.367,332
827.486,318
827.604,324
827.723,309
827.841,312
827.959,322
828.078,322
828.196,319
828.315,326
828.433,310
828.552,306
828.67,322
828.788,314
828.907,318
829.025,325
829.143,321
829.262,308
829.38,309
829.499,330
829.617,315
829.735,313
829.854,307
829.972,310
830.091,334
830.209,309
830.327,334
830.446,320
830.564,320
830.682,320
830.801,319
830.919,325
831.037,317
831.156,320
831.274,313
831.392,320
831.511,309
831.629,307
831.747,322
831.866,327
831.984,326
832.102,328
832.221,312
832.339,323
832.457,309
832.576,315
832.694,324
832.812,320
832.93,313
833.049,317
833.167,321
833.285,316
833.404,317
833.522,326
833.64,325
833.759,324
833.877,321
833.995,318
834.113,320
834.232,331
834.35,299
834.468,333
834.586,305
834.705,328
834.823,311
834.941,315
835.059,318
835.178,314
835.296,309
835.414,309
835.532,333
835.651,324
835.769,315
835.887,315
836.005,318
836.124,317
836.242,319
836.36,323
836.478,317
836.596,322
836.715,321
836.833,321
836.951,312
837.069,314
837.188,308
837.306,318
837.424,320
837.542,317
837.66,323
837.779,313
837.897,302
838.015,329
838.133,303
838.251,316
838.369,309
838.487,309
838.606,321
838.724,323
838.842,297
838.96,327
839.078,308
839.196,301
839.315,321
839.433,308
839.551,322
839.669,327
839.787,315
839.905,328
840.023,316
840.142,317
840.26,327
840.378,320
840.496,317
840.614,320
840.732,329
840.85,330
840.968,324
841.087,325
841.205,332
841.323,305
841.441,318
841.559,331
841.677,311
841.795,314
841.913,313
842.031,314
842.149,325
842.267,321
842.385,313
842.504,320
842.622,311
842.74,321
842.858,314
842.976,315
843.094,312
843.212,311
843.33,312
843.448,320
843.566,326
843.684,316
843.802,315
843.92,315
844.038,322
844.156,322
844.274,314
844.392,309
844.51,315
844.628,324
844.746,317
844.864,328
844.982,318
845.1,311
845.218,306
845.336,332
845.454,325
845.572,305
845.69,318
845.808,317
845.926,310
846.044,309
846.162,311
846.28,317
846.398,314
846.516,317
846.634,318
846.752,318
846.87,317
846.988,334
847.106,313
847.224,317
847.342,312
847.46,319
847.578,321
847.696,308
847.814,323
847.932,327
848.05,314
848.168,319
848.285,312
848.403,312
848.521,320
848.639,339
848.757,313
848.875,318
848.993,317
849.111,319
849.229,305
849.347,303
849.465,322
849.582,302
849.7,314
849.818,321
849.936,311
850.054,328
850.172,313
850.29,321
850.408,329
850.525,309
850.643,311
850.761,317
850.879,324
850.997,332
851.115,311
851.233,321
851.35,322
851.468,329
851.586,308
851.704,317
851.822,304
851.94,332
852.057,318
852.175,322
852.293,307
852.411,317
852.529,308
852.647,328
852.764,324
852.882,314
853.0,301
853.118,312
853.236,312
853.353,326
853.471,325
853.589,309
853.707,326
853.824,305
853.942,328
854.06,316
854.178,305
854.296,312
854.413,310
854.531,316
854.649,313
854.767,322
854.884,329
855.002,299
855.12,335
855.238,326
855.355,314
855.473,304
855.591,322
855.708,313
855.826,311
855.944,318
856.062,312
856.179,321
856.297,313
856.415,319
856.532,322
856.65,319
856.768,315
856.886,319
857.003,304
857.121,303
857.239,317
857.356,314
857.474,313
857.592,327
857.709,302
857.827,323
857.945,317
858.062,321
858.18,322
858.298,320
858.415,309
858.533,304
858.651,311
858.768,325
858.886,314
859.003,317
859.121,308
859.239,308
859.356,326
859.474,319
859.592,320
859.709,324
859.827,315
859.944,308
860.062,302
860.18,311
860.297,301
860.415,342
860.532,327
860.65,315
860.768,308
860.885,309
861.003,326
861.12,319
861.238,317
861.356,322
861.473,313
861.591,323
861.708,328
861.826,326
861.943,305
862.061,324
862.178,323
862.296,317
862.414,318
862.531,325
862.649,315
862.766,312
862.884,316
863.001,314
863.119,320
863.236,320
863.354,309
863.471,318
863.589,311
863.706,317
863.824,309
863.941,319
864.059,321
864.176,313
864.294,311
864.411,323
864.529,303
864.646,320
864.764,309
864.881,337
864.999,309
865.116,328
865.233,310
865.351,334
865.468,316
865.586,318
865.703,309
865.821,315
865.938,317
866.056,330
866.173,318
866.29,320
866.408,323
866.525,314
866.643,323
866.76,307
866.878,302
866.995,314
867.112,318
867.23,315
867.347,314
867.465,325
867.582,314
867.699,324
867.817,322
867.934,306
868.051,315
868.169,318
868.286,317
868.404,312
868.521,323
868.638,326
868.756,321
868.873,311
868.99,315
869.108,314
869.225,299
869.342,318
869.46,306
869.577,317
869.694,320
869.812,328
869.929,301
870.046,324
870.164,322
870.281,321
870.398,319
870.516,321
870.633,303
870.75,311
870.867,317
870.985,324
871.102,308
871.219,305
871.337,319
871.454,315
871.571,317
871.688,307
871.806,316
871.923,327
872.04,306
872.157,313
872.275,315
872.392,313
872.509,308
872.626,307
872.744,329
872.861,327
872.978,306
873.095,318
873.213,320
873.33,304
873.447,311
873.564,317
873.681,316
873.799,322
873.916,321
874.033,325
874.15,314
874.267,334
874.385,315
874.502,317
874.619,323
874.736,320
874.853,319
874.97,306
875.088,312
875.205,323
875.322,325
875.439,314
875.556,321
875.673,320
875.791,320
875.908,307
876.025,301
876.142,323
876.259,321
876.376,320
876.493,309
876.61,318
876.728,316
876.845,311
876.962,311
877.079,319
877.196,319
877.313,314
877.43,311
877.547,328
877.664,306
877.781,321
877.898,319
878.016,317
878.133,317
878.25,302
878.367,320
878.484,315
878.601,332
878.718,307
878.835,305
878.952,313
879.069,311
879.186,318
879.303,315
879.42,325
879.537,315
879.654,329
879.771,299
879.888,318
880.005,318
880.122,324
880.239,314
880.356,322
880.473,315
880.59,310
880.707,310
880.824,315
880.941,312
881.058,318
881.175,321
881.292,317
881.409,304
881.526,318
881.643,323
881.76,322
881.877,321
881.994,331
882.111,315
882.228,320
882.345,313
882.462,324
882.579,317
882.696,315
882.812,309
882.929,320
883.046,307
883.163,321
883.28,319
883.397,319
883.514,329
883.631,326
883.748,317
883.865,316
883.982,305
884.098,317
884.215,313
884.332,313
884.449,309
884.566,325
884.683,319
884.8,328
884.916,304
885.033,325
885.15,312
885.267,317
885.384,305
885.501,311
885.617,322
885.734,332
885.851,317
885.968,312
886.085,309
886.202,316
886.318,315
886.435,318
886.552,307
886.669,321
886.786,314
886.902,328
887.019,321
887.136,317
887.253,314
887.369,312
887.486,311
887.603,324
887.72,318
887.837,316
887.953,321
888.07,315
888.187,323
888.304,306
888.42,308
888.537,324
888.654,315
888.77,318
888.887,306
889.004,321
889.121,304
889.237,330
889.354,313
889.471,326
889.587,318
889.704,326
889.821,327
889.938,314
890.054,304
890.171,335
890.288,318
890.404,323
890.521,325
890.638,334
890.754,325
890.871,319
890.988,304
891.104,310
891.221,318
891.337,319
891.454,326
891.571,329
891.687,319
891.804,322
891.921,315
892.037,321
892.154,322
892.27,317
892.387,304
892.504,318
892.62,312
892.737,333
892.854,309
892.97,315
893.087,314
893.203,316
893.32,310
893.436,305
893.553,314
893.67,321
893.786,326
893.903,317
894.019,328
894.136,326
894.252,310
894.369,329
894.485,311
894.602,331
894.718,311
894.835,321
894.951,308
895.068,322
895.184,315
895.301,311
895.417,314
895.534,325
895.65,321
895.767,314
895.883,307
896.0,321
896.116,301
896.233,324
896.349,300
896.466,331
896.582,319
896.699,318
896.815,316
896.932,315
897.048,329
897.165,305
897.281,310
897.397,320
897.514,304
897.63,311
897.747,311
897.863,327
897.979,310
898.096,325
898.212,315
898.329,323
898.445,313
898.561,317
898.678,317
898.794,319
898.911,316
899.027,327
899.143,309
899.26,318
899.376,317
899.492,307
899.609,309
899.725,331
899.842,304
899.958,327
900.074,314
900.191,322
900.307,308
900.423,308
900.539,308
900.656,305
900.772,319
900.888,333
901.005,313
901.121,326
901.237,318
901.354,315
901.47,313
901.586,312
901.703,314
901.819,314
901.935,327
902.051,322
902.168,320
902.284,325
902.4,317
902.516,327
902.633,316
902.749,320
902.865,330
902.981,323
903.098,323
903.214,327
903.33,312
903.446,330
903.562,316
903.679,335
903.795,310
903.911,311
904.027,313
904.143,317
904.26,316
904.376,314
904.492,318
904.608,307
904.724,314
904.841,319
904.957,314
905.073,312
905.189,302
905.305,311
905.421,320
905.538,324
905.654,319
905.77,321
905.886,305
906.002,329
906.118,321
906.234,319
906.35,320
906.466,319
906.583,312
906.699,325
906.815,303
906.931,315
907.047,322
907.163,328
907.279,324
907.395,320
907.511,319
907.627,320
907.743,303
907.859,314
907.976,317
908.092,327
908.208,311
908.324,323
908.44,331
908.556,313
908.672,315
908.788,320
908.904,314
909.02,322
909.136,320
909.252,323
909.368,310
909.484,314
909.6,300
909.716,332
909.832,319
909.948,312
910.064,323
910.18,326
910.296,317
910.412,321
910.528,320
910.644,317
910.76,319
910.875,313
910.991,303
911.107,319
911.223,317
911.339,327
911.455,307
911.571,313
911.687,335
911.803,325
911.919,309
912.035,316
912.151,330
912.267,322
912.382,307
912.498,322
912.614,297
912.73,325
912.846,316
792.446,333
792.565,375
792.684,407
792.803,388
792.922,340
793.041,321
793.16,318
793.279,340
793.398,331
793.518,315
793.637,321
793.756,342
793.875,347
793.994,350
794.113,327
794.232,326
794.351,321
794.47,326
794.589,327
794.708,321
794.827,331
794.946,319
795.066,338
795.185,351
795.304,344
795.423,322
795.542,327
795.661,329
795.78,330
795.899,332
796.018,324
796.137,335
796.256,332
796.375,323
796.494,350
796.613,332
796.732,325
796.851,327
796.97,343
797.089,325
797.208,327
797.327,314
797.446,326
797.565,339
797.684,327
797.803,323
797.922,345
798.041,334
798.16,321
798.279,327
798.398,331
798.517,327
798.636,327
798.755,326
798.874,336
798.993,326
799.112,320
799.231,336
799.35,342
799.469,322
799.588,341
799.707,320
799.826,331
799.945,331
800.064,334
800.183,329
800.302,336
800.421,327
800.54,323
800.659,330
800.778,336
800.897,329
801.016,337
801.135,320
801.254,327
801.373,334
801.492,324
801.611,331
801.729,324
801.848,339
801.967,322
802.086,333
802.205,333
802.324,327
802.443,314
802.562,314
802.681,341
802.8,331
802.919,326
803.038,332
803.157,322
803.276,320
803.394,325
803.513,338
803.632,333
803.751,333
803.87,333
803.989,323
804.108,341
804.227,338
804.346,337
804.465,328
804.583,324
804.702,341
804.821,336
804.94,326
805.059,344
805.178,334
805.297,347
805.416,324
805.535,329
805.653,326
805.772,328
805.891,328
806.01,315
806.129,342
806.248,320
806.367,339
806.485,333
806.604,337
806.723,328
806.842,342
806.961,335
807.08,332
807.198,329
807.317,330
807.436,330
807.555,337
807.674,338
807.793,339
807.912,342
808.03,341
808.149,337
808.268,334
808.387,336
808.506,335
808.624,314
808.743,324
808.862,337
808.981,327
809.1,324
809.219,330
809.337,338
809.456,342
809.575,331
809.694,341
809.812,328
809.931,335
810.05,318
810.169,333
810.288,331
810.406,335
810.525,331
810.644,333
810.763,337
810.882,329
811.0,341
811.119,320
811.238,343
811.357,328
811.475,332
811.594,346
811.713,323
811.832,337
811.95,342
812.069,337
812.188,329
812.307,336
812.425,333
812.544,322
812.663,342
812.782,347
812.9,329
813.019,338
813.138,341
813.257,341
813.375,322
813.494,328
813.613,337
813.731,330
813.85,346
813.969,340
814.088,322
814.206,343
814.325,331
814.444,327
814.562,335
814.681,328
814.8,338
814.918,330
815.037,333
815.156,344
815.274,320
815.393,341
815.512,326
815.631,319
815.749,326
815.868,328
815.987,325
816.105,330
816.224,318
816.343,340
816.461,324
816.58,332
816.698,325
816.817,329
816.936,319
817.055,327
817.173,324
817.292,347
817.41,326
817.529,330
817.648,326
817.766,333
817.885,330
818.004,312
818.122,324
818.241,320
818.359,311
818.478,333
818.597,335
818.715,337
818.834,317
818.953,310
819.071,321
819.19,320
819.308,315
819.427,326
819.546,316
819.664,337
819.783,312
819.901,328
820.02,314
820.138,310
820.257,318
820.376,311
820.494,327
820.613,321
820.731,328
820.85,315
820.969,319
821.087,326
821.206,311
821.324,325
821.443,329
821.561,313
821.68,319
821.798,315
821.917,312
822.035,320
822.154,319
822.273,311
822.391,301
822.51,324
822.628,322
822.747,319
822.865,307
822.984,326
823.102,316
823.221,318
823.339,316
823.458,316
823.576,311
823.695,315
823.813,309
823.932,315
824.05,313
824.169,326
824.287,322
824.406,327
824.524,324
824.643,316
824.761,317
824.88,323
824.998,318
825.117,316
825.235,311
825.354,317
825.472,317
825.591,317
825.709,321
825.828,328
825.946,315
826.064,314
826.183,319
826.301,308
826.42,322
826.538,322
826.657,308
826.775,315
826.894,319
827.012,317
827.13,316
827.249,318
827.367,317
827.486,325
827.604,307
827.723,325
827.841,320
827.959,314
828.078,311
828.196,331
828.315,305
828.433,330
828.552,314
828.67,312
828.788,317
828.907,315
829.025,313
829.143,306
829.262,313
829.38,311
829.499,320
829.617,320
829.735,313
829.854,313
829.972,310
830.091,315
830.209,320
830.327,314
830.446,310
830.564,301
830.682,311
830.801,322
830.919,316
831.037,317
831.156,329
831.274,320
831.392,307
831.511,310
831.629,302
831.747,312
831.866,315
831.984,319
832.102,315
832.221,321
832.339,309
832.457,310
832.576,339
832.694,317
832.812,312
832.93,324
833.049,320
833.167,319
833.285,308
833.404,316
833.522,307
833.64,309
833.759,310
833.877,312
833.995,316
834.113,326
834.232,316
834.35,317
834.468,317
834.586,320
834.705,318
834.823,320
834.941,323
835.059,325
835.178,317
835.296,311
835.414,317
835.532,308
835.651,317
835.769,301
835.887,325
836.005,323
836.124,305
836.242,311
836.36,308
836.478,318
836.596,309
836.715,315
836.833,318
836.951,308
837.069,322
837.188,301
837.306,314
837.424,326
837.542,320
837.66,310
837.779,325
837.897,327
838.015,308
838.133,315
838.251,311
838.369,325
838.487,321
838.606,315
838.724,323
838.842,322
838.96,308
839.078,320
839.196,319
839.315,329
839.433,320
839.551,311
839.669,317
839.787,328
839.905,335
840.023,320
840.142,311
840.26,313
840.378,315
840.496,308
840.614,304
840.732,312
840.85,316
840.968,319
841.087,313
841.205,316
841.323,317
841.441,320
841.559,325
841.677,310
841.795,327
841.913,326
842.031,314
842.149,323
842.267,318
842.385,315
842.504,304
842.622,311
842.74,319
842.858,318
842.976,309
843.094,325
843.212,332
843.33,318
843.448,312
843.566,320
843.684,321
843.802,320
843.92,308
844.038,324
844.156,308
844.274,319
844.392,312
844.51,326
844.628,322
844.746,319
844.864,315
844.982,315
845.1,314
845.218,307
845.336,321
845.454,312
845.572,309
845.69,311
845.808,315
845.926,314
846.044,306
846.162,318
846.28,317
846.398,308
846.516,324
846.634,314
846.752,327
846.87,321
846.988,318
847.106,322
847.224,307
847.342,306
847.46,310
847.578,332
847.696,316
847.814,318
847.932,306
848.05,314
848.168,304
848.285,323
848.403,313
848.521,326
848.639,329
848.757,312
848.875,319
848.993,322
849.111,315
849.229,316
849.347,317
849.465,307
849.582,312
849.7,312
849.818,300
849.936,312
850.054,317
850.172,309
850.29,318
850.408,308
850.525,316
850.643,321
850.761,330
850.879,305
850.997,332
851.115,315
851.233,315
851.35,317
851.468,323
851.586,318
851.704,302
851.822,315
851.94,301
852.057,315
852.175,320
852.293,317
852.411,314
852.529,316
852.647,310
852.764,320
852.882,310
853.0,309
853.118,309
853.236,315
853.353,304
853.471,318
853.589,310
853.707,306
853.824,303
853.942,319
854.06,311
854.178,312
854.296,313
854.413,319
854.531,318
854.649,311
854.767,317
854.884,321
855.002,320
855.12,311
855.238,310
855.355,320
855.473,302
855.591,313
855.708,312
855.826,315
855.944,314
856.062,304
856.179,323
856.297,318
856.415,308
856.532,319
856.65,318
856.768,328
856.886,321
857.003,316
857.121,311
857.239,312
857.356,319
857.474,319
857.592,325
857.709,321
857.827,312
857.945,312
858.062,313
858.18,315
858.298,331
858.415,320
858.533,326
858.651,323
858.768,318
858.886,330
859.003,313
859.121,328
859.239,324
859.356,312
859.474,322
859.592,319
859.709,322
859.827,337
859.944,316
860.062,318
860.18,315
860.297,306
860.415,302
860.532,318
860.65,312
860.768,310
860.885,306
861.003,308
861.12,314
861.238,310
861.356,323
861.473,309
861.591,310
861.708,324
861.826,331
861.943,319
862.061,311
862.178,311
862.296,318
862.414,310
862.531,319
862.649,331
862.766,324
862.884,304
863.001,317
863.119,308
863.236,313
863.354,326
863.471,313
863.589,312
863.706,302
863.824,330
863.941,315
864.059,319
864.176,308
864.294,314
864.411,323
864.529,322
864.646,327
864.764,308
864.881,314
864.999,317
865.116,315
865.233,328
865.351,310
865.468,305
865.586,316
865.703,305
865.821,306
865.938,329
866.056,310
866.173,310
866.29,321
866.408,316
866.525,311
866.643,318
866.76,320
866.878,312
866.995,310
867.112,317
867.23,309
867.347,322
867.465,312
867.582,312
867.699,313
867.817,311
867.934,308
868.051,306
868.169,303
868.286,316
868.404,314
868.521,315
868.638,319
868.756,311
868.873,319
868.99,312
869.108,314
869.225,313
869.342,305
869.46,316
869.577,318
869.694,323
869.812,321
869.929,314
870.046,307
870.164,316
870.281,309
870.398,326
870.516,316
870.633,330
870.75,299
870.867,314
870.985,320
871.102,316
871.219,322
871.337,321
871.454,316
871.571,309
871.688,319
871.806,324
871.923,322
872.04,325
872.157,319
872.275,317
872.392,308
872.509,322
872.626,311
872.744,332
872.861,308
872.978,322
873.095,315
873.213,323
873.33,313
873.447,320
873.564,304
873.681,323
873.799,315
873.916,313
874.033,312
874.15,313
874.267,313
874.385,307
874.502,319
874.619,315
874.736,323
874.853,317
874.97,318
875.088,318
875.205,311
875.322,327
875.439,323
875.556,314
875.673,317
875.791,304
875.908,318
876.025,318
876.142,313
876.259,308
876.376,323
876.493,322
876.61,315
876.728,326
876.845,313
876.962,334
877.079,309
877.196,315
877.313,311
877.43,300
877.547,316
877.664,330
877.781,324
877.898,306
878.016,309
878.133,309
878.25,316
878.367,303
878.484,312
878.601,313
878.718,302
878.835,308
878.952,307
879.069,324
879.186,312
879.303,314
879.42,309
879.537,330
879.654,305
879.771,325
879.888,315
880.005,322
880.122,304
880.239,317
880.356,314
880.473,310
880.59,316
880.707,312
880.824,305
880.941,329
881.058,302
881.175,324
881.292,322
881.409,314
881.526,317
881.643,317
881.76,322
881.877,314
881.994,322
882.111,315
882.228,309
882.345,328
882.462,311
882.579,329
882.696,311
882.812,317
882.929,316
883.046,312
883.163,332
883.28,319
883.397,316
883.514,306
883.631,312
883.748,321
883.865,304
883.982,308
884.098,311
884.215,302
884.332,311
884.449,312
884.566,308
884.683,309
884.8,305
884.916,312
885.033,328
885.15,309
885.267,322
885.384,305
885.501,323
885.617,315
885.734,309
885.851,313
885.968,306
886.085,324
886.202,314
886.318,305
886.435,316
886.552,314
886.669,312
886.786,310
886.902,305
887.019,322
887.136,325
887.253,311
887.369,315
887.486,312
887.603,311
887.72,321
887.837,318
887.953,316
888.07,318
888.187,321
888.304,321
888.42,325
888.537,321
888.654,327
888.77,322
888.887,309
889.004,299
889.121,309
889.237,305
889.354,324
889.471,318
889.587,320
889.704,327
889.821,316
889.938,322
890.054,312
890.171,324
890.288,319
890.404,312
890.521,306
890.638,312
890.754,319
890.871,314
890.988,326
891.104,312
891.221,318
891.337,306
891.454,318
891.571,309
891.687,322
891.804,317
891.921,318
892.037,321
892.154,323
892.27,305
892.387,322
892.504,305
892.62,311
892.737,320
892.854,322
892.97,319
893.087,309
893.203,299
893.32,309
893.436,307
893.553,309
893.67,323
893.786,314
893.903,312
894.019,321
894.136,299
894.252,333
894.369,318
894.485,309
894.602,314
894.718,324
894.835,321
894.951,312
895.068,323
895.184,320
895.301,325
895.417,314
895.534,311
895.65,316
895.767,308
895.883,329
896.0,312
896.116,317
896.233,326
896.349,334
896.466,314
896.582,305
896.699,324
896.815,317
896.932,316
897.048,320
897.165,319
897.281,323
897.397,306
897.514,317
897.63,321
897.747,323
897.863,314
897.979,320
898.096,327
898.212,317
898.329,316
898.445,317
898.561,331
898.678,332
898.794,313
898.911,328
899.027,314
899.143,302
899.26,327
899.376,304
899.492,311
899.609,326
899.725,305
899.842,314
899.958,298
900.074,317
900.191,334
900.307,310
900.423,319
900.539,323
900.656,329
900.772,313
900.888,321
901.005,326
901.121,309
901.237,338
901.354,305
901.47,310
901.586,314
901.703,315
901.819,327
901.935,309
902.051,303
902.168,327
902.284,324
902.4,323
902.516,308
902.633,324
902.749,317
902.865,301
902.981,323
903.098,316
903.214,318
903.33,316
903.446,310
903.562,311
903.679,322
903.795,322
903.911,314
904.027,300
904.143,318
904.26,319
904.376,317
904.492,328
904.608,297
904.724,328
904.841,303
904.957,331
905.073,313
905.189,312
905.305,304
905.421,326
905.538,308
905.654,326
905.77,313
905.886,299
906.002,315
906.118,316
906.234,322
906.35,308
906.466,328
906.583,335
906.699,303
906.815,323
906.931,322
907.047,306
907.163,309
907.279,307
907.395,309
907.511,319
907.627,326
907.743,315
907.859,289
907.976,333
908.092,304
908.208,318
908.324,309
908.44,322
908.556,311
908.672,312
908.788,318
908.904,336
909.02,318
909.136,330
909.252,311
909.368,318
909.484,323
909.6,323
909.716,327
909.832,321
909.948,306
910.064,314
910.18,311
910.296,318
910.412,321
910.528,304
910.644,305
910.76,317
910.875,323
910.991,326
911.107,322
911.223,320
911.339,318
911.455,316
911.571,315
911.687,315
911.803,324
911.919,315
912.035,299
912.151,333
912.267,316
912.382,307
912.498,305
912.614,315
912.73,322
912.846,324
