792.446,309
792.565,350
792.684,397
792.803,390
792.922,325
793.041,325
793.16,328
793.279,340
793.398,327
793.518,313
793.637,321
793.756,334
793.875,359
793.994,333
794.113,328
794.232,334
794.351,329
794.47,327
794.589,340
794.708,333
794.827,323
794.946,319
795.066,345
795.185,326
795.304,319
795.423,334
795.542,329
795.661,340
795.78,337
795.899,338
796.018,325
796.137,340
796.256,328
796.375,337
796.494,323
796.613,339
796.732,341
796.851,334
796.97,326
797.089,320
797.208,333
797.327,337
797.446,326
797.565,331
797.684,332
797.803,325
797.922,328
798.041,325
798.16,335
798.279,320
798.398,348
798.517,334
798.636,330
798.755,324
798.874,318
798.993,322
799.112,326
799.231,328
799.35,341
799.469,316
799.588,333
799.707,329
799.826,329
799.945,332
800.064,324
800.183,326
800.302,352
800.421,338
800.54,330
800.659,337
800.778,342
800.897,328
801.016,331
801.135,330
801.254,321
801.373,329
801.492,328
801.611,329
801.729,336
801.848,327
801.967,333
802.086,331
802.205,327
802.324,337
802.443,319
802.562,328
802.681,334
802.8,324
802.919,337
803.038,331
803.157,323
803.276,324
803.394,325
803.513,327
803.632,328
803.751,340
803.87,333
803.989,331
804.108,319
804.227,337
804.346,322
804.465,336
804.583,339
804.702,330
804.821,333
804.94,328
805.059,326
805.178,330
805.297,333
805.416,328
805.535,326
805.653,324
805.772,321
805.891,329
806.01,321
806.129,332
806.248,329
806.367,331
806.485,340
806.604,333
806.723,330
806.842,329
806.961,338
807.08,336
807.198,322
807.317,321
807.436,318
807.555,321
807.674,339
807.793,328
807.912,327
808.03,323
808.149,333
808.268,324
808.387,337
808.506,340
808.624,315
808.743,330
808.862,339
808.981,336
809.1,331
809.219,328
809.337,335
809.456,332
809.575,333
809.694,337
809.812,320
809.931,346
810.05,335
810.169,335
810.288,332
810.406,338
810.525,332
810.644,341
810.763,325
810.882,339
811.0,326
811.119,333
811.238,324
811.357,348
811.475,326
811.594,319
811.713,326
811.832,333
811.95,324
812.069,334
812.188,330
812.307,338
812.425,345
812.544,333
812.663,346
812.782,325
812.9,330
813.019,326
813.138,336
813.257,336
813.375,327
813.494,342
813.613,338
813.731,338
813.85,344
813.969,337
814.088,327
814.206,324
814.325,326
814.444,340
814.562,335
814.681,340
814.8,338
814.918,326
815.037,333
815.156,331
815.274,347
815.393,339
815.512,320
815.631,321
815.749,327
815.868,330
815.987,337
816.105,310
816.224,329
816.343,323
816.461,326
816.58,342
816.698,339
816.817,330
816.936,332
817.055,338
817.173,340
817.292,318
817.41,338
817.529,320
817.648,326
817.766,338
817.885,327
818.004,329
818.122,331
818.241,337
818.359,318
818.478,314
818.597,332
818.715,325
818.834,326
818.953,305
819.071,316
819.19,307
819.308,320
819.427,327
819.546,326
819.664,330
819.783,329
819.901,327
820.02,318
820.138,315
820.257,312
820.376,322
820.494,312
820.613,321
820.731,315
820.85,337
820.969,314
821.087,330
821.206,316
821.324,318
821.443,321
821.561,319
821.68,337
821.798,316
821.917,319
822.035,316
822.154,319
822.273,324
822.391,310
822.51,329
822.628,315
822.747,307
822.865,322
822.984,304
823.102,306
823.221,314
823.339,318
823.458,323
823.576,310
823.695,312
823.813,330
823.932,330
824.05,316
824.169,319
824.287,323
824.406,320
824.524,302
824.643,315
824.761,310
824.88,322
824.998,303
825.117,329
825.235,308
825.354,315
825.472,333
825.591,313
825.709,314
825.828,313
825.946,333
826.064,332
826.183,320
826.301,338
826.42,314
826.538,315
826.657,326
826.775,308
826.894,309
827.012,326
827.13,313
827.249,322
827.367,316
827.486,334
827.604,312
827.723,322
827.841,322
827.959,310
828.078,312
828.196,333
828.315,326
828.433,304
828.552,334
828.67,308
828.788,324
828.907,311
829.025,319
829.143,317
829.262,313
829.38,320
829.499,308
829.617,322
829.735,314
829.854,319
829.972,313
830.091,319
830.209,315
830.327,308
830.446,324
830.564,310
830.682,323
830.801,320
830.919,324
831.037,316
831.156,321
831.274,325
831.392,333
831.511,322
831.629,321
831.747,313
831.866,321
831.984,326
832.102,309
832.221,318
832.339,315
832.457,303
832.576,323
832.694,312
832.812,322
832.93,313
833.049,312
833.167,318
833.285,307
833.404,327
833.522,305
833.64,317
833.759,306
833.877,323
833.995,327
834.113,316
834.232,312
834.35,329
834.468,312
834.586,325
834.705,308
834.823,320
834.941,306
835.059,307
835.178,314
835.296,310
835.414,319
835.532,315
835.651,322
835.769,322
835.887,312
836.005,333
836.124,326
836.242,304
836.36,327
836.478,312
836.596,321
836.715,313
836.833,309
836.951,327
837.069,320
837.188,314
837.306,312
837.424,317
837.542,309
837.66,317
837.779,315
837.897,328
838.015,309
838.133,321
838.251,312
838.369,321
838.487,329
838.606,316
838.724,306
838.842,325
838.96,314
839.078,328
839.196,306
839.315,328
839.433,322
839.551,311
839.669,318
839.787,320
839.905,326
840.023,312
840.142,315
840.26,315
840.378,313
840.496,321
840.614,322
840.732,321
840.85,316
840.968,307
841.087,323
841.205,314
841.323,330
841.441,324
841.559,333
841.677,301
841.795,331
841.913,311
842.031,324
842.149,336
842.267,308
842.385,318
842.504,314
842.622,326
842.74,303
842.858,328
842.976,303
843.094,316
843.212,314
843.33,313
843.448,313
843.566,303
843.684,326
843.802,299
843.92,316
844.038,328
844.156,310
844.274,322
844.392,319
844.51,306
844.628,310
844.746,319
844.864,322
844.982,315
845.1,322
845.218,304
845.336,316
845.454,342
845.572,309
845.69,308
845.808,314
845.926,317
846.044,312
846.162,319
846.28,318
846.398,314
846.516,315
846.634,317
846.752,305
846.87,316
846.988,305
847.106,323
847.224,298
847.342,310
847.46,320
847.578,319
847.696,321
847.814,332
847.932,311
848.05,310
848.168,315
848.285,308
848.403,328
848.521,326
848.639,320
848.757,324
848.875,305
848.993,321
849.111,316
849.229,316
849.347,321
849.465,310
849.582,320
849.7,309
849.818,322
849.936,319
850.054,310
850.172,313
850.29,305
850.408,315
850.525,322
850.643,324
850.761,311
850.879,303
850.997,306
851.115,312
851.233,306
851.35,321
851.468,315
851.586,316
851.704,313
851.822,316
851.94,319
852.057,308
852.175,311
852.293,316
852.411,301
852.529,320
852.647,307
852.764,322
852.882,316
853.0,310
853.118,318
853.236,321
853.353,312
853.471,321
853.589,312
853.707,309
853.824,321
853.942,318
854.06,317
854.178,316
854.296,315
854.413,316
854.531,320
854.649,321
854.767,298
854.884,313
855.002,318
855.12,316
855.238,320
855.355,315
855.473,305
855.591,321
855.708,318
855.826,320
855.944,326
856.062,310
856.179,319
856.297,322
856.415,321
856.532,323
856.65,304
856.768,309
856.886,328
857.003,330
857.121,314
857.239,325
857.356,304
857.474,320
857.592,330
857.709,312
857.827,309
857.945,315
858.062,320
858.18,314
858.298,313
858.415,326
858.533,304
858.651,303
858.768,317
858.886,323
859.003,318
859.121,312
859.239,304
859.356,318
859.474,312
859.592,319
859.709,304
859.827,315
859.944,319
860.062,322
860.18,312
860.297,334
860.415,312
860.532,330
860.65,305
860.768,314
860.885,314
861.003,318
861.12,307
861.238,322
861.356,318
861.473,318
861.591,318
861.708,316
861.826,308
861.943,321
862.061,320
862.178,304
862.296,317
862.414,310
862.531,327
862.649,319
862.766,309
862.884,315
863.001,320
863.119,327
863.236,300
863.354,300
863.471,313
863.589,323
863.706,313
863.824,313
863.941,322
864.059,319
864.176,305
864.294,333
864.411,307
864.529,303
864.646,324
864.764,315
864.881,316
864.999,321
865.116,317
865.233,322
865.351,311
865.468,310
865.586,319
865.703,322
865.821,319
865.938,301
866.056,317
866.173,308
866.29,300
866.408,318
866.525,335
866.643,322
866.76,308
866.878,311
866.995,320
867.112,317
867.23,315
867.347,310
867.465,319
867.582,314
867.699,305
867.817,324
867.934,301
868.051,321
868.169,323
868.286,313
868.404,330
868.521,323
868.638,311
868.756,306
868.873,320
868.99,320
869.108,312
869.225,326
869.342,310
869.46,314
869.577,326
869.694,308
869.812,312
869.929,323
870.046,312
870.164,312
870.281,306
870.398,318
870.516,307
870.633,319
870.75,317
870.867,324
870.985,316
871.102,322
871.219,320
871.337,317
871.454,307
871.571,314
871.688,304
871.806,303
871.923,326
872.04,319
872.157,322
872.275,326
872.392,330
872.509,323
872.626,314
872.744,324
872.861,319
872.978,313
873.095,324
873.213,328
873.33,323
873.447,322
873.564,310
873.681,320
873.799,319
873.916,313
874.033,321
874.15,315
874.267,325
874.385,322
874.502,311
874.619,325
874.736,311
874.853,327
874.97,316
875.088,324
875.205,313
875.322,315
875.439,325
875.556,325
875.673,313
875.791,311
875.908,321
876.025,330
876.142,325
876.259,309
876.376,318
876.493,310
876.61,316
876.728,307
876.845,307
876.962,325
877.079,310
877.196,320
877.313,317
877.43,317
877.547,314
877.664,314
877.781,315
877.898,310
878.016,303
878.133,315
878.25,317
878.367,316
878.484,320
878.601,325
878.718,318
878.835,320
878.952,317
879.069,311
879.186,311
879.303,319
879.42,302
879.537,315
879.654,316
879.771,321
879.888,304
880.005,326
880.122,313
880.239,327
880.356,318
880.473,312
880.59,322
880.707,311
880.824,296
880.941,315
881.058,320
881.175,317
881.292,321
881.409,324
881.526,312
881.643,319
881.76,313
881.877,315
881.994,313
882.111,313
882.228,325
882.345,314
882.462,314
882.579,298
882.696,316
882.812,314
882.929,317
883.046,324
883.163,301
883.28,310
883.397,306
883.514,314
883.631,322
883.748,322
883.865,312
883.982,322
884.098,311
884.215,324
884.332,310
884.449,329
884.566,324
884.683,328
884.8,312
884.916,310
885.033,298
885.15,313
885.267,291
885.384,324
885.501,312
885.617,325
885.734,327
885.851,313
885.968,314
886.085,314
886.202,326
886.318,320
886.435,313
886.552,312
886.669,323
886.786,304
886.902,316
887.019,318
887.136,312
887.253,310
887.369,300
887.486,324
887.603,315
887.72,330
887.837,323
887.953,311
888.07,333
888.187,315
888.304,309
888.42,317
888.537,312
888.654,315
888.77,320
888.887,322
889.004,317
889.121,322
889.237,311
889.354,334
889.471,313
889.587,310
889.704,309
889.821,316
889.938,313
890.054,334
890.171,308
890.288,307
890.404,309
890.521,305
890.638,320
890.754,320
890.871,312
890.988,306
891.104,311
891.221,328
891.337,314
891.454,307
891.571,310
891.687,328
891.804,319
891.921,335
892.037,316
892.154,334
892.27,303
892.387,322
892.504,302
892.62,321
892.737,320
892.854,302
892.97,322
893.087,309
893.203,313
893.32,320
893.436,309
893.553,309
893.67,314
893.786,329
893.903,312
894.019,309
894.136,308
894.252,318
894.369,309
894.485,321
894.602,314
894.718,315
894.835,313
894.951,312
895.068,334
895.184,317
895.301,320
895.417,305
895.534,302
895.65,323
895.767,308
895.883,313
896.0,310
896.116,317
896.233,312
896.349,314
896.466,318
896.582,326
896.699,314
896.815,309
896.932,315
897.048,322
897.165,320
897.281,309
897.397,311
897.514,313
897.63,322
897.747,316
897.863,313
897.979,322
898.096,307
898.212,307
898.329,316
898.445,308
898.561,320
898.678,320
898.794,327
898.911,325
899.027,309
899.143,313
899.26,303
899.376,324
899.492,318
899.609,310
899.725,317
899.842,320
899.958,334
900.074,328
900.191,314
900.307,333
900.423,301
900.539,320
900.656,325
900.772,320
900.888,316
901.005,314
901.121,314
901.237,316
901.354,321
901.47,327
901.586,320
901.703,321
901.819,299
901.935,306
902.051,307
902.168,317
902.284,328
902.4,331
902.516,313
902.633,325
902.749,328
902.865,315
902.981,318
903.098,316
903.214,314
903.33,320
903.446,329
903.562,333
903.679,311
903.795,318
903.911,307
904.027,319
904.143,313
904.26,312
904.376,323
904.492,309
904.608,320
904.724,321
904.841,319
904.957,321
905.073,304
905.189,318
905.305,304
905.421,325
905.538,320
905.654,320
905.77,328
905.886,329
906.002,305
906.118,309
906.234,315
906.35,312
906.466,303
906.583,317
906.699,316
906.815,322
906.931,309
907.047,328
907.163,318
907.279,328
907.395,311
907.511,325
907.627,321
907.743,314
907.859,310
907.976,322
908.092,312
908.208,318
908.324,313
908.44,312
908.556,313
908.672,323
908.788,322
908.904,316
909.02,311
909.136,316
909.252,308
909.368,320
909.484,313
909.6,316
909.716,312
909.832,316
909.948,312
910.064,318
910.18,319
910.296,322
910.412,312
910.528,310
910.644,321
910.76,314
910.875,314
910.991,318
911.107,322
911.223,318
911.339,328
911.455,319
911.571,315
911.687,320
911.803,313
911.919,316
912.035,311
912.151,326
912.267,311
912.382,311
912.498,318
912.614,323
912.73,305
912.846,308
792.446,307
792.565,352
792.684,398
792.803,385
792.922,343
793.041,318
793.16,337
793.279,348
793.398,320
793.518,315
793.637,309
793.756,328
793.875,346
793.994,336
794.113,336
794.232,323
794.351,330
794.47,335
794.589,327
794.708,321
794.827,321
794.946,332
795.066,333
795.185,334
795.304,317
795.423,346
795.542,349
795.661,332
795.78,322
795.899,330
796.018,322
796.137,323
796.256,336
796.375,338
796.494,329
796.613,329
796.732,322
796.851,334
796.97,345
797.089,327
797.208,341
797.327,329
797.446,318
797.565,331
797.684,318
797.803,331
797.922,306
798.041,342
798.16,329
798.279,329
798.398,315
798.517,319
798.636,321
798.755,332
798.874,327
798.993,325
799.112,332
799.231,335
799.35,333
799.469,330
799.588,329
799.707,325
799.826,328
799.945,328
800.064,327
800.183,333
800.302,335
800.421,325
800.54,323
800.659,323
800.778,328
800.897,321
801.016,333
801.135,333
801.254,319
801.373,322
801.492,316
801.611,323
801.729,327
801.848,336
801.967,308
802.086,343
802.205,320
802.324,332
802.443,319
802.562,333
802.681,328
802.8,314
802.919,336
803.038,319
803.157,322
803.276,315
803.394,329
803.513,318
803.632,337
803.751,324
803.87,325
803.989,332
804.108,332
804.227,339
804.346,334
804.465,332
804.583,329
804.702,329
804.821,325
804.94,319
805.059,335
805.178,334
805.297,333
805.416,318
805.535,334
805.653,328
805.772,323
805.891,314
806.01,325
806.129,324
806.248,318
806.367,339
806.485,319
806.604,333
806.723,325
806.842,320
806.961,319
807.08,346
807.198,333
807.317,326
807.436,327
807.555,322
807.674,332
807.793,319
807.912,334
808.03,331
808.149,331
808.268,326
808.387,337
808.506,330
808.624,315
808.743,325
808.862,320
808.981,353
809.1,333
809.219,317
809.337,327
809.456,332
809.575,335
809.694,356
809.812,323
809.931,333
810.05,340
810.169,326
810.288,335
810.406,332
810.525,328
810.644,329
810.763,331
810.882,339
811.0,330
811.119,332
811.238,329
811.357,334
811.475,334
811.594,325
811.713,338
811.832,325
811.95,324
812.069,327
812.188,328
812.307,337
812.425,335
812.544,324
812.663,325
812.782,336
812.9,330
813.019,320
813.138,334
813.257,329
813.375,319
813.494,331
813.613,325
813.731,336
813.85,310
813.969,339
814.088,312
814.206,327
814.325,330
814.444,329
814.562,314
814.681,332
814.8,319
814.918,336
815.037,328
815.156,337
815.274,327
815.393,322
815.512,325
815.631,335
815.749,319
815.868,328
815.987,329
816.105,331
816.224,326
816.343,333
816.461,332
816.58,327
816.698,327
816.817,311
816.936,333
817.055,323
817.173,327
817.292,324
817.41,318
817.529,335
817.648,330
817.766,333
817.885,315
818.004,330
818.122,317
818.241,326
818.359,322
818.478,319
818.597,319
818.715,311
818.834,312
818.953,321
819.071,312
819.19,308
819.308,323
819.427,315
819.546,310
819.664,314
819.783,298
819.901,308
820.02,317
820.138,317
820.257,321
820.376,332
820.494,310
820.613,311
820.731,292
820.85,317
820.969,314
821.087,309
821.206,301
821.324,324
821.443,313
821.561,324
821.68,308
821.798,319
821.917,316
822.035,328
822.154,306
822.273,327
822.391,309
822.51,311
822.628,303
822.747,322
822.865,320
822.984,324
823.102,319
823.221,328
823.339,316
823.458,318
823.576,329
823.695,319
823.813,314
823.932,315
824.05,320
824.169,314
824.287,315
824.406,317
824.524,313
824.643,309
824.761,320
824.88,309
824.998,301
825.117,323
825.235,317
825.354,315
825.472,331
825.591,318
825.709,321
825.828,303
825.946,314
826.064,313
826.183,318
826.301,309
826.42,319
826.538,326
826.657,310
826.775,319
826.894,321
827.012,319
827.13,312
827.249,304
827.367,319
827.486,328
827.604,308
827.723,312
827.841,309
827.959,309
828.078,323
828.196,319
828.315,326
828.433,320
828.552,318
828.67,310
828.788,310
828.907,324
829.025,326
829.143,307
829.262,320
829.38,307
829.499,312
829.617,309
829.735,306
829.854,315
829.972,325
830.091,316
830.209,308
830.327,309
830.446,320
830.564,310
830.682,317
830.801,314
830.919,307
831.037,309
831.156,313
831.274,327
831.392,318
831.511,321
831.629,305
831.747,321
831.866,302
831.984,318
832.102,321
832.221,322
832.339,312
832.457,316
832.576,310
832.694,318
832.812,301
832.93,314
833.049,316
833.167,315
833.285,304
833.404,311
833.522,310
833.64,325
833.759,312
833.877,313
833.995,313
834.113,310
834.232,320
834.35,312
834.468,317
834.586,327
834.705,310
834.823,309
834.941,314
835.059,321
835.178,312
835.296,312
835.414,311
835.532,316
835.651,325
835.769,314
835.887,305
836.005,310
836.124,318
836.242,305
836.36,311
836.478,309
836.596,318
836.715,317
836.833,307
836.951,325
837.069,326
837.188,319
837.306,317
837.424,316
837.542,325
837.66,317
837.779,310
837.897,310
838.015,322
838.133,325
838.251,312
838.369,319
838.487,305
838.606,303
838.724,323
838.842,311
838.96,310
839.078,312
839.196,316
839.315,318
839.433,310
839.551,305
839.669,313
839.787,308
839.905,314
840.023,316
840.142,322
840.26,305
840.378,318
840.496,321
840.614,323
840.732,313
840.85,323
840.968,319
841.087,323
841.205,301
841.323,302
841.441,326
841.559,315
841.677,325
841.795,309
841.913,309
842.031,321
842.149,323
842.267,323
842.385,321
842.504,317
842.622,317
842.74,301
842.858,315
842.976,314
843.094,323
843.212,302
843.33,316
843.448,299
843.566,316
843.684,317
843.802,324
843.92,304
844.038,309
844.156,308
844.274,312
844.392,307
844.51,311
844.628,314
844.746,310
844.864,329
844.982,320
845.1,306
845.218,311
845.336,314
845.454,316
845.572,317
845.69,303
845.808,314
845.926,312
846.044,292
846.162,315
846.28,312
846.398,316
846.516,315
846.634,313
846.752,312
846.87,321
846.988,306
847.106,306
847.224,320
847.342,308
847.46,317
847.578,314
847.696,319
847.814,307
847.932,315
848.05,317
848.168,319
848.285,310
848.403,315
848.521,318
848.639,306
848.757,324
848.875,303
848.993,298
849.111,307
849.229,317
849.347,315
849.465,312
849.582,325
849.7,309
849.818,321
849.936,320
850.054,312
850.172,302
850.29,317
850.408,313
850.525,312
850.643,308
850.761,320
850.879,314
850.997,310
851.115,313
851.233,311
851.35,327
851.468,323
851.586,309
851.704,306
851.822,326
851.94,317
852.057,310
852.175,313
852.293,316
852.411,310
852.529,309
852.647,311
852.764,318
852.882,306
853.0,312
853.118,315
853.236,303
853.353,311
853.471,314
853.589,314
853.707,320
853.824,307
853.942,303
854.06,307
854.178,313
854.296,318
854.413,313
854.531,317
854.649,316
854.767,314
854.884,319
855.002,316
855.12,307
855.238,330
855.355,322
855.473,327
855.591,313
855.708,319
855.826,321
855.944,315
856.062,303
856.179,304
856.297,313
856.415,314
856.532,314
856.65,327
856.768,309
856.886,299
857.003,309
857.121,306
857.239,309
857.356,312
857.474,316
857.592,297
857.709,312
857.827,312
857.945,319
858.062,333
858.18,312
858.298,315
858.415,318
858.533,299
858.651,309
858.768,315
858.886,313
859.003,314
859.121,312
859.239,309
859.356,307
859.474,305
859.592,323
859.709,311
859.827,306
859.944,315
860.062,311
860.18,311
860.297,314
860.415,305
860.532,320
860.65,314
860.768,299
860.885,315
861.003,315
861.12,310
861.238,307
861.356,318
861.473,316
861.591,309
861.708,312
861.826,305
861.943,321
862.061,319
862.178,304
862.296,319
862.414,312
862.531,311
862.649,314
862.766,302
862.884,318
863.001,309
863.119,321
863.236,318
863.354,308
863.471,317
863.589,316
863.706,318
863.824,317
863.941,306
864.059,321
864.176,309
864.294,312
864.411,325
864.529,298
864.646,311
864.764,324
864.881,307
864.999,322
865.116,317
865.233,324
865.351,315
865.468,313
865.586,303
865.703,326
865.821,321
865.938,316
866.056,316
866.173,320
866.29,302
866.408,319
866.525,305
866.643,306
866.76,301
866.878,312
866.995,315
867.112,318
867.23,320
867.347,319
867.465,308
867.582,311
867.699,310
867.817,317
867.934,321
868.051,310
868.169,317
868.286,308
868.404,311
868.521,312
868.638,318
868.756,311
868.873,310
868.99,311
869.108,318
869.225,313
869.342,304
869.46,327
869.577,303
869.694,326
869.812,303
869.929,314
870.046,313
870.164,318
870.281,320
870.398,317
870.516,314
870.633,317
870.75,315
870.867,325
870.985,307
871.102,307
871.219,303
871.337,307
871.454,309
871.571,309
871.688,312
871.806,312
871.923,303
872.04,306
872.157,319
872.275,315
872.392,301
872.509,332
872.626,310
872.744,311
872.861,306
872.978,319
873.095,319
873.213,326
873.33,308
873.447,305
873.564,317
873.681,320
873.799,319
873.916,303
874.033,311
874.15,315
874.267,321
874.385,319
874.502,304
874.619,304
874.736,319
874.853,318
874.97,317
875.088,291
875.205,318
875.322,307
875.439,320
875.556,321
875.673,307
875.791,315
875.908,302
876.025,322
876.142,311
876.259,318
876.376,312
876.493,307
876.61,315
876.728,314
876.845,309
876.962,310
877.079,315
877.196,317
877.313,307
877.43,323
877.547,308
877.664,314
877.781,307
877.898,314
878.016,301
878.133,310
878.25,310
878.367,307
878.484,307
878.601,318
878.718,315
878.835,304
878.952,318
879.069,310
879.186,311
879.303,319
879.42,322
879.537,315
879.654,311
879.771,303
879.888,328
880.005,316
880.122,317
880.239,294
880.356,324
880.473,320
880.59,307
880.707,323
880.824,326
880.941,306
881.058,312
881.175,341
881.292,313
881.409,313
881.526,305
881.643,312
881.76,310
881.877,311
881.994,318
882.111,326
882.228,325
882.345,305
882.462,308
882.579,324
882.696,313
882.812,328
882.929,319
883.046,307
883.163,312
883.28,320
883.397,312
883.514,322
883.631,313
883.748,327
883.865,307
883.982,314
884.098,303
884.215,334
884.332,316
884.449,312
884.566,308
884.683,321
884.8,320
884.916,318
885.033,312
885.15,320
885.267,300
885.384,327
885.501,330
885.617,327
885.734,312
885.851,312
885.968,313
886.085,325
886.202,319
886.318,320
886.435,308
886.552,325
886.669,319
886.786,312
886.902,308
887.019,304
887.136,328
887.253,321
887.369,312
887.486,316
887.603,303
887.72,328
887.837,322
887.953,313
888.07,318
888.187,321
888.304,308
888.42,300
888.537,312
888.654,319
888.77,306
888.887,322
889.004,310
889.121,324
889.237,322
889.354,316
889.471,312
889.587,324
889.704,313
889.821,321
889.938,315
890.054,321
890.171,316
890.288,308
890.404,325
890.521,301
890.638,300
890.754,321
890.871,313
890.988,315
891.104,312
891.221,324
891.337,316
891.454,309
891.571,313
891.687,323
891.804,321
891.921,319
892.037,319
892.154,317
892.27,313
892.387,320
892.504,316
892.62,309
892.737,310
892.854,314
892.97,320
893.087,315
893.203,316
893.32,309
893.436,323
893.553,321
893.67,315
893.786,314
893.903,296
894.019,318
894.136,315
894.252,326
894.369,306
894.485,328
894.602,321
894.718,318
894.835,314
894.951,309
895.068,316
895.184,311
895.301,317
895.417,312
895.534,304
895.65,318
895.767,308
895.883,322
896.0,310
896.116,311
896.233,304
896.349,323
896.466,316
896.582,314
896.699,308
896.815,324
896.932,305
897.048,304
897.165,309
897.281,309
897.397,292
897.514,311
897.63,328
897.747,318
897.863,315
897.979,312
898.096,307
898.212,319
898.329,315
898.445,307
898.561,312
898.678,310
898.794,301
898.911,311
899.027,312
899.143,311
899.26,305
899.376,316
899.492,314
899.609,308
899.725,313
899.842,319
899.958,325
900.074,322
900.191,322
900.307,319
900.423,315
900.539,329
900.656,304
900.772,303
900.888,320
901.005,314
901.121,310
901.237,322
901.354,300
901.47,312
901.586,311
901.703,319
901.819,313
901.935,306
902.051,313
902.168,319
902.284,318
902.4,310
902.516,316
902.633,309
902.749,322
902.865,315
902.981,305
903.098,312
903.214,313
903.33,314
903.446,327
903.562,323
903.679,313
903.795,320
903.911,310
904.027,313
904.143,316
904.26,308
904.376,330
904.492,318
904.608,307
904.724,315
904.841,316
904.957,325
905.073,313
905.189,310
905.305,309
905.421,312
905.538,307
905.654,322
905.77,321
905.886,313
906.002,309
906.118,317
906.234,305
906.35,321
906.466,317
906.583,300
906.699,315
906.815,310
906.931,304
907.047,303
907.163,315
907.279,309
907.395,316
907.511,315
907.627,314
907.743,306
907.859,308
907.976,304
908.092,324
908.208,311
908.324,295
908.44,312
908.556,315
908.672,322
908.788,320
908.904,312
909.02,302
909.136,323
909.252,310
909.368,312
909.484,327
909.6,306
909.716,314
909.832,316
909.948,316
910.064,310
910.18,320
910.296,309
910.412,327
910.528,323
910.644,309
910.76,319
910.875,312
910.991,331
911.107,314
911.223,321
911.339,319
911.455,309
911.571,311
911.687,335
911.803,312
911.919,310
912.035,305
912.151,325
912.267,303
912.382,328
912.498,310
912.614,321
912.73,321
912.846,308
792.446,323
792.565,347
792.684,403
792.803,382
792.922,347
793.041,298
793.16,317
793.279,340
793.398,320
793.518,322
793.637,317
793.756,331
793.875,351
793.994,341
794.113,341
794.232,330
794.351,324
794.47,334
794.589,325
794.708,320
794.827,324
794.946,336
795.066,332
795.185,340
795.304,330
795.423,336
795.542,325
795.661,342
795.78,315
795.899,325
796.018,334
796.137,334
796.256,338
796.375,336
796.494,343
796.613,324
796.732,344
796.851,338
796.97,339
797.089,330
797.208,312
797.327,332
797.446,320
797.565,328
797.684,331
797.803,346
797.922,329
798.041,325
798.16,327
798.279,333
798.398,316
798.517,331
798.636,341
798.755,333
798.874,330
798.993,316
799.112,326
799.231,326
799.35,321
799.469,340
799.588,325
799.707,321
799.826,330
799.945,323
800.064,337
800.183,320
800.302,330
800.421,339
800.54,328
800.659,334
800.778,329
800.897,340
801.016,326
801.135,329
801.254,322
801.373,323
801.492,332
801.611,333
801.729,312
801.848,316
801.967,318
802.086,311
802.205,326
802.324,331
802.443,330
802.562,318
802.681,316
802.8,335
802.919,323
803.038,335
803.157,328
803.276,324
803.394,336
803.513,326
803.632,324
803.751,333
803.87,333
803.989,338
804.108,327
804.227,326
804.346,325
804.465,334
804.583,337
804.702,330
804.821,326
804.94,342
805.059,337
805.178,334
805.297,333
805.416,335
805.535,320
805.653,338
805.772,339
805.891,332
806.01,340
806.129,332
806.248,330
806.367,344
806.485,310
806.604,340
806.723,332
806.842,354
806.961,323
807.08,333
807.198,329
807.317,331
807.436,334
807.555,328
807.674,339
807.793,337
807.912,322
808.03,320
808.149,317
808.268,335
808.387,330
808.506,328
808.624,328
808.743,339
808.862,320
808.981,321
809.1,336
809.219,348
809.337,340
809.456,329
809.575,319
809.694,344
809.812,328
809.931,338
810.05,325
810.169,319
810.288,332
810.406,343
810.525,332
810.644,333
810.763,338
810.882,337
811.0,349
811.119,335
811.238,331
811.357,330
811.475,322
811.594,328
811.713,334
811.832,333
811.95,330
812.069,335
812.188,324
812.307,336
812.425,338
812.544,338
812.663,328
812.782,338
812.9,328
813.019,324
813.138,317
813.257,337
813.375,326
813.494,336
813.613,327
813.731,330
813.85,335
813.969,337
814.088,338
814.206,334
814.325,325
814.444,331
814.562,324
814.681,335
814.8,324
814.918,331
815.037,319
815.156,332
815.274,338
815.393,337
815.512,333
815.631,338
815.749,330
815.868,333
815.987,328
816.105,322
816.224,330
816.343,338
816.461,326
816.58,330
816.698,331
816.817,314
816.936,337
817.055,333
817.173,333
817.292,323
817.41,321
817.529,326
817.648,330
817.766,314
817.885,323
818.004,329
818.122,311
818.241,336
818.359,318
818.478,329
818.597,327
818.715,328
818.834,324
818.953,307
819.071,320
819.19,332
819.308,329
819.427,322
819.546,314
819.664,310
819.783,330
819.901,318
820.02,313
820.138,325
820.257,331
820.376,307
820.494,322
820.613,324
820.731,323
820.85,304
820.969,320
821.087,321
821.206,322
821.324,326
821.443,315
821.561,320
821.68,310
821.798,331
821.917,321
822.035,327
822.154,310
822.273,329
822.391,320
822.51,314
822.628,317
822.747,322
822.865,314
822.984,316
823.102,298
823.221,319
823.339,322
823.458,313
823.576,322
823.695,310
823.813,318
823.932,314
824.05,320
824.169,328
824.287,319
824.406,320
824.524,310
824.643,330
824.761,315
824.88,307
824.998,323
825.117,322
825.235,323
825.354,327
825.472,321
825.591,327
825.709,316
825.828,310
825.946,319
826.064,312
826.183,318
826.301,307
826.42,316
826.538,324
826.657,303
826.775,315
826.894,303
827.012,317
827.13,312
827.249,319
827.367,327
827.486,320
827.604,334
827.723,310
827.841,312
827.959,318
828.078,304
828.196,324
828.315,313
828.433,321
828.552,313
828.67,326
828.788,314
828.907,313
829.025,315
829.143,318
829.262,296
829.38,319
829.499,321
829.617,333
829.735,316
829.854,316
829.972,307
830.091,328
830.209,320
830.327,317
830.446,318
830.564,328
830.682,311
830.801,307
830.919,316
831.037,317
831.156,315
831.274,320
831.392,317
831.511,323
831.629,325
831.747,318
831.866,330
831.984,314
832.102,308
832.221,317
832.339,328
832.457,315
832.576,309
832.694,317
832.812,313
832.93,317
833.049,316
833.167,321
833.285,321
833.404,334
833.522,320
833.64,325
833.759,321
833.877,317
833.995,319
834.113,327
834.232,328
834.35,316
834.468,320
834.586,324
834.705,324
834.823,311
834.941,303
835.059,323
835.178,324
835.296,320
835.414,306
835.532,322
835.651,320
835.769,311
835.887,315
836.005,323
836.124,317
836.242,309
836.36,315
836.478,313
836.596,321
836.715,306
836.833,311
836.951,316
837.069,318
837.188,318
837.306,314
837.424,317
837.542,326
837.66,326
837.779,327
837.897,300
838.015,304
838.133,321
838.251,304
838.369,309
838.487,321
838.606,321
838.724,323
838.842,332
838.96,313
839.078,317
839.196,309
839.315,317
839.433,324
839.551,322
839.669,323
839.787,316
839.905,312
840.023,315
840.142,332
840.26,310
840.378,314
840.496,324
840.614,333
840.732,309
840.85,313
840.968,324
841.087,319
841.205,326
841.323,311
841.441,316
841.559,315
841.677,328
841.795,314
841.913,307
842.031,318
842.149,318
842.267,323
842.385,313
842.504,308
842.622,311
842.74,321
842.858,312
842.976,314
843.094,309
843.212,320
843.33,315
843.448,309
843.566,325
843.684,307
843.802,320
843.92,315
844.038,313
844.156,329
844.274,306
844.392,314
844.51,319
844.628,312
844.746,297
844.864,318
844.982,306
845.1,310
845.218,305
845.336,325
845.454,315
845.572,301
845.69,325
845.808,311
845.926,325
846.044,309
846.162,301
846.28,302
846.398,313
846.516,320
846.634,326
846.752,322
846.87,320
846.988,313
847.106,325
847.224,314
847.342,310
847.46,312
847.578,316
847.696,298
847.814,319
847.932,309
848.05,324
848.168,324
848.285,319
848.403,313
848.521,325
848.639,319
848.757,303
848.875,320
848.993,310
849.111,316
849.229,334
849.347,317
849.465,335
849.582,317
849.7,318
849.818,311
849.936,308
850.054,319
850.172,313
850.29,314
850.408,313
850.525,306
850.643,333
850.761,323
850.879,301
850.997,318
851.115,307
851.233,319
851.35,316
851.468,322
851.586,317
851.704,314
851.822,329
851.94,322
852.057,311
852.175,320
852.293,307
852.411,314
852.529,315
852.647,310
852.764,313
852.882,328
853.0,317
853.118,333
853.236,330
853.353,295
853.471,314
853.589,309
853.707,322
853.824,322
853.942,319
854.06,316
854.178,312
854.296,320
854.413,317
854.531,298
854.649,321
854.767,303
854.884,323
855.002,310
855.12,310
855.238,311
855.355,308
855.473,324
855.591,325
855.708,323
855.826,315
855.944,315
856.062,321
856.179,313
856.297,303
856.415,323
856.532,330
856.65,308
856.768,308
856.886,314
857.003,311
857.121,312
857.239,326
857.356,313
857.474,328
857.592,310
857.709,330
857.827,317
857.945,312
858.062,316
858.18,317
858.298,312
858.415,327
858.533,310
858.651,316
858.768,307
858.886,311
859.003,312
859.121,331
859.239,307
859.356,313
859.474,316
859.592,317
859.709,316
859.827,321
859.944,313
860.062,328
860.18,320
860.297,321
860.415,311
860.532,325
860.65,330
860.768,307
860.885,313
861.003,319
861.12,319
861.238,319
861.356,333
861.473,290
861.591,325
861.708,320
861.826,321
861.943,303
862.061,325
862.178,317
862.296,319
862.414,321
862.531,310
862.649,311
862.766,304
862.884,313
863.001,309
863.119,324
863.236,310
863.354,312
863.471,312
863.589,310
863.706,317
863.824,311
863.941,326
864.059,329
864.176,308
864.294,322
864.411,309
864.529,315
864.646,310
864.764,312
864.881,311
864.999,313
865.116,307
865.233,314
865.351,332
865.468,333
865.586,313
865.703,302
865.821,307
865.938,314
866.056,305
866.173,322
866.29,322
866.408,320
866.525,321
866.643,339
866.76,320
866.878,314
866.995,317
867.112,305
867.23,309
867.347,308
867.465,306
867.582,326
867.699,310
867.817,308
867.934,329
868.051,318
868.169,318
868.286,330
868.404,301
868.521,312
868.638,303
868.756,320
868.873,314
868.99,314
869.108,322
869.225,316
869.342,314
869.46,308
869.577,299
869.694,319
869.812,320
869.929,319
870.046,321
870.164,316
870.281,310
870.398,324
870.516,325
870.633,321
870.75,318
870.867,320
870.985,312
871.102,315
871.219,311
871.337,321
871.454,314
871.571,316
871.688,313
871.806,309
871.923,309
872.04,310
872.157,327
872.275,313
872.392,325
872.509,321
872.626,305
872.744,306
872.861,305
872.978,320
873.095,317
873.213,305
873.33,325
873.447,311
873.564,308
873.681,314
873.799,332
873.916,312
874.033,305
874.15,313
874.267,314
874.385,315
874.502,310
874.619,318
874.736,323
874.853,325
874.97,312
875.088,315
875.205,319
875.322,314
875.439,316
875.556,321
875.673,320
875.791,314
875.908,318
876.025,310
876.142,308
876.259,331
876.376,317
876.493,327
876.61,330
876.728,310
876.845,319
876.962,319
877.079,307
877.196,318
877.313,313
877.43,321
877.547,311
877.664,317
877.781,315
877.898,319
878.016,320
878.133,327
878.25,314
878.367,309
878.484,319
878.601,312
878.718,320
878.835,317
878.952,323
879.069,317
879.186,314
879.303,309
879.42,323
879.537,330
879.654,308
879.771,331
879.888,312
880.005,324
880.122,307
880.239,310
880.356,301
880.473,319
880.59,326
880.707,326
880.824,326
880.941,319
881.058,323
881.175,317
881.292,313
881.409,304
881.526,314
881.643,313
881.76,299
881.877,314
881.994,302
882.111,317
882.228,306
882.345,317
882.462,317
882.579,321
882.696,331
882.812,311
882.929,315
883.046,322
883.163,297
883.28,331
883.397,308
883.514,323
883.631,312
883.748,323
883.865,317
883.982,326
884.098,311
884.215,318
884.332,320
884.449,309
884.566,306
884.683,314
884.8,318
884.916,319
885.033,313
885.15,324
885.267,312
885.384,311
885.501,312
885.617,322
885.734,318
885.851,316
885.968,313
886.085,318
886.202,318
886.318,316
886.435,322
886.552,333
886.669,309
886.786,315
886.902,313
887.019,328
887.136,321
887.253,319
887.369,304
887.486,319
887.603,319
887.72,323
887.837,316
887.953,315
888.07,320
888.187,316
888.304,307
888.42,317
888.537,320
888.654,324
888.77,327
888.887,319
889.004,310
889.121,315
889.237,310
889.354,318
889.471,310
889.587,304
889.704,298
889.821,321
889.938,310
890.054,317
890.171,302
890.288,323
890.404,313
890.521,316
890.638,327
890.754,306
890.871,322
890.988,315
891.104,323
891.221,317
891.337,320
891.454,327
891.571,308
891.687,318
891.804,305
891.921,328
892.037,313
892.154,326
892.27,315
892.387,314
892.504,314
892.62,317
892.737,327
892.854,313
892.97,312
893.087,319
893.203,320
893.32,311
893.436,306
893.553,312
893.67,318
893.786,311
893.903,306
894.019,321
894.136,308
894.252,319
894.369,325
894.485,311
894.602,318
894.718,312
894.835,315
894.951,324
895.068,306
895.184,329
895.301,313
895.417,325
895.534,305
895.65,323
895.767,301
895.883,325
896.0,311
896.116,304
896.233,316
896.349,315
896.466,321
896.582,315
896.699,324
896.815,323
896.932,320
897.048,325
897.165,319
897.281,316
897.397,308
897.514,309
897.63,303
897.747,328
897.863,308
897.979,325
898.096,309
898.212,311
898.329,312
898.445,310
898.561,311
898.678,318
898.794,314
898.911,312
899.027,323
899.143,327
899.26,309
899.376,319
899.492,316
899.609,312
899.725,307
899.842,318
899.958,318
900.074,314
900.191,321
900.307,328
900.423,315
900.539,333
900.656,300
900.772,306
900.888,309
901.005,322
901.121,322
901.237,321
901.354,330
901.47,301
901.586,321
901.703,319
901.819,321
901.935,325
902.051,319
902.168,325
902.284,308
902.4,333
902.516,306
902.633,312
902.749,322
902.865,328
902.981,304
903.098,315
903.214,308
903.33,321
903.446,314
903.562,321
903.679,315
903.795,320
903.911,315
904.027,322
904.143,314
904.26,315
904.376,323
904.492,315
904.608,301
904.724,310
904.841,321
904.957,320
905.073,313
905.189,322
905.305,308
905.421,320
905.538,311
905.654,319
905.77,314
905.886,310
906.002,306
906.118,320
906.234,318
906.35,316
906.466,316
906.583,309
906.699,302
906.815,339
906.931,312
907.047,320
907.163,312
907.279,316
907.395,317
907.511,313
907.627,296
907.743,330
907.859,310
907.976,317
908.092,311
908.208,317
908.324,301
908.44,320
908.556,313
908.672,322
908.788,317
908.904,312
909.02,316
909.136,330
909.252,315
909.368,326
909.484,312
909.6,315
909.716,312
909.832,312
909.948,310
910.064,311
910.18,316
910.296,319
910.412,310
910.528,315
910.644,308
910.76,323
910.875,320
910.991,310
911.107,317
911.223,314
911.339,320
911.455,316
911.571,314
911.687,315
911.803,310
911.919,308
912.035,321
912.151,321
912.267,315
912.382,315
912.498,312
912.614,320
912.73,317
912.846,310
