792.446,1991
792.565,2002
792.684,1967
792.803,1947
792.922,1913
793.041,1906
793.16,1876
793.279,1881
793.398,1874
793.518,1827
793.637,1803
793.756,1871
793.875,1854
793.994,1793
794.113,1753
794.232,1759
794.351,1735
794.47,1786
794.589,1768
794.708,1701
794.827,1706
794.946,1728
795.066,1697
795.185,1664
795.304,1673
795.423,1708
795.542,1678
795.661,1701
795.78,1692
795.899,1645
796.018,1702
796.137,1627
796.256,1662
796.375,1645
796.494,1620
796.613,1634
796.732,1661
796.851,1621
796.97,1610
797.089,1645
797.208,1586
797.327,1588
797.446,1652
797.565,1589
797.684,1568
797.803,1597
797.922,1570
798.041,1562
798.16,1551
798.279,1584
798.398,1589
798.517,1554
798.636,1579
798.755,1508
798.874,1549
798.993,1536
799.112,1587
799.231,1575
799.35,1585
799.469,1530
799.588,1534
799.707,1590
799.826,1558
799.945,1538
800.064,1576
800.183,1566
800.302,1562
800.421,1545
800.54,1558
800.659,1559
800.778,1519
800.897,1496
801.016,1531
801.135,1538
801.254,1516
801.373,1527
801.492,1486
801.611,1519
801.729,1487
801.848,1499
801.967,1543
802.086,1528
802.205,1547
802.324,1511
802.443,1577
802.562,1517
802.681,1490
802.8,1508
802.919,1500
803.038,1520
803.157,1536
803.276,1529
803.394,1470
803.513,1501
803.632,1550
803.751,1513
803.87,1486
803.989,1543
804.108,1509
804.227,1505
804.346,1496
804.465,1503
804.583,1542
804.702,1494
804.821,1504
804.94,1491
805.059,1506
805.178,1524
805.297,1492
805.416,1531
805.535,1502
805.653,1489
805.772,1517
805.891,1475
806.01,1503
806.129,1534
806.248,1506
806.367,1477
806.485,1506
806.604,1478
806.723,1487
806.842,1514
806.961,1484
807.08,1465
807.198,1513
807.317,1481
807.436,1444
807.555,1505
807.674,1488
807.793,1503
807.912,1432
808.03,1456
808.149,1502
808.268,1494
808.387,1525
808.506,1444
808.624,1450
808.743,1525
808.862,1460
808.981,1473
809.1,1478
809.219,1497
809.337,1471
809.456,1501
809.575,1480
809.694,1461
809.812,1494
809.931,1487
810.05,1481
810.169,1448
810.288,1462
810.406,1487
810.525,1530
810.644,1477
810.763,1500
810.882,1502
811.0,1515
811.119,1451
811.238,1446
811.357,1495
811.475,1477
811.594,1455
811.713,1513
811.832,1483
811.95,1487
812.069,1492
812.188,1502
812.307,1512
812.425,1494
812.544,1458
812.663,1477
812.782,1475
812.9,1505
813.019,1471
813.138,1546
813.257,1483
813.375,1506
813.494,1470
813.613,1456
813.731,1479
813.85,1436
813.969,1453
814.088,1443
814.206,1465
814.325,1462
814.444,1449
814.562,1456
814.681,1471
814.8,1448
814.918,1482
815.037,1427
815.156,1470
815.274,1452
815.393,1489
815.512,1417
815.631,1465
815.749,1437
815.868,1434
815.987,1454
816.105,1442
816.224,1469
816.343,1445
816.461,1465
816.58,1444
816.698,1470
816.817,1468
816.936,1479
817.055,1467
817.173,1453
817.292,1455
817.41,1440
817.529,1456
817.648,1417
817.766,1431
817.885,1431
818.004,1452
818.122,1405
818.241,1368
818.359,1484
818.478,1407
818.597,1416
818.715,1408
818.834,1384
818.953,1372
819.071,1373
819.19,1349
819.308,1390
819.427,1307
819.546,1333
819.664,1388
819.783,1400
819.901,1374
820.02,1367
820.138,1371
820.257,1362
820.376,1378
820.494,1372
820.613,1366
820.731,1313
820.85,1363
820.969,1354
821.087,1349
821.206,1338
821.324,1319
821.443,1335
821.561,1321
821.68,1325
821.798,1318
821.917,1392
822.035,1350
822.154,1325
822.273,1308
822.391,1321
822.51,1365
822.628,1339
822.747,1356
822.865,1302
822.984,1353
823.102,1328
823.221,1333
823.339,1308
823.458,1337
823.576,1334
823.695,1345
823.813,1326
823.932,1342
824.05,1311
824.169,1345
824.287,1334
824.406,1324
824.524,1333
824.643,1338
824.761,1388
824.88,1307
824.998,1348
825.117,1278
825.235,1358
825.354,1357
825.472,1294
825.591,1300
825.709,1304
825.828,1318
825.946,1310
826.064,1328
826.183,1294
826.301,1340
826.42,1351
826.538,1290
826.657,1311
826.775,1316
826.894,1296
827.012,1322
827.13,1317
827.249,1335
827.367,1321
827.486,1319
827.604,1284
827.723,1342
827.841,1311
827.959,1317
828.078,1323
828.196,1309
828.315,1272
828.433,1292
828.552,1302
828.67,1275
828.788,1288
828.907,1294
829.025,1321
829.143,1314
829.262,1329
829.38,1290
829.499,1349
829.617,1334
829.735,1322
829.854,1268
829.972,1263
830.091,1326
830.209,1290
830.327,1274
830.446,1334
830.564,1297
830.682,1296
830.801,1288
830.919,1347
831.037,1294
831.156,1329
831.274,1307
831.392,1283
831.511,1290
831.629,1275
831.747,1322
831.866,1292
831.984,1310
832.102,1313
832.221,1318
832.339,1311
832.457,1305
832.576,1304
832.694,1288
832.812,1292
832.93,1289
833.049,1303
833.167,1290
833.285,1272
833.404,1282
833.522,1271
833.64,1274
833.759,1290
833.877,1279
833.995,1292
834.113,1275
834.232,1275
834.35,1301
834.468,1280
834.586,1313
834.705,1306
834.823,1286
834.941,1261
835.059,1294
835.178,1320
835.296,1275
835.414,1318
835.532,1267
835.651,1283
835.769,1245
835.887,1338
836.005,1318
836.124,1304
836.242,1311
836.36,1265
836.478,1289
836.596,1249
836.715,1260
836.833,1272
836.951,1288
837.069,1295
837.188,1260
837.306,1298
837.424,1306
837.542,1323
837.66,1268
837.779,1331
837.897,1275
838.015,1296
838.133,1323
838.251,1355
838.369,1287
838.487,1291
838.606,1284
838.724,1309
838.842,1294
838.96,1326
839.078,1274
839.196,1322
839.315,1273
839.433,1326
839.551,1311
839.669,1293
839.787,1298
839.905,1343
840.023,1329
840.142,1338
840.26,1311
840.378,1305
840.496,1349
840.614,1332
840.732,1309
840.85,1314
840.968,1310
841.087,1323
841.205,1328
841.323,1326
841.441,1314
841.559,1322
841.677,1323
841.795,1292
841.913,1261
842.031,1374
842.149,1286
842.267,1312
842.385,1292
842.504,1326
842.622,1287
842.74,1301
842.858,1302
842.976,1329
843.094,1304
843.212,1298
843.33,1326
843.448,1288
843.566,1269
843.684,1272
843.802,1286
843.92,1305
844.038,1287
844.156,1314
844.274,1321
844.392,1323
844.51,1304
844.628,1297
844.746,1265
844.864,1264
844.982,1326
845.1,1298
845.218,1271
845.336,1333
845.454,1293
845.572,1280
845.69,1267
845.808,1317
845.926,1287
846.044,1276
846.162,1260
846.28,1273
846.398,1272
846.516,1330
846.634,1337
846.752,1291
846.87,1291
846.988,1305
847.106,1314
847.224,1311
847.342,1270
847.46,1261
847.578,1303
847.696,1310
847.814,1309
847.932,1326
848.05,1293
848.168,1283
848.285,1253
848.403,1318
848.521,1291
848.639,1297
848.757,1244
848.875,1308
848.993,1310
849.111,1290
849.229,1249
849.347,1258
849.465,1274
849.582,1285
849.7,1281
849.818,1305
849.936,1295
850.054,1312
850.172,1278
850.29,1283
850.408,1294
850.525,1302
850.643,1261
850.761,1279
850.879,1273
850.997,1312
851.115,1249
851.233,1339
851.35,1291
851.468,1282
851.586,1265
851.704,1290
851.822,1241
851.94,1317
852.057,1295
852.175,1278
852.293,1268
852.411,1311
852.529,1346
852.647,1328
852.764,1323
852.882,1290
853.0,1283
853.118,1298
853.236,1317
853.353,1299
853.471,1306
853.589,1296
853.707,1294
853.824,1289
853.942,1290
854.06,1286
854.178,1318
854.296,1337
854.413,1297
854.531,1337
854.649,1303
854.767,1316
854.884,1312
855.002,1311
855.12,1296
855.238,1256
855.355,1320
855.473,1277
855.591,1348
855.708,1287
855.826,1336
855.944,1321
856.062,1297
856.179,1341
856.297,1283
856.415,1346
856.532,1359
856.65,1322
856.768,1322
856.886,1325
857.003,1309
857.121,1343
857.239,1309
857.356,1311
857.474,1295
857.592,1306
857.709,1324
857.827,1333
857.945,1313
858.062,1336
858.18,1317
858.298,1290
858.415,1266
858.533,1307
858.651,1284
858.768,1343
858.886,1312
859.003,1306
859.121,1306
859.239,1323
859.356,1261
859.474,1332
859.592,1248
859.709,1312
859.827,1284
859.944,1291
860.062,1252
860.18,1279
860.297,1302
860.415,1293
860.532,1285
860.65,1264
860.768,1301
860.885,1293
861.003,1300
861.12,1300
861.238,1290
861.356,1303
861.473,1292
861.591,1277
861.708,1248
861.826,1278
861.943,1281
862.061,1323
862.178,1267
862.296,1291
862.414,1275
862.531,1282
862.649,1313
862.766,1280
862.884,1295
863.001,1270
863.119,1247
863.236,1296
863.354,1272
863.471,1278
863.589,1341
863.706,1279
863.824,1275
863.941,1358
864.059,1308
864.176,1308
864.294,1300
864.411,1263
864.529,1299
864.646,1305
864.764,1315
864.881,1289
864.999,1292
865.116,1290
865.233,1225
865.351,1238
865.468,1289
865.586,1298
865.703,1237
865.821,1312
865.938,1281
866.056,1275
866.173,1276
866.29,1294
866.408,1265
866.525,1298
866.643,1245
866.76,1275
866.878,1263
866.995,1309
867.112,1328
867.23,1287
867.347,1339
867.465,1297
867.582,1285
867.699,1329
867.817,1290
867.934,1299
868.051,1288
868.169,1320
868.286,1277
868.404,1327
868.521,1295
868.638,1317
868.756,1299
868.873,1311
868.99,1300
869.108,1288
869.225,1288
869.342,1259
869.46,1283
869.577,1331
869.694,1288
869.812,1305
869.929,1278
870.046,1325
870.164,1308
870.281,1298
870.398,1304
870.516,1320
870.633,1287
870.75,1326
870.867,1308
870.985,1358
871.102,1312
871.219,1345
871.337,1359
871.454,1297
871.571,1349
871.688,1301
871.806,1328
871.923,1294
872.04,1279
872.157,1280
872.275,1252
872.392,1294
872.509,1313
872.626,1307
872.744,1304
872.861,1328
872.978,1341
873.095,1301
873.213,1303
873.33,1290
873.447,1313
873.564,1312
873.681,1300
873.799,1330
873.916,1283
874.033,1320
874.15,1314
874.267,1314
874.385,1297
874.502,1340
874.619,1294
874.736,1364
874.853,1353
874.97,1349
875.088,1275
875.205,1348
875.322,1327
875.439,1350
875.556,1324
875.673,1338
875.791,1289
875.908,1348
876.025,1295
876.142,1355
876.259,1326
876.376,1310
876.493,1303
876.61,1349
876.728,1306
876.845,1319
876.962,1288
877.079,1353
877.196,1290
877.313,1350
877.43,1318
877.547,1338
877.664,1275
877.781,1295
877.898,1327
878.016,1324
878.133,1316
878.25,1328
878.367,1346
878.484,1333
878.601,1287
878.718,1300
878.835,1306
878.952,1333
879.069,1296
879.186,1297
879.303,1310
879.42,1272
879.537,1316
879.654,1276
879.771,1304
879.888,1309
880.005,1326
880.122,1329
880.239,1307
880.356,1291
880.473,1295
880.59,1290
880.707,1278
880.824,1302
880.941,1290
881.058,1324
881.175,1299
881.292,1276
881.409,1298
881.526,1318
881.643,1269
881.76,1300
881.877,1275
881.994,1337
882.111,1264
882.228,1293
882.345,1296
882.462,1289
882.579,1285
882.696,1311
882.812,1307
882.929,1267
883.046,1252
883.163,1304
883.28,1339
883.397,1318
883.514,1296
883.631,1290
883.748,1293
883.865,1278
883.982,1306
884.098,1259
884.215,1287
884.332,1362
884.449,1300
884.566,1313
884.683,1336
884.8,1358
884.916,1346
885.033,1335
885.15,1344
885.267,1371
885.384,1394
885.501,1362
885.617,1325
885.734,1376
885.851,1327
885.968,1392
886.085,1323
886.202,1392
886.318,1370
886.435,1393
886.552,1358
886.669,1354
886.786,1367
886.902,1361
887.019,1356
887.136,1377
887.253,1395
887.369,1353
887.486,1328
887.603,1358
887.72,1326
887.837,1323
887.953,1371
888.07,1346
888.187,1338
888.304,1290
888.42,1337
888.537,1330
888.654,1285
888.77,1278
888.887,1310
889.004,1300
889.121,1289
889.237,1294
889.354,1314
889.471,1343
889.587,1275
889.704,1310
889.821,1323
889.938,1322
890.054,1301
890.171,1296
890.288,1296
890.404,1341
890.521,1268
890.638,1304
890.754,1359
890.871,1292
890.988,1324
891.104,1335
891.221,1286
891.337,1358
891.454,1368
891.571,1365
891.687,1378
891.804,1376
891.921,1335
892.037,1352
892.154,1311
892.27,1340
892.387,1332
892.504,1342
892.62,1352
892.737,1343
892.854,1313
892.97,1335
893.087,1345
893.203,1292
893.32,1303
893.436,1366
893.553,1328
893.67,1365
893.786,1305
893.903,1306
894.019,1311
894.136,1338
894.252,1281
894.369,1358
894.485,1276
894.602,1355
894.718,1340
894.835,1341
894.951,1294
895.068,1310
895.184,1301
895.301,1352
895.417,1317
895.534,1313
895.65,1341
895.767,1322
895.883,1346
896.0,1327
896.116,1343
896.233,1299
896.349,1282
896.466,1346
896.582,1307
896.699,1323
896.815,1292
896.932,1301
897.048,1348
897.165,1355
897.281,1315
897.397,1318
897.514,1314
897.63,1329
897.747,1305
897.863,1329
897.979,1330
898.096,1349
898.212,1305
898.329,1308
898.445,1325
898.561,1331
898.678,1327
898.794,1349
898.911,1300
899.027,1380
899.143,1325
899.26,1349
899.376,1302
899.492,1299
899.609,1317
899.725,1362
899.842,1339
899.958,1309
900.074,1334
900.191,1353
900.307,1378
900.423,1312
900.539,1318
900.656,1346
900.772,1336
900.888,1297
901.005,1341
901.121,1365
901.237,1343
901.354,1301
901.47,1343
901.586,1380
901.703,1333
901.819,1395
901.935,1326
902.051,1369
902.168,1403
902.284,1354
902.4,1365
902.516,1393
902.633,1377
902.749,1332
902.865,1408
902.981,1405
903.098,1356
903.214,1401
903.33,1359
903.446,1355
903.562,1373
903.679,1381
903.795,1388
903.911,1369
904.027,1370
904.143,1418
904.26,1364
904.376,1357
904.492,1358
904.608,1370
904.724,1359
904.841,1359
904.957,1363
905.073,1358
905.189,1352
905.305,1344
905.421,1389
905.538,1376
905.654,1337
905.77,1335
905.886,1358
906.002,1341
906.118,1362
906.234,1337
906.35,1354
906.466,1312
906.583,1326
906.699,1334
906.815,1376
906.931,1329
907.047,1334
907.163,1354
907.279,1364
907.395,1366
907.511,1350
907.627,1315
907.743,1360
907.859,1358
907.976,1362
908.092,1358
908.208,1337
908.324,1375
908.44,1352
908.556,1341
908.672,1372
908.788,1360
908.904,1369
909.02,1350
909.136,1379
909.252,1350
909.368,1372
909.484,1398
909.6,1372
909.716,1356
909.832,1359
909.948,1359
910.064,1391
910.18,1367
910.296,1349
910.412,1308
910.528,1350
910.644,1389
910.76,1355
910.875,1390
910.991,1364
911.107,1337
911.223,1331
911.339,1341
911.455,1366
911.571,1361
911.687,1352
911.803,1350
911.919,1329
912.035,1377
912.151,1333
912.267,1365
912.382,1315
912.498,1335
912.614,1361
912.73,1312
912.846,1343
792.446,2051
792.565,2006
792.684,2031
792.803,1973
792.922,1994
793.041,1900
793.16,1871
793.279,1894
793.398,1893
793.518,1915
793.637,1797
793.756,1849
793.875,1835
793.994,1813
794.113,1825
794.232,1809
794.351,1777
794.47,1786
794.589,1790
794.708,1754
794.827,1783
794.946,1724
795.066,1743
795.185,1758
795.304,1726
795.423,1703
795.542,1747
795.661,1758
795.78,1741
795.899,1673
796.018,1681
796.137,1667
796.256,1718
796.375,1693
796.494,1632
796.613,1651
796.732,1647
796.851,1633
796.97,1675
797.089,1600
797.208,1687
797.327,1610
797.446,1636
797.565,1663
797.684,1604
797.803,1626
797.922,1630
798.041,1617
798.16,1571
798.279,1570
798.398,1624
798.517,1601
798.636,1593
798.755,1595
798.874,1593
798.993,1597
799.112,1559
799.231,1576
799.35,1579
799.469,1570
799.588,1596
799.707,1590
799.826,1588
799.945,1570
800.064,1539
800.183,1563
800.302,1565
800.421,1551
800.54,1575
800.659,1600
800.778,1607
800.897,1514
801.016,1558
801.135,1519
801.254,1600
801.373,1570
801.492,1542
801.611,1542
801.729,1534
801.848,1554
801.967,1551
802.086,1575
802.205,1545
802.324,1549
802.443,1569
802.562,1573
802.681,1533
802.8,1561
802.919,1557
803.038,1545
803.157,1572
803.276,1488
803.394,1526
803.513,1546
803.632,1584
803.751,1502
803.87,1532
803.989,1500
804.108,1520
804.227,1538
804.346,1491
804.465,1527
804.583,1534
804.702,1498
804.821,1518
804.94,1571
805.059,1498
805.178,1541
805.297,1530
805.416,1522
805.535,1572
805.653,1520
805.772,1535
805.891,1534
806.01,1583
806.129,1544
806.248,1521
806.367,1480
806.485,1529
806.604,1503
806.723,1497
806.842,1566
806.961,1538
807.08,1520
807.198,1551
807.317,1494
807.436,1530
807.555,1508
807.674,1486
807.793,1519
807.912,1539
808.03,1513
808.149,1503
808.268,1490
808.387,1517
808.506,1492
808.624,1502
808.743,1489
808.862,1491
808.981,1518
809.1,1483
809.219,1530
809.337,1504
809.456,1513
809.575,1501
809.694,1523
809.812,1500
809.931,1545
810.05,1565
810.169,1491
810.288,1521
810.406,1545
810.525,1546
810.644,1533
810.763,1501
810.882,1522
811.0,1505
811.119,1497
811.238,1491
811.357,1540
811.475,1520
811.594,1506
811.713,1490
811.832,1498
811.95,1532
812.069,1553
812.188,1458
812.307,1534
812.425,1499
812.544,1499
812.663,1514
812.782,1488
812.9,1471
813.019,1476
813.138,1508
813.257,1500
813.375,1518
813.494,1501
813.613,1524
813.731,1463
813.85,1473
813.969,1516
814.088,1487
814.206,1472
814.325,1508
814.444,1449
814.562,1495
814.681,1506
814.8,1502
814.918,1477
815.037,1448
815.156,1478
815.274,1485
815.393,1465
815.512,1464
815.631,1522
815.749,1504
815.868,1477
815.987,1499
816.105,1446
816.224,1472
816.343,1454
816.461,1488
816.58,1496
816.698,1488
816.817,1497
816.936,1458
817.055,1512
817.173,1487
817.292,1473
817.41,1465
817.529,1458
817.648,1424
817.766,1493
817.885,1468
818.004,1452
818.122,1440
818.241,1432
818.359,1459
818.478,1443
818.597,1426
818.715,1408
818.834,1424
818.953,1400
819.071,1376
819.19,1412
819.308,1401
819.427,1396
819.546,1416
819.664,1367
819.783,1388
819.901,1380
820.02,1380
820.138,1390
820.257,1396
820.376,1378
820.494,1369
820.613,1384
820.731,1433
820.85,1363
820.969,1355
821.087,1395
821.206,1383
821.324,1414
821.443,1382
821.561,1389
821.68,1385
821.798,1384
821.917,1372
822.035,1382
822.154,1370
822.273,1384
822.391,1376
822.51,1347
822.628,1370
822.747,1354
822.865,1345
822.984,1394
823.102,1364
823.221,1374
823.339,1347
823.458,1348
823.576,1381
823.695,1345
823.813,1387
823.932,1348
824.05,1342
824.169,1367
824.287,1334
824.406,1392
824.524,1334
824.643,1349
824.761,1363
824.88,1347
824.998,1395
825.117,1340
825.235,1340
825.354,1379
825.472,1371
825.591,1352
825.709,1367
825.828,1351
825.946,1345
826.064,1336
826.183,1331
826.301,1338
826.42,1332
826.538,1326
826.657,1361
826.775,1359
826.894,1334
827.012,1334
827.13,1355
827.249,1330
827.367,1329
827.486,1344
827.604,1304
827.723,1325
827.841,1277
827.959,1318
828.078,1345
828.196,1336
828.315,1340
828.433,1349
828.552,1291
828.67,1341
828.788,1293
828.907,1323
829.025,1343
829.143,1343
829.262,1325
829.38,1320
829.499,1317
829.617,1358
829.735,1340
829.854,1303
829.972,1334
830.091,1299
830.209,1331
830.327,1320
830.446,1311
830.564,1323
830.682,1350
830.801,1286
830.919,1335
831.037,1345
831.156,1340
831.274,1350
831.392,1323
831.511,1315
831.629,1337
831.747,1322
831.866,1318
831.984,1366
832.102,1295
832.221,1339
832.339,1321
832.457,1314
832.576,1330
832.694,1314
832.812,1328
832.93,1290
833.049,1339
833.167,1309
833.285,1315
833.404,1368
833.522,1320
833.64,1291
833.759,1344
833.877,1332
833.995,1305
834.113,1271
834.232,1343
834.35,1289
834.468,1332
834.586,1314
834.705,1279
834.823,1326
834.941,1300
835.059,1289
835.178,1342
835.296,1305
835.414,1329
835.532,1314
835.651,1331
835.769,1320
835.887,1306
836.005,1311
836.124,1294
836.242,1323
836.36,1313
836.478,1326
836.596,1318
836.715,1313
836.833,1321
836.951,1271
837.069,1334
837.188,1308
837.306,1327
837.424,1322
837.542,1335
837.66,1339
837.779,1336
837.897,1298
838.015,1328
838.133,1339
838.251,1313
838.369,1338
838.487,1315
838.606,1328
838.724,1331
838.842,1291
838.96,1313
839.078,1313
839.196,1345
839.315,1359
839.433,1364
839.551,1300
839.669,1294
839.787,1319
839.905,1304
840.023,1335
840.142,1317
840.26,1367
840.378,1281
840.496,1333
840.614,1312
840.732,1295
840.85,1331
840.968,1296
841.087,1312
841.205,1396
841.323,1352
841.441,1303
841.559,1354
841.677,1313
841.795,1318
841.913,1331
842.031,1340
842.149,1343
842.267,1352
842.385,1352
842.504,1348
842.622,1337
842.74,1316
842.858,1294
842.976,1332
843.094,1357
843.212,1321
843.33,1319
843.448,1375
843.566,1337
843.684,1359
843.802,1301
843.92,1309
844.038,1319
844.156,1283
844.274,1306
844.392,1313
844.51,1293
844.628,1344
844.746,1321
844.864,1301
844.982,1308
845.1,1318
845.218,1318
845.336,1312
845.454,1303
845.572,1334
845.69,1269
845.808,1307
845.926,1312
846.044,1268
846.162,1317
846.28,1336
846.398,1298
846.516,1310
846.634,1318
846.752,1297
846.87,1288
846.988,1290
847.106,1318
847.224,1309
847.342,1295
847.46,1325
847.578,1318
847.696,1296
847.814,1330
847.932,1288
848.05,1327
848.168,1313
848.285,1334
848.403,1312
848.521,1286
848.639,1322
848.757,1286
848.875,1286
848.993,1325
849.111,1349
849.229,1276
849.347,1304
849.465,1301
849.582,1330
849.7,1314
849.818,1305
849.936,1287
850.054,1304
850.172,1305
850.29,1327
850.408,1293
850.525,1319
850.643,1323
850.761,1327
850.879,1313
850.997,1327
851.115,1337
851.233,1306
851.35,1300
851.468,1321
851.586,1320
851.704,1336
851.822,1308
851.94,1336
852.057,1286
852.175,1326
852.293,1299
852.411,1377
852.529,1357
852.647,1359
852.764,1276
852.882,1319
853.0,1290
853.118,1336
853.236,1320
853.353,1338
853.471,1318
853.589,1355
853.707,1294
853.824,1324
853.942,1329
854.06,1322
854.178,1313
854.296,1350
854.413,1357
854.531,1337
854.649,1347
854.767,1326
854.884,1341
855.002,1312
855.12,1350
855.238,1273
855.355,1289
855.473,1335
855.591,1280
855.708,1403
855.826,1296
855.944,1318
856.062,1373
856.179,1316
856.297,1347
856.415,1313
856.532,1317
856.65,1337
856.768,1338
856.886,1333
857.003,1313
857.121,1296
857.239,1333
857.356,1340
857.474,1307
857.592,1317
857.709,1355
857.827,1297
857.945,1341
858.062,1366
858.18,1337
858.298,1343
858.415,1331
858.533,1360
858.651,1329
858.768,1351
858.886,1338
859.003,1361
859.121,1352
859.239,1336
859.356,1343
859.474,1322
859.592,1321
859.709,1336
859.827,1333
859.944,1323
860.062,1321
860.18,1301
860.297,1302
860.415,1313
860.532,1321
860.65,1320
860.768,1303
860.885,1279
861.003,1323
861.12,1293
861.238,1297
861.356,1301
861.473,1307
861.591,1332
861.708,1302
861.826,1315
861.943,1301
862.061,1301
862.178,1311
862.296,1326
862.414,1291
862.531,1323
862.649,1318
862.766,1295
862.884,1339
863.001,1305
863.119,1289
863.236,1293
863.354,1296
863.471,1332
863.589,1325
863.706,1334
863.824,1330
863.941,1359
864.059,1321
864.176,1304
864.294,1315
864.411,1338
864.529,1293
864.646,1297
864.764,1306
864.881,1317
864.999,1344
865.116,1311
865.233,1316
865.351,1284
865.468,1327
865.586,1307
865.703,1333
865.821,1286
865.938,1285
866.056,1317
866.173,1316
866.29,1330
866.408,1330
866.525,1306
866.643,1301
866.76,1314
866.878,1318
866.995,1339
867.112,1341
867.23,1283
867.347,1335
867.465,1335
867.582,1336
867.699,1310
867.817,1331
867.934,1308
868.051,1328
868.169,1314
868.286,1305
868.404,1311
868.521,1324
868.638,1314
868.756,1307
868.873,1306
868.99,1323
869.108,1326
869.225,1338
869.342,1336
869.46,1284
869.577,1339
869.694,1321
869.812,1364
869.929,1330
870.046,1332
870.164,1385
870.281,1347
870.398,1339
870.516,1330
870.633,1334
870.75,1334
870.867,1336
870.985,1343
871.102,1374
871.219,1337
871.337,1328
871.454,1353
871.571,1332
871.688,1368
871.806,1307
871.923,1330
872.04,1366
872.157,1319
872.275,1367
872.392,1354
872.509,1319
872.626,1301
872.744,1372
872.861,1332
872.978,1322
873.095,1347
873.213,1342
873.33,1293
873.447,1355
873.564,1346
873.681,1325
873.799,1369
873.916,1329
874.033,1306
874.15,1351
874.267,1357
874.385,1354
874.502,1324
874.619,1382
874.736,1337
874.853,1363
874.97,1352
875.088,1355
875.205,1357
875.322,1342
875.439,1370
875.556,1368
875.673,1368
875.791,1279
875.908,1334
876.025,1347
876.142,1341
876.259,1322
876.376,1353
876.493,1379
876.61,1345
876.728,1352
876.845,1371
876.962,1315
877.079,1378
877.196,1399
877.313,1336
877.43,1357
877.547,1352
877.664,1358
877.781,1366
877.898,1335
878.016,1376
878.133,1328
878.25,1329
878.367,1323
878.484,1354
878.601,1319
878.718,1353
878.835,1316
878.952,1329
879.069,1343
879.186,1323
879.303,1302
879.42,1313
879.537,1334
879.654,1319
879.771,1330
879.888,1336
880.005,1346
880.122,1303
880.239,1354
880.356,1322
880.473,1285
880.59,1310
880.707,1338
880.824,1326
880.941,1324
881.058,1342
881.175,1311
881.292,1320
881.409,1337
881.526,1336
881.643,1350
881.76,1338
881.877,1342
881.994,1328
882.111,1344
882.228,1309
882.345,1334
882.462,1310
882.579,1319
882.696,1337
882.812,1330
882.929,1332
883.046,1327
883.163,1359
883.28,1330
883.397,1335
883.514,1359
883.631,1370
883.748,1319
883.865,1304
883.982,1309
884.098,1319
884.215,1335
884.332,1349
884.449,1311
884.566,1388
884.683,1371
884.8,1326
884.916,1390
885.033,1389
885.15,1364
885.267,1342
885.384,1423
885.501,1393
885.617,1350
885.734,1438
885.851,1332
885.968,1418
886.085,1388
886.202,1378
886.318,1384
886.435,1382
886.552,1375
886.669,1385
886.786,1366
886.902,1381
887.019,1354
887.136,1400
887.253,1398
887.369,1403
887.486,1369
887.603,1408
887.72,1388
887.837,1373
887.953,1365
888.07,1389
888.187,1367
888.304,1370
888.42,1368
888.537,1401
888.654,1330
888.77,1312
888.887,1388
889.004,1364
889.121,1370
889.237,1343
889.354,1352
889.471,1341
889.587,1317
889.704,1349
889.821,1340
889.938,1364
890.054,1332
890.171,1336
890.288,1356
890.404,1374
890.521,1355
890.638,1380
890.754,1316
890.871,1325
890.988,1373
891.104,1326
891.221,1287
891.337,1381
891.454,1320
891.571,1361
891.687,1377
891.804,1386
891.921,1332
892.037,1353
892.154,1389
892.27,1334
892.387,1403
892.504,1375
892.62,1414
892.737,1359
892.854,1314
892.97,1344
893.087,1324
893.203,1354
893.32,1354
893.436,1340
893.553,1362
893.67,1359
893.786,1325
893.903,1349
894.019,1369
894.136,1333
894.252,1337
894.369,1380
894.485,1345
894.602,1371
894.718,1385
894.835,1332
894.951,1376
895.068,1378
895.184,1364
895.301,1365
895.417,1361
895.534,1341
895.65,1376
895.767,1344
895.883,1316
896.0,1343
896.116,1400
896.233,1377
896.349,1348
896.466,1341
896.582,1379
896.699,1352
896.815,1343
896.932,1370
897.048,1356
897.165,1343
897.281,1380
897.397,1353
897.514,1335
897.63,1373
897.747,1353
897.863,1377
897.979,1391
898.096,1371
898.212,1358
898.329,1371
898.445,1379
898.561,1335
898.678,1358
898.794,1324
898.911,1359
899.027,1363
899.143,1369
899.26,1384
899.376,1355
899.492,1340
899.609,1335
899.725,1353
899.842,1355
899.958,1355
900.074,1364
900.191,1377
900.307,1379
900.423,1387
900.539,1345
900.656,1364
900.772,1364
900.888,1383
901.005,1374
901.121,1396
901.237,1355
901.354,1395
901.47,1351
901.586,1393
901.703,1379
901.819,1392
901.935,1367
902.051,1415
902.168,1368
902.284,1430
902.4,1443
902.516,1392
902.633,1372
902.749,1443
902.865,1390
902.981,1364
903.098,1406
903.214,1436
903.33,1376
903.446,1447
903.562,1425
903.679,1400
903.795,1436
903.911,1394
904.027,1435
904.143,1384
904.26,1379
904.376,1433
904.492,1374
904.608,1404
904.724,1403
904.841,1400
904.957,1386
905.073,1338
905.189,1352
905.305,1356
905.421,1385
905.538,1413
905.654,1380
905.77,1410
905.886,1389
906.002,1355
906.118,1404
906.234,1397
906.35,1379
906.466,1419
906.583,1392
906.699,1423
906.815,1356
906.931,1416
907.047,1422
907.163,1361
907.279,1410
907.395,1382
907.511,1361
907.627,1424
907.743,1392
907.859,1447
907.976,1379
908.092,1389
908.208,1363
908.324,1391
908.44,1377
908.556,1373
908.672,1387
908.788,1379
908.904,1376
909.02,1408
909.136,1398
909.252,1383
909.368,1313
909.484,1411
909.6,1340
909.716,1367
909.832,1406
909.948,1407
910.064,1391
910.18,1397
910.296,1366
910.412,1369
910.528,1384
910.644,1377
910.76,1374
910.875,1417
910.991,1392
911.107,1405
911.223,1383
911.339,1385
911.455,1374
911.571,1402
911.687,1415
911.803,1384
911.919,1365
912.035,1358
912.151,1414
912.267,1394
912.382,1397
912.498,1396
912.614,1408
912.73,1378
912.846,1393
792.446,2057
792.565,2033
792.684,2059
792.803,1991
792.922,1976
793.041,1915
793.16,1902
793.279,1930
793.398,1893
793.518,1944
793.637,1884
793.756,1833
793.875,1873
793.994,1826
794.113,1875
794.232,1768
794.351,1787
794.47,1778
794.589,1781
794.708,1779
794.827,1760
794.946,1758
795.066,1783
795.185,1733
795.304,1733
795.423,1712
795.542,1702
795.661,1720
795.78,1727
795.899,1721
796.018,1730
796.137,1710
796.256,1727
796.375,1673
796.494,1748
796.613,1655
796.732,1687
796.851,1663
796.97,1648
797.089,1662
797.208,1660
797.327,1646
797.446,1630
797.565,1629
797.684,1661
797.803,1626
797.922,1626
798.041,1653
798.16,1583
798.279,1609
798.398,1616
798.517,1617
798.636,1615
798.755,1622
798.874,1605
798.993,1602
799.112,1627
799.231,1650
799.35,1599
799.469,1584
799.588,1584
799.707,1603
799.826,1616
799.945,1575
800.064,1583
800.183,1605
800.302,1594
800.421,1561
800.54,1554
800.659,1598
800.778,1597
800.897,1586
801.016,1554
801.135,1539
801.254,1600
801.373,1592
801.492,1595
801.611,1556
801.729,1562
801.848,1537
801.967,1577
802.086,1588
802.205,1569
802.324,1547
802.443,1559
802.562,1525
802.681,1570
802.8,1531
802.919,1534
803.038,1558
803.157,1542
803.276,1534
803.394,1591
803.513,1541
803.632,1574
803.751,1519
803.87,1547
803.989,1539
804.108,1554
804.227,1505
804.346,1522
804.465,1550
804.583,1580
804.702,1536
804.821,1523
804.94,1543
805.059,1520
805.178,1534
805.297,1544
805.416,1487
805.535,1524
805.653,1570
805.772,1547
805.891,1488
806.01,1507
806.129,1523
806.248,1518
806.367,1525
806.485,1555
806.604,1513
806.723,1537
806.842,1560
806.961,1537
807.08,1499
807.198,1541
807.317,1546
807.436,1544
807.555,1500
807.674,1543
807.793,1544
807.912,1514
808.03,1537
808.149,1529
808.268,1506
808.387,1499
808.506,1543
808.624,1505
808.743,1525
808.862,1483
808.981,1488
809.1,1510
809.219,1515
809.337,1526
809.456,1519
809.575,1497
809.694,1572
809.812,1534
809.931,1539
810.05,1546
810.169,1529
810.288,1531
810.406,1534
810.525,1496
810.644,1529
810.763,1517
810.882,1490
811.0,1482
811.119,1522
811.238,1546
811.357,1526
811.475,1499
811.594,1493
811.713,1544
811.832,1553
811.95,1531
812.069,1533
812.188,1533
812.307,1558
812.425,1521
812.544,1519
812.663,1535
812.782,1500
812.9,1495
813.019,1531
813.138,1508
813.257,1497
813.375,1541
813.494,1535
813.613,1493
813.731,1515
813.85,1489
813.969,1479
814.088,1456
814.206,1486
814.325,1463
814.444,1484
814.562,1474
814.681,1499
814.8,1506
814.918,1477
815.037,1532
815.156,1457
815.274,1499
815.393,1493
815.512,1512
815.631,1485
815.749,1491
815.868,1453
815.987,1507
816.105,1457
816.224,1506
816.343,1471
816.461,1503
816.58,1480
816.698,1482
816.817,1497
816.936,1499
817.055,1535
817.173,1451
817.292,1489
817.41,1501
817.529,1472
817.648,1427
817.766,1463
817.885,1487
818.004,1455
818.122,1444
818.241,1457
818.359,1434
818.478,1429
818.597,1375
818.715,1444
818.834,1434
818.953,1407
819.071,1405
819.19,1430
819.308,1381
819.427,1439
819.546,1407
819.664,1453
819.783,1417
819.901,1395
820.02,1424
820.138,1393
820.257,1404
820.376,1422
820.494,1373
820.613,1441
820.731,1365
820.85,1384
820.969,1417
821.087,1423
821.206,1379
821.324,1392
821.443,1388
821.561,1371
821.68,1404
821.798,1358
821.917,1436
822.035,1388
822.154,1393
822.273,1386
822.391,1362
822.51,1392
822.628,1424
822.747,1415
822.865,1347
822.984,1373
823.102,1367
823.221,1365
823.339,1348
823.458,1371
823.576,1357
823.695,1367
823.813,1414
823.932,1336
824.05,1397
824.169,1408
824.287,1392
824.406,1360
824.524,1403
824.643,1368
824.761,1387
824.88,1372
824.998,1371
825.117,1333
825.235,1401
825.354,1375
825.472,1397
825.591,1380
825.709,1364
825.828,1338
825.946,1375
826.064,1389
826.183,1375
826.301,1346
826.42,1378
826.538,1329
826.657,1342
826.775,1359
826.894,1336
827.012,1327
827.13,1381
827.249,1345
827.367,1364
827.486,1353
827.604,1372
827.723,1325
827.841,1352
827.959,1332
828.078,1344
828.196,1328
828.315,1336
828.433,1323
828.552,1350
828.67,1358
828.788,1368
828.907,1336
829.025,1341
829.143,1318
829.262,1344
829.38,1330
829.499,1354
829.617,1351
829.735,1348
829.854,1319
829.972,1331
830.091,1355
830.209,1353
830.327,1335
830.446,1301
830.564,1346
830.682,1326
830.801,1334
830.919,1340
831.037,1328
831.156,1323
831.274,1335
831.392,1351
831.511,1349
831.629,1313
831.747,1311
831.866,1365
831.984,1346
832.102,1338
832.221,1277
832.339,1364
832.457,1301
832.576,1339
832.694,1328
832.812,1368
832.93,1316
833.049,1313
833.167,1323
833.285,1323
833.404,1385
833.522,1371
833.64,1321
833.759,1306
833.877,1305
833.995,1347
834.113,1328
834.232,1332
834.35,1329
834.468,1335
834.586,1318
834.705,1321
834.823,1320
834.941,1371
835.059,1311
835.178,1328
835.296,1343
835.414,1300
835.532,1294
835.651,1332
835.769,1310
835.887,1326
836.005,1334
836.124,1350
836.242,1333
836.36,1315
836.478,1352
836.596,1299
836.715,1341
836.833,1331
836.951,1307
837.069,1331
837.188,1330
837.306,1316
837.424,1343
837.542,1317
837.66,1295
837.779,1333
837.897,1307
838.015,1333
838.133,1299
838.251,1326
838.369,1316
838.487,1350
838.606,1326
838.724,1323
838.842,1358
838.96,1336
839.078,1342
839.196,1363
839.315,1329
839.433,1312
839.551,1319
839.669,1334
839.787,1318
839.905,1340
840.023,1318
840.142,1352
840.26,1339
840.378,1336
840.496,1352
840.614,1320
840.732,1335
840.85,1306
840.968,1366
841.087,1362
841.205,1355
841.323,1342
841.441,1357
841.559,1345
841.677,1343
841.795,1372
841.913,1361
842.031,1351
842.149,1380
842.267,1333
842.385,1316
842.504,1370
842.622,1339
842.74,1334
842.858,1309
842.976,1327
843.094,1334
843.212,1317
843.33,1348
843.448,1363
843.566,1310
843.684,1314
843.802,1311
843.92,1308
844.038,1340
844.156,1350
844.274,1316
844.392,1326
844.51,1310
844.628,1323
844.746,1320
844.864,1312
844.982,1300
845.1,1304
845.218,1289
845.336,1292
845.454,1320
845.572,1307
845.69,1371
845.808,1334
845.926,1302
846.044,1313
846.162,1332
846.28,1296
846.398,1346
846.516,1350
846.634,1355
846.752,1359
846.87,1311
846.988,1292
847.106,1345
847.224,1310
847.342,1308
847.46,1346
847.578,1311
847.696,1317
847.814,1339
847.932,1318
848.05,1337
848.168,1287
848.285,1324
848.403,1293
848.521,1332
848.639,1323
848.757,1317
848.875,1347
848.993,1322
849.111,1315
849.229,1312
849.347,1298
849.465,1321
849.582,1337
849.7,1316
849.818,1289
849.936,1313
850.054,1303
850.172,1315
850.29,1314
850.408,1295
850.525,1360
850.643,1342
850.761,1312
850.879,1343
850.997,1307
851.115,1299
851.233,1275
851.35,1302
851.468,1323
851.586,1303
851.704,1301
851.822,1317
851.94,1358
852.057,1355
852.175,1312
852.293,1334
852.411,1366
852.529,1322
852.647,1369
852.764,1354
852.882,1328
853.0,1338
853.118,1345
853.236,1323
853.353,1349
853.471,1347
853.589,1288
853.707,1352
853.824,1341
853.942,1326
854.06,1344
854.178,1306
854.296,1332
854.413,1348
854.531,1340
854.649,1291
854.767,1351
854.884,1341
855.002,1372
855.12,1369
855.238,1336
855.355,1317
855.473,1316
855.591,1332
855.708,1322
855.826,1325
855.944,1321
856.062,1335
856.179,1338
856.297,1322
856.415,1374
856.532,1348
856.65,1327
856.768,1334
856.886,1368
857.003,1342
857.121,1380
857.239,1381
857.356,1361
857.474,1322
857.592,1347
857.709,1348
857.827,1336
857.945,1319
858.062,1355
858.18,1342
858.298,1316
858.415,1294
858.533,1379
858.651,1315
858.768,1357
858.886,1342
859.003,1328
859.121,1302
859.239,1360
859.356,1319
859.474,1332
859.592,1348
859.709,1310
859.827,1354
859.944,1285
860.062,1372
860.18,1316
860.297,1269
860.415,1327
860.532,1310
860.65,1332
860.768,1332
860.885,1343
861.003,1344
861.12,1344
861.238,1331
861.356,1355
861.473,1379
861.591,1319
861.708,1354
861.826,1353
861.943,1346
862.061,1314
862.178,1322
862.296,1364
862.414,1329
862.531,1295
862.649,1315
862.766,1371
862.884,1283
863.001,1255
863.119,1342
863.236,1360
863.354,1312
863.471,1321
863.589,1342
863.706,1346
863.824,1345
863.941,1367
864.059,1339
864.176,1366
864.294,1348
864.411,1326
864.529,1307
864.646,1296
864.764,1342
864.881,1318
864.999,1313
865.116,1315
865.233,1297
865.351,1358
865.468,1307
865.586,1308
865.703,1316
865.821,1312
865.938,1319
866.056,1342
866.173,1327
866.29,1339
866.408,1312
866.525,1345
866.643,1343
866.76,1316
866.878,1296
866.995,1338
867.112,1324
867.23,1350
867.347,1352
867.465,1293
867.582,1330
867.699,1317
867.817,1356
867.934,1324
868.051,1352
868.169,1335
868.286,1326
868.404,1338
868.521,1313
868.638,1386
868.756,1356
868.873,1327
868.99,1344
869.108,1354
869.225,1324
869.342,1341
869.46,1349
869.577,1301
869.694,1365
869.812,1313
869.929,1371
870.046,1354
870.164,1356
870.281,1337
870.398,1381
870.516,1344
870.633,1332
870.75,1316
870.867,1380
870.985,1329
871.102,1348
871.219,1381
871.337,1387
871.454,1379
871.571,1342
871.688,1361
871.806,1343
871.923,1317
872.04,1309
872.157,1333
872.275,1355
872.392,1354
872.509,1373
872.626,1320
872.744,1335
872.861,1346
872.978,1353
873.095,1338
873.213,1369
873.33,1300
873.447,1354
873.564,1365
873.681,1314
873.799,1361
873.916,1343
874.033,1370
874.15,1350
874.267,1412
874.385,1338
874.502,1350
874.619,1375
874.736,1342
874.853,1325
874.97,1390
875.088,1392
875.205,1371
875.322,1360
875.439,1329
875.556,1349
875.673,1322
875.791,1355
875.908,1334
876.025,1378
876.142,1355
876.259,1357
876.376,1377
876.493,1343
876.61,1321
876.728,1368
876.845,1350
876.962,1377
877.079,1367
877.196,1366
877.313,1361
877.43,1331
877.547,1375
877.664,1346
877.781,1360
877.898,1289
878.016,1348
878.133,1335
878.25,1360
878.367,1301
878.484,1303
878.601,1343
878.718,1390
878.835,1349
878.952,1319
879.069,1337
879.186,1308
879.303,1330
879.42,1336
879.537,1346
879.654,1346
879.771,1369
879.888,1347
880.005,1351
880.122,1311
880.239,1320
880.356,1318
880.473,1314
880.59,1357
880.707,1298
880.824,1328
880.941,1369
881.058,1347
881.175,1350
881.292,1303
881.409,1316
881.526,1328
881.643,1338
881.76,1354
881.877,1299
881.994,1371
882.111,1300
882.228,1336
882.345,1313
882.462,1362
882.579,1343
882.696,1368
882.812,1365
882.929,1363
883.046,1335
883.163,1311
883.28,1337
883.397,1339
883.514,1324
883.631,1381
883.748,1304
883.865,1311
883.982,1335
884.098,1315
884.215,1322
884.332,1345
884.449,1345
884.566,1335
884.683,1407
884.8,1378
884.916,1394
885.033,1402
885.15,1382
885.267,1402
885.384,1382
885.501,1401
885.617,1388
885.734,1419
885.851,1385
885.968,1456
886.085,1402
886.202,1416
886.318,1414
886.435,1417
886.552,1397
886.669,1373
886.786,1399
886.902,1395
887.019,1396
887.136,1399
887.253,1411
887.369,1386
887.486,1377
887.603,1401
887.72,1383
887.837,1343
887.953,1393
888.07,1405
888.187,1375
888.304,1394
888.42,1333
888.537,1362
888.654,1370
888.77,1362
888.887,1341
889.004,1349
889.121,1362
889.237,1364
889.354,1396
889.471,1339
889.587,1337
889.704,1381
889.821,1325
889.938,1354
890.054,1397
890.171,1378
890.288,1353
890.404,1349
890.521,1356
890.638,1370
890.754,1351
890.871,1352
890.988,1355
891.104,1407
891.221,1376
891.337,1347
891.454,1405
891.571,1373
891.687,1349
891.804,1404
891.921,1360
892.037,1340
892.154,1370
892.27,1365
892.387,1374
892.504,1362
892.62,1394
892.737,1360
892.854,1381
892.97,1377
893.087,1366
893.203,1362
893.32,1342
893.436,1384
893.553,1396
893.67,1383
893.786,1353
893.903,1353
894.019,1360
894.136,1320
894.252,1358
894.369,1382
894.485,1367
894.602,1379
894.718,1355
894.835,1400
894.951,1363
895.068,1384
895.184,1360
895.301,1392
895.417,1363
895.534,1353
895.65,1338
895.767,1398
895.883,1336
896.0,1374
896.116,1356
896.233,1335
896.349,1365
896.466,1344
896.582,1332
896.699,1365
896.815,1375
896.932,1400
897.048,1358
897.165,1380
897.281,1361
897.397,1352
897.514,1359
897.63,1375
897.747,1393
897.863,1353
897.979,1359
898.096,1346
898.212,1370
898.329,1364
898.445,1369
898.561,1397
898.678,1369
898.794,1418
898.911,1361
899.027,1381
899.143,1380
899.26,1405
899.376,1368
899.492,1383
899.609,1427
899.725,1423
899.842,1407
899.958,1389
900.074,1326
900.191,1439
900.307,1411
900.423,1394
900.539,1382
900.656,1389
900.772,1350
900.888,1387
901.005,1408
901.121,1427
901.237,1364
901.354,1429
901.47,1395
901.586,1374
901.703,1411
901.819,1332
901.935,1409
902.051,1386
902.168,1441
902.284,1430
902.4,1421
902.516,1403
902.633,1458
902.749,1426
902.865,1433
902.981,1408
903.098,1425
903.214,1433
903.33,1424
903.446,1417
903.562,1405
903.679,1392
903.795,1420
903.911,1440
904.027,1410
904.143,1446
904.26,1413
904.376,1392
904.492,1401
904.608,1407
904.724,1410
904.841,1420
904.957,1391
905.073,1448
905.189,1388
905.305,1435
905.421,1374
905.538,1445
905.654,1390
905.77,1393
905.886,1435
906.002,1393
906.118,1403
906.234,1374
906.35,1383
906.466,1385
906.583,1383
906.699,1415
906.815,1407
906.931,1409
907.047,1384
907.163,1407
907.279,1403
907.395,1432
907.511,1417
907.627,1389
907.743,1421
907.859,1388
907.976,1390
908.092,1414
908.208,1385
908.324,1382
908.44,1434
908.556,1428
908.672,1381
908.788,1415
908.904,1374
909.02,1391
909.136,1392
909.252,1397
909.368,1384
909.484,1374
909.6,1403
909.716,1427
909.832,1399
909.948,1403
910.064,1404
910.18,1441
910.296,1403
910.412,1399
910.528,1377
910.644,1421
910.76,1439
910.875,1419
910.991,1413
911.107,1354
911.223,1375
911.339,1381
911.455,1415
911.571,1385
911.687,1423
911.803,1368
911.919,1408
912.035,1389
912.151,1387
912.267,1433
912.382,1341
912.498,1452
912.614,1371
912.73,1427
912.846,1385
