792.446,967
792.565,962
792.684,974
792.803,937
792.922,906
793.041,863
793.16,866
793.279,890
793.398,874
793.518,813
793.637,864
793.756,811
793.875,813
793.994,805
794.113,801
794.232,772
794.351,734
794.47,758
794.589,731
794.708,747
794.827,761
794.946,721
795.066,695
795.185,726
795.304,713
795.423,725
795.542,707
795.661,702
795.78,709
795.899,671
796.018,705
796.137,716
796.256,663
796.375,646
796.494,666
796.613,668
796.732,669
796.851,642
796.97,654
797.089,622
797.208,649
797.327,639
797.446,651
797.565,635
797.684,646
797.803,629
797.922,629
798.041,606
798.16,647
798.279,605
798.398,633
798.517,614
798.636,629
798.755,632
798.874,606
798.993,600
799.112,614
799.231,599
799.35,631
799.469,629
799.588,627
799.707,602
799.826,609
799.945,586
800.064,606
800.183,576
800.302,622
800.421,603
800.54,608
800.659,596
800.778,617
800.897,601
801.016,600
801.135,591
801.254,593
801.373,587
801.492,608
801.611,599
801.729,570
801.848,612
801.967,602
802.086,579
802.205,599
802.324,587
802.443,604
802.562,588
802.681,609
802.8,597
802.919,597
803.038,585
803.157,592
803.276,576
803.394,606
803.513,575
803.632,570
803.751,575
803.87,587
803.989,555
804.108,562
804.227,566
804.346,589
804.465,594
804.583,583
804.702,593
804.821,572
804.94,598
805.059,594
805.178,590
805.297,603
805.416,595
805.535,592
805.653,595
805.772,587
805.891,573
806.01,585
806.129,578
806.248,589
806.367,590
806.485,592
806.604,562
806.723,602
806.842,595
806.961,565
807.08,583
807.198,599
807.317,575
807.436,608
807.555,556
807.674,557
807.793,554
807.912,575
808.03,579
808.149,580
808.268,569
808.387,582
808.506,586
808.624,580
808.743,568
808.862,586
808.981,585
809.1,581
809.219,596
809.337,591
809.456,598
809.575,580
809.694,573
809.812,581
809.931,593
810.05,567
810.169,578
810.288,589
810.406,589
810.525,589
810.644,576
810.763,580
810.882,568
811.0,594
811.119,565
811.238,577
811.357,571
811.475,606
811.594,577
811.713,593
811.832,588
811.95,601
812.069,596
812.188,587
812.307,592
812.425,609
812.544,567
812.663,582
812.782,586
812.9,571
813.019,578
813.138,576
813.257,558
813.375,599
813.494,574
813.613,595
813.731,573
813.85,576
813.969,568
814.088,585
814.206,567
814.325,582
814.444,599
814.562,581
814.681,573
814.8,579
814.918,570
815.037,588
815.156,570
815.274,569
815.393,571
815.512,572
815.631,551
815.749,561
815.868,552
815.987,577
816.105,588
816.224,592
816.343,571
816.461,562
816.58,582
816.698,579
816.817,593
816.936,595
817.055,583
817.173,570
817.292,566
817.41,574
817.529,578
817.648,556
817.766,519
817.885,568
818.004,580
818.122,544
818.241,502
818.359,561
818.478,549
818.597,531
818.715,538
818.834,517
818.953,532
819.071,525
819.19,509
819.308,502
819.427,515
819.546,516
819.664,517
819.783,497
819.901,507
820.02,519
820.138,489
820.257,480
820.376,494
820.494,510
820.613,504
820.731,513
820.85,493
820.969,511
821.087,494
821.206,491
821.324,488
821.443,487
821.561,507
821.68,508
821.798,495
821.917,494
822.035,486
822.154,512
822.273,486
822.391,499
822.51,506
822.628,494
822.747,491
822.865,485
822.984,479
823.102,481
823.221,474
823.339,496
823.458,487
823.576,495
823.695,497
823.813,502
823.932,482
824.05,502
824.169,486
824.287,484
824.406,507
824.524,499
824.643,492
824.761,483
824.88,484
824.998,484
825.117,509
825.235,496
825.354,502
825.472,494
825.591,459
825.709,503
825.828,481
825.946,492
826.064,498
826.183,507
826.301,482
826.42,485
826.538,493
826.657,482
826.775,484
826.894,500
827.012,492
827.13,481
827.249,486
827.367,490
827.486,493
827.604,480
827.723,456
827.841,489
827.959,491
828.078,491
828.196,479
828.315,492
828.433,482
828.552,502
828.67,476
828.788,463
828.907,483
829.025,472
829.143,483
829.262,459
829.38,458
829.499,502
829.617,475
829.735,472
829.854,467
829.972,487
830.091,474
830.209,485
830.327,480
830.446,481
830.564,466
830.682,481
830.801,486
830.919,468
831.037,476
831.156,475
831.274,492
831.392,493
831.511,488
831.629,494
831.747,472
831.866,494
831.984,485
832.102,477
832.221,504
832.339,475
832.457,475
832.576,486
832.694,468
832.812,475
832.93,471
833.049,471
833.167,490
833.285,470
833.404,461
833.522,495
833.64,495
833.759,488
833.877,452
833.995,487
834.113,469
834.232,461
834.35,490
834.468,484
834.586,479
834.705,497
834.823,480
834.941,468
835.059,464
835.178,483
835.296,509
835.414,478
835.532,477
835.651,471
835.769,469
835.887,488
836.005,462
836.124,486
836.242,476
836.36,501
836.478,475
836.596,484
836.715,457
836.833,484
836.951,471
837.069,505
837.188,477
837.306,476
837.424,478
837.542,494
837.66,481
837.779,488
837.897,470
838.015,482
838.133,487
838.251,488
838.369,483
838.487,493
838.606,468
838.724,492
838.842,468
838.96,499
839.078,490
839.196,470
839.315,472
839.433,489
839.551,487
839.669,494
839.787,508
839.905,487
840.023,504
840.142,486
840.26,488
840.378,511
840.496,497
840.614,516
840.732,481
840.85,507
840.968,506
841.087,509
841.205,501
841.323,510
841.441,508
841.559,491
841.677,502
841.795,490
841.913,522
842.031,519
842.149,519
842.267,530
842.385,506
842.504,499
842.622,490
842.74,527
842.858,505
842.976,500
843.094,506
843.212,509
843.33,502
843.448,499
843.566,499
843.684,491
843.802,486
843.92,487
844.038,498
844.156,491
844.274,482
844.392,498
844.51,486
844.628,499
844.746,490
844.864,494
844.982,478
845.1,482
845.218,479
845.336,501
845.454,480
845.572,487
845.69,468
845.808,478
845.926,481
846.044,499
846.162,504
846.28,484
846.398,492
846.516,501
846.634,485
846.752,503
846.87,468
846.988,505
847.106,498
847.224,479
847.342,480
847.46,500
847.578,509
847.696,482
847.814,499
847.932,494
848.05,489
848.168,479
848.285,477
848.403,493
848.521,502
848.639,492
848.757,504
848.875,510
848.993,488
849.111,495
849.229,489
849.347,490
849.465,486
849.582,509
849.7,482
849.818,486
849.936,458
850.054,490
850.172,496
850.29,489
850.408,497
850.525,501
850.643,506
850.761,488
850.879,500
850.997,492
851.115,472
851.233,494
851.35,474
851.468,503
851.586,474
851.704,500
851.822,464
851.94,506
852.057,483
852.175,484
852.293,497
852.411,508
852.529,512
852.647,502
852.764,520
852.882,523
853.0,503
853.118,495
853.236,511
853.353,508
853.471,486
853.589,497
853.707,474
853.824,503
853.942,508
854.06,498
854.178,494
854.296,490
854.413,479
854.531,507
854.649,485
854.767,509
854.884,498
855.002,480
855.12,496
855.238,524
855.355,510
855.473,485
855.591,501
855.708,499
855.826,483
855.944,506
856.062,499
856.179,504
856.297,511
856.415,498
856.532,500
856.65,497
856.768,486
856.886,503
857.003,505
857.121,508
857.239,489
857.356,525
857.474,519
857.592,500
857.709,507
857.827,502
857.945,497
858.062,493
858.18,495
858.298,501
858.415,502
858.533,517
858.651,497
858.768,494
858.886,503
859.003,510
859.121,481
859.239,502
859.356,506
859.474,507
859.592,495
859.709,496
859.827,486
859.944,512
860.062,490
860.18,491
860.297,475
860.415,485
860.532,488
860.65,494
860.768,497
860.885,493
861.003,509
861.12,484
861.238,473
861.356,504
861.473,495
861.591,482
861.708,493
861.826,484
861.943,491
862.061,461
862.178,460
862.296,482
862.414,466
862.531,481
862.649,470
862.766,480
862.884,477
863.001,471
863.119,451
863.236,487
863.354,485
863.471,496
863.589,481
863.706,503
863.824,480
863.941,475
864.059,460
864.176,506
864.294,473
864.411,495
864.529,476
864.646,478
864.764,473
864.881,476
864.999,477
865.116,494
865.233,489
865.351,498
865.468,471
865.586,476
865.703,472
865.821,475
865.938,473
866.056,469
866.173,476
866.29,476
866.408,468
866.525,488
866.643,468
866.76,479
866.878,482
866.995,493
867.112,476
867.23,479
867.347,471
867.465,505
867.582,478
867.699,500
867.817,481
867.934,508
868.051,490
868.169,488
868.286,481
868.404,465
868.521,490
868.638,497
868.756,489
868.873,493
868.99,482
869.108,497
869.225,501
869.342,503
869.46,495
869.577,511
869.694,510
869.812,492
869.929,509
870.046,512
870.164,487
870.281,533
870.398,504
870.516,506
870.633,506
870.75,491
870.867,507
870.985,512
871.102,499
871.219,494
871.337,518
871.454,513
871.571,513
871.688,513
871.806,497
871.923,518
872.04,493
872.157,523
872.275,496
872.392,511
872.509,516
872.626,510
872.744,504
872.861,497
872.978,489
873.095,521
873.213,492
873.33,497
873.447,530
873.564,504
873.681,486
873.799,492
873.916,486
874.033,482
874.15,507
874.267,497
874.385,502
874.502,484
874.619,496
874.736,497
874.853,477
874.97,511
875.088,499
875.205,496
875.322,505
875.439,502
875.556,496
875.673,478
875.791,498
875.908,499
876.025,482
876.142,488
876.259,486
876.376,498
876.493,478
876.61,486
876.728,515
876.845,476
876.962,490
877.079,491
877.196,489
877.313,495
877.43,483
877.547,494
877.664,510
877.781,503
877.898,490
878.016,501
878.133,513
878.25,490
878.367,483
878.484,474
878.601,493
878.718,472
878.835,500
878.952,496
879.069,475
879.186,492
879.303,486
879.42,476
879.537,471
879.654,463
879.771,473
879.888,455
880.005,479
880.122,482
880.239,483
880.356,465
880.473,475
880.59,491
880.707,465
880.824,475
880.941,460
881.058,496
881.175,489
881.292,480
881.409,455
881.526,491
881.643,467
881.76,464
881.877,475
881.994,499
882.111,481
882.228,494
882.345,456
882.462,469
882.579,479
882.696,499
882.812,476
882.929,471
883.046,453
883.163,470
883.28,458
883.397,482
883.514,465
883.631,504
883.748,484
883.865,489
883.982,479
884.098,492
884.215,483
884.332,477
884.449,481
884.566,502
884.683,494
884.8,468
884.916,499
885.033,507
885.15,481
885.267,525
885.384,498
885.501,519
885.617,504
885.734,515
885.851,527
885.968,510
886.085,545
886.202,529
886.318,498
886.435,525
886.552,525
886.669,518
886.786,524
886.902,520
887.019,511
887.136,522
887.253,512
887.369,491
887.486,501
887.603,520
887.72,507
887.837,510
887.953,486
888.07,517
888.187,488
888.304,483
888.42,481
888.537,480
888.654,488
888.77,468
888.887,468
889.004,488
889.121,466
889.237,469
889.354,455
889.471,480
889.587,455
889.704,481
889.821,475
889.938,462
890.054,478
890.171,472
890.288,453
890.404,459
890.521,475
890.638,479
890.754,479
890.871,469
890.988,465
891.104,473
891.221,466
891.337,475
891.454,463
891.571,478
891.687,473
891.804,493
891.921,471
892.037,466
892.154,463
892.27,495
892.387,463
892.504,472
892.62,460
892.737,460
892.854,445
892.97,470
893.087,475
893.203,452
893.32,449
893.436,474
893.553,462
893.67,469
893.786,459
893.903,470
894.019,473
894.136,461
894.252,482
894.369,484
894.485,459
894.602,477
894.718,460
894.835,486
894.951,452
895.068,455
895.184,458
895.301,473
895.417,460
895.534,476
895.65,482
895.767,471
895.883,471
896.0,452
896.116,453
896.233,478
896.349,464
896.466,458
896.582,472
896.699,484
896.815,488
896.932,460
897.048,476
897.165,480
897.281,480
897.397,462
897.514,476
897.63,469
897.747,462
897.863,476
897.979,469
898.096,468
898.212,480
898.329,472
898.445,477
898.561,480
898.678,471
898.794,479
898.911,470
899.027,479
899.143,471
899.26,485
899.376,454
899.492,454
899.609,452
899.725,483
899.842,464
899.958,464
900.074,463
900.191,472
900.307,461
900.423,494
900.539,470
900.656,474
900.772,469
900.888,491
901.005,474
901.121,474
901.237,464
901.354,475
901.47,470
901.586,479
901.703,459
901.819,484
901.935,475
902.051,497
902.168,486
902.284,500
902.4,462
902.516,492
902.633,482
902.749,484
902.865,500
902.981,499
903.098,480
903.214,493
903.33,502
903.446,494
903.562,513
903.679,476
903.795,505
903.911,515
904.027,485
904.143,511
904.26,479
904.376,489
904.492,468
904.608,471
904.724,495
904.841,496
904.957,472
905.073,473
905.189,479
905.305,490
905.421,463
905.538,501
905.654,481
905.77,488
905.886,457
906.002,465
906.118,463
906.234,462
906.35,444
906.466,459
906.583,459
906.699,461
906.815,456
906.931,462
907.047,474
907.163,464
907.279,458
907.395,461
907.511,449
907.627,498
907.743,447
907.859,474
907.976,465
908.092,461
908.208,461
908.324,470
908.44,464
908.556,472
908.672,461
908.788,465
908.904,467
909.02,473
909.136,465
909.252,456
909.368,467
909.484,470
909.6,445
909.716,448
909.832,452
909.948,461
910.064,466
910.18,465
910.296,473
910.412,445
910.528,466
910.644,460
910.76,483
910.875,479
910.991,462
911.107,470
911.223,471
911.339,461
911.455,474
911.571,455
911.687,460
911.803,447
911.919,448
912.035,461
912.151,463
912.267,445
912.382,460
912.498,464
912.614,469
912.73,461
912.846,446
792.446,950
792.565,979
792.684,997
792.803,971
792.922,918
793.041,856
793.16,848
793.279,856
793.398,849
793.518,864
793.637,805
793.756,823
793.875,814
793.994,809
794.113,773
794.232,764
794.351,761
794.47,753
794.589,772
794.708,737
794.827,747
794.946,750
795.066,747
795.185,728
795.304,731
795.423,710
795.542,705
795.661,687
795.78,684
795.899,698
796.018,695
796.137,689
796.256,683
796.375,671
796.494,667
796.613,666
796.732,674
796.851,690
796.97,656
797.089,661
797.208,660
797.327,639
797.446,672
797.565,657
797.684,670
797.803,623
797.922,628
798.041,658
798.16,629
798.279,603
798.398,654
798.517,623
798.636,615
798.755,604
798.874,627
798.993,618
799.112,611
799.231,615
799.35,624
799.469,608
799.588,635
799.707,612
799.826,613
799.945,613
800.064,612
800.183,590
800.302,613
800.421,594
800.54,591
800.659,597
800.778,603
800.897,605
801.016,573
801.135,588
801.254,594
801.373,602
801.492,609
801.611,606
801.729,585
801.848,584
801.967,568
802.086,560
802.205,599
802.324,598
802.443,591
802.562,578
802.681,567
802.8,600
802.919,580
803.038,591
803.157,588
803.276,578
803.394,607
803.513,610
803.632,585
803.751,574
803.87,598
803.989,596
804.108,595
804.227,586
804.346,593
804.465,569
804.583,589
804.702,578
804.821,607
804.94,600
805.059,578
805.178,581
805.297,580
805.416,586
805.535,599
805.653,585
805.772,600
805.891,598
806.01,588
806.129,564
806.248,609
806.367,559
806.485,581
806.604,584
806.723,580
806.842,580
806.961,591
807.08,560
807.198,592
807.317,567
807.436,580
807.555,589
807.674,569
807.793,556
807.912,587
808.03,561
808.149,582
808.268,558
808.387,601
808.506,590
808.624,575
808.743,577
808.862,599
808.981,593
809.1,574
809.219,568
809.337,597
809.456,597
809.575,577
809.694,569
809.812,582
809.931,585
810.05,583
810.169,577
810.288,570
810.406,607
810.525,579
810.644,577
810.763,578
810.882,569
811.0,570
811.119,571
811.238,591
811.357,595
811.475,571
811.594,594
811.713,614
811.832,623
811.95,602
812.069,568
812.188,611
812.307,606
812.425,584
812.544,593
812.663,594
812.782,577
812.9,593
813.019,572
813.138,571
813.257,595
813.375,593
813.494,569
813.613,592
813.731,600
813.85,564
813.969,592
814.088,591
814.206,556
814.325,585
814.444,566
814.562,570
814.681,564
814.8,579
814.918,553
815.037,585
815.156,570
815.274,577
815.393,574
815.512,570
815.631,574
815.749,559
815.868,559
815.987,578
816.105,572
816.224,569
816.343,582
816.461,578
816.58,580
816.698,575
816.817,572
816.936,573
817.055,563
817.173,569
817.292,583
817.41,588
817.529,565
817.648,560
817.766,541
817.885,560
818.004,550
818.122,553
818.241,524
818.359,555
818.478,518
818.597,530
818.715,513
818.834,519
818.953,525
819.071,505
819.19,522
819.308,511
819.427,521
819.546,492
819.664,507
819.783,513
819.901,503
820.02,524
820.138,491
820.257,518
820.376,502
820.494,506
820.613,514
820.731,514
820.85,495
820.969,504
821.087,486
821.206,510
821.324,522
821.443,514
821.561,499
821.68,480
821.798,488
821.917,495
822.035,494
822.154,502
822.273,500
822.391,519
822.51,489
822.628,505
822.747,496
822.865,498
822.984,480
823.102,484
823.221,473
823.339,485
823.458,495
823.576,491
823.695,514
823.813,506
823.932,475
824.05,494
824.169,499
824.287,507
824.406,510
824.524,501
824.643,497
824.761,505
824.88,501
824.998,485
825.117,479
825.235,518
825.354,472
825.472,493
825.591,507
825.709,476
825.828,487
825.946,488
826.064,496
826.183,493
826.301,492
826.42,512
826.538,472
826.657,472
826.775,490
826.894,484
827.012,492
827.13,513
827.249,487
827.367,483
827.486,498
827.604,469
827.723,471
827.841,493
827.959,493
828.078,487
828.196,458
828.315,473
828.433,479
828.552,477
828.67,485
828.788,480
828.907,473
829.025,488
829.143,474
829.262,483
829.38,456
829.499,494
829.617,484
829.735,476
829.854,499
829.972,488
830.091,484
830.209,489
830.327,479
830.446,476
830.564,471
830.682,490
830.801,495
830.919,497
831.037,506
831.156,498
831.274,461
831.392,493
831.511,482
831.629,481
831.747,480
831.866,467
831.984,467
832.102,494
832.221,484
832.339,478
832.457,480
832.576,498
832.694,485
832.812,469
832.93,474
833.049,481
833.167,464
833.285,476
833.404,457
833.522,489
833.64,473
833.759,482
833.877,474
833.995,473
834.113,487
834.232,515
834.35,495
834.468,480
834.586,482
834.705,487
834.823,492
834.941,511
835.059,477
835.178,490
835.296,483
835.414,489
835.532,493
835.651,482
835.769,480
835.887,499
836.005,478
836.124,493
836.242,481
836.36,487
836.478,459
836.596,480
836.715,476
836.833,477
836.951,497
837.069,506
837.188,481
837.306,488
837.424,496
837.542,487
837.66,476
837.779,481
837.897,478
838.015,497
838.133,490
838.251,498
838.369,481
838.487,472
838.606,481
838.724,473
838.842,484
838.96,499
839.078,492
839.196,492
839.315,488
839.433,494
839.551,494
839.669,486
839.787,492
839.905,513
840.023,513
840.142,506
840.26,485
840.378,515
840.496,500
840.614,500
840.732,501
840.85,501
840.968,503
841.087,512
841.205,513
841.323,530
841.441,499
841.559,502
841.677,492
841.795,524
841.913,494
842.031,515
842.149,526
842.267,507
842.385,507
842.504,498
842.622,515
842.74,503
842.858,504
842.976,486
843.094,506
843.212,499
843.33,491
843.448,487
843.566,486
843.684,499
843.802,488
843.92,511
844.038,485
844.156,487
844.274,495
844.392,485
844.51,485
844.628,509
844.746,485
844.864,502
844.982,488
845.1,497
845.218,477
845.336,470
845.454,497
845.572,500
845.69,485
845.808,501
845.926,504
846.044,481
846.162,462
846.28,492
846.398,479
846.516,482
846.634,481
846.752,491
846.87,479
846.988,487
847.106,485
847.224,499
847.342,488
847.46,491
847.578,492
847.696,500
847.814,480
847.932,521
848.05,501
848.168,477
848.285,479
848.403,501
848.521,484
848.639,507
848.757,489
848.875,495
848.993,493
849.111,487
849.229,507
849.347,481
849.465,483
849.582,479
849.7,500
849.818,494
849.936,488
850.054,495
850.172,476
850.29,489
850.408,491
850.525,471
850.643,484
850.761,481
850.879,476
850.997,495
851.115,474
851.233,479
851.35,498
851.468,490
851.586,500
851.704,493
851.822,493
851.94,502
852.057,455
852.175,503
852.293,519
852.411,525
852.529,530
852.647,541
852.764,511
852.882,531
853.0,480
853.118,500
853.236,491
853.353,499
853.471,497
853.589,480
853.707,499
853.824,499
853.942,484
854.06,503
854.178,508
854.296,501
854.413,511
854.531,498
854.649,497
854.767,517
854.884,525
855.002,497
855.12,514
855.238,511
855.355,512
855.473,513
855.591,494
855.708,499
855.826,501
855.944,509
856.062,505
856.179,516
856.297,508
856.415,516
856.532,519
856.65,524
856.768,521
856.886,510
857.003,500
857.121,530
857.239,485
857.356,514
857.474,501
857.592,511
857.709,520
857.827,516
857.945,514
858.062,514
858.18,475
858.298,478
858.415,514
858.533,483
858.651,488
858.768,514
858.886,511
859.003,508
859.121,490
859.239,493
859.356,491
859.474,494
859.592,508
859.709,512
859.827,511
859.944,467
860.062,511
860.18,483
860.297,491
860.415,507
860.532,465
860.65,489
860.768,467
860.885,490
861.003,507
861.12,506
861.238,519
861.356,496
861.473,495
861.591,520
861.708,510
861.826,507
861.943,509
862.061,517
862.178,494
862.296,489
862.414,494
862.531,478
862.649,477
862.766,478
862.884,463
863.001,483
863.119,477
863.236,487
863.354,477
863.471,465
863.589,496
863.706,483
863.824,470
863.941,489
864.059,479
864.176,508
864.294,497
864.411,476
864.529,487
864.646,485
864.764,477
864.881,486
864.999,473
865.116,474
865.233,474
865.351,475
865.468,471
865.586,486
865.703,480
865.821,506
865.938,465
866.056,472
866.173,467
866.29,487
866.408,468
866.525,478
866.643,476
866.76,475
866.878,473
866.995,504
867.112,491
867.23,500
867.347,489
867.465,516
867.582,499
867.699,475
867.817,484
867.934,481
868.051,479
868.169,497
868.286,480
868.404,489
868.521,502
868.638,502
868.756,493
868.873,504
868.99,490
869.108,504
869.225,504
869.342,528
869.46,494
869.577,505
869.694,509
869.812,511
869.929,501
870.046,521
870.164,527
870.281,524
870.398,505
870.516,527
870.633,500
870.75,517
870.867,494
870.985,520
871.102,521
871.219,522
871.337,501
871.454,529
871.571,486
871.688,511
871.806,496
871.923,512
872.04,503
872.157,517
872.275,504
872.392,506
872.509,492
872.626,491
872.744,509
872.861,515
872.978,500
873.095,500
873.213,532
873.33,492
873.447,488
873.564,501
873.681,505
873.799,495
873.916,485
874.033,493
874.15,502
874.267,481
874.385,480
874.502,515
874.619,495
874.736,512
874.853,500
874.97,513
875.088,494
875.205,483
875.322,474
875.439,520
875.556,503
875.673,491
875.791,498
875.908,505
876.025,477
876.142,480
876.259,492
876.376,488
876.493,483
876.61,495
876.728,500
876.845,490
876.962,489
877.079,526
877.196,500
877.313,503
877.43,486
877.547,515
877.664,489
877.781,497
877.898,489
878.016,476
878.133,486
878.25,520
878.367,487
878.484,488
878.601,466
878.718,495
878.835,477
878.952,490
879.069,484
879.186,503
879.303,469
879.42,497
879.537,493
879.654,492
879.771,463
879.888,492
880.005,493
880.122,473
880.239,495
880.356,483
880.473,494
880.59,462
880.707,481
880.824,491
880.941,465
881.058,472
881.175,479
881.292,478
881.409,467
881.526,477
881.643,466
881.76,492
881.877,467
881.994,475
882.111,496
882.228,481
882.345,481
882.462,492
882.579,473
882.696,471
882.812,499
882.929,495
883.046,465
883.163,486
883.28,459
883.397,480
883.514,478
883.631,481
883.748,490
883.865,491
883.982,496
884.098,470
884.215,480
884.332,486
884.449,483
884.566,503
884.683,494
884.8,490
884.916,495
885.033,508
885.15,508
885.267,534
885.384,502
885.501,523
885.617,499
885.734,521
885.851,523
885.968,518
886.085,502
886.202,529
886.318,516
886.435,534
886.552,520
886.669,496
886.786,512
886.902,521
887.019,526
887.136,525
887.253,490
887.369,519
887.486,503
887.603,516
887.72,500
887.837,507
887.953,483
888.07,481
888.187,509
888.304,486
888.42,471
888.537,489
888.654,455
888.77,467
888.887,470
889.004,467
889.121,448
889.237,456
889.354,467
889.471,486
889.587,469
889.704,459
889.821,472
889.938,457
890.054,467
890.171,470
890.288,453
890.404,453
890.521,460
890.638,460
890.754,471
890.871,479
890.988,473
891.104,466
891.221,462
891.337,473
891.454,453
891.571,457
891.687,467
891.804,478
891.921,456
892.037,462
892.154,470
892.27,460
892.387,467
892.504,466
892.62,469
892.737,440
892.854,463
892.97,484
893.087,465
893.203,473
893.32,463
893.436,469
893.553,445
893.67,485
893.786,463
893.903,476
894.019,468
894.136,463
894.252,488
894.369,480
894.485,455
894.602,486
894.718,460
894.835,459
894.951,483
895.068,465
895.184,464
895.301,466
895.417,444
895.534,488
895.65,451
895.767,457
895.883,468
896.0,479
896.116,463
896.233,458
896.349,458
896.466,461
896.582,472
896.699,475
896.815,451
896.932,483
897.048,460
897.165,482
897.281,454
897.397,464
897.514,465
897.63,479
897.747,465
897.863,478
897.979,458
898.096,474
898.212,471
898.329,478
898.445,476
898.561,492
898.678,473
898.794,485
898.911,474
899.027,475
899.143,479
899.26,482
899.376,467
899.492,494
899.609,472
899.725,467
899.842,467
899.958,471
900.074,469
900.191,462
900.307,457
900.423,505
900.539,481
900.656,459
900.772,468
900.888,486
901.005,467
901.121,491
901.237,461
901.354,477
901.47,460
901.586,481
901.703,483
901.819,482
901.935,505
902.051,475
902.168,492
902.284,506
902.4,488
902.516,509
902.633,484
902.749,516
902.865,515
902.981,485
903.098,498
903.214,511
903.33,496
903.446,499
903.562,509
903.679,497
903.795,520
903.911,508
904.027,501
904.143,477
904.26,482
904.376,515
904.492,507
904.608,503
904.724,479
904.841,491
904.957,462
905.073,492
905.189,463
905.305,485
905.421,471
905.538,483
905.654,468
905.77,478
905.886,477
906.002,473
906.118,460
906.234,473
906.35,477
906.466,484
906.583,466
906.699,469
906.815,466
906.931,482
907.047,468
907.163,487
907.279,462
907.395,463
907.511,455
907.627,456
907.743,469
907.859,478
907.976,479
908.092,463
908.208,458
908.324,468
908.44,487
908.556,470
908.672,466
908.788,471
908.904,473
909.02,469
909.136,466
909.252,480
909.368,467
909.484,485
909.6,469
909.716,461
909.832,472
909.948,471
910.064,453
910.18,477
910.296,488
910.412,442
910.528,465
910.644,463
910.76,440
910.875,471
910.991,456
911.107,492
911.223,457
911.339,459
911.455,464
911.571,464
911.687,474
911.803,483
911.919,441
912.035,474
912.151,466
912.267,468
912.382,462
912.498,466
912.614,447
912.73,471
912.846,465
792.446,946
792.565,959
792.684,1034
792.803,975
792.922,898
793.041,876
793.16,845
793.279,860
793.398,851
793.518,819
793.637,820
793.756,811
793.875,829
793.994,807
794.113,788
794.232,764
794.351,766
794.47,759
794.589,764
794.708,743
794.827,731
794.946,756
795.066,734
795.185,741
795.304,717
795.423,717
795.542,698
795.661,707
795.78,682
795.899,690
796.018,683
796.137,671
796.256,696
796.375,661
796.494,663
796.613,674
796.732,670
796.851,670
796.97,647
797.089,643
797.208,641
797.327,635
797.446,657
797.565,647
797.684,666
797.803,657
797.922,643
798.041,652
798.16,622
798.279,637
798.398,627
798.517,626
798.636,608
798.755,630
798.874,627
798.993,609
799.112,612
799.231,623
799.35,623
799.469,617
799.588,628
799.707,592
799.826,610
799.945,587
800.064,618
800.183,599
800.302,578
800.421,594
800.54,571
800.659,600
800.778,601
800.897,619
801.016,589
801.135,603
801.254,583
801.373,593
801.492,611
801.611,584
801.729,581
801.848,618
801.967,576
802.086,568
802.205,583
802.324,622
802.443,584
802.562,568
802.681,607
802.8,570
802.919,570
803.038,608
803.157,604
803.276,586
803.394,576
803.513,579
803.632,573
803.751,579
803.87,585
803.989,582
804.108,571
804.227,597
804.346,584
804.465,587
804.583,588
804.702,572
804.821,587
804.94,592
805.059,576
805.178,574
805.297,565
805.416,585
805.535,610
805.653,593
805.772,591
805.891,628
806.01,602
806.129,604
806.248,583
806.367,603
806.485,590
806.604,590
806.723,599
806.842,592
806.961,594
807.08,573
807.198,577
807.317,582
807.436,594
807.555,561
807.674,598
807.793,570
807.912,576
808.03,557
808.149,590
808.268,586
808.387,585
808.506,582
808.624,596
808.743,591
808.862,578
808.981,591
809.1,558
809.219,584
809.337,568
809.456,586
809.575,595
809.694,574
809.812,571
809.931,566
810.05,588
810.169,572
810.288,591
810.406,593
810.525,592
810.644,579
810.763,594
810.882,576
811.0,595
811.119,602
811.238,567
811.357,560
811.475,607
811.594,589
811.713,600
811.832,609
811.95,588
812.069,619
812.188,610
812.307,574
812.425,586
812.544,592
812.663,593
812.782,615
812.9,595
813.019,596
813.138,591
813.257,599
813.375,573
813.494,572
813.613,583
813.731,592
813.85,577
813.969,593
814.088,593
814.206,586
814.325,580
814.444,579
814.562,557
814.681,560
814.8,589
814.918,599
815.037,575
815.156,567
815.274,587
815.393,576
815.512,567
815.631,581
815.749,573
815.868,573
815.987,586
816.105,580
816.224,594
816.343,571
816.461,564
816.58,576
816.698,595
816.817,579
816.936,594
817.055,600
817.173,572
817.292,556
817.41,561
817.529,581
817.648,559
817.766,551
817.885,563
818.004,533
818.122,553
818.241,521
818.359,547
818.478,531
818.597,537
818.715,531
818.834,526
818.953,527
819.071,510
819.19,516
819.308,504
819.427,519
819.546,511
819.664,511
819.783,513
819.901,506
820.02,512
820.138,510
820.257,525
820.376,506
820.494,492
820.613,517
820.731,513
820.85,504
820.969,498
821.087,509
821.206,487
821.324,514
821.443,501
821.561,508
821.68,505
821.798,493
821.917,500
822.035,490
822.154,494
822.273,517
822.391,481
822.51,486
822.628,483
822.747,500
822.865,478
822.984,484
823.102,513
823.221,490
823.339,497
823.458,495
823.576,483
823.695,486
823.813,469
823.932,491
824.05,480
824.169,480
824.287,515
824.406,515
824.524,504
824.643,477
824.761,507
824.88,487
824.998,477
825.117,491
825.235,489
825.354,499
825.472,488
825.591,491
825.709,488
825.828,506
825.946,490
826.064,484
826.183,481
826.301,484
826.42,477
826.538,495
826.657,465
826.775,475
826.894,490
827.012,482
827.13,468
827.249,487
827.367,490
827.486,483
827.604,435
827.723,478
827.841,483
827.959,512
828.078,480
828.196,490
828.315,480
828.433,474
828.552,491
828.67,490
828.788,465
828.907,477
829.025,473
829.143,485
829.262,469
829.38,478
829.499,482
829.617,483
829.735,492
829.854,467
829.972,477
830.091,481
830.209,488
830.327,484
830.446,471
830.564,483
830.682,494
830.801,483
830.919,492
831.037,489
831.156,479
831.274,485
831.392,491
831.511,499
831.629,492
831.747,467
831.866,479
831.984,478
832.102,460
832.221,486
832.339,455
832.457,482
832.576,495
832.694,474
832.812,481
832.93,488
833.049,468
833.167,461
833.285,479
833.404,481
833.522,478
833.64,476
833.759,481
833.877,461
833.995,486
834.113,458
834.232,491
834.35,481
834.468,476
834.586,508
834.705,481
834.823,494
834.941,465
835.059,481
835.178,505
835.296,500
835.414,476
835.532,486
835.651,488
835.769,489
835.887,491
836.005,490
836.124,470
836.242,468
836.36,479
836.478,485
836.596,463
836.715,468
836.833,471
836.951,480
837.069,479
837.188,476
837.306,489
837.424,495
837.542,475
837.66,473
837.779,483
837.897,490
838.015,474
838.133,489
838.251,476
838.369,509
838.487,482
838.606,471
838.724,507
838.842,506
838.96,476
839.078,473
839.196,480
839.315,503
839.433,484
839.551,491
839.669,482
839.787,500
839.905,493
840.023,495
840.142,495
840.26,510
840.378,485
840.496,501
840.614,508
840.732,480
840.85,500
840.968,504
841.087,501
841.205,501
841.323,500
841.441,493
841.559,512
841.677,494
841.795,523
841.913,515
842.031,521
842.149,522
842.267,502
842.385,497
842.504,503
842.622,512
842.74,503
842.858,516
842.976,490
843.094,490
843.212,502
843.33,499
843.448,503
843.566,492
843.684,476
843.802,483
843.92,503
844.038,496
844.156,487
844.274,493
844.392,486
844.51,484
844.628,495
844.746,491
844.864,489
844.982,509
845.1,487
845.218,496
845.336,482
845.454,504
845.572,481
845.69,469
845.808,498
845.926,493
846.044,485
846.162,476
846.28,485
846.398,481
846.516,493
846.634,477
846.752,479
846.87,507
846.988,489
847.106,496
847.224,475
847.342,479
847.46,496
847.578,489
847.696,489
847.814,495
847.932,504
848.05,478
848.168,482
848.285,499
848.403,490
848.521,492
848.639,496
848.757,495
848.875,485
848.993,504
849.111,492
849.229,489
849.347,492
849.465,489
849.582,482
849.7,492
849.818,488
849.936,485
850.054,468
850.172,474
850.29,472
850.408,475
850.525,467
850.643,479
850.761,487
850.879,489
850.997,484
851.115,490
851.233,504
851.35,492
851.468,493
851.586,496
851.704,470
851.822,497
851.94,505
852.057,495
852.175,518
852.293,512
852.411,505
852.529,519
852.647,494
852.764,551
852.882,500
853.0,498
853.118,509
853.236,516
853.353,498
853.471,481
853.589,496
853.707,506
853.824,497
853.942,501
854.06,502
854.178,487
854.296,505
854.413,515
854.531,500
854.649,500
854.767,501
854.884,505
855.002,507
855.12,483
855.238,505
855.355,518
855.473,513
855.591,509
855.708,520
855.826,499
855.944,491
856.062,530
856.179,491
856.297,506
856.415,497
856.532,518
856.65,508
856.768,504
856.886,501
857.003,526
857.121,512
857.239,526
857.356,510
857.474,521
857.592,516
857.709,500
857.827,526
857.945,502
858.062,503
858.18,507
858.298,495
858.415,507
858.533,518
858.651,496
858.768,496
858.886,488
859.003,512
859.121,515
859.239,511
859.356,526
859.474,502
859.592,524
859.709,497
859.827,489
859.944,532
860.062,476
860.18,486
860.297,486
860.415,504
860.532,488
860.65,498
860.768,520
860.885,509
861.003,509
861.12,492
861.238,495
861.356,511
861.473,485
861.591,501
861.708,499
861.826,502
861.943,495
862.061,489
862.178,490
862.296,498
862.414,484
862.531,480
862.649,482
862.766,486
862.884,479
863.001,473
863.119,478
863.236,470
863.354,482
863.471,471
863.589,459
863.706,492
863.824,497
863.941,482
864.059,484
864.176,499
864.294,492
864.411,486
864.529,488
864.646,478
864.764,483
864.881,470
864.999,478
865.116,475
865.233,490
865.351,458
865.468,493
865.586,492
865.703,502
865.821,484
865.938,498
866.056,474
866.173,501
866.29,487
866.408,485
866.525,466
866.643,473
866.76,496
866.878,505
866.995,506
867.112,473
867.23,501
867.347,469
867.465,489
867.582,516
867.699,473
867.817,496
867.934,491
868.051,503
868.169,477
868.286,472
868.404,484
868.521,495
868.638,508
868.756,490
868.873,473
868.99,482
869.108,496
869.225,495
869.342,500
869.46,505
869.577,479
869.694,498
869.812,506
869.929,504
870.046,514
870.164,512
870.281,503
870.398,530
870.516,513
870.633,501
870.75,501
870.867,491
870.985,513
871.102,504
871.219,508
871.337,520
871.454,502
871.571,530
871.688,517
871.806,490
871.923,502
872.04,514
872.157,501
872.275,481
872.392,506
872.509,506
872.626,500
872.744,511
872.861,495
872.978,498
873.095,497
873.213,491
873.33,507
873.447,501
873.564,498
873.681,486
873.799,505
873.916,513
874.033,473
874.15,499
874.267,497
874.385,513
874.502,508
874.619,506
874.736,513
874.853,498
874.97,500
875.088,526
875.205,503
875.322,476
875.439,502
875.556,494
875.673,505
875.791,509
875.908,495
876.025,501
876.142,478
876.259,491
876.376,500
876.493,464
876.61,504
876.728,496
876.845,492
876.962,513
877.079,492
877.196,519
877.313,515
877.43,500
877.547,491
877.664,486
877.781,515
877.898,486
878.016,508
878.133,487
878.25,487
878.367,504
878.484,507
878.601,491
878.718,495
878.835,502
878.952,508
879.069,504
879.186,504
879.303,481
879.42,477
879.537,506
879.654,492
879.771,495
879.888,467
880.005,490
880.122,483
880.239,466
880.356,487
880.473,482
880.59,459
880.707,485
880.824,479
880.941,483
881.058,463
881.175,455
881.292,473
881.409,484
881.526,477
881.643,478
881.76,469
881.877,489
881.994,471
882.111,490
882.228,481
882.345,497
882.462,470
882.579,473
882.696,499
882.812,484
882.929,472
883.046,508
883.163,486
883.28,469
883.397,489
883.514,503
883.631,493
883.748,468
883.865,497
883.982,483
884.098,482
884.215,483
884.332,483
884.449,497
884.566,479
884.683,494
884.8,491
884.916,499
885.033,512
885.15,515
885.267,502
885.384,533
885.501,507
885.617,520
885.734,531
885.851,525
885.968,505
886.085,524
886.202,547
886.318,527
886.435,503
886.552,529
886.669,520
886.786,512
886.902,519
887.019,523
887.136,539
887.253,506
887.369,515
887.486,526
887.603,531
887.72,512
887.837,516
887.953,507
888.07,505
888.187,512
888.304,494
888.42,500
888.537,488
888.654,483
888.77,486
888.887,464
889.004,469
889.121,458
889.237,465
889.354,488
889.471,459
889.587,466
889.704,443
889.821,490
889.938,464
890.054,478
890.171,469
890.288,468
890.404,441
890.521,483
890.638,479
890.754,454
890.871,491
890.988,493
891.104,458
891.221,455
891.337,460
891.454,469
891.571,477
891.687,476
891.804,485
891.921,461
892.037,459
892.154,475
892.27,449
892.387,502
892.504,447
892.62,462
892.737,466
892.854,465
892.97,468
893.087,457
893.203,472
893.32,452
893.436,460
893.553,472
893.67,465
893.786,463
893.903,479
894.019,453
894.136,469
894.252,475
894.369,478
894.485,481
894.602,468
894.718,476
894.835,489
894.951,483
895.068,463
895.184,466
895.301,481
895.417,476
895.534,479
895.65,440
895.767,456
895.883,461
896.0,454
896.116,487
896.233,462
896.349,452
896.466,456
896.582,475
896.699,488
896.815,456
896.932,456
897.048,466
897.165,479
897.281,475
897.397,466
897.514,464
897.63,488
897.747,471
897.863,483
897.979,476
898.096,469
898.212,456
898.329,471
898.445,480
898.561,458
898.678,476
898.794,468
898.911,448
899.027,481
899.143,472
899.26,466
899.376,473
899.492,492
899.609,488
899.725,472
899.842,466
899.958,467
900.074,480
900.191,467
900.307,481
900.423,467
900.539,477
900.656,482
900.772,464
900.888,474
901.005,472
901.121,473
901.237,485
901.354,476
901.47,483
901.586,485
901.703,502
901.819,467
901.935,480
902.051,484
902.168,504
902.284,488
902.4,514
902.516,484
902.633,480
902.749,512
902.865,507
902.981,489
903.098,506
903.214,512
903.33,497
903.446,531
903.562,504
903.679,500
903.795,518
903.911,490
904.027,502
904.143,498
904.26,513
904.376,501
904.492,500
904.608,505
904.724,509
904.841,490
904.957,485
905.073,486
905.189,458
905.305,457
905.421,470
905.538,476
905.654,484
905.77,476
905.886,476
906.002,465
906.118,463
906.234,477
906.35,477
906.466,456
906.583,440
906.699,483
906.815,470
906.931,462
907.047,451
907.163,479
907.279,460
907.395,448
907.511,480
907.627,476
907.743,469
907.859,464
907.976,477
908.092,478
908.208,466
908.324,480
908.44,476
908.556,484
908.672,471
908.788,454
908.904,477
909.02,477
909.136,477
909.252,471
909.368,476
909.484,455
909.6,472
909.716,471
909.832,453
909.948,463
910.064,469
910.18,480
910.296,448
910.412,469
910.528,463
910.644,457
910.76,459
910.875,454
910.991,469
911.107,471
911.223,464
911.339,469
911.455,464
911.571,465
911.687,462
911.803,484
911.919,448
912.035,482
912.151,477
912.267,453
912.382,473
912.498,467
912.614,469
912.73,465
912.846,466
