792.446,494
792.565,533
792.684,569
792.803,538
792.922,493
793.041,477
793.16,468
793.279,501
793.398,503
793.518,467
793.637,495
793.756,503
793.875,517
793.994,505
794.113,476
794.232,487
794.351,483
794.47,482
794.589,488
794.708,478
794.827,493
794.946,490
795.066,492
795.185,502
795.304,493
795.423,498
795.542,497
795.661,490
795.78,487
795.899,496
796.018,485
796.137,469
796.256,494
796.375,474
796.494,465
796.613,506
796.732,487
796.851,471
796.97,487
797.089,464
797.208,487
797.327,463
797.446,470
797.565,484
797.684,479
797.803,487
797.922,481
798.041,485
798.16,482
798.279,482
798.398,489
798.517,439
798.636,467
798.755,476
798.874,487
798.993,488
799.112,471
799.231,486
799.35,490
799.469,487
799.588,476
799.707,478
799.826,495
799.945,476
800.064,481
800.183,483
800.302,477
800.421,497
800.54,482
800.659,493
800.778,466
800.897,462
801.016,480
801.135,477
801.254,490
801.373,470
801.492,476
801.611,463
801.729,473
801.848,468
801.967,487
802.086,491
802.205,475
802.324,483
802.443,451
802.562,475
802.681,494
802.8,489
802.919,474
803.038,462
803.157,480
803.276,486
803.394,453
803.513,482
803.632,465
803.751,487
803.87,461
803.989,468
804.108,466
804.227,469
804.346,472
804.465,462
804.583,474
804.702,466
804.821,468
804.94,474
805.059,478
805.178,456
805.297,494
805.416,477
805.535,466
805.653,463
805.772,484
805.891,493
806.01,471
806.129,480
806.248,472
806.367,471
806.485,462
806.604,469
806.723,480
806.842,471
806.961,474
807.08,458
807.198,463
807.317,484
807.436,455
807.555,465
807.674,479
807.793,473
807.912,472
808.03,481
808.149,474
808.268,465
808.387,484
808.506,465
808.624,473
808.743,465
808.862,492
808.981,471
809.1,468
809.219,492
809.337,471
809.456,482
809.575,467
809.694,466
809.812,471
809.931,479
810.05,483
810.169,463
810.288,475
810.406,472
810.525,490
810.644,493
810.763,465
810.882,482
811.0,468
811.119,474
811.238,455
811.357,464
811.475,470
811.594,470
811.713,482
811.832,493
811.95,461
812.069,446
812.188,480
812.307,480
812.425,476
812.544,463
812.663,485
812.782,464
812.9,453
813.019,456
813.138,455
813.257,466
813.375,473
813.494,483
813.613,452
813.731,467
813.85,479
813.969,476
814.088,473
814.206,476
814.325,469
814.444,463
814.562,451
814.681,477
814.8,467
814.918,474
815.037,474
815.156,478
815.274,480
815.393,484
815.512,454
815.631,463
815.749,482
815.868,468
815.987,472
816.105,479
816.224,464
816.343,475
816.461,466
816.58,450
816.698,474
816.817,461
816.936,468
817.055,476
817.173,453
817.292,483
817.41,461
817.529,484
817.648,470
817.766,453
817.885,466
818.004,456
818.122,466
818.241,463
818.359,458
818.478,462
818.597,454
818.715,457
818.834,459
818.953,471
819.071,460
819.19,450
819.308,448
819.427,460
819.546,465
819.664,475
819.783,439
819.901,448
820.02,447
820.138,451
820.257,462
820.376,459
820.494,460
820.613,464
820.731,450
820.85,477
820.969,460
821.087,441
821.206,461
821.324,467
821.443,445
821.561,457
821.68,462
821.798,450
821.917,472
822.035,462
822.154,457
822.273,456
822.391,442
822.51,459
822.628,431
822.747,454
822.865,445
822.984,453
823.102,454
823.221,452
823.339,465
823.458,440
823.576,431
823.695,448
823.813,441
823.932,443
824.05,447
824.169,457
824.287,449
824.406,454
824.524,450
824.643,465
824.761,442
824.88,453
824.998,453
825.117,467
825.235,428
825.354,438
825.472,455
825.591,449
825.709,459
825.828,462
825.946,448
826.064,463
826.183,434
826.301,456
826.42,455
826.538,455
826.657,440
826.775,452
826.894,442
827.012,444
827.13,444
827.249,436
827.367,427
827.486,456
827.604,441
827.723,449
827.841,463
827.959,452
828.078,456
828.196,446
828.315,449
828.433,454
828.552,469
828.67,452
828.788,449
828.907,441
829.025,449
829.143,448
829.262,435
829.38,460
829.499,443
829.617,451
829.735,457
829.854,452
829.972,437
830.091,453
830.209,449
830.327,462
830.446,451
830.564,451
830.682,436
830.801,438
830.919,426
831.037,443
831.156,467
831.274,436
831.392,442
831.511,478
831.629,442
831.747,455
831.866,445
831.984,451
832.102,439
832.221,456
832.339,446
832.457,427
832.576,439
832.694,459
832.812,450
832.93,445
833.049,434
833.167,433
833.285,456
833.404,428
833.522,429
833.64,427
833.759,435
833.877,432
833.995,460
834.113,433
834.232,440
834.35,428
834.468,455
834.586,443
834.705,452
834.823,431
834.941,436
835.059,440
835.178,449
835.296,455
835.414,426
835.532,452
835.651,442
835.769,454
835.887,425
836.005,441
836.124,447
836.242,448
836.36,454
836.478,448
836.596,439
836.715,445
836.833,427
836.951,444
837.069,440
837.188,431
837.306,452
837.424,443
837.542,437
837.66,446
837.779,430
837.897,430
838.015,436
838.133,452
838.251,433
838.369,435
838.487,436
838.606,442
838.724,455
838.842,459
838.96,434
839.078,447
839.196,429
839.315,434
839.433,457
839.551,433
839.669,438
839.787,442
839.905,459
840.023,442
840.142,419
840.26,451
840.378,442
840.496,440
840.614,452
840.732,436
840.85,451
840.968,441
841.087,435
841.205,463
841.323,449
841.441,445
841.559,446
841.677,457
841.795,423
841.913,429
842.031,454
842.149,434
842.267,450
842.385,426
842.504,438
842.622,439
842.74,432
842.858,427
842.976,424
843.094,452
843.212,438
843.33,443
843.448,444
843.566,431
843.684,440
843.802,428
843.92,428
844.038,427
844.156,457
844.274,440
844.392,431
844.51,465
844.628,434
844.746,455
844.864,429
844.982,443
845.1,437
845.218,445
845.336,419
845.454,424
845.572,446
845.69,418
845.808,431
845.926,454
846.044,436
846.162,441
846.28,439
846.398,429
846.516,441
846.634,426
846.752,433
846.87,453
846.988,446
847.106,439
847.224,442
847.342,439
847.46,431
847.578,429
847.696,426
847.814,429
847.932,436
848.05,433
848.168,439
848.285,446
848.403,425
848.521,441
848.639,431
848.757,444
848.875,423
848.993,444
849.111,438
849.229,439
849.347,433
849.465,443
849.582,437
849.7,442
849.818,437
849.936,448
850.054,460
850.172,421
850.29,441
850.408,445
850.525,433
850.643,451
850.761,436
850.879,428
850.997,439
851.115,431
851.233,433
851.35,433
851.468,447
851.586,453
851.704,432
851.822,439
851.94,438
852.057,442
852.175,444
852.293,438
852.411,443
852.529,442
852.647,421
852.764,415
852.882,433
853.0,435
853.118,444
853.236,443
853.353,438
853.471,445
853.589,424
853.707,455
853.824,447
853.942,424
854.06,426
854.178,446
854.296,444
854.413,431
854.531,431
854.649,459
854.767,435
854.884,440
855.002,451
855.12,427
855.238,445
855.355,451
855.473,437
855.591,442
855.708,442
855.826,443
855.944,450
856.062,446
856.179,443
856.297,444
856.415,438
856.532,455
856.65,434
856.768,439
856.886,420
857.003,450
857.121,437
857.239,424
857.356,455
857.474,432
857.592,454
857.709,427
857.827,422
857.945,429
858.062,443
858.18,415
858.298,441
858.415,443
858.533,446
858.651,434
858.768,451
858.886,449
859.003,432
859.121,464
859.239,438
859.356,427
859.474,430
859.592,445
859.709,448
859.827,432
859.944,454
860.062,425
860.18,435
860.297,445
860.415,426
860.532,448
860.65,441
860.768,441
860.885,435
861.003,446
861.12,439
861.238,433
861.356,450
861.473,429
861.591,435
861.708,437
861.826,415
861.943,435
862.061,441
862.178,426
862.296,418
862.414,436
862.531,428
862.649,451
862.766,432
862.884,442
863.001,432
863.119,448
863.236,439
863.354,451
863.471,437
863.589,440
863.706,439
863.824,427
863.941,426
864.059,443
864.176,448
864.294,433
864.411,438
864.529,421
864.646,438
864.764,420
864.881,441
864.999,426
865.116,448
865.233,448
865.351,450
865.468,436
865.586,439
865.703,442
865.821,431
865.938,431
866.056,444
866.173,434
866.29,434
866.408,454
866.525,436
866.643,439
866.76,429
866.878,437
866.995,433
867.112,461
867.23,449
867.347,452
867.465,458
867.582,448
867.699,450
867.817,422
867.934,440
868.051,435
868.169,457
868.286,452
868.404,421
868.521,433
868.638,444
868.756,452
868.873,439
868.99,446
869.108,440
869.225,450
869.342,436
869.46,450
869.577,437
869.694,442
869.812,449
869.929,429
870.046,432
870.164,449
870.281,428
870.398,448
870.516,451
870.633,447
870.75,449
870.867,444
870.985,445
871.102,428
871.219,433
871.337,457
871.454,443
871.571,441
871.688,433
871.806,457
871.923,423
872.04,437
872.157,446
872.275,450
872.392,433
872.509,409
872.626,454
872.744,441
872.861,439
872.978,438
873.095,436
873.213,433
873.33,415
873.447,453
873.564,432
873.681,425
873.799,471
873.916,431
874.033,430
874.15,445
874.267,430
874.385,421
874.502,432
874.619,441
874.736,444
874.853,433
874.97,433
875.088,428
875.205,445
875.322,441
875.439,445
875.556,426
875.673,438
875.791,435
875.908,428
876.025,444
876.142,442
876.259,441
876.376,430
876.493,449
876.61,430
876.728,480
876.845,428
876.962,445
877.079,435
877.196,446
877.313,448
877.43,447
877.547,454
877.664,437
877.781,455
877.898,444
878.016,431
878.133,442
878.25,437
878.367,449
878.484,440
878.601,429
878.718,431
878.835,443
878.952,438
879.069,437
879.186,435
879.303,430
879.42,430
879.537,438
879.654,434
879.771,437
879.888,458
880.005,450
880.122,442
880.239,452
880.356,427
880.473,443
880.59,444
880.707,444
880.824,439
880.941,426
881.058,433
881.175,434
881.292,425
881.409,464
881.526,443
881.643,432
881.76,436
881.877,452
881.994,446
882.111,468
882.228,437
882.345,446
882.462,440
882.579,438
882.696,444
882.812,440
882.929,454
883.046,444
883.163,443
883.28,432
883.397,455
883.514,431
883.631,441
883.748,445
883.865,446
883.982,420
884.098,434
884.215,440
884.332,448
884.449,447
884.566,450
884.683,444
884.8,432
884.916,451
885.033,460
885.15,446
885.267,438
885.384,455
885.501,450
885.617,437
885.734,436
885.851,453
885.968,447
886.085,450
886.202,455
886.318,448
886.435,453
886.552,451
886.669,446
886.786,449
886.902,432
887.019,444
887.136,435
887.253,458
887.369,435
887.486,450
887.603,442
887.72,424
887.837,452
887.953,454
888.07,431
888.187,427
888.304,448
888.42,424
888.537,440
888.654,456
888.77,433
888.887,438
889.004,439
889.121,446
889.237,420
889.354,451
889.471,443
889.587,428
889.704,431
889.821,446
889.938,448
890.054,450
890.171,443
890.288,452
890.404,446
890.521,464
890.638,440
890.754,429
890.871,442
890.988,440
891.104,440
891.221,459
891.337,433
891.454,430
891.571,450
891.687,465
891.804,452
891.921,463
892.037,440
892.154,451
892.27,449
892.387,454
892.504,448
892.62,457
892.737,444
892.854,418
892.97,434
893.087,458
893.203,436
893.32,454
893.436,442
893.553,451
893.67,447
893.786,443
893.903,450
894.019,432
894.136,467
894.252,456
894.369,448
894.485,470
894.602,447
894.718,447
894.835,459
894.951,456
895.068,441
895.184,452
895.301,443
895.417,449
895.534,444
895.65,455
895.767,429
895.883,444
896.0,443
896.116,464
896.233,476
896.349,454
896.466,446
896.582,430
896.699,440
896.815,418
896.932,468
897.048,446
897.165,456
897.281,429
897.397,444
897.514,436
897.63,439
897.747,430
897.863,441
897.979,464
898.096,448
898.212,433
898.329,435
898.445,441
898.561,448
898.678,452
898.794,444
898.911,445
899.027,459
899.143,445
899.26,438
899.376,457
899.492,459
899.609,453
899.725,437
899.842,439
899.958,450
900.074,452
900.191,454
900.307,451
900.423,444
900.539,451
900.656,444
900.772,441
900.888,450
901.005,449
901.121,442
901.237,439
901.354,431
901.47,458
901.586,454
901.703,462
901.819,457
901.935,464
902.051,475
902.168,450
902.284,444
902.4,452
902.516,450
902.633,456
902.749,458
902.865,451
902.981,451
903.098,468
903.214,462
903.33,453
903.446,454
903.562,457
903.679,445
903.795,455
903.911,434
904.027,443
904.143,434
904.26,464
904.376,465
904.492,459
904.608,455
904.724,449
904.841,445
904.957,462
905.073,454
905.189,458
905.305,438
905.421,458
905.538,462
905.654,452
905.77,460
905.886,454
906.002,450
906.118,446
906.234,452
906.35,459
906.466,451
906.583,448
906.699,444
906.815,442
906.931,455
907.047,455
907.163,473
907.279,459
907.395,461
907.511,450
907.627,467
907.743,453
907.859,444
907.976,455
908.092,463
908.208,446
908.324,467
908.44,459
908.556,442
908.672,455
908.788,462
908.904,462
909.02,450
909.136,439
909.252,460
909.368,471
909.484,455
909.6,455
909.716,453
909.832,454
909.948,456
910.064,465
910.18,420
910.296,450
910.412,451
910.528,444
910.644,468
910.76,428
910.875,443
910.991,443
911.107,434
911.223,439
911.339,434
911.455,471
911.571,455
911.687,470
911.803,445
911.919,454
912.035,445
912.151,458
912.267,467
912.382,452
912.498,452
912.614,441
912.73,459
912.846,457
792.446,508
792.565,526
792.684,570
792.803,562
792.922,503
793.041,476
793.16,492
793.279,496
793.398,505
793.518,490
793.637,479
793.756,491
793.875,488
793.994,514
794.113,484
794.232,486
794.351,498
794.47,487
794.589,493
794.708,482
794.827,492
794.946,486
795.066,496
795.185,500
795.304,500
795.423,489
795.542,484
795.661,500
795.78,486
795.899,489
796.018,472
796.137,495
796.256,501
796.375,482
796.494,474
796.613,486
796.732,469
796.851,489
796.97,479
797.089,490
797.208,477
797.327,502
797.446,465
797.565,473
797.684,483
797.803,493
797.922,483
798.041,495
798.16,501
798.279,483
798.398,491
798.517,477
798.636,476
798.755,515
798.874,487
798.993,468
799.112,480
799.231,491
799.35,471
799.469,472
799.588,471
799.707,506
799.826,469
799.945,490
800.064,489
800.183,476
800.302,479
800.421,483
800.54,486
800.659,495
800.778,492
800.897,489
801.016,478
801.135,473
801.254,506
801.373,481
801.492,498
801.611,483
801.729,468
801.848,471
801.967,469
802.086,480
802.205,485
802.324,482
802.443,474
802.562,485
802.681,454
802.8,493
802.919,486
803.038,476
803.157,476
803.276,465
803.394,477
803.513,465
803.632,483
803.751,498
803.87,469
803.989,481
804.108,466
804.227,486
804.346,469
804.465,468
804.583,482
804.702,492
804.821,467
804.94,482
805.059,473
805.178,469
805.297,471
805.416,473
805.535,488
805.653,478
805.772,460
805.891,465
806.01,494
806.129,463
806.248,464
806.367,471
806.485,481
806.604,459
806.723,490
806.842,474
806.961,464
807.08,479
807.198,494
807.317,473
807.436,472
807.555,474
807.674,474
807.793,491
807.912,473
808.03,466
808.149,472
808.268,491
808.387,481
808.506,466
808.624,483
808.743,463
808.862,483
808.981,496
809.1,486
809.219,474
809.337,475
809.456,467
809.575,470
809.694,465
809.812,466
809.931,494
810.05,482
810.169,463
810.288,472
810.406,486
810.525,471
810.644,479
810.763,465
810.882,488
811.0,471
811.119,465
811.238,469
811.357,478
811.475,479
811.594,491
811.713,468
811.832,486
811.95,473
812.069,468
812.188,452
812.307,487
812.425,463
812.544,469
812.663,474
812.782,470
812.9,501
813.019,477
813.138,479
813.257,462
813.375,479
813.494,472
813.613,487
813.731,479
813.85,471
813.969,495
814.088,461
814.206,479
814.325,465
814.444,453
814.562,481
814.681,484
814.8,471
814.918,458
815.037,465
815.156,460
815.274,468
815.393,474
815.512,479
815.631,467
815.749,474
815.868,472
815.987,475
816.105,455
816.224,479
816.343,475
816.461,464
816.58,480
816.698,476
816.817,464
816.936,464
817.055,474
817.173,469
817.292,458
817.41,454
817.529,458
817.648,492
817.766,471
817.885,471
818.004,453
818.122,474
818.241,460
818.359,476
818.478,457
818.597,453
818.715,452
818.834,453
818.953,460
819.071,452
819.19,451
819.308,454
819.427,449
819.546,455
819.664,459
819.783,456
819.901,441
820.02,439
820.138,463
820.257,470
820.376,450
820.494,443
820.613,451
820.731,438
820.85,455
820.969,466
821.087,454
821.206,462
821.324,468
821.443,455
821.561,463
821.68,439
821.798,461
821.917,446
822.035,453
822.154,443
822.273,454
822.391,454
822.51,476
822.628,437
822.747,454
822.865,455
822.984,447
823.102,460
823.221,436
823.339,458
823.458,461
823.576,437
823.695,448
823.813,470
823.932,443
824.05,447
824.169,454
824.287,435
824.406,443
824.524,464
824.643,443
824.761,476
824.88,463
824.998,441
825.117,444
825.235,464
825.354,438
825.472,454
825.591,460
825.709,450
825.828,451
825.946,445
826.064,452
826.183,453
826.301,454
826.42,454
826.538,448
826.657,468
826.775,448
826.894,449
827.012,463
827.13,441
827.249,453
827.367,455
827.486,446
827.604,452
827.723,444
827.841,457
827.959,435
828.078,430
828.196,461
828.315,450
828.433,459
828.552,455
828.67,437
828.788,455
828.907,450
829.025,449
829.143,457
829.262,460
829.38,448
829.499,441
829.617,442
829.735,434
829.854,446
829.972,451
830.091,452
830.209,442
830.327,448
830.446,436
830.564,442
830.682,455
830.801,445
830.919,454
831.037,448
831.156,433
831.274,448
831.392,456
831.511,459
831.629,464
831.747,454
831.866,447
831.984,423
832.102,442
832.221,439
832.339,443
832.457,445
832.576,459
832.694,443
832.812,444
832.93,462
833.049,449
833.167,447
833.285,418
833.404,437
833.522,431
833.64,444
833.759,447
833.877,457
833.995,457
834.113,420
834.232,462
834.35,451
834.468,446
834.586,439
834.705,446
834.823,448
834.941,432
835.059,431
835.178,459
835.296,443
835.414,450
835.532,447
835.651,443
835.769,428
835.887,451
836.005,451
836.124,424
836.242,458
836.36,428
836.478,445
836.596,447
836.715,434
836.833,455
836.951,450
837.069,447
837.188,439
837.306,447
837.424,448
837.542,446
837.66,447
837.779,448
837.897,466
838.015,435
838.133,437
838.251,436
838.369,458
838.487,462
838.606,454
838.724,431
838.842,442
838.96,450
839.078,448
839.196,450
839.315,443
839.433,459
839.551,449
839.669,440
839.787,442
839.905,436
840.023,439
840.142,434
840.26,447
840.378,442
840.496,441
840.614,444
840.732,440
840.85,442
840.968,434
841.087,450
841.205,442
841.323,432
841.441,457
841.559,452
841.677,464
841.795,442
841.913,451
842.031,422
842.149,457
842.267,431
842.385,443
842.504,422
842.622,430
842.74,444
842.858,440
842.976,424
843.094,437
843.212,438
843.33,432
843.448,440
843.566,440
843.684,436
843.802,444
843.92,433
844.038,439
844.156,426
844.274,434
844.392,457
844.51,436
844.628,428
844.746,453
844.864,446
844.982,428
845.1,449
845.218,443
845.336,430
845.454,456
845.572,445
845.69,431
845.808,439
845.926,435
846.044,431
846.162,440
846.28,455
846.398,428
846.516,430
846.634,438
846.752,429
846.87,444
846.988,447
847.106,435
847.224,428
847.342,438
847.46,452
847.578,450
847.696,440
847.814,442
847.932,421
848.05,447
848.168,424
848.285,451
848.403,426
848.521,434
848.639,439
848.757,434
848.875,426
848.993,424
849.111,434
849.229,445
849.347,433
849.465,445
849.582,438
849.7,436
849.818,443
849.936,432
850.054,441
850.172,440
850.29,433
850.408,433
850.525,440
850.643,432
850.761,427
850.879,445
850.997,432
851.115,433
851.233,440
851.35,442
851.468,442
851.586,457
851.704,448
851.822,433
851.94,427
852.057,453
852.175,443
852.293,439
852.411,445
852.529,425
852.647,440
852.764,437
852.882,435
853.0,451
853.118,450
853.236,442
853.353,434
853.471,440
853.589,424
853.707,457
853.824,439
853.942,457
854.06,419
854.178,439
854.296,442
854.413,435
854.531,451
854.649,431
854.767,447
854.884,437
855.002,461
855.12,428
855.238,443
855.355,446
855.473,442
855.591,426
855.708,441
855.826,437
855.944,432
856.062,433
856.179,448
856.297,448
856.415,419
856.532,431
856.65,444
856.768,423
856.886,428
857.003,446
857.121,430
857.239,435
857.356,419
857.474,449
857.592,421
857.709,428
857.827,440
857.945,427
858.062,445
858.18,431
858.298,442
858.415,443
858.533,440
858.651,439
858.768,436
858.886,439
859.003,438
859.121,444
859.239,441
859.356,450
859.474,450
859.592,431
859.709,448
859.827,438
859.944,432
860.062,440
860.18,438
860.297,457
860.415,443
860.532,428
860.65,432
860.768,437
860.885,429
861.003,449
861.12,432
861.238,426
861.356,441
861.473,431
861.591,453
861.708,435
861.826,431
861.943,439
862.061,442
862.178,444
862.296,437
862.414,439
862.531,415
862.649,448
862.766,431
862.884,446
863.001,446
863.119,443
863.236,440
863.354,453
863.471,437
863.589,438
863.706,469
863.824,452
863.941,434
864.059,420
864.176,430
864.294,458
864.411,451
864.529,424
864.646,439
864.764,440
864.881,431
864.999,451
865.116,438
865.233,420
865.351,438
865.468,429
865.586,464
865.703,452
865.821,444
865.938,425
866.056,453
866.173,436
866.29,450
866.408,416
866.525,445
866.643,438
866.76,436
866.878,434
866.995,434
867.112,430
867.23,444
867.347,433
867.465,449
867.582,445
867.699,451
867.817,446
867.934,431
868.051,443
868.169,438
868.286,449
868.404,426
868.521,432
868.638,427
868.756,432
868.873,444
868.99,437
869.108,441
869.225,419
869.342,431
869.46,433
869.577,446
869.694,444
869.812,426
869.929,421
870.046,450
870.164,453
870.281,441
870.398,431
870.516,451
870.633,441
870.75,426
870.867,432
870.985,434
871.102,427
871.219,444
871.337,418
871.454,440
871.571,438
871.688,441
871.806,441
871.923,438
872.04,432
872.157,448
872.275,442
872.392,448
872.509,436
872.626,447
872.744,444
872.861,441
872.978,433
873.095,426
873.213,444
873.33,440
873.447,427
873.564,443
873.681,435
873.799,446
873.916,437
874.033,441
874.15,459
874.267,434
874.385,453
874.502,450
874.619,449
874.736,432
874.853,442
874.97,438
875.088,422
875.205,441
875.322,458
875.439,430
875.556,436
875.673,444
875.791,438
875.908,433
876.025,443
876.142,451
876.259,432
876.376,460
876.493,446
876.61,447
876.728,435
876.845,449
876.962,438
877.079,442
877.196,448
877.313,440
877.43,450
877.547,446
877.664,451
877.781,451
877.898,437
878.016,423
878.133,448
878.25,424
878.367,435
878.484,435
878.601,450
878.718,442
878.835,430
878.952,425
879.069,444
879.186,447
879.303,452
879.42,442
879.537,436
879.654,448
879.771,449
879.888,427
880.005,450
880.122,437
880.239,444
880.356,430
880.473,450
880.59,464
880.707,429
880.824,427
880.941,444
881.058,436
881.175,446
881.292,431
881.409,439
881.526,470
881.643,446
881.76,431
881.877,439
881.994,447
882.111,432
882.228,453
882.345,435
882.462,438
882.579,460
882.696,449
882.812,443
882.929,438
883.046,441
883.163,454
883.28,457
883.397,432
883.514,436
883.631,462
883.748,440
883.865,446
883.982,439
884.098,451
884.215,445
884.332,452
884.449,446
884.566,436
884.683,445
884.8,435
884.916,461
885.033,438
885.15,426
885.267,457
885.384,438
885.501,441
885.617,461
885.734,439
885.851,456
885.968,445
886.085,453
886.202,420
886.318,471
886.435,436
886.552,435
886.669,428
886.786,446
886.902,448
887.019,445
887.136,441
887.253,443
887.369,468
887.486,440
887.603,427
887.72,423
887.837,436
887.953,459
888.07,465
888.187,444
888.304,446
888.42,456
888.537,439
888.654,464
888.77,440
888.887,439
889.004,438
889.121,436
889.237,437
889.354,464
889.471,446
889.587,456
889.704,459
889.821,448
889.938,437
890.054,445
890.171,437
890.288,449
890.404,454
890.521,440
890.638,454
890.754,441
890.871,436
890.988,468
891.104,454
891.221,438
891.337,444
891.454,450
891.571,439
891.687,458
891.804,459
891.921,453
892.037,452
892.154,467
892.27,439
892.387,449
892.504,442
892.62,435
892.737,443
892.854,451
892.97,445
893.087,459
893.203,429
893.32,447
893.436,449
893.553,438
893.67,459
893.786,453
893.903,434
894.019,454
894.136,436
894.252,444
894.369,445
894.485,450
894.602,441
894.718,468
894.835,433
894.951,458
895.068,442
895.184,458
895.301,446
895.417,455
895.534,453
895.65,458
895.767,446
895.883,454
896.0,434
896.116,466
896.233,445
896.349,440
896.466,427
896.582,456
896.699,441
896.815,453
896.932,443
897.048,462
897.165,451
897.281,483
897.397,452
897.514,456
897.63,437
897.747,478
897.863,439
897.979,452
898.096,447
898.212,456
898.329,446
898.445,463
898.561,428
898.678,447
898.794,435
898.911,453
899.027,477
899.143,459
899.26,443
899.376,458
899.492,442
899.609,458
899.725,452
899.842,447
899.958,439
900.074,454
900.191,440
900.307,459
900.423,452
900.539,457
900.656,456
900.772,454
900.888,435
901.005,453
901.121,455
901.237,444
901.354,464
901.47,443
901.586,420
901.703,456
901.819,457
901.935,449
902.051,446
902.168,446
902.284,458
902.4,459
902.516,446
902.633,464
902.749,457
902.865,454
902.981,455
903.098,452
903.214,463
903.33,439
903.446,451
903.562,444
903.679,441
903.795,431
903.911,462
904.027,466
904.143,462
904.26,461
904.376,456
904.492,459
904.608,435
904.724,467
904.841,443
904.957,469
905.073,451
905.189,468
905.305,453
905.421,466
905.538,463
905.654,465
905.77,435
905.886,463
906.002,435
906.118,453
906.234,453
906.35,450
906.466,444
906.583,458
906.699,461
906.815,447
906.931,463
907.047,460
907.163,460
907.279,455
907.395,445
907.511,455
907.627,455
907.743,459
907.859,459
907.976,473
908.092,438
908.208,458
908.324,460
908.44,457
908.556,442
908.672,488
908.788,464
908.904,458
909.02,450
909.136,453
909.252,472
909.368,453
909.484,444
909.6,446
909.716,449
909.832,463
909.948,437
910.064,453
910.18,456
910.296,445
910.412,478
910.528,447
910.644,452
910.76,453
910.875,453
910.991,457
911.107,439
911.223,476
911.339,458
911.455,471
911.571,445
911.687,461
911.803,450
911.919,456
912.035,476
912.151,460
912.267,464
912.382,456
912.498,437
912.614,460
912.73,441
912.846,455
792.446,483
792.565,522
792.684,556
792.803,544
792.922,497
793.041,503
793.16,491
793.279,531
793.398,487
793.518,490
793.637,483
793.756,498
793.875,499
793.994,510
794.113,489
794.232,496
794.351,508
794.47,470
794.589,504
794.708,473
794.827,497
794.946,479
795.066,471
795.185,504
795.304,505
795.423,475
795.542,484
795.661,497
795.78,471
795.899,484
796.018,500
796.137,479
796.256,482
796.375,491
796.494,480
796.613,504
796.732,463
796.851,490
796.97,491
797.089,496
797.208,493
797.327,489
797.446,479
797.565,489
797.684,462
797.803,473
797.922,495
798.041,480
798.16,488
798.279,486
798.398,480
798.517,470
798.636,476
798.755,501
798.874,489
798.993,486
799.112,502
799.231,485
799.35,488
799.469,484
799.588,483
799.707,475
799.826,491
799.945,483
800.064,483
800.183,477
800.302,471
800.421,460
800.54,489
800.659,489
800.778,466
800.897,485
801.016,504
801.135,461
801.254,480
801.373,478
801.492,466
801.611,470
801.729,455
801.848,480
801.967,477
802.086,469
802.205,485
802.324,472
802.443,468
802.562,480
802.681,480
802.8,483
802.919,482
803.038,493
803.157,479
803.276,488
803.394,467
803.513,466
803.632,490
803.751,477
803.87,486
803.989,481
804.108,466
804.227,480
804.346,470
804.465,470
804.583,491
804.702,481
804.821,481
804.94,479
805.059,491
805.178,487
805.297,500
805.416,470
805.535,488
805.653,477
805.772,473
805.891,485
806.01,461
806.129,471
806.248,472
806.367,486
806.485,490
806.604,467
806.723,470
806.842,476
806.961,472
807.08,490
807.198,475
807.317,456
807.436,477
807.555,478
807.674,493
807.793,452
807.912,479
808.03,483
808.149,466
808.268,469
808.387,474
808.506,483
808.624,482
808.743,475
808.862,478
808.981,482
809.1,465
809.219,478
809.337,472
809.456,482
809.575,489
809.694,477
809.812,471
809.931,492
810.05,481
810.169,473
810.288,462
810.406,502
810.525,463
810.644,491
810.763,469
810.882,490
811.0,492
811.119,472
811.238,490
811.357,466
811.475,484
811.594,490
811.713,501
811.832,480
811.95,474
812.069,457
812.188,487
812.307,474
812.425,473
812.544,475
812.663,480
812.782,473
812.9,479
813.019,465
813.138,472
813.257,495
813.375,452
813.494,471
813.613,481
813.731,479
813.85,469
813.969,478
814.088,482
814.206,461
814.325,461
814.444,455
814.562,453
814.681,470
814.8,472
814.918,465
815.037,466
815.156,469
815.274,452
815.393,482
815.512,473
815.631,476
815.749,457
815.868,475
815.987,465
816.105,462
816.224,465
816.343,443
816.461,470
816.58,462
816.698,478
816.817,462
816.936,471
817.055,464
817.173,481
817.292,461
817.41,457
817.529,461
817.648,486
817.766,492
817.885,449
818.004,473
818.122,475
818.241,454
818.359,465
818.478,463
818.597,446
818.715,462
818.834,461
818.953,473
819.071,448
819.19,459
819.308,486
819.427,466
819.546,453
819.664,467
819.783,463
819.901,449
820.02,457
820.138,473
820.257,469
820.376,474
820.494,443
820.613,465
820.731,466
820.85,443
820.969,463
821.087,458
821.206,451
821.324,452
821.443,452
821.561,456
821.68,450
821.798,443
821.917,469
822.035,470
822.154,429
822.273,474
822.391,463
822.51,453
822.628,448
822.747,454
822.865,431
822.984,455
823.102,458
823.221,461
823.339,459
823.458,459
823.576,439
823.695,454
823.813,458
823.932,457
824.05,463
824.169,445
824.287,443
824.406,449
824.524,448
824.643,441
824.761,471
824.88,449
824.998,460
825.117,458
825.235,438
825.354,449
825.472,459
825.591,475
825.709,452
825.828,450
825.946,449
826.064,465
826.183,449
826.301,446
826.42,442
826.538,467
826.657,467
826.775,446
826.894,445
827.012,449
827.13,454
827.249,464
827.367,464
827.486,457
827.604,432
827.723,459
827.841,441
827.959,461
828.078,442
828.196,454
828.315,451
828.433,449
828.552,460
828.67,444
828.788,444
828.907,457
829.025,460
829.143,435
829.262,456
829.38,425
829.499,460
829.617,447
829.735,435
829.854,449
829.972,445
830.091,440
830.209,438
830.327,446
830.446,433
830.564,444
830.682,442
830.801,450
830.919,443
831.037,440
831.156,444
831.274,423
831.392,453
831.511,444
831.629,437
831.747,462
831.866,428
831.984,460
832.102,456
832.221,454
832.339,443
832.457,446
832.576,453
832.694,444
832.812,457
832.93,432
833.049,436
833.167,464
833.285,452
833.404,444
833.522,450
833.64,431
833.759,454
833.877,448
833.995,455
834.113,434
834.232,443
834.35,447
834.468,434
834.586,447
834.705,444
834.823,455
834.941,434
835.059,468
835.178,429
835.296,424
835.414,458
835.532,452
835.651,443
835.769,453
835.887,445
836.005,447
836.124,451
836.242,457
836.36,437
836.478,446
836.596,425
836.715,453
836.833,437
836.951,456
837.069,429
837.188,443
837.306,453
837.424,449
837.542,441
837.66,437
837.779,422
837.897,442
838.015,463
838.133,451
838.251,448
838.369,455
838.487,456
838.606,433
838.724,454
838.842,458
838.96,443
839.078,443
839.196,432
839.315,431
839.433,442
839.551,454
839.669,452
839.787,438
839.905,439
840.023,416
840.142,451
840.26,431
840.378,443
840.496,431
840.614,423
840.732,447
840.85,432
840.968,447
841.087,442
841.205,449
841.323,441
841.441,454
841.559,435
841.677,456
841.795,453
841.913,425
842.031,443
842.149,446
842.267,450
842.385,445
842.504,441
842.622,441
842.74,458
842.858,450
842.976,423
843.094,426
843.212,454
843.33,432
843.448,442
843.566,439
843.684,439
843.802,444
843.92,456
844.038,449
844.156,452
844.274,441
844.392,455
844.51,433
844.628,432
844.746,445
844.864,433
844.982,454
845.1,433
845.218,423
845.336,447
845.454,431
845.572,445
845.69,454
845.808,423
845.926,425
846.044,435
846.162,445
846.28,443
846.398,457
846.516,445
846.634,440
846.752,419
846.87,431
846.988,444
847.106,429
847.224,436
847.342,438
847.46,417
847.578,442
847.696,451
847.814,431
847.932,432
848.05,443
848.168,441
848.285,445
848.403,420
848.521,435
848.639,427
848.757,439
848.875,430
848.993,448
849.111,444
849.229,423
849.347,447
849.465,460
849.582,433
849.7,440
849.818,449
849.936,443
850.054,426
850.172,440
850.29,441
850.408,426
850.525,444
850.643,431
850.761,450
850.879,427
850.997,440
851.115,442
851.233,432
851.35,441
851.468,438
851.586,434
851.704,439
851.822,431
851.94,417
852.057,457
852.175,443
852.293,450
852.411,433
852.529,436
852.647,442
852.764,446
852.882,450
853.0,446
853.118,427
853.236,449
853.353,439
853.471,456
853.589,429
853.707,440
853.824,449
853.942,437
854.06,450
854.178,441
854.296,418
854.413,430
854.531,458
854.649,423
854.767,441
854.884,436
855.002,433
855.12,450
855.238,437
855.355,429
855.473,434
855.591,459
855.708,448
855.826,431
855.944,432
856.062,421
856.179,423
856.297,436
856.415,463
856.532,445
856.65,441
856.768,461
856.886,436
857.003,450
857.121,434
857.239,436
857.356,439
857.474,442
857.592,434
857.709,441
857.827,437
857.945,455
858.062,441
858.18,454
858.298,441
858.415,453
858.533,459
858.651,430
858.768,463
858.886,451
859.003,420
859.121,444
859.239,447
859.356,429
859.474,456
859.592,439
859.709,433
859.827,440
859.944,416
860.062,447
860.18,434
860.297,441
860.415,443
860.532,451
860.65,438
860.768,439
860.885,446
861.003,412
861.12,442
861.238,442
861.356,440
861.473,425
861.591,446
861.708,448
861.826,452
861.943,464
862.061,442
862.178,454
862.296,435
862.414,441
862.531,432
862.649,442
862.766,441
862.884,444
863.001,438
863.119,443
863.236,432
863.354,445
863.471,432
863.589,442
863.706,433
863.824,440
863.941,425
864.059,448
864.176,443
864.294,425
864.411,432
864.529,435
864.646,436
864.764,431
864.881,443
864.999,451
865.116,448
865.233,438
865.351,448
865.468,446
865.586,446
865.703,421
865.821,436
865.938,452
866.056,431
866.173,446
866.29,432
866.408,437
866.525,433
866.643,446
866.76,436
866.878,437
866.995,447
867.112,445
867.23,443
867.347,453
867.465,437
867.582,443
867.699,427
867.817,463
867.934,435
868.051,447
868.169,442
868.286,436
868.404,428
868.521,441
868.638,429
868.756,436
868.873,446
868.99,433
869.108,444
869.225,448
869.342,437
869.46,434
869.577,448
869.694,447
869.812,448
869.929,429
870.046,445
870.164,432
870.281,457
870.398,431
870.516,455
870.633,444
870.75,443
870.867,445
870.985,456
871.102,443
871.219,432
871.337,448
871.454,446
871.571,446
871.688,447
871.806,451
871.923,442
872.04,441
872.157,431
872.275,444
872.392,439
872.509,445
872.626,428
872.744,448
872.861,431
872.978,451
873.095,460
873.213,448
873.33,454
873.447,444
873.564,442
873.681,448
873.799,433
873.916,452
874.033,428
874.15,448
874.267,449
874.385,444
874.502,435
874.619,442
874.736,451
874.853,435
874.97,455
875.088,445
875.205,437
875.322,441
875.439,423
875.556,453
875.673,457
875.791,421
875.908,426
876.025,435
876.142,447
876.259,439
876.376,435
876.493,444
876.61,434
876.728,450
876.845,444
876.962,426
877.079,436
877.196,462
877.313,448
877.43,436
877.547,439
877.664,441
877.781,448
877.898,466
878.016,425
878.133,453
878.25,433
878.367,423
878.484,441
878.601,452
878.718,435
878.835,435
878.952,438
879.069,445
879.186,441
879.303,451
879.42,459
879.537,453
879.654,452
879.771,443
879.888,433
880.005,456
880.122,445
880.239,442
880.356,460
880.473,433
880.59,433
880.707,452
880.824,443
880.941,442
881.058,434
881.175,436
881.292,426
881.409,445
881.526,426
881.643,436
881.76,451
881.877,460
881.994,455
882.111,440
882.228,442
882.345,430
882.462,418
882.579,447
882.696,450
882.812,459
882.929,440
883.046,441
883.163,429
883.28,451
883.397,447
883.514,421
883.631,424
883.748,470
883.865,450
883.982,447
884.098,459
884.215,431
884.332,449
884.449,444
884.566,431
884.683,432
884.8,431
884.916,437
885.033,432
885.15,435
885.267,431
885.384,443
885.501,448
885.617,447
885.734,444
885.851,429
885.968,436
886.085,440
886.202,449
886.318,449
886.435,458
886.552,447
886.669,457
886.786,440
886.902,439
887.019,467
887.136,439
887.253,441
887.369,448
887.486,460
887.603,438
887.72,426
887.837,450
887.953,452
888.07,443
888.187,436
888.304,458
888.42,464
888.537,456
888.654,440
888.77,448
888.887,454
889.004,452
889.121,431
889.237,441
889.354,452
889.471,456
889.587,460
889.704,444
889.821,444
889.938,449
890.054,446
890.171,455
890.288,428
890.404,451
890.521,440
890.638,443
890.754,445
890.871,450
890.988,435
891.104,450
891.221,452
891.337,444
891.454,433
891.571,447
891.687,437
891.804,434
891.921,458
892.037,446
892.154,454
892.27,438
892.387,439
892.504,455
892.62,466
892.737,445
892.854,471
892.97,442
893.087,446
893.203,453
893.32,437
893.436,442
893.553,439
893.67,445
893.786,466
893.903,456
894.019,457
894.136,452
894.252,474
894.369,442
894.485,435
894.602,445
894.718,453
894.835,459
894.951,434
895.068,459
895.184,456
895.301,448
895.417,459
895.534,452
895.65,440
895.767,455
895.883,458
896.0,440
896.116,453
896.233,430
896.349,460
896.466,445
896.582,463
896.699,464
896.815,456
896.932,445
897.048,465
897.165,463
897.281,444
897.397,442
897.514,424
897.63,435
897.747,462
897.863,440
897.979,463
898.096,458
898.212,454
898.329,459
898.445,441
898.561,463
898.678,445
898.794,446
898.911,451
899.027,452
899.143,461
899.26,447
899.376,458
899.492,465
899.609,457
899.725,446
899.842,449
899.958,430
900.074,443
900.191,473
900.307,452
900.423,444
900.539,449
900.656,439
900.772,460
900.888,443
901.005,451
901.121,466
901.237,455
901.354,416
901.47,467
901.586,453
901.703,459
901.819,453
901.935,454
902.051,448
902.168,455
902.284,457
902.4,465
902.516,454
902.633,459
902.749,447
902.865,462
902.981,460
903.098,448
903.214,454
903.33,467
903.446,458
903.562,463
903.679,454
903.795,455
903.911,461
904.027,469
904.143,457
904.26,445
904.376,449
904.492,444
904.608,443
904.724,474
904.841,452
904.957,457
905.073,455
905.189,462
905.305,452
905.421,457
905.538,462
905.654,465
905.77,434
905.886,460
906.002,442
906.118,461
906.234,446
906.35,474
906.466,430
906.583,463
906.699,458
906.815,454
906.931,462
907.047,462
907.163,466
907.279,451
907.395,475
907.511,459
907.627,477
907.743,469
907.859,465
907.976,474
908.092,483
908.208,466
908.324,445
908.44,468
908.556,452
908.672,478
908.788,457
908.904,477
909.02,459
909.136,450
909.252,444
909.368,478
909.484,453
909.6,458
909.716,436
909.832,455
909.948,457
910.064,493
910.18,453
910.296,465
910.412,474
910.528,471
910.644,445
910.76,487
910.875,468
910.991,466
911.107,449
911.223,459
911.339,479
911.455,462
911.571,452
911.687,472
911.803,458
911.919,455
912.035,474
912.151,451
912.267,462
912.382,466
912.498,437
912.614,475
912.73,449
912.846,481
