792.446,3874.4
792.565,3846.4
792.684,3902.0
792.803,3811.0
792.922,3737.2
793.041,3733.6
793.16,3708.4
793.279,3738.8
793.398,3667.8
793.518,3660.2
793.637,3662.2
793.756,3621.8
793.875,3630.0
793.994,3598.2
794.113,3590.2
794.232,3579.2
794.351,3562.6
794.47,3532.2
794.589,3517.6
794.708,3512.6
794.827,3511.2
794.946,3476.4
795.066,3484.4
795.185,3439.0
795.304,3493.4
795.423,3422.6
795.542,3443.4
795.661,3449.2
795.78,3462.6
795.899,3388.6
796.018,3388.4
796.137,3377.6
796.256,3400.0
796.375,3403.6
796.494,3375.2
796.613,3381.0
796.732,3368.4
796.851,3357.8
796.97,3371.2
797.089,3356.0
797.208,3334.6
797.327,3346.4
797.446,3321.0
797.565,3333.6
797.684,3340.4
797.803,3344.8
797.922,3304.4
798.041,3364.6
798.16,3313.8
798.279,3303.4
798.398,3325.6
798.517,3294.8
798.636,3298.8
798.755,3295.2
798.874,3270.0
798.993,3293.4
799.112,3278.4
799.231,3280.2
799.35,3303.0
799.469,3285.6
799.588,3306.2
799.707,3272.8
799.826,3296.4
799.945,3267.0
800.064,3323.6
800.183,3229.0
800.302,3293.2
800.421,3296.0
800.54,3259.2
800.659,3263.4
800.778,3280.6
800.897,3271.6
801.016,3262.4
801.135,3258.6
801.254,3280.0
801.373,3253.0
801.492,3292.2
801.611,3257.2
801.729,3267.6
801.848,3245.6
801.967,3266.0
802.086,3264.6
802.205,3298.4
802.324,3272.6
802.443,3304.4
802.562,3299.4
802.681,3301.6
802.8,3265.2
802.919,3296.6
803.038,3276.6
803.157,3326.0
803.276,3283.4
803.394,3310.0
803.513,3257.4
803.632,3257.0
803.751,3302.8
803.87,3276.6
803.989,3292.2
804.108,3274.0
804.227,3265.4
804.346,3282.2
804.465,3260.8
804.583,3287.8
804.702,3285.4
804.821,3262.2
804.94,3274.4
805.059,3290.4
805.178,3304.0
805.297,3295.8
805.416,3298.6
805.535,3301.4
805.653,3282.6
805.772,3336.6
805.891,3297.2
806.01,3319.4
806.129,3322.2
806.248,3271.8
806.367,3276.8
806.485,3292.0
806.604,3287.0
806.723,3310.4
806.842,3285.4
806.961,3306.0
807.08,3280.4
807.198,3321.0
807.317,3284.8
807.436,3322.0
807.555,3297.8
807.674,3303.4
807.793,3301.2
807.912,3290.4
808.03,3297.6
808.149,3302.4
808.268,3278.0
808.387,3293.8
808.506,3329.0
808.624,3306.6
808.743,3302.8
808.862,3310.8
808.981,3313.0
809.1,3286.2
809.219,3323.6
809.337,3337.8
809.456,3342.8
809.575,3336.6
809.694,3334.2
809.812,3331.4
809.931,3310.6
810.05,3334.8
810.169,3333.8
810.288,3320.2
810.406,3323.8
810.525,3321.0
810.644,3306.2
810.763,3330.2
810.882,3310.4
811.0,3336.2
811.119,3297.4
811.238,3331.8
811.357,3332.8
811.475,3357.8
811.594,3305.6
811.713,3366.6
811.832,3336.6
811.95,3343.2
812.069,3307.6
812.188,3333.4
812.307,3325.4
812.425,3295.6
812.544,3315.8
812.663,3280.2
812.782,3324.6
812.9,3322.6
813.019,3296.4
813.138,3290.2
813.257,3315.0
813.375,3273.8
813.494,3282.2
813.613,3309.0
813.731,3259.2
813.85,3274.8
813.969,3297.4
814.088,3272.2
814.206,3206.2
814.325,3260.6
814.444,3251.8
814.562,3239.2
814.681,3231.0
814.8,3231.4
814.918,3229.4
815.037,3223.4
815.156,3220.4
815.274,3235.8
815.393,3201.0
815.512,3205.8
815.631,3221.8
815.749,3210.0
815.868,3209.8
815.987,3228.2
816.105,3184.0
816.224,3208.0
816.343,3246.0
816.461,3265.8
816.58,3254.6
816.698,3270.2
816.817,3223.4
816.936,3268.8
817.055,3247.2
817.173,3186.8
817.292,3192.8
817.41,3193.2
817.529,3156.6
817.648,3155.2
817.766,3089.6
817.885,3114.8
818.004,3061.6
818.122,3074.6
818.241,3050.6
818.359,3011.8
818.478,3017.4
818.597,2969.8
818.715,2972.8
818.834,2957.8
818.953,2970.8
819.071,2956.2
819.19,2941.8
819.308,2905.4
819.427,2910.2
819.546,2968.4
819.664,2927.6
819.783,2892.4
819.901,2928.8
820.02,2888.8
820.138,2930.4
820.257,2907.6
820.376,2901.2
820.494,2865.4
820.613,2892.8
820.731,2884.2
820.85,2865.2
820.969,2848.4
821.087,2859.4
821.206,2869.6
821.324,2874.4
821.443,2844.6
821.561,2846.0
821.68,2824.6
821.798,2820.4
821.917,2822.0
822.035,2832.8
822.154,2847.0
822.273,2790.6
822.391,2837.8
822.51,2793.8
822.628,2862.8
822.747,2823.6
822.865,2849.0
822.984,2821.4
823.102,2817.2
823.221,2832.6
823.339,2761.8
823.458,2828.6
823.576,2822.0
823.695,2822.0
823.813,2827.0
823.932,2838.8
824.05,2816.6
824.169,2823.4
824.287,2814.2
824.406,2815.2
824.524,2814.2
824.643,2820.2
824.761,2824.4
824.88,2810.0
824.998,2786.2
825.117,2766.6
825.235,2802.8
825.354,2803.6
825.472,2783.8
825.591,2767.4
825.709,2788.6
825.828,2754.2
825.946,2745.6
826.064,2758.6
826.183,2762.2
826.301,2757.4
826.42,2710.2
826.538,2756.8
826.657,2744.8
826.775,2766.6
826.894,2754.8
827.012,2708.4
827.13,2744.6
827.249,2752.2
827.367,2719.4
827.486,2770.0
827.604,2750.0
827.723,2726.0
827.841,2721.8
827.959,2728.6
828.078,2709.6
828.196,2706.8
828.315,2728.2
828.433,2706.0
828.552,2712.0
828.67,2713.2
828.788,2706.2
828.907,2685.4
829.025,2714.6
829.143,2711.6
829.262,2724.4
829.38,2725.8
829.499,2713.8
829.617,2710.6
829.735,2703.4
829.854,2702.2
829.972,2701.4
830.091,2687.4
830.209,2704.2
830.327,2712.2
830.446,2667.4
830.564,2701.6
830.682,2744.6
830.801,2711.4
830.919,2699.8
831.037,2665.8
831.156,2696.2
831.274,2680.4
831.392,2696.0
831.511,2680.6
831.629,2693.6
831.747,2700.2
831.866,2700.6
831.984,2676.4
832.102,2698.2
832.221,2651.8
832.339,2700.4
832.457,2698.8
832.576,2683.6
832.694,2655.2
832.812,2662.6
832.93,2687.8
833.049,2683.8
833.167,2689.2
833.285,2678.2
833.404,2685.2
833.522,2691.2
833.64,2663.8
833.759,2659.4
833.877,2671.0
833.995,2649.4
834.113,2663.4
834.232,2681.4
834.35,2689.2
834.468,2692.2
834.586,2675.4
834.705,2678.6
834.823,2682.4
834.941,2721.0
835.059,2708.2
835.178,2657.6
835.296,2693.2
835.414,2681.4
835.532,2646.6
835.651,2680.8
835.769,2680.4
835.887,2693.4
836.005,2721.0
836.124,2682.2
836.242,2691.0
836.36,2701.0
836.478,2691.0
836.596,2695.8
836.715,2697.2
836.833,2689.8
836.951,2703.6
837.069,2732.0
837.188,2731.8
837.306,2724.6
837.424,2706.8
837.542,2731.6
837.66,2708.4
837.779,2713.6
837.897,2721.2
838.015,2681.4
838.133,2706.2
838.251,2705.0
838.369,2683.4
838.487,2701.0
838.606,2716.4
838.724,2735.0
838.842,2720.4
838.96,2722.6
839.078,2726.4
839.196,2726.8
839.315,2692.0
839.433,2731.4
839.551,2689.8
839.669,2683.2
839.787,2720.6
839.905,2714.6
840.023,2717.6
840.142,2711.6
840.26,2692.4
840.378,2690.0
840.496,2693.2
840.614,2690.4
840.732,2698.0
840.85,2681.0
840.968,2674.4
841.087,2681.8
841.205,2692.4
841.323,2721.0
841.441,2689.6
841.559,2748.6
841.677,2692.2
841.795,2706.8
841.913,2727.0
842.031,2717.4
842.149,2719.8
842.267,2668.8
842.385,2695.0
842.504,2709.2
842.622,2676.8
842.74,2670.8
842.858,2695.0
842.976,2673.0
843.094,2670.4
843.212,2648.8
843.33,2683.8
843.448,2676.6
843.566,2617.4
843.684,2659.0
843.802,2665.4
843.92,2685.6
844.038,2683.2
844.156,2663.6
844.274,2662.0
844.392,2654.0
844.51,2685.4
844.628,2628.4
844.746,2651.2
844.864,2653.6
844.982,2647.0
845.1,2677.4
845.218,2646.0
845.336,2655.0
845.454,2662.2
845.572,2631.2
845.69,2628.8
845.808,2609.4
845.926,2649.2
846.044,2634.4
846.162,2627.8
846.28,2657.2
846.398,2631.6
846.516,2673.0
846.634,2638.8
846.752,2642.2
846.87,2659.6
846.988,2653.4
847.106,2648.8
847.224,2620.6
847.342,2640.8
847.46,2639.6
847.578,2633.8
847.696,2643.2
847.814,2641.8
847.932,2628.8
848.05,2634.2
848.168,2648.0
848.285,2659.4
848.403,2634.6
848.521,2607.4
848.639,2630.2
848.757,2647.4
848.875,2645.8
848.993,2664.2
849.111,2636.6
849.229,2620.4
849.347,2642.2
849.465,2645.0
849.582,2628.4
849.7,2654.0
849.818,2630.2
849.936,2656.8
850.054,2644.0
850.172,2664.4
850.29,2646.0
850.408,2614.6
850.525,2683.2
850.643,2660.0
850.761,2676.0
850.879,2658.2
850.997,2690.0
851.115,2662.2
851.233,2679.0
851.35,2680.8
851.468,2657.8
851.586,2680.8
851.704,2671.8
851.822,2688.8
851.94,2660.2
852.057,2664.8
852.175,2647.6
852.293,2702.4
852.411,2671.8
852.529,2695.6
852.647,2705.6
852.764,2689.6
852.882,2683.4
853.0,2662.4
853.118,2684.6
853.236,2657.8
853.353,2666.2
853.471,2652.2
853.589,2657.4
853.707,2667.6
853.824,2664.6
853.942,2645.4
854.06,2635.0
854.178,2670.2
854.296,2655.0
854.413,2664.6
854.531,2679.6
854.649,2672.8
854.767,2667.2
854.884,2686.0
855.002,2707.6
855.12,2685.8
855.238,2687.8
855.355,2712.4
855.473,2735.8
855.591,2713.8
855.708,2732.6
855.826,2673.2
855.944,2761.4
856.062,2721.0
856.179,2714.6
856.297,2701.4
856.415,2724.0
856.532,2709.0
856.65,2740.2
856.768,2709.8
856.886,2728.6
857.003,2709.8
857.121,2713.6
857.239,2686.8
857.356,2712.6
857.474,2681.6
857.592,2658.0
857.709,2684.4
857.827,2693.8
857.945,2720.6
858.062,2705.8
858.18,2682.0
858.298,2670.8
858.415,2660.8
858.533,2677.2
858.651,2645.2
858.768,2691.6
858.886,2708.8
859.003,2686.6
859.121,2640.8
859.239,2678.0
859.356,2679.2
859.474,2683.2
859.592,2662.6
859.709,2672.2
859.827,2656.6
859.944,2664.2
860.062,2681.2
860.18,2670.2
860.297,2679.6
860.415,2645.6
860.532,2645.4
860.65,2679.8
860.768,2687.6
860.885,2674.6
861.003,2641.2
861.12,2703.2
861.238,2653.2
861.356,2673.0
861.473,2662.6
861.591,2654.4
861.708,2652.0
861.826,2649.4
861.943,2654.6
862.061,2625.8
862.178,2646.8
862.296,2627.8
862.414,2623.6
862.531,2628.4
862.649,2653.4
862.766,2648.0
862.884,2679.8
863.001,2632.6
863.119,2637.6
863.236,2664.2
863.354,2611.4
863.471,2640.8
863.589,2631.0
863.706,2640.8
863.824,2610.4
863.941,2616.2
864.059,2637.4
864.176,2657.4
864.294,2647.6
864.411,2627.4
864.529,2624.6
864.646,2679.8
864.764,2620.6
864.881,2668.4
864.999,2626.6
865.116,2662.6
865.233,2630.0
865.351,2612.6
865.468,2668.2
865.586,2638.6
865.703,2623.4
865.821,2677.8
865.938,2616.8
866.056,2628.4
866.173,2630.8
866.29,2606.4
866.408,2649.6
866.525,2661.0
866.643,2652.6
866.76,2637.2
866.878,2661.8
866.995,2660.6
867.112,2646.6
867.23,2677.2
867.347,2643.4
867.465,2639.0
867.582,2639.0
867.699,2653.4
867.817,2648.8
867.934,2683.2
868.051,2650.4
868.169,2675.0
868.286,2669.0
868.404,2630.4
868.521,2631.8
868.638,2661.2
868.756,2650.2
868.873,2659.6
868.99,2652.6
869.108,2671.2
869.225,2686.8
869.342,2678.8
869.46,2660.0
869.577,2680.2
869.694,2669.2
869.812,2660.4
869.929,2670.6
870.046,2667.4
870.164,2664.4
870.281,2683.0
870.398,2680.4
870.516,2670.4
870.633,2643.6
870.75,2671.0
870.867,2672.4
870.985,2666.0
871.102,2662.8
871.219,2677.6
871.337,2676.8
871.454,2669.8
871.571,2658.6
871.688,2670.4
871.806,2684.2
871.923,2670.6
872.04,2670.2
872.157,2685.2
872.275,2675.6
872.392,2668.8
872.509,2685.6
872.626,2681.8
872.744,2691.6
872.861,2668.2
872.978,2686.6
873.095,2677.6
873.213,2675.8
873.33,2662.4
873.447,2672.0
873.564,2674.6
873.681,2660.6
873.799,2661.6
873.916,2658.2
874.033,2674.2
874.15,2698.2
874.267,2655.2
874.385,2688.8
874.502,2663.4
874.619,2669.0
874.736,2674.0
874.853,2656.0
874.97,2689.4
875.088,2677.6
875.205,2673.2
875.322,2699.0
875.439,2693.0
875.556,2708.8
875.673,2699.6
875.791,2683.6
875.908,2706.2
876.025,2673.8
876.142,2721.4
876.259,2708.6
876.376,2673.6
876.493,2671.8
876.61,2701.0
876.728,2679.8
876.845,2693.0
876.962,2683.8
877.079,2692.4
877.196,2674.2
877.313,2695.6
877.43,2685.2
877.547,2724.2
877.664,2706.6
877.781,2703.8
877.898,2682.8
878.016,2689.2
878.133,2700.6
878.25,2690.2
878.367,2677.6
878.484,2691.0
878.601,2658.6
878.718,2660.6
878.835,2710.4
878.952,2686.6
879.069,2682.4
879.186,2689.6
879.303,2684.2
879.42,2712.2
879.537,2702.0
879.654,2682.8
879.771,2699.0
879.888,2683.6
880.005,2668.8
880.122,2664.0
880.239,2695.4
880.356,2699.6
880.473,2695.4
880.59,2689.4
880.707,2697.6
880.824,2699.6
880.941,2678.4
881.058,2695.6
881.175,2673.6
881.292,2695.6
881.409,2681.2
881.526,2695.6
881.643,2686.2
881.76,2711.6
881.877,2684.8
881.994,2719.2
882.111,2683.2
882.228,2714.4
882.345,2690.0
882.462,2710.6
882.579,2699.4
882.696,2688.6
882.812,2692.4
882.929,2707.0
883.046,2701.8
883.163,2697.6
883.28,2693.4
883.397,2701.2
883.514,2703.0
883.631,2689.4
883.748,2685.4
883.865,2711.4
883.982,2693.8
884.098,2674.0
884.215,2701.0
884.332,2726.8
884.449,2696.0
884.566,2696.6
884.683,2699.0
884.8,2696.4
884.916,2717.2
885.033,2729.6
885.15,2709.0
885.267,2738.4
885.384,2718.0
885.501,2745.8
885.617,2733.4
885.734,2740.6
885.851,2729.0
885.968,2736.4
886.085,2732.4
886.202,2749.6
886.318,2746.6
886.435,2762.6
886.552,2734.0
886.669,2777.8
886.786,2771.8
886.902,2761.8
887.019,2725.6
887.136,2747.8
887.253,2761.4
887.369,2751.4
887.486,2743.6
887.603,2762.2
887.72,2756.0
887.837,2757.6
887.953,2769.0
888.07,2745.6
888.187,2741.4
888.304,2763.6
888.42,2772.4
888.537,2747.0
888.654,2741.8
888.77,2748.8
888.887,2725.4
889.004,2739.4
889.121,2731.2
889.237,2725.6
889.354,2709.8
889.471,2729.4
889.587,2713.0
889.704,2734.2
889.821,2712.0
889.938,2733.6
890.054,2727.4
890.171,2714.8
890.288,2761.8
890.404,2716.0
890.521,2705.4
890.638,2726.4
890.754,2748.2
890.871,2715.6
890.988,2731.4
891.104,2734.4
891.221,2748.8
891.337,2737.2
891.454,2738.4
891.571,2754.2
891.687,2728.0
891.804,2756.4
891.921,2713.6
892.037,2743.2
892.154,2752.4
892.27,2730.8
892.387,2773.4
892.504,2749.0
892.62,2732.8
892.737,2758.2
892.854,2749.6
892.97,2757.8
893.087,2775.8
893.203,2738.6
893.32,2742.0
893.436,2763.2
893.553,2775.0
893.67,2788.2
893.786,2746.6
893.903,2763.2
894.019,2790.4
894.136,2746.6
894.252,2769.2
894.369,2793.0
894.485,2772.2
894.602,2762.0
894.718,2798.6
894.835,2784.6
894.951,2759.6
895.068,2791.4
895.184,2789.2
895.301,2776.2
895.417,2777.8
895.534,2778.6
895.65,2778.8
895.767,2781.0
895.883,2801.6
896.0,2774.4
896.116,2784.6
896.233,2766.4
896.349,2793.0
896.466,2786.2
896.582,2776.6
896.699,2798.2
896.815,2782.4
896.932,2793.2
897.048,2764.6
897.165,2793.4
897.281,2787.8
897.397,2743.2
897.514,2781.0
897.63,2774.6
897.747,2799.4
897.863,2761.8
897.979,2809.2
898.096,2801.2
898.212,2798.8
898.329,2808.8
898.445,2802.2
898.561,2779.4
898.678,2825.8
898.794,2808.2
898.911,2795.6
899.027,2801.2
899.143,2813.8
899.26,2772.8
899.376,2774.8
899.492,2771.0
899.609,2796.8
899.725,2784.2
899.842,2825.0
899.958,2801.8
900.074,2819.8
900.191,2837.2
900.307,2793.8
900.423,2799.6
900.539,2796.8
900.656,2801.0
900.772,2795.4
900.888,2813.8
901.005,2797.8
901.121,2797.4
901.237,2802.0
901.354,2816.8
901.47,2800.6
901.586,2790.6
901.703,2818.6
901.819,2787.4
901.935,2819.8
902.051,2825.4
902.168,2803.4
902.284,2827.0
902.4,2826.0
902.516,2803.0
902.633,2814.2
902.749,2834.0
902.865,2824.8
902.981,2814.8
903.098,2810.8
903.214,2827.6
903.33,2829.2
903.446,2827.0
903.562,2812.6
903.679,2832.2
903.795,2853.8
903.911,2804.0
904.027,2850.2
904.143,2865.8
904.26,2854.8
904.376,2824.4
904.492,2820.8
904.608,2830.0
904.724,2844.2
904.841,2813.2
904.957,2796.2
905.073,2856.2
905.189,2843.0
905.305,2832.8
905.421,2826.6
905.538,2848.4
905.654,2843.4
905.77,2821.4
905.886,2873.6
906.002,2828.6
906.118,2829.0
906.234,2804.8
906.35,2829.2
906.466,2831.8
906.583,2846.6
906.699,2846.0
906.815,2842.4
906.931,2817.0
907.047,2811.4
907.163,2838.0
907.279,2870.0
907.395,2850.8
907.511,2840.0
907.627,2836.2
907.743,2865.2
907.859,2856.4
907.976,2853.6
908.092,2826.4
908.208,2850.6
908.324,2851.4
908.44,2870.6
908.556,2855.6
908.672,2878.2
908.788,2840.6
908.904,2838.6
909.02,2860.8
909.136,2836.4
909.252,2869.8
909.368,2873.2
909.484,2864.2
909.6,2864.8
909.716,2870.6
909.832,2870.4
909.948,2860.0
910.064,2879.8
910.18,2868.2
910.296,2867.0
910.412,2860.4
910.528,2849.4
910.644,2882.8
910.76,2841.8
910.875,2877.4
910.991,2873.4
911.107,2857.4
911.223,2865.4
911.339,2901.2
911.455,2849.6
911.571,2860.4
911.687,2865.2
911.803,2871.2
911.919,2863.2
912.035,2871.2
912.151,2856.4
912.267,2845.6
912.382,2854.8
912.498,2830.2
912.614,2830.4
912.73,2851.0
912.846,2864.6
