792.44574,4315
792.56488,4182
792.68396,4100
792.80304,4090
792.92218,3910
793.041199,3873
793.160339,3648
793.279419,3673
793.398499,3576
793.517578,3562
793.636658,3423
793.755737,3415
793.874817,3395
793.993896,3314
794.112976,3297
794.232056,3208
794.351074,3114
794.470215,3095
794.589233,3007
794.708313,2982
794.827393,2907
794.946411,2893
795.065552,2916
795.18457,2848
795.303589,2827
795.422668,2755
795.541687,2743
795.660767,2792
795.779846,2729
795.898865,2618
796.017883,2586
796.136963,2570
796.255981,2581
796.375061,2552
796.49408,2491
796.613037,2477
796.732117,2411
796.851135,2411
796.970154,2390
797.089233,2382
797.208191,2377
797.327271,2347
797.446228,2303
797.565186,2338
797.684265,2268
797.803223,2356
797.922241,2271
798.04126,2262
798.160278,2228
798.279297,2266
798.398315,2229
798.517273,2248
798.636292,2181
798.75531,2218
798.874268,2232
798.993286,2183
799.112244,2164
799.231323,2172
799.350281,2248
799.469238,2219
799.588257,2194
799.707153,2128
799.826111,2124
799.945129,2067
800.064087,2155
800.183044,2077
800.302063,2110
800.421021,2092
800.539978,2119
800.658936,2071
800.777893,2080
800.896912,2082
801.015747,2106
801.134705,2078
801.253723,2065
801.37262,2010
801.491638,2030
801.610535,2077
801.729492,2012
801.84845,2028
801.967407,2021
802.086243,1971
802.205261,2030
802.324158,1950
802.443115,1992
802.562073,1946
802.680969,1967
802.799927,1934
802.918762,1988
803.037659,2029
803.156677,1971
803.275574,1988
803.39447,1971
803.513428,1945
803.632263,2026
803.751221,1919
803.870117,1919
803.989014,1911
804.107971,1923
804.226746,1905
804.345642,1920
804.4646,1913
804.583496,1904
804.702393,1920
804.821228,1929
804.940125,1879
805.059021,1911
805.177917,1909
805.296814,1873
805.415649,1922
805.534546,1901
805.653442,1883
805.772278,1871
805.891113,1875
806.01001,1895
806.128906,1871
806.247742,1846
806.366577,1840
806.485413,1836
806.604309,1864
806.723145,1836
806.84198,1850
806.960876,1847
807.079712,1829
807.198486,1852
807.317383,1848
807.436218,1812
807.554993,1847
807.673889,1843
807.792725,1809
807.91156,1814
808.030396,1806
808.14917,1837
808.268005,1804
808.386841,1855
808.505676,1793
808.624451,1782
808.743286,1795
808.862122,1782
808.980896,1774
809.099731,1822
809.218506,1793
809.337341,1829
809.456116,1809
809.57489,1767
809.693726,1833
809.8125,1846
809.931274,1834
810.050049,1823
810.168884,1794
810.287659,1812
810.406372,1825
810.525269,1814
810.643982,1764
810.762756,1775
810.881531,1815
811.000305,1812
811.11908,1849
811.237854,1803
811.356567,1795
811.475403,1853
811.594116,1859
811.71283,1846
811.831604,1830
811.950378,1890
812.069153,1930
812.187927,1923
812.30658,1888
812.425415,1870
812.544128,1912
812.662781,1909
812.781616,1863
812.900269,1886
813.019043,1888
813.137756,1843
813.256531,1848
813.375244,1818
813.493896,1823
813.612671,1860
813.731384,1754
813.850037,1803
813.96875,1782
814.087524,1795
814.206238,1763
814.324951,1773
814.443604,1797
814.562256,1747
814.68103,1828
814.799683,1779
814.918335,1768
815.037109,1810
815.155762,1776
815.274475,1760
815.393188,1723
815.511841,1700
815.630554,1783
815.749146,1739
815.867859,1814
815.986572,1830
816.105164,1789
816.223877,1809
816.342529,1859
816.461182,1874
816.579895,1858
816.698486,1906
816.817139,1904
816.935791,1908
817.054504,1895
817.173096,1907
817.291748,1848
817.4104,1925
817.529053,1850
817.647644,1799
817.766235,1806
817.884949,1780
818.00354,1806
818.122192,1739
818.240845,1747
818.359436,1718
818.478088,1760
818.59668,1742
818.715271,1717
818.833923,1688
818.952515,1713
819.071106,1661
819.189758,1653
819.30835,1683
819.426941,1693
819.545532,1654
819.664124,1693
819.782715,1663
819.901306,1658
820.019897,1656
820.138489,1702
820.25708,1719
820.375671,1742
820.494202,1693
820.612732,1669
820.731384,1674
820.849915,1627
820.968506,1669
821.087097,1726
821.205627,1716
821.324158,1633
821.442749,1594
821.561279,1642
821.679871,1648
821.798401,1654
821.916931,1691
822.035461,1658
822.154053,1685
822.272583,1611
822.391174,1659
822.509583,1657
822.628174,1645
822.746704,1612
822.865234,1610
822.983765,1546
823.102295,1605
823.220825,1519
823.339294,1574
823.457825,1577
823.576355,1581
823.694824,1606
823.813354,1615
823.931885,1604
824.050354,1588
824.168884,1581
824.287354,1601
824.405823,1596
824.524353,1609
824.642822,1627
824.761353,1608
824.879822,1598
824.998291,1577
825.116699,1591
825.235291,1623
825.353699,1629
825.472168,1546
825.590637,1571
825.709106,1598
825.827576,1624
825.946045,1624
826.064453,1600
826.182983,1616
826.301392,1581
826.4198,1588
826.53833,1543
826.656738,1521
826.775208,1557
826.893677,1533
827.012024,1546
827.130493,1583
827.248962,1547
827.36731,1501
827.485779,1548
827.604248,1538
827.722595,1576
827.841064,1518
827.959412,1558
828.077942,1525
828.196289,1569
828.314636,1565
828.433105,1572
828.551514,1597
828.669861,1578
828.78833,1547
828.906677,1557
829.025085,1558
829.143433,1558
829.261841,1585
829.38031,1594
829.498657,1588
829.617004,1535
829.735413,1595
829.85376,1627
829.972107,1601
830.090515,1580
830.208862,1571
830.327209,1579
830.445557,1546
830.563904,1533
830.682312,1579
830.800659,1593
830.919006,1572
831.037354,1613
831.155701,1594
831.274048,1636
831.392395,1616
831.51062,1587
831.629028,1545
831.747314,1567
831.865662,1531
831.984009,1571
832.102356,1559
832.220642,1526
832.338928,1591
832.457275,1576
832.575623,1581
832.693909,1546
832.812134,1571
832.930481,1590
833.048828,1527
833.167114,1514
833.2854,1564
833.403687,1567
833.521973,1597
833.640259,1561
833.758545,1545
833.876831,1579
833.995056,1570
834.113281,1550
834.231628,1551
834.349915,1579
834.468201,1552
834.586426,1565
834.704651,1569
834.822998,1573
834.941162,1568
835.059448,1562
835.177673,1575
835.295959,1601
835.414246,1545
835.53241,1527
835.650635,1509
835.768921,1560
835.887146,1532
836.005371,1505
836.123596,1533
836.241821,1513
836.360046,1535
836.478271,1569
836.596497,1534
836.714722,1567
836.832886,1506
836.95105,1540
837.069336,1547
837.1875,1498
837.305725,1534
837.423889,1556
837.542053,1528
837.660339,1558
837.778503,1528
837.896667,1555
838.014832,1542
838.132996,1536
838.25116,1529
838.369385,1551
838.487488,1568
838.605713,1565
838.723877,1559
838.84198,1546
838.960205,1625
839.078308,1620
839.196472,1603
839.314636,1594
839.4328,1694
839.550964,1672
839.669067,1684
839.787231,1689
839.905396,1718
840.023499,1718
840.141602,1729
840.259766,1738
840.377869,1674
840.495972,1677
840.614136,1751
840.732239,1709
840.850342,1702
840.968445,1772
841.086548,1773
841.204651,1780
841.322754,1782
841.440918,1805
841.55896,1821
841.677002,1840
841.795166,1878
841.913208,1881
842.031311,1885
842.149353,1875
842.267456,1851
842.385498,1872
842.503601,1869
842.621643,1807
842.739746,1817
842.857788,1810
842.97583,1735
843.093933,1707
843.211975,1763
843.330017,1713
843.44812,1719
843.566101,1703
843.684204,1735
843.802246,1721
843.920227,1662
844.038269,1703
844.156311,1690
844.274292,1631
844.392395,1665
844.510376,1667
844.628357,1615
844.74646,1666
844.864441,1642
844.982422,1704
845.100403,1648
845.218384,1649
845.336426,1651
845.454468,1655
845.572449,1682
845.69043,1702
845.808411,1654
845.926453,1689
846.044373,1680
846.162354,1683
846.280396,1677
846.398315,1690
846.516296,1656
846.634216,1710
846.752197,1715
846.870178,1701
846.988098,1754
847.106079,1744
847.22406,1698
847.34198,1760
847.4599,1734
847.577881,1722
847.695801,1688
847.813782,1706
847.931641,1670
848.049561,1713
848.167603,1658
848.285461,1679
848.403381,1660
848.521362,1685
848.639221,1689
848.75708,1694
848.875,1724
848.99292,1733
849.110901,1751
849.22876,1743
849.34668,1746
849.464539,1720
849.582458,1732
849.700317,1750
849.818176,1714
849.936096,1746
850.053955,1714
850.171875,1741
850.289673,1736
850.407593,1707
850.525452,1709
850.643311,1720
850.761169,1718
850.878967,1731
850.996887,1671
851.114746,1769
851.232544,1783
851.350403,1702
851.468262,1706
851.58606,1750
851.703979,1749
851.821777,1717
851.939636,1675
852.057434,1705
852.175232,1741
852.293091,1766
852.410889,1824
852.528687,1881
852.646545,1987
852.764343,1997
852.88208,1906
852.999939,1870
853.117676,1838
853.235535,1783
853.353271,1750
853.471069,1765
853.588928,1662
853.706604,1697
853.824402,1742
853.9422,1710
854.059998,1736
854.177734,1737
854.295532,1708
854.413269,1740
854.531006,1763
854.648804,1743
854.766541,1765
854.884277,1778
855.002014,1799
855.119751,1801
855.237549,1796
855.355225,1818
855.473022,1787
855.590698,1828
855.708435,1789
855.826172,1781
855.943848,1844
856.061646,1763
856.179321,1853
856.296997,1880
856.414795,1840
856.53241,1869
856.650085,1929
856.767822,1887
856.885559,1843
857.003174,1886
857.120911,1876
857.238586,1854
857.356201,1880
857.473938,1821
857.591614,1874
857.709351,1793
857.826965,1784
857.944641,1863
858.062317,1769
858.179993,1820
858.297668,1811
858.415283,1822
858.532959,1780
858.650574,1791
858.768188,1838
858.885803,1812
859.003479,1770
859.121094,1820
859.23877,1794
859.356384,1812
859.473999,1792
859.591675,1746
859.709229,1769
859.826843,1785
859.944458,1782
860.062012,1752
860.179626,1728
860.297302,1745
860.414856,1731
860.532471,1717
860.650024,1728
860.767639,1779
860.885193,1773
861.002808,1748
861.120361,1737
861.237976,1728
861.35553,1751
861.473022,1779
861.590698,1803
861.708191,1735
861.825745,1713
861.943298,1720
862.060852,1700
862.178406,1705
862.295959,1642
862.413513,1735
862.531006,1629
862.64856,1680
862.766113,1661
862.883667,1636
863.00116,1703
863.118713,1722
863.236206,1778
863.353699,1783
863.471252,1878
863.588745,1883
863.706177,1946
863.82373,1994
863.941162,2047
864.058716,2034
864.176208,2027
864.29364,1942
864.411194,1885
864.528687,1784
864.646118,1759
864.763611,1706
864.881042,1671
864.998535,1653
865.116028,1660
865.233459,1653
865.350891,1658
865.468384,1687
865.585754,1631
865.703308,1686
865.820679,1620
865.938171,1592
866.055542,1667
866.173035,1647
866.290466,1659
866.407837,1633
866.52533,1634
866.6427,1653
866.760071,1650
866.877563,1631
866.994934,1675
867.112305,1673
867.229736,1716
867.347107,1668
867.464539,1667
867.58197,1672
867.699341,1675
867.81665,1702
867.934082,1646
868.051453,1714
868.168823,1668
868.286194,1663
868.403564,1679
868.520935,1639
868.638306,1647
868.755676,1662
868.872986,1696
868.990295,1661
869.107727,1708
869.225037,1671
869.342346,1683
869.459717,1714
869.577026,1709
869.694336,1699
869.811707,1692
869.929016,1734
870.046326,1748
870.163635,1741
870.280945,1792
870.398254,1724
870.515564,1744
870.632812,1734
870.750183,1858
870.867432,1775
870.984741,1817
871.102051,1776
871.219299,1798
871.336609,1810
871.453918,1842
871.571106,1811
871.688416,1838
871.805664,1790
871.922852,1814
872.040222,1827
872.157471,1854
872.274719,1886
872.391968,1856
872.509155,1853
872.626465,1783
872.743652,1838
872.860962,1814
872.978149,1805
873.095337,1807
873.212646,1818
873.329834,1780
873.44696,1747
873.564209,1759
873.681396,1740
873.798645,1774
873.915894,1678
874.03302,1752
874.150208,1742
874.267456,1754
874.384583,1737
874.501831,1734
874.618958,1751
874.736145,1811
874.853333,1781
874.970459,1769
875.087646,1755
875.204834,1796
875.32196,1758
875.439148,1753
875.556274,1763
875.673401,1748
875.790527,1760
875.907715,1736
876.024841,1772
876.141968,1772
876.259094,1799
876.376282,1763
876.493347,1767
876.610474,1733
876.7276,1720
876.844727,1706
876.961853,1735
877.078918,1698
877.195984,1728
877.313171,1724
877.430237,1697
877.547302,1724
877.664368,1730
877.781433,1735
877.898499,1708
878.015625,1687
878.13269,1726
878.249695,1693
878.366821,1703
878.483887,1672
878.600952,1680
878.717957,1714
878.834961,1715
878.952087,1718
879.069092,1654
879.186157,1651
879.303162,1638
879.420227,1709
879.537231,1625
879.654236,1594
879.77124,1621
879.888306,1631
880.005249,1582
880.122314,1607
880.239319,1608
880.356323,1585
880.473328,1586
880.590271,1563
880.707275,1613
880.824341,1606
880.941284,1632
881.058228,1602
881.175232,1641
881.292236,1591
881.40918,1565
881.526123,1621
881.643066,1612
881.760071,1599
881.877014,1610
881.993958,1614
882.11084,1598
882.227783,1670
882.344727,1625
882.46167,1611
882.578613,1611
882.695618,1556
882.812439,1588
882.929382,1547
883.046326,1652
883.163208,1575
883.280151,1593
883.397034,1618
883.513916,1639
883.630798,1638
883.747742,1652
883.864563,1642
883.981506,1620
884.098389,1620
884.21521,1682
884.332153,1675
884.448975,1682
884.565796,1692
884.682678,1700
884.7995,1786
884.916443,1814
885.033264,1827
885.150085,1888
885.266968,1889
885.383789,1944
885.500671,2020
885.617493,1981
885.734314,1955
885.851196,1976
885.967896,1983
886.084717,2041
886.201599,2016
886.318359,1975
886.435181,1971
886.552002,2057
886.668762,2091
886.785645,2007
886.902344,1987
887.019165,1998
887.135925,1970
887.252747,2023
887.369446,1999
887.486267,1968
887.603027,1958
887.719788,1904
887.836548,1904
887.953247,1864
888.070068,1861
888.186829,1861
888.303528,1810
888.420288,1806
888.536987,1724
888.653687,1738
888.770447,1703
888.887146,1686
889.003967,1667
889.120667,1617
889.237305,1613
889.354065,1597
889.470703,1649
889.587463,1675
889.704163,1631
889.820862,1636
889.937561,1611
890.054199,1635
890.170837,1657
890.287598,1646
890.404236,1660
890.520874,1667
890.637634,1696
890.754211,1715
890.87085,1740
890.987549,1772
891.104187,1785
891.220886,1789
891.337463,1904
891.454102,1865
891.57074,1893
891.687378,1954
891.804077,1916
891.920654,1947
892.037231,1909
892.15387,1944
892.270447,1968
892.387085,1936
892.503723,1899
892.6203,1849
892.736877,1818
892.853516,1776
892.970032,1761
893.08667,1725
893.203186,1746
893.319763,1700
893.43634,1656
893.552917,1664
893.669556,1668
893.786011,1655
893.902588,1610
894.019165,1641
894.135681,1580
894.252197,1617
894.368835,1655
894.485291,1581
894.601868,1617
894.718384,1620
894.8349,1624
894.951355,1580
895.067932,1609
895.184448,1578
895.300964,1556
895.417419,1563
895.533936,1589
895.650452,1636
895.766907,1593
895.883423,1618
895.999878,1599
896.116333,1576
896.232849,1605
896.349304,1586
896.465759,1597
896.582214,1561
896.698669,1654
896.815125,1597
896.931641,1587
897.048035,1630
897.164551,1611
897.280884,1607
897.397339,1598
897.513794,1616
897.630249,1616
897.746582,1626
897.863098,1618
897.979431,1655
898.095886,1581
898.212341,1653
898.328674,1658
898.445129,1628
898.561462,1643
898.677795,1630
898.794312,1613
898.910645,1652
899.026978,1653
899.143433,1602
899.259766,1686
899.37616,1646
899.492493,1619
899.608765,1644
899.725159,1621
899.841553,1633
899.957947,1589
900.07428,1686
900.190552,1654
900.306946,1603
900.423157,1624
900.53949,1624
900.655884,1664
900.772156,1653
900.888489,1647
901.004822,1685
901.121033,1692
901.237366,1674
901.353699,1647
901.46991,1698
901.586304,1734
901.702515,1721
901.818787,1686
901.93512,1707
902.051331,1772
902.167603,1764
902.283875,1826
902.400085,1827
902.516418,1814
902.632629,1827
902.74884,1851
902.865112,1887
902.981384,1954
903.097595,1903
903.213867,1964
903.330017,1910
903.446289,1926
903.5625,1910
903.67865,1881
903.794922,1883
903.911072,1897
904.027344,1881
904.143494,1844
904.259705,1856
904.375916,1828
904.492065,1751
904.608215,1776
904.724426,1790
904.840576,1777
904.956726,1767
905.072876,1714
905.189087,1726
905.305176,1773
905.421387,1729
905.537537,1754
905.653687,1726
905.769775,1701
905.885925,1703
906.002014,1677
906.118164,1740
906.234314,1672
906.350403,1672
906.466492,1707
906.582642,1668
906.69873,1653
906.814758,1620
906.930908,1683
907.046936,1687
907.163086,1645
907.279175,1656
907.395264,1669
907.511353,1665
907.62738,1681
907.743408,1661
907.859497,1657
907.975525,1610
908.091553,1669
908.207703,1675
908.32373,1642
908.439758,1622
908.555786,1631
908.671814,1636
908.787842,1595
908.90387,1660
909.019775,1631
909.135864,1597
909.251892,1604
909.367859,1655
909.483826,1617
909.599854,1619
909.715881,1626
909.831848,1635
909.947815,1632
910.063782,1590
910.179749,1614
910.295776,1595
910.411743,1630
910.527649,1613
910.643616,1630
910.759583,1642
910.875488,1615
910.991455,1571
911.107361,1580
911.223267,1606
911.339294,1625
911.4552,1567
911.571106,1594
911.687073,1576
911.802979,1586
911.918823,1581
912.034729,1588
912.150635,1583
912.266602,1573
912.382446,1578
912.498352,1583
912.614197,1599
912.730103,1585
912.846008,1571
792.44574,4366
792.56488,4262
792.68396,4137
792.80304,4048
792.92218,3840
793.041199,3833
793.160339,3758
793.279419,3674
793.398499,3593
793.517578,3478
793.636658,3414
793.755737,3400
793.874817,3380
793.993896,3277
794.112976,3290
794.232056,3113
794.351074,3142
794.470215,3069
794.589233,3040
794.708313,2998
794.827393,2965
794.946411,2909
795.065552,2888
795.18457,2863
795.303589,2844
795.422668,2788
795.541687,2721
795.660767,2690
795.779846,2727
795.898865,2699
796.017883,2626
796.136963,2554
796.255981,2564
796.375061,2512
796.49408,2484
796.613037,2508
796.732117,2471
796.851135,2417
796.970154,2403
797.089233,2432
797.208191,2372
797.327271,2375
797.446228,2341
797.565186,2392
797.684265,2320
797.803223,2235
797.922241,2281
798.04126,2319
798.160278,2264
798.279297,2187
798.398315,2200
798.517273,2263
798.636292,2222
798.75531,2178
798.874268,2207
798.993286,2205
799.112244,2116
799.231323,2191
799.350281,2153
799.469238,2138
799.588257,2136
799.707153,2153
799.826111,2080
799.945129,2103
800.064087,2090
800.183044,2094
800.302063,2090
800.421021,2092
800.539978,2064
800.658936,2099
800.777893,2047
800.896912,2072
801.015747,2083
801.134705,2094
801.253723,2022
801.37262,2022
801.491638,2062
801.610535,2041
801.729492,2049
801.84845,1967
801.967407,1980
802.086243,1994
802.205261,1980
802.324158,2012
802.443115,1976
802.562073,1975
802.680969,1966
802.799927,1951
802.918762,1991
803.037659,1942
803.156677,2009
803.275574,1921
803.39447,1926
803.513428,1917
803.632263,1897
803.751221,1938
803.870117,1888
803.989014,1950
804.107971,1961
804.226746,1865
804.345642,1894
804.4646,1885
804.583496,1896
804.702393,1890
804.821228,1899
804.940125,1908
805.059021,1899
805.177917,1902
805.296814,1840
805.415649,1866
805.534546,1865
805.653442,1834
805.772278,1850
805.891113,1865
806.01001,1888
806.128906,1890
806.247742,1867
806.366577,1865
806.485413,1853
806.604309,1880
806.723145,1839
806.84198,1885
806.960876,1839
807.079712,1886
807.198486,1883
807.317383,1829
807.436218,1861
807.554993,1816
807.673889,1861
807.792725,1817
807.91156,1819
808.030396,1831
808.14917,1831
808.268005,1845
808.386841,1793
808.505676,1841
808.624451,1825
808.743286,1805
808.862122,1805
808.980896,1766
809.099731,1808
809.218506,1810
809.337341,1825
809.456116,1789
809.57489,1832
809.693726,1838
809.8125,1873
809.931274,1812
810.050049,1781
810.168884,1782
810.287659,1791
810.406372,1819
810.525269,1782
810.643982,1827
810.762756,1830
810.881531,1839
811.000305,1827
811.11908,1847
811.237854,1775
811.356567,1805
811.475403,1890
811.594116,1856
811.71283,1867
811.831604,1876
811.950378,1893
812.069153,1889
812.187927,1940
812.30658,1889
812.425415,1891
812.544128,1863
812.662781,1897
812.781616,1955
812.900269,1913
813.019043,1836
813.137756,1867
813.256531,1820
813.375244,1876
813.493896,1831
813.612671,1827
813.731384,1831
813.850037,1814
813.96875,1816
814.087524,1781
814.206238,1730
814.324951,1788
814.443604,1743
814.562256,1836
814.68103,1784
814.799683,1757
814.918335,1753
815.037109,1836
815.155762,1764
815.274475,1722
815.393188,1758
815.511841,1734
815.630554,1785
815.749146,1799
815.867859,1816
815.986572,1796
816.105164,1845
816.223877,1844
816.342529,1874
816.461182,1850
816.579895,1888
816.698486,1891
816.817139,1876
816.935791,1940
817.054504,1898
817.173096,1875
817.291748,1858
817.4104,1868
817.529053,1815
817.647644,1818
817.766235,1792
817.884949,1786
818.00354,1774
818.122192,1765
818.240845,1776
818.359436,1752
818.478088,1752
818.59668,1774
818.715271,1692
818.833923,1681
818.952515,1690
819.071106,1719
819.189758,1717
819.30835,1667
819.426941,1670
819.545532,1663
819.664124,1649
819.782715,1696
819.901306,1683
820.019897,1643
820.138489,1621
820.25708,1703
820.375671,1690
820.494202,1687
820.612732,1640
820.731384,1719
820.849915,1661
820.968506,1637
821.087097,1732
821.205627,1652
821.324158,1636
821.442749,1661
821.561279,1651
821.679871,1676
821.798401,1616
821.916931,1675
822.035461,1665
822.154053,1650
822.272583,1622
822.391174,1588
822.509583,1614
822.628174,1600
822.746704,1622
822.865234,1642
822.983765,1590
823.102295,1545
823.220825,1590
823.339294,1567
823.457825,1592
823.576355,1615
823.694824,1607
823.813354,1622
823.931885,1618
824.050354,1585
824.168884,1612
824.287354,1583
824.405823,1576
824.524353,1571
824.642822,1574
824.761353,1620
824.879822,1576
824.998291,1596
825.116699,1605
825.235291,1610
825.353699,1583
825.472168,1564
825.590637,1563
825.709106,1641
825.827576,1591
825.946045,1598
826.064453,1612
826.182983,1576
826.301392,1533
826.4198,1559
826.53833,1520
826.656738,1560
826.775208,1536
826.893677,1564
827.012024,1504
827.130493,1577
827.248962,1569
827.36731,1547
827.485779,1581
827.604248,1565
827.722595,1565
827.841064,1531
827.959412,1521
828.077942,1511
828.196289,1577
828.314636,1539
828.433105,1554
828.551514,1537
828.669861,1559
828.78833,1540
828.906677,1573
829.025085,1549
829.143433,1586
829.261841,1563
829.38031,1563
829.498657,1547
829.617004,1601
829.735413,1594
829.85376,1590
829.972107,1554
830.090515,1568
830.208862,1546
830.327209,1546
830.445557,1552
830.563904,1500
830.682312,1573
830.800659,1553
830.919006,1565
831.037354,1544
831.155701,1561
831.274048,1554
831.392395,1616
831.51062,1529
831.629028,1542
831.747314,1604
831.865662,1548
831.984009,1554
832.102356,1539
832.220642,1527
832.338928,1577
832.457275,1577
832.575623,1557
832.693909,1522
832.812134,1503
832.930481,1549
833.048828,1533
833.167114,1596
833.2854,1562
833.403687,1547
833.521973,1508
833.640259,1572
833.758545,1608
833.876831,1526
833.995056,1567
834.113281,1565
834.231628,1547
834.349915,1602
834.468201,1557
834.586426,1572
834.704651,1603
834.822998,1569
834.941162,1556
835.059448,1534
835.177673,1554
835.295959,1565
835.414246,1565
835.53241,1552
835.650635,1543
835.768921,1531
835.887146,1470
836.005371,1540
836.123596,1520
836.241821,1556
836.360046,1499
836.478271,1547
836.596497,1534
836.714722,1503
836.832886,1566
836.95105,1543
837.069336,1581
837.1875,1530
837.305725,1514
837.423889,1528
837.542053,1488
837.660339,1532
837.778503,1529
837.896667,1526
838.014832,1533
838.132996,1510
838.25116,1522
838.369385,1557
838.487488,1550
838.605713,1560
838.723877,1564
838.84198,1546
838.960205,1591
839.078308,1620
839.196472,1638
839.314636,1630
839.4328,1659
839.550964,1641
839.669067,1662
839.787231,1682
839.905396,1701
840.023499,1741
840.141602,1715
840.259766,1727
840.377869,1729
840.495972,1692
840.614136,1711
840.732239,1694
840.850342,1721
840.968445,1770
841.086548,1802
841.204651,1714
841.322754,1772
841.440918,1806
841.55896,1857
841.677002,1851
841.795166,1831
841.913208,1924
842.031311,1842
842.149353,1858
842.267456,1864
842.385498,1860
842.503601,1813
842.621643,1827
842.739746,1793
842.857788,1773
842.97583,1746
843.093933,1762
843.211975,1772
843.330017,1776
843.44812,1732
843.566101,1737
843.684204,1744
843.802246,1717
843.920227,1636
844.038269,1700
844.156311,1687
844.274292,1684
844.392395,1631
844.510376,1640
844.628357,1682
844.74646,1650
844.864441,1603
844.982422,1669
845.100403,1644
845.218384,1641
845.336426,1628
845.454468,1650
845.572449,1637
845.69043,1693
845.808411,1671
845.926453,1682
846.044373,1663
846.162354,1689
846.280396,1661
846.398315,1708
846.516296,1679
846.634216,1731
846.752197,1736
846.870178,1715
846.988098,1754
847.106079,1730
847.22406,1728
847.34198,1743
847.4599,1724
847.577881,1704
847.695801,1678
847.813782,1731
847.931641,1701
848.049561,1688
848.167603,1649
848.285461,1663
848.403381,1639
848.521362,1669
848.639221,1702
848.75708,1695
848.875,1730
848.99292,1687
849.110901,1726
849.22876,1713
849.34668,1736
849.464539,1745
849.582458,1733
849.700317,1720
849.818176,1729
849.936096,1724
850.053955,1711
850.171875,1750
850.289673,1749
850.407593,1710
850.525452,1689
850.643311,1786
850.761169,1695
850.878967,1747
850.996887,1732
851.114746,1703
851.232544,1711
851.350403,1747
851.468262,1680
851.58606,1739
851.703979,1676
851.821777,1728
851.939636,1706
852.057434,1709
852.175232,1763
852.293091,1749
852.410889,1759
852.528687,1884
852.646545,1938
852.764343,1936
852.88208,1924
852.999939,1878
853.117676,1801
853.235535,1781
853.353271,1795
853.471069,1715
853.588928,1713
853.706604,1696
853.824402,1693
853.9422,1705
854.059998,1691
854.177734,1666
854.295532,1723
854.413269,1736
854.531006,1774
854.648804,1740
854.766541,1794
854.884277,1767
855.002014,1786
855.119751,1787
855.237549,1799
855.355225,1789
855.473022,1762
855.590698,1789
855.708435,1786
855.826172,1795
855.943848,1823
856.061646,1843
856.179321,1839
856.296997,1836
856.414795,1809
856.53241,1890
856.650085,1870
856.767822,1850
856.885559,1890
857.003174,1872
857.120911,1875
857.238586,1893
857.356201,1850
857.473938,1865
857.591614,1834
857.709351,1811
857.826965,1834
857.944641,1870
858.062317,1830
858.179993,1759
858.297668,1800
858.415283,1775
858.532959,1873
858.650574,1821
858.768188,1863
858.885803,1806
859.003479,1832
859.121094,1842
859.23877,1823
859.356384,1813
859.473999,1764
859.591675,1782
859.709229,1747
859.826843,1791
859.944458,1783
860.062012,1744
860.179626,1743
860.297302,1746
860.414856,1742
860.532471,1751
860.650024,1739
860.767639,1796
860.885193,1732
861.002808,1750
861.120361,1775
861.237976,1760
861.35553,1778
861.473022,1792
861.590698,1699
861.708191,1775
861.825745,1767
861.943298,1727
862.060852,1711
862.178406,1682
862.295959,1716
862.413513,1623
862.531006,1683
862.64856,1667
862.766113,1672
862.883667,1667
863.00116,1627
863.118713,1746
863.236206,1730
863.353699,1745
863.471252,1817
863.588745,1885
863.706177,1943
863.82373,1943
863.941162,2030
864.058716,2060
864.176208,1981
864.29364,1886
864.411194,1927
864.528687,1833
864.646118,1769
864.763611,1665
864.881042,1692
864.998535,1684
865.116028,1680
865.233459,1702
865.350891,1671
865.468384,1601
865.585754,1654
865.703308,1669
865.820679,1651
865.938171,1590
866.055542,1636
866.173035,1643
866.290466,1689
866.407837,1661
866.52533,1694
866.6427,1653
866.760071,1665
866.877563,1674
866.994934,1711
867.112305,1703
867.229736,1611
867.347107,1641
867.464539,1716
867.58197,1698
867.699341,1707
867.81665,1676
867.934082,1686
868.051453,1707
868.168823,1657
868.286194,1659
868.403564,1641
868.520935,1639
868.638306,1648
868.755676,1678
868.872986,1669
868.990295,1730
869.107727,1680
869.225037,1681
869.342346,1677
869.459717,1741
869.577026,1687
869.694336,1697
869.811707,1696
869.929016,1725
870.046326,1761
870.163635,1748
870.280945,1789
870.398254,1721
870.515564,1781
870.632812,1755
870.750183,1749
870.867432,1764
870.984741,1762
871.102051,1822
871.219299,1831
871.336609,1783
871.453918,1799
871.571106,1906
871.688416,1838
871.805664,1816
871.922852,1832
872.040222,1841
872.157471,1801
872.274719,1806
872.391968,1792
872.509155,1861
872.626465,1835
872.743652,1818
872.860962,1801
872.978149,1809
873.095337,1796
873.212646,1790
873.329834,1777
873.44696,1768
873.564209,1785
873.681396,1747
873.798645,1718
873.915894,1753
874.03302,1731
874.150208,1772
874.267456,1711
874.384583,1771
874.501831,1737
874.618958,1755
874.736145,1790
874.853333,1785
874.970459,1758
875.087646,1709
875.204834,1779
875.32196,1776
875.439148,1733
875.556274,1755
875.673401,1743
875.790527,1824
875.907715,1732
876.024841,1780
876.141968,1770
876.259094,1757
876.376282,1764
876.493347,1705
876.610474,1723
876.7276,1715
876.844727,1712
876.961853,1755
877.078918,1722
877.195984,1727
877.313171,1684
877.430237,1755
877.547302,1732
877.664368,1716
877.781433,1727
877.898499,1732
878.015625,1723
878.13269,1716
878.249695,1686
878.366821,1704
878.483887,1710
878.600952,1731
878.717957,1693
878.834961,1656
878.952087,1678
879.069092,1667
879.186157,1748
879.303162,1650
879.420227,1663
879.537231,1669
879.654236,1702
879.77124,1657
879.888306,1611
880.005249,1608
880.122314,1594
880.239319,1656
880.356323,1616
880.473328,1628
880.590271,1617
880.707275,1601
880.824341,1576
880.941284,1630
881.058228,1603
881.175232,1582
881.292236,1612
881.40918,1624
881.526123,1646
881.643066,1607
881.760071,1643
881.877014,1651
881.993958,1624
882.11084,1636
882.227783,1619
882.344727,1583
882.46167,1631
882.578613,1591
882.695618,1605
882.812439,1603
882.929382,1635
883.046326,1588
883.163208,1628
883.280151,1605
883.397034,1629
883.513916,1608
883.630798,1598
883.747742,1651
883.864563,1666
883.981506,1664
884.098389,1645
884.21521,1636
884.332153,1688
884.448975,1685
884.565796,1742
884.682678,1758
884.7995,1758
884.916443,1765
885.033264,1884
885.150085,1903
885.266968,1971
885.383789,1964
885.500671,2019
885.617493,1985
885.734314,1991
885.851196,2031
885.967896,2032
886.084717,1996
886.201599,2055
886.318359,2024
886.435181,2028
886.552002,2043
886.668762,2028
886.785645,2001
886.902344,1990
887.019165,2035
887.135925,2007
887.252747,2022
887.369446,2038
887.486267,1951
887.603027,1943
887.719788,1928
887.836548,1902
887.953247,1929
888.070068,1870
888.186829,1883
888.303528,1832
888.420288,1788
888.536987,1746
888.653687,1730
888.770447,1726
888.887146,1728
889.003967,1691
889.120667,1680
889.237305,1694
889.354065,1645
889.470703,1661
889.587463,1585
889.704163,1618
889.820862,1615
889.937561,1646
890.054199,1630
890.170837,1616
890.287598,1644
890.404236,1647
890.520874,1710
890.637634,1652
890.754211,1752
890.87085,1707
890.987549,1744
891.104187,1777
891.220886,1853
891.337463,1860
891.454102,1891
891.57074,1928
891.687378,1999
891.804077,1962
891.920654,2010
892.037231,1974
892.15387,1955
892.270447,1950
892.387085,1953
892.503723,1884
892.6203,1889
892.736877,1840
892.853516,1787
892.970032,1751
893.08667,1764
893.203186,1693
893.319763,1655
893.43634,1725
893.552917,1666
893.669556,1656
893.786011,1677
893.902588,1631
894.019165,1641
894.135681,1610
894.252197,1614
894.368835,1619
894.485291,1629
894.601868,1643
894.718384,1651
894.8349,1628
894.951355,1573
895.067932,1621
895.184448,1604
895.300964,1666
895.417419,1588
895.533936,1627
895.650452,1594
895.766907,1602
895.883423,1612
895.999878,1622
896.116333,1626
896.232849,1581
896.349304,1622
896.465759,1620
896.582214,1598
896.698669,1595
896.815125,1659
896.931641,1633
897.048035,1636
897.164551,1631
897.280884,1621
897.397339,1578
897.513794,1615
897.630249,1621
897.746582,1671
897.863098,1641
897.979431,1614
898.095886,1657
898.212341,1632
898.328674,1653
898.445129,1679
898.561462,1688
898.677795,1642
898.794312,1654
898.910645,1689
899.026978,1631
899.143433,1669
899.259766,1652
899.37616,1664
899.492493,1658
899.608765,1615
899.725159,1665
899.841553,1669
899.957947,1646
900.07428,1666
900.190552,1664
900.306946,1643
900.423157,1673
900.53949,1656
900.655884,1687
900.772156,1717
900.888489,1665
901.004822,1717
901.121033,1699
901.237366,1704
901.353699,1704
901.46991,1739
901.586304,1739
901.702515,1703
901.818787,1759
901.93512,1787
902.051331,1754
902.167603,1846
902.283875,1817
902.400085,1884
902.516418,1868
902.632629,1860
902.74884,1872
902.865112,1951
902.981384,1896
903.097595,1948
903.213867,1905
903.330017,1929
903.446289,1948
903.5625,1909
903.67865,1882
903.794922,1932
903.911072,1861
904.027344,1900
904.143494,1881
904.259705,1829
904.375916,1847
904.492065,1862
904.608215,1796
904.724426,1794
904.840576,1753
904.956726,1790
905.072876,1734
905.189087,1779
905.305176,1788
905.421387,1744
905.537537,1775
905.653687,1737
905.769775,1740
905.885925,1718
906.002014,1748
906.118164,1708
906.234314,1749
906.350403,1712
906.466492,1705
906.582642,1715
906.69873,1696
906.814758,1749
906.930908,1697
907.046936,1676
907.163086,1707
907.279175,1708
907.395264,1651
907.511353,1711
907.62738,1665
907.743408,1660
907.859497,1690
907.975525,1657
908.091553,1675
908.207703,1680
908.32373,1691
908.439758,1657
908.555786,1688
908.671814,1697
908.787842,1664
908.90387,1705
909.019775,1657
909.135864,1661
909.251892,1636
909.367859,1688
909.483826,1657
909.599854,1626
909.715881,1634
909.831848,1631
909.947815,1629
910.063782,1610
910.179749,1624
910.295776,1592
910.411743,1618
910.527649,1610
910.643616,1577
910.759583,1598
910.875488,1636
910.991455,1588
911.107361,1604
911.223267,1613
911.339294,1637
911.4552,1620
911.571106,1593
911.687073,1620
911.802979,1610
911.918823,1669
912.034729,1594
912.150635,1614
912.266602,1602
912.382446,1641
912.498352,1577
912.614197,1634
912.730103,1617
912.846008,1588
792.44574,4388
792.56488,4187
792.68396,4114
792.80304,4059
792.92218,3856
793.041199,3776
793.160339,3800
793.279419,3660
793.398499,3579
793.517578,3485
793.636658,3441
793.755737,3376
793.874817,3351
793.993896,3301
794.112976,3169
794.232056,3217
794.351074,3093
794.470215,3108
794.589233,3000
794.708313,2994
794.827393,3013
794.946411,2927
795.065552,2871
795.18457,2895
795.303589,2814
795.422668,2764
795.541687,2754
795.660767,2680
795.779846,2649
795.898865,2661
796.017883,2593
796.136963,2574
796.255981,2578
796.375061,2515
796.49408,2451
796.613037,2484
796.732117,2495
796.851135,2421
796.970154,2372
797.089233,2395
797.208191,2358
797.327271,2356
797.446228,2382
797.565186,2310
797.684265,2272
797.803223,2321
797.922241,2300
798.04126,2260
798.160278,2315
798.279297,2215
798.398315,2207
798.517273,2222
798.636292,2255
798.75531,2228
798.874268,2175
798.993286,2184
799.112244,2170
799.231323,2179
799.350281,2151
799.469238,2240
799.588257,2113
799.707153,2142
799.826111,2109
799.945129,2099
800.064087,2102
800.183044,2125
800.302063,2112
800.421021,2133
800.539978,2091
800.658936,2022
800.777893,2066
800.896912,2048
801.015747,2084
801.134705,2057
801.253723,2047
801.37262,2047
801.491638,2059
801.610535,2038
801.729492,2051
801.84845,2018
801.967407,2026
802.086243,2012
802.205261,2030
802.324158,1990
802.443115,2028
802.562073,1948
802.680969,2006
802.799927,2010
802.918762,1933
803.037659,1996
803.156677,1945
803.275574,1983
803.39447,1951
803.513428,1937
803.632263,1946
803.751221,1899
803.870117,1955
803.989014,1915
804.107971,1900
804.226746,1900
804.345642,1905
804.4646,1902
804.583496,1918
804.702393,1928
804.821228,1884
804.940125,1931
805.059021,1900
805.177917,1850
805.296814,1886
805.415649,1891
805.534546,1881
805.653442,1874
805.772278,1838
805.891113,1893
806.01001,1872
806.128906,1871
806.247742,1845
806.366577,1844
806.485413,1903
806.604309,1861
806.723145,1871
806.84198,1822
806.960876,1833
807.079712,1870
807.198486,1864
807.317383,1874
807.436218,1871
807.554993,1871
807.673889,1827
807.792725,1845
807.91156,1839
808.030396,1808
808.14917,1814
808.268005,1818
808.386841,1788
808.505676,1860
808.624451,1808
808.743286,1795
808.862122,1770
808.980896,1839
809.099731,1796
809.218506,1803
809.337341,1829
809.456116,1791
809.57489,1825
809.693726,1823
809.8125,1812
809.931274,1810
810.050049,1831
810.168884,1788
810.287659,1822
810.406372,1794
810.525269,1779
810.643982,1798
810.762756,1812
810.881531,1812
811.000305,1823
811.11908,1800
811.237854,1831
811.356567,1859
811.475403,1820
811.594116,1863
811.71283,1832
811.831604,1839
811.950378,1918
812.069153,1839
812.187927,1948
812.30658,1909
812.425415,1871
812.544128,1896
812.662781,1930
812.781616,1890
812.900269,1837
813.019043,1845
813.137756,1912
813.256531,1871
813.375244,1811
813.493896,1858
813.612671,1784
813.731384,1853
813.850037,1801
813.96875,1768
814.087524,1760
814.206238,1785
814.324951,1764
814.443604,1742
814.562256,1738
814.68103,1801
814.799683,1742
814.918335,1772
815.037109,1821
815.155762,1754
815.274475,1723
815.393188,1761
815.511841,1821
815.630554,1784
815.749146,1825
815.867859,1767
815.986572,1838
816.105164,1813
816.223877,1778
816.342529,1823
816.461182,1819
816.579895,1842
816.698486,1902
816.817139,1922
816.935791,1919
817.054504,1928
817.173096,1908
817.291748,1881
817.4104,1795
817.529053,1818
817.647644,1834
817.766235,1742
817.884949,1756
818.00354,1797
818.122192,1776
818.240845,1714
818.359436,1763
818.478088,1780
818.59668,1733
818.715271,1727
818.833923,1694
818.952515,1697
819.071106,1704
819.189758,1660
819.30835,1643
819.426941,1740
819.545532,1696
819.664124,1710
819.782715,1644
819.901306,1637
820.019897,1657
820.138489,1688
820.25708,1661
820.375671,1671
820.494202,1688
820.612732,1716
820.731384,1725
820.849915,1681
820.968506,1638
821.087097,1672
821.205627,1659
821.324158,1655
821.442749,1676
821.561279,1646
821.679871,1633
821.798401,1613
821.916931,1647
822.035461,1603
822.154053,1584
822.272583,1602
822.391174,1631
822.509583,1641
822.628174,1622
822.746704,1574
822.865234,1588
822.983765,1585
823.102295,1572
823.220825,1626
823.339294,1586
823.457825,1569
823.576355,1602
823.694824,1604
823.813354,1628
823.931885,1551
824.050354,1595
824.168884,1572
824.287354,1617
824.405823,1589
824.524353,1603
824.642822,1621
824.761353,1574
824.879822,1615
824.998291,1598
825.116699,1595
825.235291,1619
825.353699,1536
825.472168,1551
825.590637,1571
825.709106,1574
825.827576,1578
825.946045,1535
826.064453,1601
826.182983,1532
826.301392,1571
826.4198,1555
826.53833,1521
826.656738,1564
826.775208,1580
826.893677,1561
827.012024,1587
827.130493,1544
827.248962,1561
827.36731,1595
827.485779,1568
827.604248,1602
827.722595,1537
827.841064,1534
827.959412,1530
828.077942,1598
828.196289,1569
828.314636,1538
828.433105,1560
828.551514,1558
828.669861,1552
828.78833,1552
828.906677,1556
829.025085,1583
829.143433,1590
829.261841,1508
829.38031,1557
829.498657,1535
829.617004,1594
829.735413,1552
829.85376,1604
829.972107,1548
830.090515,1561
830.208862,1547
830.327209,1562
830.445557,1556
830.563904,1550
830.682312,1566
830.800659,1549
830.919006,1512
831.037354,1569
831.155701,1535
831.274048,1545
831.392395,1599
831.51062,1544
831.629028,1556
831.747314,1570
831.865662,1549
831.984009,1574
832.102356,1546
832.220642,1525
832.338928,1565
832.457275,1576
832.575623,1602
832.693909,1577
832.812134,1542
832.930481,1529
833.048828,1565
833.167114,1507
833.2854,1543
833.403687,1550
833.521973,1585
833.640259,1544
833.758545,1513
833.876831,1522
833.995056,1603
834.113281,1563
834.231628,1578
834.349915,1575
834.468201,1569
834.586426,1531
834.704651,1503
834.822998,1564
834.941162,1580
835.059448,1529
835.177673,1582
835.295959,1562
835.414246,1557
835.53241,1547
835.650635,1538
835.768921,1550
835.887146,1513
836.005371,1483
836.123596,1517
836.241821,1531
836.360046,1482
836.478271,1506
836.596497,1547
836.714722,1553
836.832886,1487
836.95105,1556
837.069336,1530
837.1875,1582
837.305725,1510
837.423889,1525
837.542053,1536
837.660339,1578
837.778503,1483
837.896667,1560
838.014832,1543
838.132996,1518
838.25116,1553
838.369385,1580
838.487488,1535
838.605713,1570
838.723877,1570
838.84198,1597
838.960205,1604
839.078308,1581
839.196472,1646
839.314636,1625
839.4328,1706
839.550964,1631
839.669067,1692
839.787231,1694
839.905396,1666
840.023499,1704
840.141602,1700
840.259766,1694
840.377869,1678
840.495972,1678
840.614136,1695
840.732239,1697
840.850342,1693
840.968445,1730
841.086548,1741
841.204651,1837
841.322754,1778
841.440918,1821
841.55896,1830
841.677002,1836
841.795166,1918
841.913208,1879
842.031311,1863
842.149353,1805
842.267456,1854
842.385498,1867
842.503601,1779
842.621643,1802
842.739746,1812
842.857788,1823
842.97583,1764
843.093933,1794
843.211975,1750
843.330017,1713
843.44812,1745
843.566101,1750
843.684204,1746
843.802246,1731
843.920227,1667
844.038269,1653
844.156311,1622
844.274292,1641
844.392395,1653
844.510376,1650
844.628357,1609
844.74646,1651
844.864441,1624
844.982422,1654
845.100403,1644
845.218384,1656
845.336426,1669
845.454468,1672
845.572449,1688
845.69043,1632
845.808411,1633
845.926453,1675
846.044373,1658
846.162354,1672
846.280396,1664
846.398315,1657
846.516296,1762
846.634216,1707
846.752197,1693
846.870178,1756
846.988098,1707
847.106079,1703
847.22406,1773
847.34198,1734
847.4599,1704
847.577881,1699
847.695801,1696
847.813782,1692
847.931641,1717
848.049561,1769
848.167603,1627
848.285461,1666
848.403381,1672
848.521362,1688
848.639221,1719
848.75708,1686
848.875,1673
848.99292,1701
849.110901,1728
849.22876,1691
849.34668,1704
849.464539,1717
849.582458,1701
849.700317,1735
849.818176,1707
849.936096,1750
850.053955,1690
850.171875,1731
850.289673,1720
850.407593,1744
850.525452,1722
850.643311,1740
850.761169,1698
850.878967,1767
850.996887,1754
851.114746,1751
851.232544,1667
851.350403,1713
851.468262,1679
851.58606,1763
851.703979,1723
851.821777,1699
851.939636,1697
852.057434,1733
852.175232,1722
852.293091,1716
852.410889,1748
852.528687,1888
852.646545,1907
852.764343,1948
852.88208,1902
852.999939,1879
853.117676,1842
853.235535,1798
853.353271,1775
853.471069,1736
853.588928,1676
853.706604,1679
853.824402,1705
853.9422,1704
854.059998,1724
854.177734,1701
854.295532,1741
854.413269,1743
854.531006,1726
854.648804,1792
854.766541,1739
854.884277,1753
855.002014,1783
855.119751,1790
855.237549,1810
855.355225,1774
855.473022,1816
855.590698,1724
855.708435,1821
855.826172,1823
855.943848,1830
856.061646,1829
856.179321,1862
856.296997,1827
856.414795,1890
856.53241,1892
856.650085,1884
856.767822,1897
856.885559,1867
857.003174,1863
857.120911,1874
857.238586,1852
857.356201,1877
857.473938,1859
857.591614,1808
857.709351,1849
857.826965,1831
857.944641,1845
858.062317,1810
858.179993,1824
858.297668,1795
858.415283,1780
858.532959,1846
858.650574,1759
858.768188,1797
858.885803,1805
859.003479,1761
859.121094,1759
859.23877,1795
859.356384,1808
859.473999,1764
859.591675,1773
859.709229,1787
859.826843,1784
859.944458,1743
860.062012,1800
860.179626,1749
860.297302,1726
860.414856,1751
860.532471,1758
860.650024,1776
860.767639,1750
860.885193,1750
861.002808,1755
861.120361,1746
861.237976,1683
861.35553,1717
861.473022,1761
861.590698,1752
861.708191,1709
861.825745,1718
861.943298,1761
862.060852,1643
862.178406,1659
862.295959,1661
862.413513,1669
862.531006,1679
862.64856,1637
862.766113,1668
862.883667,1632
863.00116,1620
863.118713,1740
863.236206,1713
863.353699,1769
863.471252,1794
863.588745,1878
863.706177,1959
863.82373,2007
863.941162,1996
864.058716,2001
864.176208,1983
864.29364,1968
864.411194,1864
864.528687,1811
864.646118,1713
864.763611,1713
864.881042,1678
864.998535,1695
865.116028,1669
865.233459,1655
865.350891,1673
865.468384,1658
865.585754,1635
865.703308,1650
865.820679,1662
865.938171,1665
866.055542,1618
866.173035,1642
866.290466,1670
866.407837,1585
866.52533,1699
866.6427,1677
866.760071,1701
866.877563,1644
866.994934,1673
867.112305,1632
867.229736,1668
867.347107,1647
867.464539,1693
867.58197,1680
867.699341,1649
867.81665,1664
867.934082,1687
868.051453,1665
868.168823,1676
868.286194,1686
868.403564,1667
868.520935,1664
868.638306,1655
868.755676,1706
868.872986,1662
868.990295,1668
869.107727,1704
869.225037,1683
869.342346,1655
869.459717,1706
869.577026,1670
869.694336,1763
869.811707,1745
869.929016,1722
870.046326,1712
870.163635,1685
870.280945,1758
870.398254,1764
870.515564,1795
870.632812,1775
870.750183,1797
870.867432,1793
870.984741,1768
871.102051,1767
871.219299,1789
871.336609,1792
871.453918,1871
871.571106,1826
871.688416,1798
871.805664,1803
871.922852,1779
872.040222,1877
872.157471,1857
872.274719,1879
872.391968,1847
872.509155,1860
872.626465,1860
872.743652,1819
872.860962,1819
872.978149,1859
873.095337,1776
873.212646,1789
873.329834,1724
873.44696,1750
873.564209,1792
873.681396,1746
873.798645,1752
873.915894,1781
874.03302,1761
874.150208,1718
874.267456,1779
874.384583,1750
874.501831,1795
874.618958,1750
874.736145,1771
874.853333,1814
874.970459,1784
875.087646,1807
875.204834,1772
875.32196,1789
875.439148,1781
875.556274,1778
875.673401,1789
875.790527,1800
875.907715,1796
876.024841,1786
876.141968,1801
876.259094,1762
876.376282,1714
876.493347,1767
876.610474,1712
876.7276,1760
876.844727,1731
876.961853,1769
877.078918,1749
877.195984,1737
877.313171,1731
877.430237,1699
877.547302,1720
877.664368,1705
877.781433,1716
877.898499,1754
878.015625,1735
878.13269,1692
878.249695,1657
878.366821,1726
878.483887,1720
878.600952,1708
878.717957,1700
878.834961,1695
878.952087,1673
879.069092,1685
879.186157,1637
879.303162,1660
879.420227,1667
879.537231,1661
879.654236,1663
879.77124,1646
879.888306,1614
880.005249,1636
880.122314,1614
880.239319,1604
880.356323,1551
880.473328,1597
880.590271,1632
880.707275,1626
880.824341,1621
880.941284,1622
881.058228,1580
881.175232,1571
881.292236,1590
881.40918,1607
881.526123,1597
881.643066,1598
881.760071,1628
881.877014,1623
881.993958,1625
882.11084,1587
882.227783,1594
882.344727,1617
882.46167,1620
882.578613,1620
882.695618,1585
882.812439,1585
882.929382,1582
883.046326,1649
883.163208,1633
883.280151,1634
883.397034,1632
883.513916,1641
883.630798,1593
883.747742,1649
883.864563,1613
883.981506,1682
884.098389,1668
884.21521,1693
884.332153,1686
884.448975,1673
884.565796,1737
884.682678,1775
884.7995,1736
884.916443,1808
885.033264,1865
885.150085,1896
885.266968,1925
885.383789,1945
885.500671,2002
885.617493,2028
885.734314,1990
885.851196,2003
885.967896,1971
886.084717,2050
886.201599,2080
886.318359,1991
886.435181,2012
886.552002,2032
886.668762,2005
886.785645,1993
886.902344,2024
887.019165,2017
887.135925,2039
887.252747,2014
887.369446,2021
887.486267,1968
887.603027,1975
887.719788,1934
887.836548,1947
887.953247,1876
888.070068,1921
888.186829,1878
888.303528,1823
888.420288,1815
888.536987,1797
888.653687,1721
888.770447,1720
888.887146,1677
889.003967,1732
889.120667,1685
889.237305,1668
889.354065,1640
889.470703,1592
889.587463,1654
889.704163,1657
889.820862,1613
889.937561,1616
890.054199,1621
890.170837,1632
890.287598,1701
890.404236,1664
890.520874,1699
890.637634,1657
890.754211,1710
890.87085,1779
890.987549,1767
891.104187,1789
891.220886,1798
891.337463,1867
891.454102,1882
891.57074,1925
891.687378,1945
891.804077,1945
891.920654,1939
892.037231,1931
892.15387,1933
892.270447,1945
892.387085,1892
892.503723,1936
892.6203,1930
892.736877,1813
892.853516,1817
892.970032,1797
893.08667,1782
893.203186,1739
893.319763,1692
893.43634,1653
893.552917,1677
893.669556,1731
893.786011,1669
893.902588,1697
894.019165,1651
894.135681,1641
894.252197,1662
894.368835,1637
894.485291,1618
894.601868,1616
894.718384,1607
894.8349,1624
894.951355,1662
895.067932,1640
895.184448,1578
895.300964,1645
895.417419,1619
895.533936,1644
895.650452,1616
895.766907,1591
895.883423,1636
895.999878,1622
896.116333,1634
896.232849,1632
896.349304,1630
896.465759,1617
896.582214,1603
896.698669,1587
896.815125,1619
896.931641,1641
897.048035,1577
897.164551,1636
897.280884,1590
897.397339,1616
897.513794,1636
897.630249,1615
897.746582,1674
897.863098,1619
897.979431,1644
898.095886,1635
898.212341,1626
898.328674,1626
898.445129,1661
898.561462,1629
898.677795,1703
898.794312,1621
898.910645,1630
899.026978,1629
899.143433,1671
899.259766,1637
899.37616,1626
899.492493,1676
899.608765,1683
899.725159,1683
899.841553,1683
899.957947,1608
900.07428,1656
900.190552,1697
900.306946,1668
900.423157,1706
900.53949,1713
900.655884,1720
900.772156,1730
900.888489,1669
901.004822,1709
901.121033,1630
901.237366,1715
901.353699,1695
901.46991,1714
901.586304,1725
901.702515,1744
901.818787,1767
901.93512,1743
902.051331,1742
902.167603,1833
902.283875,1832
902.400085,1849
902.516418,1855
902.632629,1872
902.74884,1899
902.865112,1952
902.981384,1947
903.097595,1962
903.213867,1927
903.330017,1930
903.446289,1938
903.5625,1920
903.67865,1906
903.794922,1886
903.911072,1901
904.027344,1854
904.143494,1888
904.259705,1849
904.375916,1905
904.492065,1837
904.608215,1855
904.724426,1795
904.840576,1781
904.956726,1779
905.072876,1781
905.189087,1793
905.305176,1711
905.421387,1781
905.537537,1787
905.653687,1745
905.769775,1722
905.885925,1760
906.002014,1702
906.118164,1722
906.234314,1718
906.350403,1614
906.466492,1721
906.582642,1685
906.69873,1693
906.814758,1709
906.930908,1700
907.046936,1671
907.163086,1715
907.279175,1686
907.395264,1669
907.511353,1652
907.62738,1652
907.743408,1681
907.859497,1662
907.975525,1692
908.091553,1657
908.207703,1708
908.32373,1686
908.439758,1651
908.555786,1663
908.671814,1679
908.787842,1646
908.90387,1659
909.019775,1634
909.135864,1686
909.251892,1642
909.367859,1688
909.483826,1634
909.599854,1637
909.715881,1656
909.831848,1630
909.947815,1698
910.063782,1639
910.179749,1651
910.295776,1666
910.411743,1675
910.527649,1677
910.643616,1690
910.759583,1678
910.875488,1641
910.991455,1581
911.107361,1669
911.223267,1681
911.339294,1639
911.4552,1618
911.571106,1612
911.687073,1607
911.802979,1614
911.918823,1621
912.034729,1634
912.150635,1577
912.266602,1610
912.382446,1625
912.498352,1584
912.614197,1625
912.730103,1559
912.846008,1626
