792.44574,3580
792.56488,3490
792.68396,3428
792.80304,3261
792.92218,3145
793.041199,3095
793.160339,3073
793.279419,2976
793.398499,3031
793.517578,2889
793.636658,2886
793.755737,2810
793.874817,2787
793.993896,2736
794.112976,2732
794.232056,2698
794.351074,2633
794.470215,2611
794.589233,2552
794.708313,2437
794.827393,2519
794.946411,2462
795.065552,2479
795.18457,2424
795.303589,2393
795.422668,2316
795.541687,2378
795.660767,2358
795.779846,2281
795.898865,2231
796.017883,2242
796.136963,2228
796.255981,2204
796.375061,2167
796.49408,2195
796.613037,2141
796.732117,2126
796.851135,2147
796.970154,2125
797.089233,2047
797.208191,2042
797.327271,2042
797.446228,2040
797.565186,2070
797.684265,2046
797.803223,2019
797.922241,1966
798.04126,1963
798.160278,1988
798.279297,1973
798.398315,2003
798.517273,1971
798.636292,1968
798.75531,1933
798.874268,2003
798.993286,1913
799.112244,1937
799.231323,1920
799.350281,1920
799.469238,1926
799.588257,1917
799.707153,1959
799.826111,1883
799.945129,1856
800.064087,1903
800.183044,1873
800.302063,1881
800.421021,1837
800.539978,1821
800.658936,1849
800.777893,1880
800.896912,1826
801.015747,1823
801.134705,1861
801.253723,1874
801.37262,1866
801.491638,1853
801.610535,1798
801.729492,1814
801.84845,1789
801.967407,1842
802.086243,1755
802.205261,1820
802.324158,1797
802.443115,1807
802.562073,1779
802.680969,1810
802.799927,1736
802.918762,1789
803.037659,1755
803.156677,1803
803.275574,1764
803.39447,1780
803.513428,1743
803.632263,1747
803.751221,1731
803.870117,1768
803.989014,1771
804.107971,1734
804.226746,1750
804.345642,1730
804.4646,1738
804.583496,1700
804.702393,1723
804.821228,1752
804.940125,1749
805.059021,1712
805.177917,1717
805.296814,1707
805.415649,1750
805.534546,1715
805.653442,1743
805.772278,1687
805.891113,1708
806.01001,1740
806.128906,1649
806.247742,1724
806.366577,1675
806.485413,1705
806.604309,1684
806.723145,1680
806.84198,1695
806.960876,1665
807.079712,1721
807.198486,1684
807.317383,1636
807.436218,1656
807.554993,1676
807.673889,1702
807.792725,1687
807.91156,1673
808.030396,1686
808.14917,1689
808.268005,1663
808.386841,1667
808.505676,1633
808.624451,1682
808.743286,1658
808.862122,1673
808.980896,1679
809.099731,1668
809.218506,1658
809.337341,1646
809.456116,1645
809.57489,1667
809.693726,1667
809.8125,1670
809.931274,1663
810.050049,1668
810.168884,1662
810.287659,1661
810.406372,1623
810.525269,1665
810.643982,1646
810.762756,1657
810.881531,1694
811.000305,1674
811.11908,1656
811.237854,1683
811.356567,1663
811.475403,1691
811.594116,1714
811.71283,1723
811.831604,1724
811.950378,1733
812.069153,1775
812.187927,1726
812.30658,1761
812.425415,1704
812.544128,1734
812.662781,1749
812.781616,1751
812.900269,1712
813.019043,1707
813.137756,1675
813.256531,1676
813.375244,1710
813.493896,1616
813.612671,1644
813.731384,1663
813.850037,1623
813.96875,1652
814.087524,1647
814.206238,1617
814.324951,1596
814.443604,1618
814.562256,1631
814.68103,1647
814.799683,1622
814.918335,1630
815.037109,1614
815.155762,1655
815.274475,1689
815.393188,1679
815.511841,1659
815.630554,1614
815.749146,1655
815.867859,1628
815.986572,1700
816.105164,1641
816.223877,1710
816.342529,1678
816.461182,1656
816.579895,1663
816.698486,1712
816.817139,1742
816.935791,1728
817.054504,1745
817.173096,1764
817.291748,1735
817.4104,1717
817.529053,1691
817.647644,1633
817.766235,1609
817.884949,1618
818.00354,1651
818.122192,1628
818.240845,1579
818.359436,1590
818.478088,1583
818.59668,1567
818.715271,1587
818.833923,1584
818.952515,1570
819.071106,1591
819.189758,1550
819.30835,1554
819.426941,1550
819.545532,1509
819.664124,1569
819.782715,1569
819.901306,1576
820.019897,1561
820.138489,1544
820.25708,1566
820.375671,1537
820.494202,1587
820.612732,1564
820.731384,1607
820.849915,1531
820.968506,1520
821.087097,1556
821.205627,1572
821.324158,1550
821.442749,1540
821.561279,1540
821.679871,1544
821.798401,1538
821.916931,1523
822.035461,1525
822.154053,1531
822.272583,1539
822.391174,1521
822.509583,1530
822.628174,1524
822.746704,1492
822.865234,1466
822.983765,1501
823.102295,1498
823.220825,1457
823.339294,1507
823.457825,1484
823.576355,1498
823.694824,1434
823.813354,1552
823.931885,1488
824.050354,1517
824.168884,1470
824.287354,1460
824.405823,1497
824.524353,1458
824.642822,1463
824.761353,1524
824.879822,1464
824.998291,1491
825.116699,1496
825.235291,1455
825.353699,1500
825.472168,1429
825.590637,1475
825.709106,1450
825.827576,1507
825.946045,1433
826.064453,1504
826.182983,1471
826.301392,1470
826.4198,1475
826.53833,1507
826.656738,1462
826.775208,1468
826.893677,1456
827.012024,1461
827.130493,1442
827.248962,1517
827.36731,1435
827.485779,1475
827.604248,1444
827.722595,1477
827.841064,1509
827.959412,1444
828.077942,1476
828.196289,1448
828.314636,1492
828.433105,1444
828.551514,1440
828.669861,1473
828.78833,1477
828.906677,1471
829.025085,1484
829.143433,1487
829.261841,1507
829.38031,1454
829.498657,1503
829.617004,1473
829.735413,1459
829.85376,1499
829.972107,1463
830.090515,1485
830.208862,1493
830.327209,1484
830.445557,1507
830.563904,1454
830.682312,1451
830.800659,1453
830.919006,1486
831.037354,1448
831.155701,1491
831.274048,1475
831.392395,1459
831.51062,1470
831.629028,1455
831.747314,1464
831.865662,1428
831.984009,1418
832.102356,1468
832.220642,1462
832.338928,1496
832.457275,1520
832.575623,1426
832.693909,1525
832.812134,1468
832.930481,1450
833.048828,1473
833.167114,1411
833.2854,1445
833.403687,1463
833.521973,1424
833.640259,1470
833.758545,1457
833.876831,1469
833.995056,1427
834.113281,1421
834.231628,1440
834.349915,1472
834.468201,1483
834.586426,1489
834.704651,1408
834.822998,1468
834.941162,1479
835.059448,1480
835.177673,1463
835.295959,1491
835.414246,1515
835.53241,1461
835.650635,1439
835.768921,1437
835.887146,1450
836.005371,1442
836.123596,1471
836.241821,1431
836.360046,1437
836.478271,1486
836.596497,1463
836.714722,1418
836.832886,1455
836.95105,1412
837.069336,1475
837.1875,1452
837.305725,1461
837.423889,1445
837.542053,1447
837.660339,1430
837.778503,1456
837.896667,1436
838.014832,1437
838.132996,1431
838.25116,1415
838.369385,1464
838.487488,1507
838.605713,1474
838.723877,1485
838.84198,1473
838.960205,1502
839.078308,1489
839.196472,1516
839.314636,1544
839.4328,1514
839.550964,1502
839.669067,1541
839.787231,1565
839.905396,1583
840.023499,1534
840.141602,1587
840.259766,1532
840.377869,1554
840.495972,1518
840.614136,1537
840.732239,1548
840.850342,1594
840.968445,1571
841.086548,1601
841.204651,1596
841.322754,1627
841.440918,1667
841.55896,1667
841.677002,1688
841.795166,1714
841.913208,1705
842.031311,1674
842.149353,1702
842.267456,1691
842.385498,1670
842.503601,1686
842.621643,1636
842.739746,1633
842.857788,1591
842.97583,1621
843.093933,1626
843.211975,1642
843.330017,1656
843.44812,1647
843.566101,1576
843.684204,1569
843.802246,1548
843.920227,1605
844.038269,1559
844.156311,1508
844.274292,1509
844.392395,1511
844.510376,1508
844.628357,1520
844.74646,1563
844.864441,1487
844.982422,1502
845.100403,1518
845.218384,1532
845.336426,1567
845.454468,1530
845.572449,1557
845.69043,1553
845.808411,1496
845.926453,1563
846.044373,1504
846.162354,1546
846.280396,1523
846.398315,1553
846.516296,1537
846.634216,1558
846.752197,1548
846.870178,1557
846.988098,1567
847.106079,1597
847.22406,1575
847.34198,1586
847.4599,1559
847.577881,1607
847.695801,1595
847.813782,1527
847.931641,1550
848.049561,1541
848.167603,1555
848.285461,1534
848.403381,1549
848.521362,1514
848.639221,1544
848.75708,1559
848.875,1519
848.99292,1588
849.110901,1526
849.22876,1544
849.34668,1585
849.464539,1538
849.582458,1560
849.700317,1543
849.818176,1593
849.936096,1558
850.053955,1617
850.171875,1643
850.289673,1617
850.407593,1528
850.525452,1554
850.643311,1585
850.761169,1576
850.878967,1595
850.996887,1551
851.114746,1531
851.232544,1572
851.350403,1565
851.468262,1612
851.58606,1586
851.703979,1610
851.821777,1524
851.939636,1555
852.057434,1551
852.175232,1590
852.293091,1613
852.410889,1612
852.528687,1675
852.646545,1723
852.764343,1738
852.88208,1698
852.999939,1663
853.117676,1653
853.235535,1629
853.353271,1620
853.471069,1563
853.588928,1578
853.706604,1551
853.824402,1557
853.9422,1566
854.059998,1559
854.177734,1580
854.295532,1567
854.413269,1595
854.531006,1608
854.648804,1646
854.766541,1673
854.884277,1569
855.002014,1627
855.119751,1600
855.237549,1623
855.355225,1643
855.473022,1604
855.590698,1662
855.708435,1604
855.826172,1595
855.943848,1626
856.061646,1695
856.179321,1646
856.296997,1683
856.414795,1704
856.53241,1675
856.650085,1731
856.767822,1682
856.885559,1722
857.003174,1690
857.120911,1704
857.238586,1652
857.356201,1719
857.473938,1644
857.591614,1639
857.709351,1647
857.826965,1703
857.944641,1659
858.062317,1642
858.179993,1627
858.297668,1616
858.415283,1603
858.532959,1657
858.650574,1609
858.768188,1658
858.885803,1642
859.003479,1656
859.121094,1638
859.23877,1659
859.356384,1669
859.473999,1644
859.591675,1627
859.709229,1568
859.826843,1578
859.944458,1611
860.062012,1618
860.179626,1583
860.297302,1610
860.414856,1591
860.532471,1600
860.650024,1602
860.767639,1614
860.885193,1585
861.002808,1610
861.120361,1609
861.237976,1587
861.35553,1627
861.473022,1554
861.590698,1603
861.708191,1602
861.825745,1583
861.943298,1562
862.060852,1578
862.178406,1577
862.295959,1559
862.413513,1530
862.531006,1453
862.64856,1530
862.766113,1523
862.883667,1504
863.00116,1495
863.118713,1563
863.236206,1586
863.353699,1593
863.471252,1623
863.588745,1694
863.706177,1768
863.82373,1752
863.941162,1786
864.058716,1810
864.176208,1737
864.29364,1679
864.411194,1639
864.528687,1592
864.646118,1593
864.763611,1551
864.881042,1512
864.998535,1499
865.116028,1543
865.233459,1484
865.350891,1459
865.468384,1525
865.585754,1504
865.703308,1485
865.820679,1531
865.938171,1511
866.055542,1528
866.173035,1448
866.290466,1547
866.407837,1544
866.52533,1546
866.6427,1569
866.760071,1555
866.877563,1516
866.994934,1495
867.112305,1483
867.229736,1584
867.347107,1515
867.464539,1544
867.58197,1491
867.699341,1563
867.81665,1571
867.934082,1581
868.051453,1596
868.168823,1568
868.286194,1531
868.403564,1525
868.520935,1559
868.638306,1568
868.755676,1500
868.872986,1544
868.990295,1523
869.107727,1505
869.225037,1573
869.342346,1571
869.459717,1568
869.577026,1563
869.694336,1555
869.811707,1552
869.929016,1625
870.046326,1604
870.163635,1574
870.280945,1606
870.398254,1629
870.515564,1603
870.632812,1641
870.750183,1632
870.867432,1599
870.984741,1626
871.102051,1617
871.219299,1671
871.336609,1596
871.453918,1640
871.571106,1663
871.688416,1627
871.805664,1673
871.922852,1616
872.040222,1687
872.157471,1651
872.274719,1685
872.391968,1625
872.509155,1650
872.626465,1662
872.743652,1662
872.860962,1606
872.978149,1625
873.095337,1601
873.212646,1611
873.329834,1607
873.44696,1606
873.564209,1573
873.681396,1621
873.798645,1615
873.915894,1622
874.03302,1573
874.150208,1562
874.267456,1569
874.384583,1623
874.501831,1620
874.618958,1616
874.736145,1583
874.853333,1590
874.970459,1651
875.087646,1577
875.204834,1616
875.32196,1605
875.439148,1661
875.556274,1608
875.673401,1648
875.790527,1649
875.907715,1608
876.024841,1576
876.141968,1573
876.259094,2154
876.376282,3970
876.493347,1585
876.610474,1529
876.7276,1550
876.844727,1583
876.961853,1610
877.078918,1588
877.195984,1576
877.313171,1602
877.430237,1620
877.547302,1559
877.664368,1546
877.781433,1569
877.898499,1557
878.015625,1556
878.13269,1561
878.249695,1568
878.366821,1510
878.483887,1579
878.600952,1595
878.717957,1540
878.834961,1538
878.952087,1535
879.069092,1543
879.186157,1521
879.303162,1512
879.420227,1561
879.537231,1492
879.654236,1491
879.77124,1494
879.888306,1511
880.005249,1492
880.122314,1470
880.239319,1505
880.356323,1519
880.473328,1546
880.590271,1491
880.707275,1503
880.824341,1525
880.941284,1471
881.058228,1472
881.175232,1524
881.292236,1533
881.40918,1468
881.526123,1525
881.643066,1489
881.760071,1499
881.877014,1470
881.993958,1523
882.11084,1499
882.227783,1452
882.344727,1512
882.46167,1526
882.578613,1493
882.695618,1515
882.812439,1503
882.929382,1505
883.046326,1516
883.163208,1538
883.280151,1512
883.397034,1517
883.513916,1536
883.630798,1502
883.747742,1524
883.864563,1522
883.981506,1494
884.098389,1576
884.21521,1541
884.332153,1566
884.448975,1536
884.565796,1529
884.682678,1627
884.7995,1574
884.916443,1608
885.033264,1649
885.150085,1717
885.266968,1740
885.383789,1786
885.500671,1782
885.617493,1724
885.734314,1804
885.851196,1765
885.967896,1779
886.084717,1771
886.201599,1840
886.318359,1780
886.435181,1762
886.552002,1810
886.668762,1866
886.785645,1761
886.902344,1809
887.019165,1768
887.135925,1782
887.252747,1746
887.369446,1745
887.486267,1769
887.603027,1737
887.719788,1723
887.836548,1709
887.953247,1698
888.070068,1696
888.186829,1683
888.303528,1639
888.420288,1613
888.536987,1625
888.653687,1579
888.770447,1599
888.887146,1569
889.003967,1547
889.120667,1498
889.237305,1497
889.354065,1559
889.470703,1524
889.587463,1506
889.704163,1514
889.820862,1515
889.937561,1554
890.054199,1481
890.170837,1530
890.287598,1504
890.404236,1513
890.520874,1562
890.637634,1595
890.754211,1559
890.87085,1602
890.987549,1596
891.104187,1626
891.220886,1702
891.337463,1678
891.454102,1699
891.57074,1755
891.687378,1726
891.804077,1737
891.920654,1667
892.037231,1738
892.15387,1719
892.270447,1765
892.387085,1710
892.503723,1729
892.6203,1629
892.736877,1607
892.853516,1628
892.970032,1601
893.08667,1555
893.203186,1562
893.319763,1585
893.43634,1586
893.552917,1543
893.669556,1521
893.786011,1509
893.902588,1525
894.019165,1547
894.135681,1519
894.252197,1543
894.368835,1537
894.485291,1509
894.601868,1564
894.718384,1528
894.8349,1481
894.951355,1513
895.067932,1506
895.184448,1485
895.300964,1523
895.417419,1514
895.533936,1503
895.650452,1507
895.766907,1506
895.883423,1440
895.999878,1537
896.116333,1512
896.232849,1549
896.349304,1514
896.465759,1517
896.582214,1509
896.698669,1505
896.815125,1489
896.931641,1490
897.048035,1531
897.164551,1513
897.280884,1528
897.397339,1503
897.513794,1558
897.630249,1485
897.746582,1519
897.863098,1539
897.979431,1500
898.095886,1523
898.212341,1464
898.328674,1528
898.445129,1564
898.561462,1491
898.677795,1505
898.794312,1468
898.910645,1517
899.026978,1568
899.143433,1517
899.259766,1551
899.37616,1537
899.492493,1545
899.608765,1560
899.725159,1571
899.841553,1528
899.957947,1536
900.07428,1572
900.190552,1548
900.306946,1566
900.423157,1505
900.53949,1530
900.655884,1575
900.772156,1577
900.888489,1584
901.004822,1544
901.121033,1603
901.237366,1560
901.353699,1580
901.46991,1548
901.586304,1584
901.702515,1605
901.818787,1620
901.93512,1600
902.051331,1634
902.167603,1676
902.283875,1651
902.400085,1683
902.516418,1656
902.632629,1694
902.74884,1732
902.865112,1712
902.981384,1705
903.097595,1734
903.213867,1743
903.330017,1746
903.446289,1743
903.5625,1691
903.67865,1713
903.794922,1672
903.911072,1693
904.027344,1739
904.143494,1723
904.259705,1696
904.375916,1641
904.492065,1636
904.608215,1661
904.724426,1628
904.840576,1633
904.956726,1683
905.072876,1637
905.189087,1624
905.305176,1651
905.421387,1606
905.537537,1617
905.653687,1558
905.769775,1572
905.885925,1568
906.002014,1625
906.118164,1613
906.234314,1657
906.350403,1595
906.466492,1559
906.582642,1563
906.69873,1562
906.814758,1532
906.930908,1597
907.046936,1538
907.163086,1531
907.279175,1569
907.395264,1553
907.511353,1591
907.62738,1556
907.743408,1534
907.859497,1572
907.975525,1537
908.091553,1519
908.207703,1528
908.32373,1574
908.439758,1551
908.555786,1510
908.671814,1543
908.787842,1582
908.90387,1586
909.019775,1541
909.135864,1549
909.251892,1548
909.367859,1521
909.483826,1547
909.599854,1552
909.715881,1534
909.831848,1530
909.947815,1544
910.063782,1506
910.179749,1538
910.295776,1546
910.411743,1554
910.527649,1553
910.643616,1549
910.759583,1530
910.875488,1578
910.991455,1503
911.107361,1540
911.223267,1546
911.339294,1512
911.4552,1500
911.571106,1462
911.687073,1508
911.802979,1528
911.918823,1488
912.034729,1517
912.150635,1516
912.266602,1491
912.382446,1537
912.498352,1508
912.614197,1481
912.730103,1475
912.846008,1448
792.44574,3561
792.56488,3445
792.68396,3436
792.80304,3310
792.92218,3186
793.041199,3130
793.160339,3121
793.279419,3040
793.398499,3026
793.517578,2968
793.636658,2897
793.755737,2809
793.874817,2787
793.993896,2735
794.112976,2693
794.232056,2686
794.351074,2599
794.470215,2588
794.589233,2595
794.708313,2563
794.827393,2541
794.946411,2531
795.065552,2487
795.18457,2456
795.303589,2411
795.422668,2353
795.541687,2424
795.660767,2364
795.779846,2303
795.898865,2262
796.017883,2251
796.136963,2246
796.255981,2216
796.375061,2213
796.49408,2173
796.613037,2118
796.732117,2200
796.851135,2133
796.970154,2157
797.089233,2097
797.208191,2074
797.327271,2078
797.446228,2051
797.565186,2039
797.684265,2059
797.803223,2064
797.922241,2021
798.04126,2078
798.160278,1988
798.279297,1973
798.398315,1981
798.517273,1974
798.636292,2037
798.75531,2003
798.874268,1950
798.993286,1949
799.112244,1998
799.231323,1926
799.350281,1945
799.469238,1960
799.588257,1954
799.707153,1939
799.826111,1984
799.945129,1895
800.064087,1929
800.183044,1915
800.302063,1899
800.421021,1900
800.539978,1901
800.658936,1869
800.777893,1861
800.896912,1859
801.015747,1885
801.134705,1857
801.253723,1831
801.37262,1861
801.491638,1873
801.610535,1855
801.729492,1844
801.84845,1852
801.967407,1813
802.086243,1846
802.205261,1778
802.324158,1806
802.443115,1812
802.562073,1834
802.680969,1861
802.799927,1785
802.918762,1781
803.037659,1844
803.156677,1826
803.275574,1751
803.39447,1758
803.513428,1740
803.632263,1816
803.751221,1814
803.870117,1763
803.989014,1781
804.107971,1765
804.226746,1747
804.345642,1745
804.4646,1758
804.583496,1799
804.702393,1754
804.821228,1744
804.940125,1759
805.059021,1733
805.177917,1708
805.296814,1723
805.415649,1775
805.534546,1757
805.653442,1717
805.772278,1815
805.891113,1739
806.01001,1703
806.128906,1701
806.247742,1732
806.366577,1713
806.485413,1765
806.604309,1740
806.723145,1739
806.84198,1710
806.960876,1677
807.079712,1680
807.198486,1731
807.317383,1714
807.436218,1674
807.554993,1743
807.673889,1673
807.792725,1671
807.91156,1639
808.030396,1669
808.14917,1670
808.268005,1665
808.386841,1706
808.505676,1674
808.624451,1673
808.743286,1687
808.862122,1689
808.980896,1671
809.099731,1678
809.218506,1716
809.337341,1674
809.456116,1630
809.57489,1672
809.693726,1730
809.8125,1706
809.931274,1668
810.050049,1731
810.168884,1677
810.287659,1684
810.406372,1701
810.525269,1695
810.643982,1692
810.762756,1671
810.881531,1687
811.000305,1684
811.11908,1698
811.237854,1679
811.356567,1676
811.475403,1712
811.594116,1685
811.71283,1716
811.831604,1719
811.950378,1757
812.069153,1787
812.187927,1792
812.30658,1786
812.425415,1744
812.544128,1764
812.662781,1753
812.781616,1822
812.900269,1732
813.019043,1727
813.137756,1710
813.256531,1702
813.375244,1702
813.493896,1695
813.612671,1699
813.731384,1688
813.850037,1618
813.96875,1695
814.087524,1653
814.206238,1639
814.324951,1620
814.443604,1656
814.562256,1628
814.68103,1643
814.799683,1649
814.918335,1690
815.037109,1659
815.155762,1667
815.274475,1694
815.393188,1635
815.511841,1645
815.630554,1642
815.749146,1611
815.867859,1659
815.986572,1685
816.105164,1701
816.223877,1674
816.342529,1686
816.461182,1745
816.579895,1760
816.698486,1743
816.817139,1741
816.935791,1744
817.054504,1753
817.173096,1802
817.291748,1752
817.4104,1703
817.529053,1707
817.647644,1724
817.766235,1669
817.884949,1681
818.00354,1669
818.122192,1640
818.240845,1658
818.359436,1629
818.478088,1625
818.59668,1593
818.715271,1593
818.833923,1643
818.952515,1579
819.071106,1575
819.189758,1567
819.30835,1563
819.426941,1587
819.545532,1585
819.664124,1557
819.782715,1566
819.901306,1548
820.019897,1575
820.138489,1566
820.25708,1568
820.375671,1600
820.494202,1620
820.612732,1557
820.731384,1594
820.849915,1589
820.968506,1529
821.087097,1613
821.205627,1592
821.324158,1575
821.442749,1589
821.561279,1559
821.679871,1572
821.798401,1511
821.916931,1531
822.035461,1549
822.154053,1536
822.272583,1566
822.391174,1549
822.509583,1510
822.628174,1577
822.746704,1534
822.865234,1517
822.983765,1505
823.102295,1480
823.220825,1471
823.339294,1513
823.457825,1512
823.576355,1531
823.694824,1511
823.813354,1446
823.931885,1510
824.050354,1534
824.168884,1481
824.287354,1527
824.405823,1495
824.524353,1554
824.642822,1479
824.761353,1509
824.879822,1512
824.998291,1504
825.116699,1475
825.235291,1505
825.353699,1504
825.472168,1466
825.590637,1523
825.709106,1532
825.827576,1509
825.946045,1461
826.064453,1478
826.182983,1474
826.301392,1494
826.4198,1453
826.53833,1482
826.656738,1456
826.775208,1454
826.893677,1469
827.012024,1474
827.130493,1474
827.248962,1483
827.36731,1468
827.485779,1523
827.604248,1522
827.722595,1504
827.841064,1499
827.959412,1461
828.077942,1443
828.196289,1489
828.314636,1452
828.433105,1480
828.551514,1505
828.669861,1493
828.78833,1500
828.906677,1497
829.025085,1482
829.143433,1516
829.261841,1486
829.38031,1476
829.498657,1488
829.617004,1528
829.735413,1527
829.85376,1456
829.972107,1478
830.090515,1529
830.208862,1477
830.327209,1468
830.445557,1444
830.563904,1464
830.682312,1449
830.800659,1487
830.919006,1465
831.037354,1491
831.155701,1483
831.274048,1508
831.392395,1501
831.51062,1488
831.629028,1497
831.747314,1466
831.865662,1424
831.984009,1438
832.102356,1498
832.220642,1460
832.338928,1457
832.457275,1476
832.575623,1518
832.693909,1435
832.812134,1475
832.930481,1484
833.048828,1474
833.167114,1459
833.2854,1465
833.403687,1480
833.521973,1490
833.640259,1466
833.758545,1468
833.876831,1477
833.995056,1479
834.113281,1478
834.231628,1477
834.349915,1458
834.468201,1514
834.586426,1428
834.704651,1512
834.822998,1436
834.941162,1475
835.059448,1499
835.177673,1507
835.295959,1483
835.414246,1506
835.53241,1456
835.650635,1498
835.768921,1452
835.887146,1434
836.005371,1474
836.123596,1442
836.241821,1477
836.360046,1480
836.478271,1476
836.596497,1466
836.714722,1456
836.832886,1448
836.95105,1456
837.069336,1443
837.1875,1461
837.305725,1441
837.423889,1414
837.542053,1466
837.660339,1433
837.778503,1455
837.896667,1474
838.014832,1452
838.132996,1511
838.25116,1412
838.369385,1496
838.487488,1489
838.605713,1430
838.723877,1518
838.84198,1467
838.960205,1516
839.078308,1521
839.196472,1490
839.314636,1507
839.4328,1562
839.550964,1546
839.669067,1576
839.787231,1544
839.905396,1564
840.023499,1601
840.141602,1535
840.259766,1608
840.377869,1614
840.495972,1585
840.614136,1567
840.732239,1574
840.850342,1565
840.968445,1600
841.086548,1618
841.204651,1644
841.322754,1641
841.440918,1677
841.55896,1738
841.677002,1673
841.795166,1715
841.913208,1660
842.031311,1708
842.149353,1726
842.267456,1671
842.385498,1708
842.503601,1753
842.621643,1647
842.739746,1650
842.857788,1631
842.97583,1626
843.093933,1642
843.211975,1651
843.330017,1640
843.44812,1631
843.566101,1619
843.684204,1591
843.802246,1549
843.920227,1553
844.038269,1561
844.156311,1621
844.274292,1543
844.392395,1514
844.510376,1557
844.628357,1536
844.74646,1541
844.864441,1567
844.982422,1525
845.100403,1542
845.218384,1554
845.336426,1550
845.454468,1554
845.572449,1541
845.69043,1568
845.808411,1515
845.926453,1507
846.044373,1576
846.162354,1516
846.280396,1548
846.398315,1552
846.516296,1540
846.634216,1562
846.752197,1575
846.870178,1599
846.988098,1611
847.106079,1618
847.22406,1579
847.34198,1576
847.4599,1584
847.577881,1619
847.695801,1600
847.813782,1590
847.931641,1519
848.049561,1576
848.167603,1553
848.285461,1504
848.403381,1568
848.521362,1528
848.639221,1551
848.75708,1546
848.875,1574
848.99292,1553
849.110901,1551
849.22876,1559
849.34668,1551
849.464539,1590
849.582458,1627
849.700317,1579
849.818176,1600
849.936096,1558
850.053955,1584
850.171875,1565
850.289673,1595
850.407593,1573
850.525452,1592
850.643311,1583
850.761169,1581
850.878967,1622
850.996887,1577
851.114746,1573
851.232544,1546
851.350403,1548
851.468262,1588
851.58606,1553
851.703979,1587
851.821777,1571
851.939636,1619
852.057434,1525
852.175232,1538
852.293091,1635
852.410889,1633
852.528687,1662
852.646545,1700
852.764343,1762
852.88208,1707
852.999939,1671
853.117676,1687
853.235535,1662
853.353271,1627
853.471069,1577
853.588928,1572
853.706604,1574
853.824402,1541
853.9422,1552
854.059998,1510
854.177734,1605
854.295532,1605
854.413269,1587
854.531006,1644
854.648804,1583
854.766541,1655
854.884277,1615
855.002014,1641
855.119751,1589
855.237549,1656
855.355225,1641
855.473022,1643
855.590698,1648
855.708435,1637
855.826172,1669
855.943848,1713
856.061646,1657
856.179321,1695
856.296997,1662
856.414795,1702
856.53241,1691
856.650085,1688
856.767822,1707
856.885559,1692
857.003174,1751
857.120911,1696
857.238586,1687
857.356201,1711
857.473938,1669
857.591614,1650
857.709351,1676
857.826965,1627
857.944641,1680
858.062317,1670
858.179993,1637
858.297668,1667
858.415283,1624
858.532959,1632
858.650574,1652
858.768188,1706
858.885803,1620
859.003479,1641
859.121094,1642
859.23877,1624
859.356384,1631
859.473999,1608
859.591675,1614
859.709229,1669
859.826843,1586
859.944458,1652
860.062012,1631
860.179626,1635
860.297302,1608
860.414856,1606
860.532471,1650
860.650024,1623
860.767639,1629
860.885193,1627
861.002808,1630
861.120361,1607
861.237976,1598
861.35553,1646
861.473022,1615
861.590698,1592
861.708191,1585
861.825745,1614
861.943298,1568
862.060852,1583
862.178406,1557
862.295959,1530
862.413513,1535
862.531006,1527
862.64856,1514
862.766113,1587
862.883667,1525
863.00116,1593
863.118713,1530
863.236206,1621
863.353699,1655
863.471252,1623
863.588745,1663
863.706177,1767
863.82373,1787
863.941162,1791
864.058716,1804
864.176208,1767
864.29364,1739
864.411194,1698
864.528687,1662
864.646118,1588
864.763611,1575
864.881042,1586
864.998535,1562
865.116028,1523
865.233459,1558
865.350891,1533
865.468384,1550
865.585754,1553
865.703308,1473
865.820679,1553
865.938171,1554
866.055542,1500
866.173035,1532
866.290466,1531
866.407837,1532
866.52533,1515
866.6427,1555
866.760071,1529
866.877563,1578
866.994934,1552
867.112305,1584
867.229736,1510
867.347107,1572
867.464539,1573
867.58197,1572
867.699341,1550
867.81665,1564
867.934082,1522
868.051453,1555
868.168823,1552
868.286194,1497
868.403564,1530
868.520935,1538
868.638306,1578
868.755676,1541
868.872986,1530
868.990295,1569
869.107727,1538
869.225037,1522
869.342346,1548
869.459717,1549
869.577026,1567
869.694336,1599
869.811707,1586
869.929016,1575
870.046326,1631
870.163635,1610
870.280945,1628
870.398254,1580
870.515564,1588
870.632812,1559
870.750183,1617
870.867432,1692
870.984741,1659
871.102051,1675
871.219299,1613
871.336609,1648
871.453918,1676
871.571106,1646
871.688416,1681
871.805664,1648
871.922852,1652
872.040222,1692
872.157471,1659
872.274719,1644
872.391968,1714
872.509155,1686
872.626465,1678
872.743652,1621
872.860962,1618
872.978149,1630
873.095337,1647
873.212646,1648
873.329834,1647
873.44696,1652
873.564209,1614
873.681396,1613
873.798645,1678
873.915894,1611
874.03302,1629
874.150208,1663
874.267456,1599
874.384583,1626
874.501831,1591
874.618958,1638
874.736145,1593
874.853333,1621
874.970459,1603
875.087646,1623
875.204834,1609
875.32196,1639
875.439148,1627
875.556274,1603
875.673401,1651
875.790527,1650
875.907715,1636
876.024841,1627
876.141968,1617
876.259094,1592
876.376282,1596
876.493347,1565
876.610474,1577
876.7276,1593
876.844727,1628
876.961853,1557
877.078918,1616
877.195984,1619
877.313171,1647
877.430237,1585
877.547302,1591
877.664368,1572
877.781433,1573
877.898499,1585
878.015625,1585
878.13269,1580
878.249695,1579
878.366821,1567
878.483887,1604
878.600952,1537
878.717957,1551
878.834961,1577
878.952087,1567
879.069092,1529
879.186157,1614
879.303162,1554
879.420227,1563
879.537231,1534
879.654236,1578
879.77124,1457
879.888306,1502
880.005249,1517
880.122314,1486
880.239319,1501
880.356323,1501
880.473328,1517
880.590271,1525
880.707275,1500
880.824341,1497
880.941284,1533
881.058228,1496
881.175232,1507
881.292236,1535
881.40918,1500
881.526123,1511
881.643066,1498
881.760071,1529
881.877014,1513
881.993958,1510
882.11084,1518
882.227783,1497
882.344727,1499
882.46167,1532
882.578613,1514
882.695618,1491
882.812439,1522
882.929382,1517
883.046326,1531
883.163208,1513
883.280151,1499
883.397034,1509
883.513916,1547
883.630798,1563
883.747742,1600
883.864563,1558
883.981506,1494
884.098389,1593
884.21521,1573
884.332153,1553
884.448975,1603
884.565796,1577
884.682678,1592
884.7995,1658
884.916443,1611
885.033264,1683
885.150085,1709
885.266968,1769
885.383789,1791
885.500671,1768
885.617493,1782
885.734314,1802
885.851196,1804
885.967896,1793
886.084717,1810
886.201599,1761
886.318359,1820
886.435181,1805
886.552002,1841
886.668762,1826
886.785645,1807
886.902344,1818
887.019165,1800
887.135925,1779
887.252747,1784
887.369446,1845
887.486267,1797
887.603027,1768
887.719788,1773
887.836548,1732
887.953247,1728
888.070068,1737
888.186829,1678
888.303528,1714
888.420288,1654
888.536987,1641
888.653687,1653
888.770447,1592
888.887146,1569
889.003967,1587
889.120667,1575
889.237305,1567
889.354065,1583
889.470703,1553
889.587463,1489
889.704163,1544
889.820862,1526
889.937561,1550
890.054199,1512
890.170837,1578
890.287598,1528
890.404236,1580
890.520874,1586
890.637634,1587
890.754211,1607
890.87085,1636
890.987549,1608
891.104187,1656
891.220886,1644
891.337463,1682
891.454102,1704
891.57074,1745
891.687378,1736
891.804077,1785
891.920654,1781
892.037231,1808
892.15387,1710
892.270447,1779
892.387085,1763
892.503723,1709
892.6203,1682
892.736877,1674
892.853516,1653
892.970032,1627
893.08667,1634
893.203186,1620
893.319763,1578
893.43634,1542
893.552917,1576
893.669556,1560
893.786011,1545
893.902588,1533
894.019165,1562
894.135681,1503
894.252197,1518
894.368835,1557
894.485291,1547
894.601868,1512
894.718384,1514
894.8349,1516
894.951355,1532
895.067932,1528
895.184448,1518
895.300964,1580
895.417419,1525
895.533936,1525
895.650452,1512
895.766907,1511
895.883423,1567
895.999878,1564
896.116333,1531
896.232849,1531
896.349304,1516
896.465759,1536
896.582214,1543
896.698669,1541
896.815125,1529
896.931641,1496
897.048035,1523
897.164551,1549
897.280884,1539
897.397339,1517
897.513794,1554
897.630249,1502
897.746582,1556
897.863098,1513
897.979431,1519
898.095886,1578
898.212341,1521
898.328674,1541
898.445129,1529
898.561462,1591
898.677795,1548
898.794312,1553
898.910645,1549
899.026978,1544
899.143433,1559
899.259766,1570
899.37616,1522
899.492493,1573
899.608765,1547
899.725159,1580
899.841553,1564
899.957947,1617
900.07428,1567
900.190552,1585
900.306946,1591
900.423157,1571
900.53949,1587
900.655884,1588
900.772156,1585
900.888489,1584
901.004822,1614
901.121033,1559
901.237366,1567
901.353699,1581
901.46991,1621
901.586304,1634
901.702515,1606
901.818787,1671
901.93512,1678
902.051331,1676
902.167603,1705
902.283875,1668
902.400085,1638
902.516418,1692
902.632629,1703
902.74884,1764
902.865112,1765
902.981384,1755
903.097595,1756
903.213867,1777
903.330017,1752
903.446289,1745
903.5625,1698
903.67865,1702
903.794922,1778
903.911072,1788
904.027344,1742
904.143494,1702
904.259705,1701
904.375916,1695
904.492065,1692
904.608215,1666
904.724426,1656
904.840576,1682
904.956726,1682
905.072876,1680
905.189087,1651
905.305176,1637
905.421387,1642
905.537537,1608
905.653687,1646
905.769775,1615
905.885925,1619
906.002014,1618
906.118164,1630
906.234314,1632
906.350403,1574
906.466492,1585
906.582642,1634
906.69873,1593
906.814758,1627
906.930908,1584
907.046936,1568
907.163086,1577
907.279175,1570
907.395264,1620
907.511353,1579
907.62738,1564
907.743408,1565
907.859497,1621
907.975525,1574
908.091553,1563
908.207703,1543
908.32373,1582
908.439758,1600
908.555786,1541
908.671814,1598
908.787842,1618
908.90387,1580
909.019775,1594
909.135864,1556
909.251892,1556
909.367859,1598
909.483826,1575
909.599854,1537
909.715881,1592
909.831848,1595
909.947815,1562
910.063782,1563
910.179749,1541
910.295776,1569
910.411743,1635
910.527649,1591
910.643616,1538
910.759583,1553
910.875488,1551
910.991455,1576
911.107361,1510
911.223267,1563
911.339294,1514
911.4552,1557
911.571106,1530
911.687073,1544
911.802979,1557
911.918823,1531
912.034729,1562
912.150635,1555
912.266602,1533
912.382446,1536
912.498352,1530
912.614197,1559
912.730103,1574
912.846008,1541
792.44574,3580
792.56488,3442
792.68396,3466
792.80304,3339
792.92218,3196
793.041199,3124
793.160339,3070
793.279419,3059
793.398499,3042
793.517578,2883
793.636658,2896
793.755737,2898
793.874817,2811
793.993896,2777
794.112976,2752
794.232056,2712
794.351074,2640
794.470215,2664
794.589233,2587
794.708313,2562
794.827393,2532
794.946411,2566
795.065552,2493
795.18457,2452
795.303589,2489
795.422668,2459
795.541687,2395
795.660767,2359
795.779846,2274
795.898865,2301
796.017883,2261
796.136963,2260
796.255981,2239
796.375061,2216
796.49408,2194
796.613037,2202
796.732117,2151
796.851135,2143
796.970154,2138
797.089233,2160
797.208191,2117
797.327271,2091
797.446228,2094
797.565186,2051
797.684265,2058
797.803223,2062
797.922241,2051
798.04126,2029
798.160278,1997
798.279297,2008
798.398315,1995
798.517273,1960
798.636292,1984
798.75531,1977
798.874268,1960
798.993286,1980
799.112244,1948
799.231323,1945
799.350281,1949
799.469238,1948
799.588257,1899
799.707153,1968
799.826111,1984
799.945129,1895
800.064087,1901
800.183044,1986
800.302063,1895
800.421021,1913
800.539978,1862
800.658936,1882
800.777893,1909
800.896912,1918
801.015747,1882
801.134705,1862
801.253723,1862
801.37262,1829
801.491638,1870
801.610535,1848
801.729492,1831
801.84845,1830
801.967407,1807
802.086243,1845
802.205261,1859
802.324158,1770
802.443115,1862
802.562073,1792
802.680969,1801
802.799927,1809
802.918762,1761
803.037659,1768
803.156677,1807
803.275574,1790
803.39447,1836
803.513428,1781
803.632263,1776
803.751221,1794
803.870117,1813
803.989014,1839
804.107971,1746
804.226746,1741
804.345642,1755
804.4646,1753
804.583496,1751
804.702393,1737
804.821228,1726
804.940125,1774
805.059021,1714
805.177917,1733
805.296814,1756
805.415649,1742
805.534546,1749
805.653442,1737
805.772278,1753
805.891113,1698
806.01001,1683
806.128906,1718
806.247742,1730
806.366577,1728
806.485413,1715
806.604309,1745
806.723145,1708
806.84198,1734
806.960876,1720
807.079712,1726
807.198486,1745
807.317383,1678
807.436218,1724
807.554993,1711
807.673889,1722
807.792725,1688
807.91156,1761
808.030396,1671
808.14917,1667
808.268005,1683
808.386841,1688
808.505676,1633
808.624451,1638
808.743286,1655
808.862122,1667
808.980896,1693
809.099731,1706
809.218506,1643
809.337341,1738
809.456116,1697
809.57489,1751
809.693726,1666
809.8125,1693
809.931274,1732
810.050049,1679
810.168884,1731
810.287659,1691
810.406372,1663
810.525269,1703
810.643982,1648
810.762756,1706
810.881531,1661
811.000305,1727
811.11908,1705
811.237854,1705
811.356567,1676
811.475403,1770
811.594116,1730
811.71283,1713
811.831604,1720
811.950378,1726
812.069153,1789
812.187927,1765
812.30658,1736
812.425415,1754
812.544128,1758
812.662781,1751
812.781616,1722
812.900269,1718
813.019043,1727
813.137756,1730
813.256531,1730
813.375244,1671
813.493896,1711
813.612671,1677
813.731384,1680
813.850037,1675
813.96875,1655
814.087524,1620
814.206238,1652
814.324951,1677
814.443604,1633
814.562256,1679
814.68103,1669
814.799683,1640
814.918335,1615
815.037109,1620
815.155762,1664
815.274475,1597
815.393188,1641
815.511841,1653
815.630554,1677
815.749146,1667
815.867859,1683
815.986572,1690
816.105164,1681
816.223877,1727
816.342529,1718
816.461182,1762
816.579895,1722
816.698486,1736
816.817139,1716
816.935791,1749
817.054504,1732
817.173096,1736
817.291748,1699
817.4104,1751
817.529053,1680
817.647644,1707
817.766235,1723
817.884949,1665
818.00354,1643
818.122192,1647
818.240845,1644
818.359436,1602
818.478088,1611
818.59668,1611
818.715271,1598
818.833923,1613
818.952515,1595
819.071106,1535
819.189758,1570
819.30835,1598
819.426941,1572
819.545532,1560
819.664124,1610
819.782715,1562
819.901306,1565
820.019897,1544
820.138489,1571
820.25708,1598
820.375671,1592
820.494202,1584
820.612732,1578
820.731384,1609
820.849915,1584
820.968506,1580
821.087097,1566
821.205627,1564
821.324158,1568
821.442749,1552
821.561279,1555
821.679871,1533
821.798401,1555
821.916931,1573
822.035461,1549
822.154053,1546
822.272583,1529
822.391174,1549
822.509583,1524
822.628174,1494
822.746704,1553
822.865234,1529
822.983765,1533
823.102295,1459
823.220825,1550
823.339294,1511
823.457825,1506
823.576355,1523
823.694824,1491
823.813354,1521
823.931885,1461
824.050354,1533
824.168884,1509
824.287354,1495
824.405823,1504
824.524353,1498
824.642822,1493
824.761353,1517
824.879822,1518
824.998291,1467
825.116699,1505
825.235291,1540
825.353699,1472
825.472168,1495
825.590637,1512
825.709106,1501
825.827576,1474
825.946045,1540
826.064453,1547
826.182983,1477
826.301392,1472
826.4198,1484
826.53833,1484
826.656738,1473
826.775208,1487
826.893677,1493
827.012024,1472
827.130493,1480
827.248962,1488
827.36731,1518
827.485779,1497
827.604248,1460
827.722595,1473
827.841064,1494
827.959412,1454
828.077942,1450
828.196289,1461
828.314636,1472
828.433105,1507
828.551514,1480
828.669861,1473
828.78833,1469
828.906677,1480
829.025085,1529
829.143433,1470
829.261841,1487
829.38031,1527
829.498657,1496
829.617004,1524
829.735413,1498
829.85376,1481
829.972107,1468
830.090515,1468
830.208862,1471
830.327209,1463
830.445557,1471
830.563904,1448
830.682312,1483
830.800659,1443
830.919006,1500
831.037354,1447
831.155701,1472
831.274048,1458
831.392395,1487
831.51062,1492
831.629028,1496
831.747314,1438
831.865662,1464
831.984009,1472
832.102356,1477
832.220642,1458
832.338928,1499
832.457275,1483
832.575623,1455
832.693909,1427
832.812134,1498
832.930481,1520
833.048828,1485
833.167114,1437
833.2854,1486
833.403687,1470
833.521973,1472
833.640259,1433
833.758545,1439
833.876831,1419
833.995056,1477
834.113281,1463
834.231628,1483
834.349915,1485
834.468201,1478
834.586426,1438
834.704651,1499
834.822998,1429
834.941162,1449
835.059448,1489
835.177673,1514
835.295959,1494
835.414246,1470
835.53241,1478
835.650635,1474
835.768921,1472
835.887146,1455
836.005371,1431
836.123596,1480
836.241821,1442
836.360046,1452
836.478271,1507
836.596497,1470
836.714722,1464
836.832886,1451
836.95105,1499
837.069336,1477
837.1875,1441
837.305725,1422
837.423889,1478
837.542053,1398
837.660339,1459
837.778503,1454
837.896667,1465
838.014832,1472
838.132996,1510
838.25116,1461
838.369385,1474
838.487488,1480
838.605713,1503
838.723877,1489
838.84198,1485
838.960205,1471
839.078308,1492
839.196472,1530
839.314636,1540
839.4328,1543
839.550964,1568
839.669067,1579
839.787231,1559
839.905396,1547
840.023499,1585
840.141602,1616
840.259766,1587
840.377869,1561
840.495972,1577
840.614136,1585
840.732239,1564
840.850342,1609
840.968445,1610
841.086548,1600
841.204651,1671
841.322754,1710
841.440918,1616
841.55896,1636
841.677002,1715
841.795166,1670
841.913208,1720
842.031311,1699
842.149353,1709
842.267456,1723
842.385498,1715
842.503601,1668
842.621643,1644
842.739746,1671
842.857788,1649
842.97583,1645
843.093933,1621
843.211975,1584
843.330017,1607
843.44812,1663
843.566101,1603
843.684204,1625
843.802246,1593
843.920227,1558
844.038269,1576
844.156311,1532
844.274292,1565
844.392395,1507
844.510376,1548
844.628357,1526
844.74646,1520
844.864441,1504
844.982422,1499
845.100403,1501
845.218384,1512
845.336426,1513
845.454468,1549
845.572449,1511
845.69043,1529
845.808411,1508
845.926453,1574
846.044373,1600
846.162354,1542
846.280396,1564
846.398315,1585
846.516296,1559
846.634216,1568
846.752197,1581
846.870178,1613
846.988098,1583
847.106079,1614
847.22406,1606
847.34198,1610
847.4599,1576
847.577881,1610
847.695801,1564
847.813782,1535
847.931641,1535
848.049561,1538
848.167603,1550
848.285461,1543
848.403381,1548
848.521362,1536
848.639221,1568
848.75708,1511
848.875,1542
848.99292,1544
849.110901,1546
849.22876,1607
849.34668,1540
849.464539,1606
849.582458,1556
849.700317,1594
849.818176,1593
849.936096,1604
850.053955,1561
850.171875,1567
850.289673,1554
850.407593,1579
850.525452,1565
850.643311,1575
850.761169,1558
850.878967,1596
850.996887,1585
851.114746,1615
851.232544,1598
851.350403,1573
851.468262,1581
851.58606,1601
851.703979,1565
851.821777,1588
851.939636,1559
852.057434,1564
852.175232,1606
852.293091,1619
852.410889,1686
852.528687,1677
852.646545,1710
852.764343,1753
852.88208,1736
852.999939,1685
853.117676,1595
853.235535,1635
853.353271,1611
853.471069,1561
853.588928,1574
853.706604,1546
853.824402,1535
853.9422,1563
854.059998,1591
854.177734,1565
854.295532,1636
854.413269,1618
854.531006,1642
854.648804,1591
854.766541,1614
854.884277,1664
855.002014,1648
855.119751,1667
855.237549,1599
855.355225,1635
855.473022,1656
855.590698,1596
855.708435,1662
855.826172,1663
855.943848,1664
856.061646,1647
856.179321,1689
856.296997,1636
856.414795,1691
856.53241,1695
856.650085,1734
856.767822,1658
856.885559,1683
857.003174,1680
857.120911,1704
857.238586,1674
857.356201,1690
857.473938,1695
857.591614,1673
857.709351,1708
857.826965,1667
857.944641,1684
858.062317,1668
858.179993,1686
858.297668,1658
858.415283,1648
858.532959,1630
858.650574,1712
858.768188,1618
858.885803,1646
859.003479,1710
859.121094,1663
859.23877,1685
859.356384,1590
859.473999,1656
859.591675,1605
859.709229,1580
859.826843,1612
859.944458,1628
860.062012,1634
860.179626,1612
860.297302,1644
860.414856,1653
860.532471,1601
860.650024,1567
860.767639,1678
860.885193,1643
861.002808,1599
861.120361,1664
861.237976,1608
861.35553,1598
861.473022,1633
861.590698,1592
861.708191,1584
861.825745,1579
861.943298,1596
862.060852,1553
862.178406,1538
862.295959,1577
862.413513,1532
862.531006,1499
862.64856,1475
862.766113,1571
862.883667,1541
863.00116,1502
863.118713,1578
863.236206,1571
863.353699,1666
863.471252,1655
863.588745,1615
863.706177,1700
863.82373,1760
863.941162,1754
864.058716,1806
864.176208,1761
864.29364,1722
864.411194,1679
864.528687,1637
864.646118,1559
864.763611,1624
864.881042,1560
864.998535,1542
865.116028,1527
865.233459,1513
865.350891,1502
865.468384,1538
865.585754,1519
865.703308,1509
865.820679,1540
865.938171,1523
866.055542,1519
866.173035,1530
866.290466,1567
866.407837,1528
866.52533,1515
866.6427,1557
866.760071,1565
866.877563,1564
866.994934,1592
867.112305,1550
867.229736,1547
867.347107,1540
867.464539,1536
867.58197,1539
867.699341,1523
867.81665,1582
867.934082,1556
868.051453,1577
868.168823,1540
868.286194,1533
868.403564,1546
868.520935,1548
868.638306,1583
868.755676,1546
868.872986,1558
868.990295,1528
869.107727,1542
869.225037,1528
869.342346,1581
869.459717,1585
869.577026,1601
869.694336,1605
869.811707,1566
869.929016,1583
870.046326,1592
870.163635,1615
870.280945,1629
870.398254,1698
870.515564,1637
870.632812,1686
870.750183,1619
870.867432,1642
870.984741,1632
871.102051,1604
871.219299,1650
871.336609,1669
871.453918,1692
871.571106,1660
871.688416,1691
871.805664,1693
871.922852,1664
872.040222,1676
872.157471,1688
872.274719,1686
872.391968,1680
872.509155,1647
872.626465,1708
872.743652,1681
872.860962,1632
872.978149,1653
873.095337,1664
873.212646,1689
873.329834,1665
873.44696,1629
873.564209,1619
873.681396,1621
873.798645,1590
873.915894,1654
874.03302,1642
874.150208,1610
874.267456,1613
874.384583,1578
874.501831,1610
874.618958,1613
874.736145,1633
874.853333,1611
874.970459,1605
875.087646,1639
875.204834,1624
875.32196,1627
875.439148,1588
875.556274,1621
875.673401,1637
875.790527,1627
875.907715,1638
876.024841,1695
876.141968,1598
876.259094,1655
876.376282,1583
876.493347,1616
876.610474,1579
876.7276,1591
876.844727,1581
876.961853,1620
877.078918,1643
877.195984,1595
877.313171,1588
877.430237,1647
877.547302,1622
877.664368,1615
877.781433,1610
877.898499,1590
878.015625,1577
878.13269,1609
878.249695,1580
878.366821,1565
878.483887,1581
878.600952,1555
878.717957,1533
878.834961,1562
878.952087,1567
879.069092,1585
879.186157,1548
879.303162,1532
879.420227,1528
879.537231,1537
879.654236,1536
879.77124,1552
879.888306,1520
880.005249,1533
880.122314,1478
880.239319,1462
880.356323,1521
880.473328,1487
880.590271,1530
880.707275,1560
880.824341,1481
880.941284,1531
881.058228,1503
881.175232,1516
881.292236,1488
881.40918,1503
881.526123,1493
881.643066,1522
881.760071,1503
881.877014,1538
881.993958,1493
882.11084,1523
882.227783,1542
882.344727,1516
882.46167,1530
882.578613,1523
882.695618,1503
882.812439,1531
882.929382,1518
883.046326,1554
883.163208,1586
883.280151,1561
883.397034,1552
883.513916,1483
883.630798,1536
883.747742,1519
883.864563,1542
883.981506,1586
884.098389,1583
884.21521,1565
884.332153,1582
884.448975,1612
884.565796,1579
884.682678,1638
884.7995,1586
884.916443,1620
885.033264,1662
885.150085,1704
885.266968,1776
885.383789,1724
885.500671,1791
885.617493,1821
885.734314,1773
885.851196,1829
885.967896,1801
886.084717,1803
886.201599,1822
886.318359,1839
886.435181,1907
886.552002,1836
886.668762,1848
886.785645,1801
886.902344,1807
887.019165,1742
887.135925,1831
887.252747,1790
887.369446,1791
887.486267,1799
887.603027,1794
887.719788,1812
887.836548,1748
887.953247,1732
888.070068,1750
888.186829,1740
888.303528,1686
888.420288,1670
888.536987,1644
888.653687,1639
888.770447,1573
888.887146,1628
889.003967,1557
889.120667,1562
889.237305,1540
889.354065,1547
889.470703,1535
889.587463,1543
889.704163,1567
889.820862,1539
889.937561,1560
890.054199,1565
890.170837,1523
890.287598,1532
890.404236,1567
890.520874,1572
890.637634,1605
890.754211,1618
890.87085,1621
890.987549,1598
891.104187,1656
891.220886,1700
891.337463,1714
891.454102,1696
891.57074,1752
891.687378,1738
891.804077,1763
891.920654,1766
892.037231,1785
892.15387,1736
892.270447,1746
892.387085,1784
892.503723,1770
892.6203,1716
892.736877,1683
892.853516,1664
892.970032,1629
893.08667,1578
893.203186,1570
893.319763,1588
893.43634,1576
893.552917,1531
893.669556,1583
893.786011,1579
893.902588,1575
894.019165,1595
894.135681,1564
894.252197,1561
894.368835,1584
894.485291,1559
894.601868,1565
894.718384,1523
894.8349,1532
894.951355,1508
895.067932,1569
895.184448,1527
895.300964,1546
895.417419,1528
895.533936,1510
895.650452,1544
895.766907,1538
895.883423,1562
895.999878,1532
896.116333,1543
896.232849,1522
896.349304,1550
896.465759,1508
896.582214,1546
896.698669,1521
896.815125,1527
896.931641,1555
897.048035,1486
897.164551,1503
897.280884,1489
897.397339,1576
897.513794,1516
897.630249,1550
897.746582,1571
897.863098,1558
897.979431,1555
898.095886,1524
898.212341,1536
898.328674,1564
898.445129,1574
898.561462,1561
898.677795,1572
898.794312,1530
898.910645,1544
899.026978,1529
899.143433,1566
899.259766,1551
899.37616,1577
899.492493,1579
899.608765,1536
899.725159,1558
899.841553,1565
899.957947,1619
900.07428,1558
900.190552,1613
900.306946,1598
900.423157,1620
900.53949,1577
900.655884,1575
900.772156,1602
900.888489,1590
901.004822,1582
901.121033,1600
901.237366,1583
901.353699,1572
901.46991,1587
901.586304,1637
901.702515,1617
901.818787,1631
901.93512,1642
902.051331,1678
902.167603,1643
902.283875,1707
902.400085,1710
902.516418,1692
902.632629,1733
902.74884,1762
902.865112,1731
902.981384,1721
903.097595,1793
903.213867,1750
903.330017,1784
903.446289,1761
903.5625,1762
903.67865,1768
903.794922,1784
903.911072,1709
904.027344,1747
904.143494,1715
904.259705,1758
904.375916,1726
904.492065,1729
904.608215,1693
904.724426,1670
904.840576,1650
904.956726,1622
905.072876,1632
905.189087,1645
905.305176,1652
905.421387,1665
905.537537,1642
905.653687,1593
905.769775,1628
905.885925,1693
906.002014,1633
906.118164,1652
906.234314,1610
906.350403,1635
906.466492,1613
906.582642,1617
906.69873,1609
906.814758,1614
906.930908,1600
907.046936,1591
907.163086,1620
907.279175,1601
907.395264,1618
907.511353,1621
907.62738,1618
907.743408,1601
907.859497,1618
907.975525,1597
908.091553,1602
908.207703,1625
908.32373,1631
908.439758,1586
908.555786,1589
908.671814,1581
908.787842,1583
908.90387,1584
909.019775,1628
909.135864,1588
909.251892,1599
909.367859,1633
909.483826,1611
909.599854,1587
909.715881,1593
909.831848,1557
909.947815,1557
910.063782,1573
910.179749,1566
910.295776,1545
910.411743,1629
910.527649,1558
910.643616,1597
910.759583,1604
910.875488,1575
910.991455,1567
911.107361,1518
911.223267,1574
911.339294,1584
911.4552,1537
911.571106,1561
911.687073,1566
911.802979,1613
911.918823,1515
912.034729,1548
912.150635,1561
912.266602,1543
912.382446,1528
912.498352,1518
912.614197,1508
912.730103,1555
912.846008,1544
