792.446,1133
792.565,1143
792.684,1163
792.803,1123
792.922,1009
793.041,999
793.16,996
793.279,981
793.398,995
793.518,925
793.637,939
793.756,960
793.875,946
793.994,917
794.113,892
794.232,876
794.351,873
794.47,874
794.589,852
794.708,841
794.827,828
794.946,846
795.066,825
795.185,823
795.304,800
795.423,815
795.542,782
795.661,783
795.78,770
795.899,754
796.018,772
796.137,752
796.256,769
796.375,742
796.494,736
796.613,742
796.732,730
796.851,725
796.97,723
797.089,727
797.208,731
797.327,722
797.446,709
797.565,715
797.684,677
797.803,700
797.922,702
798.041,689
798.16,700
798.279,710
798.398,701
798.517,699
798.636,683
798.755,675
798.874,699
798.993,664
799.112,673
799.231,686
799.35,679
799.469,658
799.588,687
799.707,668
799.826,654
799.945,663
800.064,648
800.183,685
800.302,643
800.421,678
800.54,669
800.659,659
800.778,672
800.897,658
801.016,678
801.135,642
801.254,647
801.373,658
801.492,638
801.611,650
801.729,644
801.848,658
801.967,633
802.086,621
802.205,637
802.324,621
802.443,633
802.562,637
802.681,651
802.8,623
802.919,652
803.038,630
803.157,628
803.276,649
803.394,645
803.513,625
803.632,634
803.751,634
803.87,613
803.989,621
804.108,645
804.227,630
804.346,623
804.465,644
804.583,650
804.702,612
804.821,617
804.94,615
805.059,629
805.178,631
805.297,645
805.416,624
805.535,643
805.653,605
805.772,614
805.891,599
806.01,617
806.129,611
806.248,638
806.367,599
806.485,614
806.604,607
806.723,625
806.842,607
806.961,612
807.08,628
807.198,600
807.317,609
807.436,622
807.555,614
807.674,639
807.793,605
807.912,625
808.03,603
808.149,601
808.268,616
808.387,609
808.506,606
808.624,617
808.743,592
808.862,621
808.981,619
809.1,620
809.219,595
809.337,605
809.456,612
809.575,625
809.694,613
809.812,618
809.931,625
810.05,619
810.169,612
810.288,599
810.406,580
810.525,630
810.644,621
810.763,605
810.882,594
811.0,613
811.119,608
811.238,614
811.357,601
811.475,627
811.594,637
811.713,618
811.832,610
811.95,599
812.069,612
812.188,613
812.307,617
812.425,632
812.544,603
812.663,616
812.782,621
812.9,627
813.019,614
813.138,638
813.257,607
813.375,622
813.494,595
813.613,620
813.731,600
813.85,611
813.969,617
814.088,584
814.206,588
814.325,591
814.444,600
814.562,613
814.681,609
814.8,621
814.918,602
815.037,624
815.156,598
815.274,599
815.393,580
815.512,579
815.631,595
815.749,607
815.868,590
815.987,597
816.105,590
816.224,576
816.343,578
816.461,609
816.58,613
816.698,581
816.817,599
816.936,612
817.055,617
817.173,590
817.292,586
817.41,610
817.529,576
817.648,593
817.766,592
817.885,584
818.004,586
818.122,581
818.241,581
818.359,584
818.478,562
818.597,567
818.715,559
818.834,550
818.953,556
819.071,570
819.19,558
819.308,550
819.427,554
819.546,553
819.664,546
819.783,557
819.901,563
820.02,527
820.138,554
820.257,562
820.376,537
820.494,557
820.613,567
820.731,564
820.85,541
820.969,546
821.087,557
821.206,543
821.324,558
821.443,586
821.561,547
821.68,547
821.798,551
821.917,518
822.035,533
822.154,552
822.273,531
822.391,529
822.51,536
822.628,536
822.747,541
822.865,527
822.984,537
823.102,545
823.221,532
823.339,528
823.458,529
823.576,531
823.695,549
823.813,552
823.932,542
824.05,549
824.169,518
824.287,535
824.406,546
824.524,553
824.643,524
824.761,530
824.88,540
824.998,540
825.117,537
825.235,522
825.354,518
825.472,541
825.591,539
825.709,544
825.828,539
825.946,522
826.064,539
826.183,533
826.301,532
826.42,535
826.538,510
826.657,535
826.775,526
826.894,521
827.012,513
827.13,521
827.249,542
827.367,517
827.486,553
827.604,522
827.723,520
827.841,525
827.959,517
828.078,525
828.196,539
828.315,510
828.433,525
828.552,529
828.67,518
828.788,551
828.907,544
829.025,536
829.143,514
829.262,538
829.38,520
829.499,542
829.617,518
829.735,529
829.854,528
829.972,524
830.091,533
830.209,537
830.327,534
830.446,510
830.564,514
830.682,524
830.801,530
830.919,508
831.037,529
831.156,527
831.274,532
831.392,525
831.511,536
831.629,519
831.747,522
831.866,557
831.984,547
832.102,533
832.221,524
832.339,533
832.457,547
832.576,519
832.694,534
832.812,535
832.93,520
833.049,525
833.167,524
833.285,529
833.404,538
833.522,529
833.64,513
833.759,519
833.877,539
833.995,524
834.113,517
834.232,519
834.35,532
834.468,548
834.586,541
834.705,528
834.823,542
834.941,533
835.059,510
835.178,527
835.296,505
835.414,541
835.532,509
835.651,537
835.769,523
835.887,517
836.005,520
836.124,534
836.242,498
836.36,542
836.478,531
836.596,541
836.715,541
836.833,520
836.951,511
837.069,520
837.188,527
837.306,506
837.424,522
837.542,515
837.66,540
837.779,535
837.897,520
838.015,519
838.133,531
838.251,526
838.369,529
838.487,549
838.606,519
838.724,535
838.842,531
838.96,543
839.078,554
839.196,532
839.315,541
839.433,539
839.551,535
839.669,544
839.787,534
839.905,554
840.023,553
840.142,557
840.26,538
840.378,510
840.496,530
840.614,549
840.732,534
840.85,547
840.968,547
841.087,551
841.205,557
841.323,562
841.441,540
841.559,572
841.677,591
841.795,576
841.913,555
842.031,576
842.149,545
842.267,554
842.385,538
842.504,556
842.622,548
842.74,544
842.858,563
842.976,528
843.094,539
843.212,551
843.33,581
843.448,559
843.566,535
843.684,531
843.802,529
843.92,542
844.038,536
844.156,537
844.274,546
844.392,549
844.51,539
844.628,539
844.746,529
844.864,540
844.982,545
845.1,545
845.218,529
845.336,561
845.454,549
845.572,546
845.69,534
845.808,535
845.926,539
846.044,538
846.162,560
846.28,519
846.398,530
846.516,556
846.634,556
846.752,544
846.87,538
846.988,531
847.106,552
847.224,526
847.342,549
847.46,544
847.578,546
847.696,548
847.814,538
847.932,552
848.05,539
848.168,545
848.285,552
848.403,535
848.521,554
848.639,560
848.757,553
848.875,560
848.993,564
849.111,546
849.229,540
849.347,584
849.465,524
849.582,550
849.7,550
849.818,559
849.936,543
850.054,534
850.172,519
850.29,558
850.408,534
850.525,545
850.643,519
850.761,531
850.879,543
850.997,540
851.115,545
851.233,540
851.35,525
851.468,549
851.586,552
851.704,559
851.822,524
851.94,554
852.057,541
852.175,548
852.293,545
852.411,573
852.529,589
852.647,609
852.764,599
852.882,563
853.0,562
853.118,545
853.236,566
853.353,566
853.471,547
853.589,541
853.707,537
853.824,539
853.942,530
854.06,532
854.178,545
854.296,536
854.413,556
854.531,556
854.649,543
854.767,566
854.884,571
855.002,527
855.12,544
855.238,558
855.355,552
855.473,531
855.591,543
855.708,542
855.826,544
855.944,542
856.062,539
856.179,549
856.297,552
856.415,562
856.532,545
856.65,575
856.768,553
856.886,574
857.003,534
857.121,574
857.239,582
857.356,569
857.474,563
857.592,546
857.709,559
857.827,567
857.945,548
858.062,557
858.18,546
858.298,563
858.415,548
858.533,546
858.651,539
858.768,557
858.886,565
859.003,516
859.121,551
859.239,542
859.356,533
859.474,525
859.592,555
859.709,549
859.827,558
859.944,538
860.062,523
860.18,545
860.297,548
860.415,555
860.532,517
860.65,538
860.768,521
860.885,523
861.003,528
861.12,538
861.238,554
861.356,540
861.473,554
861.591,543
861.708,561
861.826,544
861.943,522
862.061,553
862.178,548
862.296,538
862.414,539
862.531,543
862.649,508
862.766,514
862.884,534
863.001,533
863.119,532
863.236,533
863.354,513
863.471,541
863.589,543
863.706,563
863.824,550
863.941,554
864.059,549
864.176,557
864.294,540
864.411,540
864.529,550
864.646,520
864.764,523
864.881,535
864.999,505
865.116,518
865.233,540
865.351,509
865.468,537
865.586,513
865.703,530
865.821,526
865.938,521
866.056,544
866.173,517
866.29,516
866.408,532
866.525,527
866.643,526
866.76,530
866.878,536
866.995,546
867.112,527
867.23,536
867.347,529
867.465,542
867.582,536
867.699,537
867.817,530
867.934,535
868.051,543
868.169,510
868.286,529
868.404,542
868.521,530
868.638,537
868.756,543
868.873,548
868.99,532
869.108,541
869.225,521
869.342,557
869.46,535
869.577,557
869.694,555
869.812,551
869.929,536
870.046,532
870.164,566
870.281,538
870.398,552
870.516,563
870.633,549
870.75,564
870.867,554
870.985,556
871.102,569
871.219,573
871.337,568
871.454,558
871.571,568
871.688,532
871.806,541
871.923,574
872.04,547
872.157,559
872.275,572
872.392,552
872.509,581
872.626,558
872.744,556
872.861,565
872.978,533
873.095,570
873.213,544
873.33,549
873.447,536
873.564,540
873.681,559
873.799,539
873.916,550
874.033,555
874.15,535
874.267,545
874.385,544
874.502,580
874.619,530
874.736,538
874.853,562
874.97,560
875.088,554
875.205,546
875.322,541
875.439,545
875.556,531
875.673,560
875.791,537
875.908,540
876.025,576
876.142,547
876.259,537
876.376,525
876.493,528
876.61,543
876.728,552
876.845,548
876.962,550
877.079,557
877.196,532
877.313,554
877.43,527
877.547,553
877.664,534
877.781,541
877.898,524
878.016,534
878.133,530
878.25,571
878.367,517
878.484,554
878.601,540
878.718,525
878.835,532
878.952,551
879.069,529
879.186,506
879.303,532
879.42,519
879.537,520
879.654,514
879.771,515
879.888,509
880.005,499
880.122,521
880.239,516
880.356,517
880.473,513
880.59,528
880.707,483
880.824,509
880.941,530
881.058,515
881.175,512
881.292,505
881.409,510
881.526,512
881.643,518
881.76,536
881.877,514
881.994,497
882.111,520
882.228,516
882.345,535
882.462,513
882.579,509
882.696,539
882.812,507
882.929,519
883.046,504
883.163,495
883.28,517
883.397,538
883.514,515
883.631,526
883.748,513
883.865,519
883.982,536
884.098,510
884.215,532
884.332,512
884.449,511
884.566,534
884.683,525
884.8,546
884.916,578
885.033,600
885.15,549
885.267,567
885.384,606
885.501,603
885.617,593
885.734,596
885.851,592
885.968,582
886.085,614
886.202,583
886.318,586
886.435,571
886.552,580
886.669,597
886.786,569
886.902,567
887.019,567
887.136,571
887.253,592
887.369,562
887.486,568
887.603,534
887.72,551
887.837,563
887.953,549
888.07,550
888.187,535
888.304,533
888.42,513
888.537,522
888.654,494
888.77,516
888.887,494
889.004,489
889.121,509
889.237,511
889.354,476
889.471,499
889.587,495
889.704,494
889.821,497
889.938,511
890.054,490
890.171,507
890.288,505
890.404,502
890.521,494
890.638,520
890.754,506
890.871,487
890.988,512
891.104,508
891.221,508
891.337,530
891.454,500
891.571,541
891.687,522
891.804,542
891.921,521
892.037,533
892.154,514
892.27,522
892.387,518
892.504,514
892.62,517
892.737,516
892.854,516
892.97,502
893.087,498
893.203,494
893.32,511
893.436,507
893.553,509
893.67,492
893.786,475
893.903,486
894.019,519
894.136,511
894.252,517
894.369,499
894.485,490
894.602,515
894.718,485
894.835,511
894.951,510
895.068,494
895.184,492
895.301,505
895.417,488
895.534,486
895.65,489
895.767,518
895.883,520
896.0,492
896.116,468
896.233,514
896.349,490
896.466,504
896.582,490
896.699,495
896.815,514
896.932,492
897.048,500
897.165,513
897.281,491
897.397,500
897.514,483
897.63,518
897.747,488
897.863,503
897.979,514
898.096,504
898.212,490
898.329,493
898.445,497
898.561,495
898.678,508
898.794,509
898.911,509
899.027,479
899.143,494
899.26,500
899.376,477
899.492,510
899.609,522
899.725,498
899.842,486
899.958,489
900.074,486
900.191,505
900.307,495
900.423,532
900.539,487
900.656,515
900.772,495
900.888,528
901.005,503
901.121,515
901.237,510
901.354,497
901.47,505
901.586,508
901.703,505
901.819,529
901.935,526
902.051,518
902.168,520
902.284,542
902.4,530
902.516,531
902.633,525
902.749,534
902.865,542
902.981,562
903.098,547
903.214,553
903.33,541
903.446,523
903.562,541
903.679,542
903.795,524
903.911,517
904.027,512
904.143,544
904.26,520
904.376,506
904.492,506
904.608,511
904.724,505
904.841,502
904.957,500
905.073,503
905.189,501
905.305,506
905.421,505
905.538,484
905.654,471
905.77,519
905.886,487
906.002,479
906.118,484
906.234,485
906.35,491
906.466,496
906.583,478
906.699,498
906.815,488
906.931,498
907.047,466
907.163,484
907.279,480
907.395,496
907.511,502
907.627,492
907.743,483
907.859,497
907.976,498
908.092,480
908.208,477
908.324,485
908.44,504
908.556,495
908.672,470
908.788,498
908.904,480
909.02,477
909.136,466
909.252,491
909.368,486
909.484,488
909.6,475
909.716,473
909.832,491
909.948,491
910.064,489
910.18,499
910.296,464
910.412,482
910.528,485
910.644,486
910.76,484
910.875,491
910.991,483
911.107,474
911.223,481
911.339,489
911.455,471
911.571,491
911.687,495
911.803,494
911.919,484
912.035,477
912.151,499
912.267,475
912.382,475
912.498,478
912.614,480
912.73,494
912.846,491
792.446,1139
792.565,1107
792.684,1124
792.803,1103
792.922,1026
793.041,1002
793.16,983
793.279,976
793.398,936
793.518,915
793.637,905
793.756,938
793.875,913
793.994,931
794.113,905
794.232,889
794.351,867
794.47,866
794.589,830
794.708,860
794.827,827
794.946,829
795.066,798
795.185,823
795.304,813
795.423,781
795.542,765
795.661,785
795.78,759
795.899,748
796.018,773
796.137,754
796.256,767
796.375,763
796.494,750
796.613,722
796.732,745
796.851,717
796.97,721
797.089,742
797.208,717
797.327,713
797.446,710
797.565,719
797.684,682
797.803,696
797.922,680
798.041,710
798.16,674
798.279,659
798.398,697
798.517,716
798.636,675
798.755,678
798.874,697
798.993,678
799.112,681
799.231,702
799.35,687
799.469,664
799.588,657
799.707,674
799.826,673
799.945,654
800.064,661
800.183,653
800.302,664
800.421,675
800.54,660
800.659,662
800.778,645
800.897,653
801.016,646
801.135,626
801.254,652
801.373,635
801.492,643
801.611,635
801.729,643
801.848,649
801.967,648
802.086,622
802.205,636
802.324,630
802.443,646
802.562,626
802.681,635
802.8,625
802.919,644
803.038,639
803.157,631
803.276,627
803.394,627
803.513,629
803.632,629
803.751,643
803.87,629
803.989,641
804.108,600
804.227,630
804.346,638
804.465,602
804.583,622
804.702,624
804.821,626
804.94,631
805.059,644
805.178,626
805.297,620
805.416,619
805.535,629
805.653,622
805.772,616
805.891,617
806.01,610
806.129,620
806.248,615
806.367,603
806.485,633
806.604,628
806.723,612
806.842,617
806.961,621
807.08,604
807.198,602
807.317,587
807.436,639
807.555,611
807.674,613
807.793,608
807.912,631
808.03,618
808.149,578
808.268,619
808.387,610
808.506,610
808.624,595
808.743,622
808.862,597
808.981,606
809.1,612
809.219,618
809.337,609
809.456,582
809.575,625
809.694,611
809.812,610
809.931,610
810.05,582
810.169,607
810.288,623
810.406,590
810.525,607
810.644,610
810.763,602
810.882,610
811.0,621
811.119,627
811.238,615
811.357,579
811.475,614
811.594,613
811.713,616
811.832,620
811.95,621
812.069,636
812.188,644
812.307,605
812.425,592
812.544,622
812.663,602
812.782,617
812.9,601
813.019,609
813.138,617
813.257,606
813.375,618
813.494,599
813.613,627
813.731,609
813.85,618
813.969,591
814.088,609
814.206,595
814.325,600
814.444,598
814.562,591
814.681,612
814.8,569
814.918,603
815.037,594
815.156,572
815.274,588
815.393,588
815.512,589
815.631,591
815.749,605
815.868,581
815.987,608
816.105,598
816.224,594
816.343,576
816.461,635
816.58,602
816.698,595
816.817,602
816.936,609
817.055,612
817.173,611
817.292,567
817.41,590
817.529,595
817.648,587
817.766,598
817.885,592
818.004,577
818.122,583
818.241,581
818.359,597
818.478,571
818.597,569
818.715,545
818.834,588
818.953,559
819.071,576
819.19,547
819.308,549
819.427,581
819.546,552
819.664,537
819.783,542
819.901,546
820.02,537
820.138,553
820.257,558
820.376,565
820.494,561
820.613,554
820.731,565
820.85,533
820.969,539
821.087,553
821.206,547
821.324,540
821.443,539
821.561,558
821.68,537
821.798,543
821.917,542
822.035,550
822.154,552
822.273,542
822.391,513
822.51,564
822.628,543
822.747,517
822.865,554
822.984,526
823.102,538
823.221,541
823.339,534
823.458,529
823.576,531
823.695,534
823.813,541
823.932,543
824.05,531
824.169,538
824.287,551
824.406,556
824.524,533
824.643,518
824.761,524
824.88,537
824.998,539
825.117,530
825.235,556
825.354,542
825.472,530
825.591,543
825.709,530
825.828,533
825.946,535
826.064,526
826.183,522
826.301,537
826.42,551
826.538,510
826.657,520
826.775,522
826.894,514
827.012,532
827.13,538
827.249,530
827.367,520
827.486,519
827.604,535
827.723,527
827.841,527
827.959,530
828.078,512
828.196,531
828.315,518
828.433,531
828.552,521
828.67,519
828.788,528
828.907,528
829.025,519
829.143,530
829.262,543
829.38,530
829.499,534
829.617,528
829.735,528
829.854,543
829.972,517
830.091,533
830.209,528
830.327,518
830.446,509
830.564,520
830.682,529
830.801,521
830.919,522
831.037,519
831.156,548
831.274,523
831.392,553
831.511,542
831.629,532
831.747,534
831.866,520
831.984,546
832.102,525
832.221,530
832.339,543
832.457,532
832.576,534
832.694,548
832.812,532
832.93,530
833.049,522
833.167,530
833.285,528
833.404,505
833.522,537
833.64,508
833.759,519
833.877,544
833.995,552
834.113,520
834.232,523
834.35,530
834.468,567
834.586,514
834.705,516
834.823,539
834.941,514
835.059,535
835.178,521
835.296,504
835.414,534
835.532,514
835.651,517
835.769,510
835.887,542
836.005,528
836.124,526
836.242,531
836.36,526
836.478,526
836.596,530
836.715,516
836.833,523
836.951,515
837.069,541
837.188,506
837.306,549
837.424,513
837.542,548
837.66,532
837.779,537
837.897,524
838.015,527
838.133,519
838.251,564
838.369,537
838.487,518
838.606,536
838.724,548
838.842,537
838.96,542
839.078,525
839.196,510
839.315,533
839.433,525
839.551,531
839.669,527
839.787,534
839.905,554
840.023,566
840.142,529
840.26,552
840.378,537
840.496,547
840.614,558
840.732,543
840.85,528
840.968,546
841.087,550
841.205,548
841.323,553
841.441,532
841.559,572
841.677,565
841.795,557
841.913,560
842.031,571
842.149,552
842.267,542
842.385,541
842.504,567
842.622,559
842.74,527
842.858,548
842.976,562
843.094,543
843.212,530
843.33,528
843.448,556
843.566,550
843.684,582
843.802,572
843.92,552
844.038,538
844.156,540
844.274,548
844.392,550
844.51,529
844.628,570
844.746,547
844.864,564
844.982,555
845.1,572
845.218,520
845.336,551
845.454,549
845.572,534
845.69,524
845.808,544
845.926,541
846.044,538
846.162,540
846.28,520
846.398,532
846.516,540
846.634,539
846.752,555
846.87,564
846.988,535
847.106,549
847.224,555
847.342,514
847.46,542
847.578,561
847.696,550
847.814,555
847.932,553
848.05,542
848.168,544
848.285,572
848.403,551
848.521,556
848.639,543
848.757,559
848.875,545
848.993,550
849.111,555
849.229,540
849.347,533
849.465,544
849.582,554
849.7,548
849.818,556
849.936,551
850.054,543
850.172,538
850.29,545
850.408,543
850.525,543
850.643,526
850.761,531
850.879,524
850.997,532
851.115,553
851.233,557
851.35,550
851.468,551
851.586,537
851.704,544
851.822,537
851.94,536
852.057,544
852.175,548
852.293,576
852.411,580
852.529,574
852.647,587
852.764,589
852.882,583
853.0,562
853.118,583
853.236,561
853.353,561
853.471,561
853.589,541
853.707,515
853.824,548
853.942,545
854.06,534
854.178,563
854.296,572
854.413,564
854.531,563
854.649,563
854.767,546
854.884,539
855.002,557
855.12,534
855.238,549
855.355,568
855.473,535
855.591,552
855.708,540
855.826,539
855.944,540
856.062,561
856.179,559
856.297,551
856.415,570
856.532,537
856.65,576
856.768,550
856.886,557
857.003,558
857.121,565
857.239,548
857.356,556
857.474,542
857.592,561
857.709,566
857.827,542
857.945,544
858.062,563
858.18,543
858.298,549
858.415,528
858.533,546
858.651,560
858.768,545
858.886,557
859.003,534
859.121,546
859.239,569
859.356,545
859.474,532
859.592,520
859.709,559
859.827,548
859.944,543
860.062,555
860.18,537
860.297,529
860.415,561
860.532,546
860.65,539
860.768,518
860.885,545
861.003,534
861.12,537
861.238,533
861.356,539
861.473,529
861.591,551
861.708,561
861.826,543
861.943,544
862.061,540
862.178,533
862.296,566
862.414,528
862.531,532
862.649,525
862.766,527
862.884,518
863.001,528
863.119,555
863.236,526
863.354,522
863.471,552
863.589,562
863.706,563
863.824,548
863.941,566
864.059,546
864.176,557
864.294,561
864.411,539
864.529,531
864.646,536
864.764,536
864.881,537
864.999,512
865.116,527
865.233,534
865.351,519
865.468,520
865.586,530
865.703,529
865.821,528
865.938,507
866.056,532
866.173,530
866.29,520
866.408,544
866.525,528
866.643,534
866.76,540
866.878,536
866.995,547
867.112,538
867.23,537
867.347,526
867.465,538
867.582,541
867.699,532
867.817,540
867.934,527
868.051,540
868.169,542
868.286,544
868.404,530
868.521,546
868.638,533
868.756,521
868.873,524
868.99,534
869.108,551
869.225,538
869.342,525
869.46,526
869.577,548
869.694,562
869.812,537
869.929,524
870.046,539
870.164,553
870.281,549
870.398,551
870.516,545
870.633,536
870.75,572
870.867,538
870.985,565
871.102,566
871.219,556
871.337,550
871.454,565
871.571,558
871.688,574
871.806,545
871.923,567
872.04,564
872.157,596
872.275,555
872.392,551
872.509,560
872.626,565
872.744,545
872.861,573
872.978,554
873.095,584
873.213,558
873.33,530
873.447,545
873.564,547
873.681,526
873.799,564
873.916,539
874.033,552
874.15,566
874.267,537
874.385,551
874.502,550
874.619,553
874.736,552
874.853,561
874.97,546
875.088,572
875.205,545
875.322,535
875.439,560
875.556,561
875.673,567
875.791,556
875.908,543
876.025,546
876.142,540
876.259,547
876.376,541
876.493,549
876.61,542
876.728,544
876.845,539
876.962,548
877.079,531
877.196,525
877.313,547
877.43,543
877.547,521
877.664,545
877.781,561
877.898,542
878.016,544
878.133,537
878.25,556
878.367,533
878.484,528
878.601,531
878.718,559
878.835,537
878.952,537
879.069,522
879.186,543
879.303,519
879.42,516
879.537,514
879.654,528
879.771,533
879.888,524
880.005,496
880.122,516
880.239,529
880.356,518
880.473,509
880.59,526
880.707,505
880.824,515
880.941,497
881.058,516
881.175,513
881.292,528
881.409,493
881.526,506
881.643,519
881.76,486
881.877,515
881.994,514
882.111,522
882.228,504
882.345,499
882.462,529
882.579,509
882.696,509
882.812,516
882.929,509
883.046,519
883.163,511
883.28,522
883.397,508
883.514,516
883.631,512
883.748,511
883.865,521
883.982,537
884.098,508
884.215,526
884.332,543
884.449,521
884.566,528
884.683,550
884.8,533
884.916,559
885.033,558
885.15,581
885.267,607
885.384,615
885.501,596
885.617,600
885.734,587
885.851,590
885.968,594
886.085,608
886.202,591
886.318,609
886.435,569
886.552,568
886.669,619
886.786,581
886.902,573
887.019,567
887.136,563
887.253,580
887.369,571
887.486,574
887.603,561
887.72,559
887.837,535
887.953,539
888.07,530
888.187,525
888.304,529
888.42,517
888.537,522
888.654,507
888.77,494
888.887,505
889.004,483
889.121,506
889.237,496
889.354,508
889.471,495
889.587,487
889.704,516
889.821,518
889.938,493
890.054,505
890.171,481
890.288,481
890.404,496
890.521,507
890.638,512
890.754,506
890.871,507
890.988,494
891.104,492
891.221,521
891.337,523
891.454,494
891.571,530
891.687,512
891.804,522
891.921,521
892.037,551
892.154,512
892.27,529
892.387,521
892.504,524
892.62,513
892.737,522
892.854,481
892.97,520
893.087,497
893.203,512
893.32,512
893.436,498
893.553,490
893.67,508
893.786,495
893.903,493
894.019,476
894.136,516
894.252,472
894.369,522
894.485,485
894.602,489
894.718,486
894.835,493
894.951,480
895.068,489
895.184,512
895.301,520
895.417,473
895.534,495
895.65,494
895.767,481
895.883,503
896.0,499
896.116,504
896.233,495
896.349,482
896.466,507
896.582,501
896.699,496
896.815,495
896.932,503
897.048,512
897.165,523
897.281,490
897.397,497
897.514,497
897.63,501
897.747,503
897.863,508
897.979,475
898.096,515
898.212,506
898.329,513
898.445,511
898.561,518
898.678,499
898.794,512
898.911,496
899.027,516
899.143,510
899.26,511
899.376,505
899.492,506
899.609,503
899.725,493
899.842,497
899.958,522
900.074,512
900.191,503
900.307,514
900.423,522
900.539,509
900.656,508
900.772,497
900.888,497
901.005,518
901.121,499
901.237,491
901.354,515
901.47,508
901.586,504
901.703,517
901.819,513
901.935,496
902.051,539
902.168,543
902.284,543
902.4,546
902.516,544
902.633,553
902.749,560
902.865,543
902.981,549
903.098,532
903.214,547
903.33,553
903.446,559
903.562,534
903.679,544
903.795,511
903.911,540
904.027,547
904.143,523
904.26,529
904.376,531
904.492,518
904.608,522
904.724,510
904.841,503
904.957,492
905.073,508
905.189,502
905.305,503
905.421,499
905.538,504
905.654,477
905.77,493
905.886,500
906.002,506
906.118,477
906.234,496
906.35,491
906.466,500
906.583,474
906.699,503
906.815,480
906.931,485
907.047,471
907.163,509
907.279,489
907.395,477
907.511,494
907.627,504
907.743,493
907.859,472
907.976,487
908.092,490
908.208,482
908.324,486
908.44,495
908.556,497
908.672,485
908.788,489
908.904,478
909.02,471
909.136,481
909.252,499
909.368,466
909.484,480
909.6,468
909.716,505
909.832,491
909.948,505
910.064,476
910.18,501
910.296,501
910.412,492
910.528,494
910.644,480
910.76,498
910.875,486
910.991,491
911.107,516
911.223,491
911.339,491
911.455,482
911.571,492
911.687,476
911.803,482
911.919,470
912.035,483
912.151,495
912.267,488
912.382,486
912.498,482
912.614,456
912.73,484
912.846,473
792.446,1143
792.565,1113
792.684,1139
792.803,1120
792.922,1025
793.041,993
793.16,977
793.279,992
793.398,972
793.518,932
793.637,946
793.756,945
793.875,926
793.994,904
794.113,855
794.232,871
794.351,893
794.47,887
794.589,851
794.708,788
794.827,859
794.946,824
795.066,843
795.185,841
795.304,821
795.423,781
795.542,793
795.661,777
795.78,788
795.899,749
796.018,754
796.137,763
796.256,743
796.375,752
796.494,745
796.613,736
796.732,727
796.851,745
796.97,739
797.089,718
797.208,726
797.327,702
797.446,726
797.565,691
797.684,722
797.803,713
797.922,714
798.041,683
798.16,667
798.279,678
798.398,702
798.517,689
798.636,680
798.755,690
798.874,689
798.993,669
799.112,685
799.231,674
799.35,672
799.469,691
799.588,661
799.707,663
799.826,669
799.945,650
800.064,685
800.183,679
800.302,661
800.421,664
800.54,639
800.659,660
800.778,647
800.897,648
801.016,661
801.135,664
801.254,646
801.373,629
801.492,635
801.611,658
801.729,656
801.848,620
801.967,624
802.086,652
802.205,635
802.324,641
802.443,609
802.562,651
802.681,615
802.8,643
802.919,618
803.038,624
803.157,610
803.276,647
803.394,604
803.513,635
803.632,632
803.751,619
803.87,606
803.989,637
804.108,631
804.227,636
804.346,624
804.465,633
804.583,611
804.702,642
804.821,615
804.94,614
805.059,604
805.178,632
805.297,639
805.416,658
805.535,630
805.653,624
805.772,605
805.891,625
806.01,620
806.129,627
806.248,625
806.367,614
806.485,598
806.604,630
806.723,624
806.842,621
806.961,620
807.08,614
807.198,589
807.317,615
807.436,613
807.555,601
807.674,617
807.793,588
807.912,580
808.03,623
808.149,626
808.268,607
808.387,603
808.506,599
808.624,593
808.743,600
808.862,608
808.981,615
809.1,607
809.219,629
809.337,606
809.456,610
809.575,590
809.694,606
809.812,607
809.931,607
810.05,642
810.169,618
810.288,605
810.406,598
810.525,617
810.644,598
810.763,601
810.882,606
811.0,599
811.119,612
811.238,600
811.357,591
811.475,603
811.594,619
811.713,629
811.832,633
811.95,618
812.069,589
812.188,619
812.307,604
812.425,605
812.544,620
812.663,602
812.782,619
812.9,619
813.019,638
813.138,597
813.257,621
813.375,595
813.494,601
813.613,609
813.731,587
813.85,623
813.969,620
814.088,587
814.206,577
814.325,581
814.444,600
814.562,590
814.681,600
814.8,589
814.918,595
815.037,610
815.156,594
815.274,610
815.393,593
815.512,580
815.631,617
815.749,580
815.868,600
815.987,590
816.105,588
816.224,613
816.343,576
816.461,596
816.58,624
816.698,598
816.817,607
816.936,617
817.055,606
817.173,603
817.292,592
817.41,597
817.529,594
817.648,583
817.766,593
817.885,600
818.004,581
818.122,563
818.241,589
818.359,563
818.478,563
818.597,582
818.715,590
818.834,583
818.953,561
819.071,538
819.19,563
819.308,540
819.427,558
819.546,572
819.664,536
819.783,529
819.901,544
820.02,570
820.138,570
820.257,540
820.376,542
820.494,550
820.613,558
820.731,544
820.85,559
820.969,537
821.087,567
821.206,554
821.324,546
821.443,524
821.561,547
821.68,521
821.798,538
821.917,540
822.035,555
822.154,542
822.273,531
822.391,547
822.51,556
822.628,559
822.747,553
822.865,550
822.984,523
823.102,535
823.221,530
823.339,514
823.458,532
823.576,545
823.695,531
823.813,543
823.932,528
824.05,528
824.169,546
824.287,527
824.406,540
824.524,555
824.643,547
824.761,529
824.88,535
824.998,543
825.117,543
825.235,556
825.354,532
825.472,538
825.591,542
825.709,544
825.828,514
825.946,536
826.064,535
826.183,510
826.301,524
826.42,531
826.538,544
826.657,533
826.775,526
826.894,515
827.012,530
827.13,517
827.249,541
827.367,543
827.486,529
827.604,521
827.723,539
827.841,549
827.959,520
828.078,532
828.196,553
828.315,519
828.433,521
828.552,513
828.67,535
828.788,537
828.907,507
829.025,522
829.143,528
829.262,524
829.38,532
829.499,515
829.617,519
829.735,509
829.854,538
829.972,525
830.091,537
830.209,529
830.327,507
830.446,531
830.564,514
830.682,547
830.801,528
830.919,539
831.037,540
831.156,539
831.274,521
831.392,520
831.511,502
831.629,522
831.747,511
831.866,533
831.984,540
832.102,519
832.221,553
832.339,526
832.457,528
832.576,527
832.694,528
832.812,520
832.93,528
833.049,527
833.167,541
833.285,515
833.404,514
833.522,546
833.64,534
833.759,527
833.877,534
833.995,507
834.113,540
834.232,498
834.35,532
834.468,520
834.586,548
834.705,519
834.823,540
834.941,531
835.059,527
835.178,526
835.296,534
835.414,536
835.532,518
835.651,526
835.769,518
835.887,515
836.005,549
836.124,508
836.242,505
836.36,529
836.478,527
836.596,515
836.715,513
836.833,514
836.951,526
837.069,502
837.188,528
837.306,521
837.424,497
837.542,528
837.66,502
837.779,531
837.897,522
838.015,538
838.133,546
838.251,526
838.369,541
838.487,539
838.606,533
838.724,538
838.842,533
838.96,545
839.078,536
839.196,533
839.315,529
839.433,527
839.551,543
839.669,538
839.787,542
839.905,552
840.023,553
840.142,535
840.26,546
840.378,559
840.496,560
840.614,525
840.732,530
840.85,546
840.968,548
841.087,570
841.205,541
841.323,561
841.441,565
841.559,568
841.677,544
841.795,570
841.913,549
842.031,540
842.149,557
842.267,553
842.385,562
842.504,556
842.622,549
842.74,568
842.858,546
842.976,527
843.094,523
843.212,559
843.33,521
843.448,553
843.566,557
843.684,558
843.802,543
843.92,526
844.038,536
844.156,534
844.274,564
844.392,565
844.51,525
844.628,534
844.746,541
844.864,533
844.982,543
845.1,559
845.218,533
845.336,535
845.454,551
845.572,546
845.69,527
845.808,540
845.926,537
846.044,536
846.162,529
846.28,551
846.398,555
846.516,548
846.634,524
846.752,541
846.87,543
846.988,513
847.106,530
847.224,550
847.342,543
847.46,542
847.578,552
847.696,545
847.814,544
847.932,550
848.05,539
848.168,543
848.285,533
848.403,542
848.521,546
848.639,565
848.757,557
848.875,556
848.993,578
849.111,541
849.229,528
849.347,535
849.465,577
849.582,532
849.7,547
849.818,562
849.936,545
850.054,539
850.172,561
850.29,539
850.408,545
850.525,561
850.643,561
850.761,564
850.879,538
850.997,549
851.115,539
851.233,536
851.35,518
851.468,530
851.586,558
851.704,533
851.822,557
851.94,568
852.057,527
852.175,524
852.293,576
852.411,587
852.529,585
852.647,606
852.764,594
852.882,583
853.0,595
853.118,550
853.236,570
853.353,548
853.471,550
853.589,549
853.707,553
853.824,559
853.942,537
854.06,559
854.178,547
854.296,573
854.413,542
854.531,533
854.649,573
854.767,553
854.884,561
855.002,558
855.12,524
855.238,544
855.355,549
855.473,540
855.591,554
855.708,550
855.826,561
855.944,534
856.062,559
856.179,570
856.297,545
856.415,571
856.532,567
856.65,549
856.768,561
856.886,561
857.003,559
857.121,534
857.239,581
857.356,556
857.474,548
857.592,563
857.709,547
857.827,569
857.945,554
858.062,539
858.18,547
858.298,532
858.415,558
858.533,553
858.651,532
858.768,532
858.886,561
859.003,558
859.121,557
859.239,559
859.356,533
859.474,553
859.592,555
859.709,537
859.827,543
859.944,553
860.062,520
860.18,549
860.297,555
860.415,524
860.532,522
860.65,548
860.768,522
860.885,544
861.003,543
861.12,527
861.238,514
861.356,535
861.473,534
861.591,554
861.708,560
861.826,547
861.943,540
862.061,527
862.178,533
862.296,541
862.414,515
862.531,538
862.649,526
862.766,513
862.884,526
863.001,539
863.119,527
863.236,544
863.354,549
863.471,526
863.589,578
863.706,551
863.824,537
863.941,571
864.059,553
864.176,552
864.294,552
864.411,532
864.529,537
864.646,550
864.764,531
864.881,513
864.999,523
865.116,550
865.233,552
865.351,522
865.468,522
865.586,531
865.703,512
865.821,537
865.938,561
866.056,528
866.173,520
866.29,528
866.408,543
866.525,537
866.643,521
866.76,542
866.878,516
866.995,539
867.112,558
867.23,530
867.347,537
867.465,552
867.582,571
867.699,531
867.817,522
867.934,543
868.051,538
868.169,531
868.286,545
868.404,525
868.521,542
868.638,535
868.756,522
868.873,526
868.99,567
869.108,565
869.225,545
869.342,539
869.46,560
869.577,541
869.694,557
869.812,556
869.929,562
870.046,545
870.164,553
870.281,543
870.398,530
870.516,553
870.633,558
870.75,555
870.867,558
870.985,551
871.102,547
871.219,547
871.337,569
871.454,566
871.571,549
871.688,572
871.806,549
871.923,590
872.04,552
872.157,521
872.275,545
872.392,562
872.509,551
872.626,584
872.744,565
872.861,560
872.978,557
873.095,545
873.213,545
873.33,555
873.447,550
873.564,545
873.681,541
873.799,540
873.916,547
874.033,542
874.15,561
874.267,549
874.385,558
874.502,563
874.619,555
874.736,549
874.853,557
874.97,567
875.088,555
875.205,545
875.322,549
875.439,537
875.556,558
875.673,544
875.791,526
875.908,560
876.025,546
876.142,554
876.259,548
876.376,529
876.493,554
876.61,552
876.728,552
876.845,542
876.962,552
877.079,547
877.196,556
877.313,555
877.43,539
877.547,536
877.664,536
877.781,530
877.898,560
878.016,543
878.133,536
878.25,535
878.367,540
878.484,521
878.601,524
878.718,533
878.835,530
878.952,539
879.069,525
879.186,521
879.303,548
879.42,519
879.537,533
879.654,517
879.771,532
879.888,528
880.005,539
880.122,516
880.239,519
880.356,508
880.473,529
880.59,522
880.707,506
880.824,512
880.941,519
881.058,526
881.175,537
881.292,495
881.409,543
881.526,512
881.643,498
881.76,519
881.877,520
881.994,503
882.111,527
882.228,530
882.345,512
882.462,524
882.579,514
882.696,512
882.812,516
882.929,504
883.046,515
883.163,484
883.28,521
883.397,526
883.514,526
883.631,545
883.748,527
883.865,525
883.982,540
884.098,528
884.215,543
884.332,533
884.449,525
884.566,537
884.683,547
884.8,544
884.916,553
885.033,572
885.15,560
885.267,587
885.384,594
885.501,583
885.617,590
885.734,623
885.851,586
885.968,578
886.085,575
886.202,586
886.318,572
886.435,559
886.552,575
886.669,580
886.786,576
886.902,589
887.019,561
887.136,572
887.253,581
887.369,543
887.486,567
887.603,552
887.72,553
887.837,549
887.953,553
888.07,550
888.187,534
888.304,513
888.42,520
888.537,528
888.654,505
888.77,522
888.887,520
889.004,502
889.121,516
889.237,494
889.354,520
889.471,489
889.587,481
889.704,495
889.821,487
889.938,475
890.054,504
890.171,493
890.288,493
890.404,510
890.521,507
890.638,507
890.754,497
890.871,487
890.988,528
891.104,483
891.221,526
891.337,524
891.454,511
891.571,505
891.687,523
891.804,518
891.921,533
892.037,518
892.154,515
892.27,519
892.387,533
892.504,519
892.62,496
892.737,532
892.854,512
892.97,518
893.087,510
893.203,497
893.32,502
893.436,517
893.553,521
893.67,515
893.786,491
893.903,501
894.019,487
894.136,504
894.252,492
894.369,502
894.485,512
894.602,485
894.718,506
894.835,511
894.951,502
895.068,521
895.184,504
895.301,515
895.417,481
895.534,492
895.65,510
895.767,501
895.883,500
896.0,492
896.116,491
896.233,493
896.349,494
896.466,490
896.582,497
896.699,485
896.815,506
896.932,518
897.048,493
897.165,506
897.281,502
897.397,491
897.514,516
897.63,491
897.747,501
897.863,488
897.979,491
898.096,497
898.212,519
898.329,509
898.445,503
898.561,505
898.678,508
898.794,489
898.911,509
899.027,510
899.143,484
899.26,515
899.376,501
899.492,489
899.609,480
899.725,488
899.842,516
899.958,503
900.074,503
900.191,502
900.307,501
900.423,493
900.539,513
900.656,512
900.772,508
900.888,487
901.005,513
901.121,503
901.237,496
901.354,524
901.47,504
901.586,517
901.703,525
901.819,536
901.935,520
902.051,534
902.168,535
902.284,536
902.4,550
902.516,546
902.633,561
902.749,547
902.865,551
902.981,544
903.098,541
903.214,534
903.33,543
903.446,558
903.562,557
903.679,538
903.795,540
903.911,533
904.027,537
904.143,526
904.26,515
904.376,508
904.492,517
904.608,504
904.724,527
904.841,512
904.957,507
905.073,507
905.189,515
905.305,517
905.421,510
905.538,484
905.654,500
905.77,501
905.886,494
906.002,490
906.118,498
906.234,470
906.35,497
906.466,498
906.583,480
906.699,477
906.815,482
906.931,498
907.047,497
907.163,477
907.279,496
907.395,478
907.511,491
907.627,490
907.743,510
907.859,488
907.976,489
908.092,493
908.208,496
908.324,494
908.44,488
908.556,463
908.672,504
908.788,503
908.904,481
909.02,479
909.136,500
909.252,485
909.368,505
909.484,510
909.6,493
909.716,483
909.832,502
909.948,480
910.064,479
910.18,491
910.296,497
910.412,498
910.528,483
910.644,488
910.76,489
910.875,504
910.991,483
911.107,483
911.223,485
911.339,486
911.455,470
911.571,481
911.687,503
911.803,500
911.919,467
912.035,486
912.151,512
912.267,490
912.382,487
912.498,486
912.614,481
912.73,488
912.846,483
