792.446,3999
792.565,3973
792.684,3858
792.803,3749
792.922,3586
793.041,3549
793.16,3485
793.279,3416
793.398,3331
793.518,3284
793.637,3160
793.756,3164
793.875,3108
793.994,3124
794.113,2994
794.232,2989
794.351,2890
794.47,2924
794.589,2868
794.708,2762
794.827,2800
794.946,2720
795.066,2685
795.185,2676
795.304,2695
795.423,2643
795.542,2566
795.661,2599
795.78,2572
795.899,2507
796.018,2483
796.137,2446
796.256,2448
796.375,2423
796.494,2381
796.613,2367
796.732,2340
796.851,2313
796.97,2289
797.089,2236
797.208,2216
797.327,2283
797.446,2223
797.565,2136
797.684,2204
797.803,2167
797.922,2176
798.041,2185
798.16,2152
798.279,2064
798.398,2077
798.517,2080
798.636,2130
798.755,2126
798.874,2125
798.993,2058
799.112,2059
799.231,2049
799.35,2102
799.469,2059
799.588,2064
799.707,2097
799.826,2027
799.945,2010
800.064,2018
800.183,1984
800.302,1983
800.421,2006
800.54,1978
800.659,1970
800.778,2002
800.897,1948
801.016,1939
801.135,1963
801.254,1978
801.373,1988
801.492,1962
801.611,1959
801.729,1991
801.848,1970
801.967,1958
802.086,1923
802.205,1975
802.324,1941
802.443,1935
802.562,1934
802.681,1898
802.8,1898
802.919,1919
803.038,1918
803.157,1941
803.276,1903
803.394,1863
803.513,1861
803.632,1889
803.751,1895
803.87,1890
803.989,1873
804.108,1854
804.227,1922
804.346,1829
804.465,1871
804.583,1868
804.702,1905
804.821,1875
804.94,1853
805.059,1853
805.178,1865
805.297,1878
805.416,1886
805.535,1837
805.653,1839
805.772,1907
805.891,1897
806.01,1866
806.129,1854
806.248,1884
806.367,1860
806.485,1872
806.604,1892
806.723,1829
806.842,1813
806.961,1794
807.08,1862
807.198,1867
807.317,1830
807.436,1792
807.555,1842
807.674,1836
807.793,1827
807.912,1827
808.03,1804
808.149,1813
808.268,1782
808.387,1828
808.506,1801
808.624,1712
808.743,1796
808.862,1842
808.981,1772
809.1,1828
809.219,1788
809.337,1779
809.456,1790
809.575,1791
809.694,1811
809.812,1843
809.931,1817
810.05,1762
810.169,1857
810.288,1802
810.406,1786
810.525,1856
810.644,1824
810.763,1797
810.882,1790
811.0,1810
811.119,1848
811.238,1846
811.357,1833
811.475,1815
811.594,1862
811.713,1850
811.832,1877
811.95,1852
812.069,1850
812.188,1897
812.307,1875
812.425,1850
812.544,1856
812.663,1908
812.782,1888
812.9,1836
813.019,1880
813.138,1846
813.257,1800
813.375,1768
813.494,1799
813.613,1833
813.731,1798
813.85,1789
813.969,1769
814.088,1816
814.206,1747
814.325,1821
814.444,1769
814.562,1746
814.681,1755
814.8,1758
814.918,1787
815.037,1759
815.156,1754
815.274,1788
815.393,1725
815.512,1770
815.631,1752
815.749,1754
815.868,1778
815.987,1809
816.105,1749
816.224,1824
816.343,1781
816.461,1779
816.58,1811
816.698,1799
816.817,1839
816.936,1802
817.055,1773
817.173,1800
817.292,1830
817.41,1803
817.529,1711
817.648,1736
817.766,1719
817.885,1737
818.004,1736
818.122,1652
818.241,1696
818.359,1706
818.478,1632
818.597,1680
818.715,1669
818.834,1621
818.953,1653
819.071,1632
819.19,1600
819.308,1606
819.427,1591
819.546,1577
819.664,1568
819.783,1632
819.901,1599
820.02,1558
820.138,1591
820.257,1618
820.376,1588
820.494,1660
820.613,1578
820.731,1575
820.85,1565
820.969,1634
821.087,1592
821.206,1530
821.324,1542
821.443,1550
821.561,1581
821.68,1540
821.798,1506
821.917,1531
822.035,1515
822.154,1581
822.273,1508
822.391,1528
822.51,1492
822.628,1519
822.747,1563
822.865,1454
822.984,1466
823.102,1507
823.221,1492
823.339,1491
823.458,1511
823.576,1505
823.695,1494
823.813,1520
823.932,1556
824.05,1509
824.169,1492
824.287,1508
824.406,1471
824.524,1531
824.643,1512
824.761,1525
824.88,1569
824.998,1507
825.117,1487
825.235,1520
825.354,1478
825.472,1497
825.591,1500
825.709,1536
825.828,1509
825.946,1504
826.064,1502
826.183,1436
826.301,1463
826.42,1481
826.538,1495
826.657,1460
826.775,1514
826.894,1460
827.012,1490
827.13,1495
827.249,1485
827.367,1497
827.486,1500
827.604,1496
827.723,1466
827.841,1460
827.959,1452
828.078,1477
828.196,1499
828.315,1446
828.433,1453
828.552,1495
828.67,1441
828.788,1482
828.907,1476
829.025,1470
829.143,1480
829.262,1431
829.38,1474
829.499,1430
829.617,1472
829.735,1476
829.854,1480
829.972,1457
830.091,1437
830.209,1458
830.327,1452
830.446,1394
830.564,1507
830.682,1454
830.801,1484
830.919,1477
831.037,1494
831.156,1466
831.274,1523
831.392,1487
831.511,1454
831.629,1495
831.747,1457
831.866,1496
831.984,1492
832.102,1454
832.221,1457
832.339,1461
832.457,1474
832.576,1475
832.694,1491
832.812,1463
832.93,1473
833.049,1439
833.167,1458
833.285,1438
833.404,1492
833.522,1439
833.64,1456
833.759,1491
833.877,1469
833.995,1502
834.113,1475
834.232,1481
834.35,1481
834.468,1451
834.586,1495
834.705,1486
834.823,1480
834.941,1487
835.059,1531
835.178,1501
835.296,1527
835.414,1458
835.532,1471
835.651,1469
835.769,1486
835.887,1488
836.005,1418
836.124,1484
836.242,1411
836.36,1471
836.478,1440
836.596,1433
836.715,1499
836.833,1429
836.951,1461
837.069,1470
837.188,1476
837.306,1462
837.424,1439
837.542,1445
837.66,1443
837.779,1495
837.897,1458
838.015,1543
838.133,1462
838.251,1446
838.369,1458
838.487,1488
838.606,1468
838.724,1493
838.842,1460
838.96,1492
839.078,1482
839.196,1519
839.315,1534
839.433,1541
839.551,1517
839.669,1534
839.787,1511
839.905,1557
840.023,1556
840.142,1567
840.26,1539
840.378,1566
840.496,1539
840.614,1569
840.732,1533
840.85,1535
840.968,1573
841.087,1586
841.205,1591
841.323,1618
841.441,1608
841.559,1594
841.677,1654
841.795,1642
841.913,1587
842.031,1634
842.149,1634
842.267,1624
842.385,1535
842.504,1598
842.622,1606
842.74,1580
842.858,1543
842.976,1569
843.094,1575
843.212,1559
843.33,1592
843.448,1555
843.566,1551
843.684,1530
843.802,1560
843.92,1561
844.038,1535
844.156,1582
844.274,1517
844.392,1570
844.51,1559
844.628,1499
844.746,1511
844.864,1556
844.982,1513
845.1,1498
845.218,1541
845.336,1506
845.454,1510
845.572,1539
845.69,1573
845.808,1500
845.926,1571
846.044,1503
846.162,1531
846.28,1539
846.398,1503
846.516,1522
846.634,1522
846.752,1550
846.87,1578
846.988,1553
847.106,1574
847.224,1583
847.342,1580
847.46,1582
847.578,1569
847.696,1544
847.814,1539
847.932,1578
848.05,1561
848.168,1521
848.285,1506
848.403,1532
848.521,1565
848.639,1516
848.757,1552
848.875,1529
848.993,1590
849.111,1576
849.229,1517
849.347,1534
849.465,1482
849.582,1570
849.7,1522
849.818,1563
849.936,1563
850.054,1568
850.172,1552
850.29,1527
850.408,1516
850.525,1540
850.643,1548
850.761,1502
850.879,1562
850.997,1530
851.115,1528
851.233,1528
851.35,1534
851.468,1532
851.586,1527
851.704,1553
851.822,1567
851.94,1589
852.057,1540
852.175,1585
852.293,1580
852.411,1611
852.529,1658
852.647,1731
852.764,1694
852.882,1674
853.0,1664
853.118,1639
853.236,1601
853.353,1563
853.471,1587
853.589,1525
853.707,1520
853.824,1539
853.942,1525
854.06,1545
854.178,1569
854.296,1605
854.413,1568
854.531,1619
854.649,1625
854.767,1594
854.884,1609
855.002,1620
855.12,1552
855.238,1571
855.355,1628
855.473,1598
855.591,1606
855.708,1602
855.826,1599
855.944,1611
856.062,1585
856.179,1612
856.297,1563
856.415,1600
856.532,1653
856.65,1650
856.768,1562
856.886,1617
857.003,1610
857.121,1626
857.239,1598
857.356,1628
857.474,1646
857.592,1611
857.709,1626
857.827,1556
857.945,1622
858.062,1560
858.18,1556
858.298,1596
858.415,1603
858.533,1637
858.651,1601
858.768,1650
858.886,1596
859.003,1564
859.121,1576
859.239,1570
859.356,1558
859.474,1544
859.592,1571
859.709,1587
859.827,1571
859.944,1558
860.062,1570
860.18,1564
860.297,1539
860.415,1516
860.532,1530
860.65,1517
860.768,1502
860.885,1573
861.003,1539
861.12,1559
861.238,1546
861.356,1572
861.473,1548
861.591,1571
861.708,1563
861.826,1560
861.943,1563
862.061,1539
862.178,1497
862.296,1528
862.414,1520
862.531,1451
862.649,1472
862.766,1449
862.884,1489
863.001,1519
863.119,1501
863.236,1520
863.354,1508
863.471,1585
863.589,1565
863.706,1590
863.824,1568
863.941,1584
864.059,1621
864.176,1547
864.294,1553
864.411,1564
864.529,1487
864.646,1523
864.764,1452
864.881,1480
864.999,1502
865.116,1521
865.233,1449
865.351,1519
865.468,1499
865.586,1518
865.703,1475
865.821,1487
865.938,1484
866.056,1492
866.173,1460
866.29,1497
866.408,1492
866.525,1445
866.643,1499
866.76,1525
866.878,1494
866.995,1552
867.112,1531
867.23,1514
867.347,1455
867.465,1552
867.582,1525
867.699,1504
867.817,1592
867.934,1537
868.051,1522
868.169,1538
868.286,1556
868.404,1577
868.521,1545
868.638,1550
868.756,1558
868.873,1575
868.99,1578
869.108,1569
869.225,1578
869.342,1595
869.46,1595
869.577,1556
869.694,1575
869.812,1608
869.929,1576
870.046,1584
870.164,1600
870.281,1630
870.398,1629
870.516,1653
870.633,1654
870.75,1644
870.867,1641
870.985,1646
871.102,1640
871.219,1670
871.337,1662
871.454,1629
871.571,1640
871.688,1653
871.806,1629
871.923,1552
872.04,1631
872.157,1608
872.275,1606
872.392,1636
872.509,1583
872.626,1595
872.744,1580
872.861,1608
872.978,1621
873.095,1627
873.213,1581
873.33,1584
873.447,1592
873.564,1578
873.681,1583
873.799,1597
873.916,1566
874.033,1561
874.15,1573
874.267,1604
874.385,1541
874.502,1578
874.619,1566
874.736,1622
874.853,1611
874.97,1593
875.088,1604
875.205,1561
875.322,1596
875.439,1589
875.556,1559
875.673,1630
875.791,1597
875.908,1586
876.025,1571
876.142,1553
876.259,1543
876.376,1627
876.493,1521
876.61,1547
876.728,1574
876.845,1596
876.962,1565
877.079,1591
877.196,1609
877.313,1554
877.43,1592
877.547,1572
877.664,1612
877.781,1614
877.898,1552
878.016,1556
878.133,1581
878.25,1566
878.367,1537
878.484,1536
878.601,1561
878.718,1539
878.835,1554
878.952,1559
879.069,1560
879.186,1534
879.303,1493
879.42,1504
879.537,1510
879.654,1473
879.771,1462
879.888,1505
880.005,1481
880.122,1475
880.239,1484
880.356,1444
880.473,1523
880.59,1481
880.707,1467
880.824,1494
880.941,1479
881.058,1461
881.175,1443
881.292,1485
881.409,1459
881.526,1458
881.643,1447
881.76,1494
881.877,1498
881.994,1480
882.111,1479
882.228,1470
882.345,1468
882.462,1459
882.579,1460
882.696,1486
882.812,1475
882.929,1465
883.046,1498
883.163,1461
883.28,1460
883.397,1441
883.514,1481
883.631,1464
883.748,1490
883.865,1486
883.982,1490
884.098,1460
884.215,1527
884.332,1515
884.449,1466
884.566,1539
884.683,1583
884.8,1598
884.916,1654
885.033,1699
885.15,1631
885.267,1743
885.384,1746
885.501,1738
885.617,1750
885.734,1801
885.851,1768
885.968,1715
886.085,1774
886.202,1754
886.318,1744
886.435,1756
886.552,1717
886.669,1733
886.786,1704
886.902,1736
887.019,1721
887.136,1755
887.253,1688
887.369,1695
887.486,1660
887.603,1639
887.72,1619
887.837,1618
887.953,1605
888.07,1575
888.187,1566
888.304,1530
888.42,1528
888.537,1543
888.654,1474
888.77,1451
888.887,1495
889.004,1436
889.121,1464
889.237,1450
889.354,1392
889.471,1427
889.587,1426
889.704,1448
889.821,1429
889.938,1411
890.054,1409
890.171,1418
890.288,1423
890.404,1375
890.521,1439
890.638,1425
890.754,1487
890.871,1444
890.988,1513
891.104,1480
891.221,1456
891.337,1449
891.454,1470
891.571,1481
891.687,1483
891.804,1479
891.921,1408
892.037,1482
892.154,1474
892.27,1436
892.387,1477
892.504,1455
892.62,1454
892.737,1431
892.854,1429
892.97,1468
893.087,1411
893.203,1410
893.32,1401
893.436,1406
893.553,1400
893.67,1411
893.786,1443
893.903,1433
894.019,1415
894.136,1448
894.252,1465
894.369,1431
894.485,1444
894.602,1431
894.718,1417
894.835,1452
894.951,1435
895.068,1423
895.184,1437
895.301,1436
895.417,1418
895.534,1403
895.65,1394
895.767,1433
895.883,1427
896.0,1441
896.116,1402
896.233,1441
896.349,1427
896.466,1427
896.582,1447
896.699,1422
896.815,1449
896.932,1437
897.048,1427
897.165,1402
897.281,1378
897.397,1478
897.514,1416
897.63,1448
897.747,1436
897.863,1448
897.979,1442
898.096,1432
898.212,1415
898.329,1446
898.445,1440
898.561,1482
898.678,1440
898.794,1440
898.911,1425
899.027,1422
899.143,1448
899.26,1478
899.376,1434
899.492,1429
899.609,1447
899.725,1462
899.842,1428
899.958,1445
900.074,1458
900.191,1456
900.307,1471
900.423,1464
900.539,1455
900.656,1469
900.772,1454
900.888,1484
901.005,1466
901.121,1448
901.237,1475
901.354,1463
901.47,1498
901.586,1508
901.703,1471
901.819,1500
901.935,1487
902.051,1572
902.168,1551
902.284,1548
902.4,1579
902.516,1574
902.633,1565
902.749,1579
902.865,1591
902.981,1611
903.098,1595
903.214,1594
903.33,1600
903.446,1569
903.562,1615
903.679,1615
903.795,1620
903.911,1576
904.027,1556
904.143,1565
904.26,1552
904.376,1542
904.492,1501
904.608,1519
904.724,1520
904.841,1493
904.957,1536
905.073,1469
905.189,1422
905.305,1473
905.421,1475
905.538,1425
905.654,1455
905.77,1438
905.886,1392
906.002,1451
906.118,1427
906.234,1468
906.35,1409
906.466,1412
906.583,1432
906.699,1419
906.815,1435
906.931,1421
907.047,1403
907.163,1439
907.279,1401
907.395,1436
907.511,1408
907.627,1425
907.743,1435
907.859,1402
907.976,1412
908.092,1412
908.208,1381
908.324,1416
908.44,1401
908.556,1418
908.672,1435
908.788,1420
908.904,1410
909.02,1401
909.136,1446
909.252,1419
909.368,1427
909.484,1391
909.6,1396
909.716,1395
909.832,1420
909.948,1420
910.064,1410
910.18,1410
910.296,1381
910.412,1445
910.528,1430
910.644,1414
910.76,1385
910.875,1402
910.991,1400
911.107,1397
911.223,1384
911.339,1435
911.455,1380
911.571,1432
911.687,1380
911.803,1408
911.919,1397
912.035,1411
912.151,1417
912.267,1423
912.382,1393
912.498,1362
912.614,1404
912.73,1390
912.846,1430
792.446,4092
792.565,3927
792.684,3889
792.803,3769
792.922,3707
793.041,3585
793.16,3577
793.279,3439
793.398,3375
793.518,3329
793.637,3302
793.756,3225
793.875,3158
793.994,3076
794.113,3057
794.232,2966
794.351,2991
794.47,2837
794.589,2859
794.708,2754
794.827,2831
794.946,2782
795.066,2703
795.185,2652
795.304,2681
795.423,2653
795.542,2590
795.661,2577
795.78,2507
795.899,2521
796.018,2456
796.137,2487
796.256,2440
796.375,2371
796.494,2458
796.613,2373
796.732,2338
796.851,2346
796.97,2260
797.089,2329
797.208,2306
797.327,2263
797.446,2270
797.565,2267
797.684,2209
797.803,2201
797.922,2217
798.041,2181
798.16,2149
798.279,2147
798.398,2154
798.517,2147
798.636,2098
798.755,2084
798.874,2078
798.993,2085
799.112,2055
799.231,2092
799.35,2048
799.469,2076
799.588,2078
799.707,2079
799.826,2075
799.945,2009
800.064,2083
800.183,2013
800.302,2057
800.421,2036
800.54,1989
800.659,2002
800.778,1990
800.897,1973
801.016,2026
801.135,1987
801.254,2021
801.373,1999
801.492,1977
801.611,1952
801.729,2011
801.848,1940
801.967,1928
802.086,1962
802.205,1971
802.324,1912
802.443,1934
802.562,1964
802.681,1935
802.8,1896
802.919,1945
803.038,1923
803.157,1919
803.276,1894
803.394,1940
803.513,1914
803.632,1941
803.751,1869
803.87,1929
803.989,1883
804.108,1870
804.227,1901
804.346,1860
804.465,1886
804.583,1868
804.702,1878
804.821,1891
804.94,1871
805.059,1904
805.178,1934
805.297,1873
805.416,1851
805.535,1902
805.653,1873
805.772,1928
805.891,1869
806.01,1898
806.129,1847
806.248,1879
806.367,1850
806.485,1849
806.604,1857
806.723,1866
806.842,1883
806.961,1833
807.08,1862
807.198,1872
807.317,1832
807.436,1862
807.555,1861
807.674,1877
807.793,1781
807.912,1819
808.03,1877
808.149,1779
808.268,1804
808.387,1864
808.506,1853
808.624,1821
808.743,1830
808.862,1833
808.981,1861
809.1,1848
809.219,1820
809.337,1781
809.456,1805
809.575,1830
809.694,1825
809.812,1798
809.931,1818
810.05,1765
810.169,1796
810.288,1829
810.406,1837
810.525,1838
810.644,1789
810.763,1795
810.882,1804
811.0,1840
811.119,1854
811.238,1849
811.357,1800
811.475,1898
811.594,1897
811.713,1871
811.832,1838
811.95,1856
812.069,1902
812.188,1862
812.307,1834
812.425,1891
812.544,1871
812.663,1864
812.782,1857
812.9,1897
813.019,1821
813.138,1824
813.257,1880
813.375,1871
813.494,1815
813.613,1844
813.731,1756
813.85,1799
813.969,1767
814.088,1838
814.206,1811
814.325,1820
814.444,1753
814.562,1816
814.681,1849
814.8,1796
814.918,1756
815.037,1762
815.156,1849
815.274,1786
815.393,1794
815.512,1791
815.631,1773
815.749,1779
815.868,1798
815.987,1829
816.105,1819
816.224,1813
816.343,1810
816.461,1805
816.58,1785
816.698,1843
816.817,1828
816.936,1814
817.055,1819
817.173,1812
817.292,1789
817.41,1839
817.529,1767
817.648,1790
817.766,1728
817.885,1760
818.004,1723
818.122,1731
818.241,1690
818.359,1684
818.478,1687
818.597,1652
818.715,1641
818.834,1686
818.953,1636
819.071,1639
819.19,1623
819.308,1589
819.427,1592
819.546,1644
819.664,1574
819.783,1582
819.901,1643
820.02,1566
820.138,1687
820.257,1609
820.376,1651
820.494,1635
820.613,1643
820.731,1562
820.85,1604
820.969,1607
821.087,1586
821.206,1602
821.324,1548
821.443,1592
821.561,1628
821.68,1570
821.798,1521
821.917,1591
822.035,1552
822.154,1543
822.273,1526
822.391,1576
822.51,1573
822.628,1543
822.747,1519
822.865,1504
822.984,1517
823.102,1518
823.221,1490
823.339,1553
823.458,1508
823.576,1538
823.695,1496
823.813,1527
823.932,1497
824.05,1569
824.169,1532
824.287,1535
824.406,1555
824.524,1521
824.643,1546
824.761,1548
824.88,1525
824.998,1547
825.117,1532
825.235,1522
825.354,1514
825.472,1498
825.591,1525
825.709,1512
825.828,1481
825.946,1478
826.064,1523
826.183,1500
826.301,1498
826.42,1498
826.538,1482
826.657,1530
826.775,1472
826.894,1512
827.012,1495
827.13,1547
827.249,1517
827.367,1562
827.486,1493
827.604,1490
827.723,1496
827.841,1454
827.959,1451
828.078,1464
828.196,1429
828.315,1487
828.433,1480
828.552,1482
828.67,1492
828.788,1490
828.907,1479
829.025,1501
829.143,1496
829.262,1491
829.38,1491
829.499,1452
829.617,1501
829.735,1496
829.854,1479
829.972,1457
830.091,1460
830.209,1448
830.327,1461
830.446,1482
830.564,1526
830.682,1490
830.801,1473
830.919,1510
831.037,1510
831.156,1540
831.274,1475
831.392,1523
831.511,1477
831.629,1490
831.747,1511
831.866,1473
831.984,1481
832.102,1521
832.221,1464
832.339,1464
832.457,1486
832.576,1483
832.694,1473
832.812,1496
832.93,1463
833.049,1436
833.167,1481
833.285,1472
833.404,1509
833.522,1487
833.64,1450
833.759,1475
833.877,1466
833.995,1476
834.113,1489
834.232,1484
834.35,1469
834.468,1448
834.586,1504
834.705,1474
834.823,1491
834.941,1540
835.059,1489
835.178,1504
835.296,1500
835.414,1523
835.532,1526
835.651,1488
835.769,1472
835.887,1444
836.005,1496
836.124,1423
836.242,1478
836.36,1483
836.478,1455
836.596,1478
836.715,1497
836.833,1496
836.951,1419
837.069,1454
837.188,1451
837.306,1507
837.424,1459
837.542,1475
837.66,1484
837.779,1468
837.897,1450
838.015,1483
838.133,1481
838.251,1459
838.369,1515
838.487,1467
838.606,1477
838.724,1477
838.842,1533
838.96,1502
839.078,1517
839.196,1523
839.315,1530
839.433,1540
839.551,1542
839.669,1550
839.787,1526
839.905,1570
840.023,1518
840.142,1586
840.26,1555
840.378,1555
840.496,1575
840.614,1599
840.732,1581
840.85,1567
840.968,1584
841.087,1576
841.205,1573
841.323,1638
841.441,1609
841.559,1620
841.677,1627
841.795,1635
841.913,1619
842.031,1669
842.149,1614
842.267,1578
842.385,1585
842.504,1610
842.622,1589
842.74,1585
842.858,1638
842.976,1595
843.094,1601
843.212,1594
843.33,1583
843.448,1576
843.566,1546
843.684,1502
843.802,1637
843.92,1517
844.038,1556
844.156,1571
844.274,1536
844.392,1546
844.51,1528
844.628,1554
844.746,1538
844.864,1505
844.982,1530
845.1,1555
845.218,1525
845.336,1525
845.454,1529
845.572,1478
845.69,1534
845.808,1561
845.926,1557
846.044,1552
846.162,1534
846.28,1561
846.398,1557
846.516,1586
846.634,1566
846.752,1570
846.87,1574
846.988,1572
847.106,1599
847.224,1609
847.342,1598
847.46,1592
847.578,1545
847.696,1580
847.814,1610
847.932,1577
848.05,1565
848.168,1514
848.285,1540
848.403,1539
848.521,1565
848.639,1583
848.757,1520
848.875,1588
848.993,1576
849.111,1568
849.229,1540
849.347,1586
849.465,1549
849.582,1554
849.7,1595
849.818,1558
849.936,1563
850.054,1607
850.172,1562
850.29,1567
850.408,1547
850.525,1556
850.643,1558
850.761,1544
850.879,1548
850.997,1542
851.115,1536
851.233,1529
851.35,1557
851.468,1583
851.586,1575
851.704,1562
851.822,1571
851.94,1641
852.057,1556
852.175,1613
852.293,1613
852.411,1689
852.529,1703
852.647,1754
852.764,1726
852.882,1700
853.0,1603
853.118,1628
853.236,1617
853.353,1583
853.471,1598
853.589,1554
853.707,1558
853.824,1584
853.942,1620
854.06,1609
854.178,1585
854.296,1596
854.413,1607
854.531,1619
854.649,1576
854.767,1553
854.884,1581
855.002,1625
855.12,1607
855.238,1586
855.355,1569
855.473,1583
855.591,1591
855.708,1624
855.826,1585
855.944,1629
856.062,1639
856.179,1665
856.297,1614
856.415,1635
856.532,1654
856.65,1625
856.768,1652
856.886,1642
857.003,1688
857.121,1668
857.239,1639
857.356,1650
857.474,1638
857.592,1631
857.709,1596
857.827,1625
857.945,1593
858.062,1604
858.18,1656
858.298,1586
858.415,1606
858.533,1617
858.651,1633
858.768,1613
858.886,1612
859.003,1627
859.121,1634
859.239,1591
859.356,1605
859.474,1557
859.592,1552
859.709,1591
859.827,1556
859.944,1573
860.062,1576
860.18,1560
860.297,1558
860.415,1545
860.532,1560
860.65,1578
860.768,1541
860.885,1554
861.003,1532
861.12,1530
861.238,1585
861.356,1591
861.473,1595
861.591,1621
861.708,1556
861.826,1552
861.943,1561
862.061,1550
862.178,1540
862.296,1547
862.414,1531
862.531,1445
862.649,1542
862.766,1515
862.884,1499
863.001,1542
863.119,1536
863.236,1497
863.354,1542
863.471,1565
863.589,1582
863.706,1539
863.824,1581
863.941,1554
864.059,1594
864.176,1571
864.294,1572
864.411,1561
864.529,1536
864.646,1536
864.764,1536
864.881,1559
864.999,1475
865.116,1534
865.233,1499
865.351,1473
865.468,1540
865.586,1519
865.703,1526
865.821,1520
865.938,1497
866.056,1514
866.173,1488
866.29,1490
866.408,1518
866.525,1529
866.643,1508
866.76,1539
866.878,1514
866.995,1490
867.112,1504
867.23,1584
867.347,1495
867.465,1561
867.582,1551
867.699,1562
867.817,1505
867.934,1554
868.051,1568
868.169,1607
868.286,1530
868.404,1543
868.521,1544
868.638,1604
868.756,1569
868.873,1574
868.99,1513
869.108,1571
869.225,1561
869.342,1591
869.46,1617
869.577,1576
869.694,1647
869.812,1608
869.929,1615
870.046,1617
870.164,1635
870.281,1642
870.398,1641
870.516,1619
870.633,1604
870.75,1636
870.867,1672
870.985,1609
871.102,1656
871.219,1682
871.337,1635
871.454,1628
871.571,1647
871.688,1636
871.806,1639
871.923,1680
872.04,1608
872.157,1643
872.275,1640
872.392,1644
872.509,1637
872.626,1592
872.744,1629
872.861,1631
872.978,1610
873.095,1588
873.213,1598
873.33,1596
873.447,1625
873.564,1589
873.681,1581
873.799,1582
873.916,1585
874.033,1563
874.15,1592
874.267,1568
874.385,1617
874.502,1570
874.619,1587
874.736,1600
874.853,1580
874.97,1604
875.088,1614
875.205,1549
875.322,1626
875.439,1572
875.556,1573
875.673,1626
875.791,1588
875.908,1600
876.025,1606
876.142,1604
876.259,1551
876.376,1610
876.493,1606
876.61,1601
876.728,1607
876.845,1547
876.962,1578
877.079,1603
877.196,1635
877.313,1615
877.43,1646
877.547,1611
877.664,1581
877.781,1594
877.898,1578
878.016,1633
878.133,1578
878.25,1591
878.367,1558
878.484,1565
878.601,1568
878.718,1563
878.835,1532
878.952,1574
879.069,1554
879.186,1544
879.303,1517
879.42,1543
879.537,1516
879.654,1523
879.771,1514
879.888,1509
880.005,1484
880.122,1525
880.239,1496
880.356,1495
880.473,1520
880.59,1505
880.707,1531
880.824,1484
880.941,1478
881.058,1479
881.175,1509
881.292,1501
881.409,1473
881.526,1510
881.643,1448
881.76,1511
881.877,1489
881.994,1502
882.111,1510
882.228,1462
882.345,1504
882.462,1468
882.579,1496
882.696,1497
882.812,1516
882.929,1456
883.046,1510
883.163,1491
883.28,1492
883.397,1453
883.514,1502
883.631,1521
883.748,1481
883.865,1494
883.982,1501
884.098,1530
884.215,1524
884.332,1562
884.449,1510
884.566,1550
884.683,1565
884.8,1631
884.916,1624
885.033,1701
885.15,1689
885.267,1745
885.384,1722
885.501,1759
885.617,1770
885.734,1777
885.851,1776
885.968,1786
886.085,1786
886.202,1779
886.318,1800
886.435,1773
886.552,1783
886.669,1741
886.786,1735
886.902,1738
887.019,1708
887.136,1706
887.253,1720
887.369,1737
887.486,1675
887.603,1646
887.72,1613
887.837,1614
887.953,1624
888.07,1628
888.187,1570
888.304,1583
888.42,1541
888.537,1486
888.654,1539
888.77,1497
888.887,1478
889.004,1485
889.121,1417
889.237,1402
889.354,1488
889.471,1425
889.587,1400
889.704,1449
889.821,1420
889.938,1448
890.054,1440
890.171,1456
890.288,1434
890.404,1434
890.521,1446
890.638,1487
890.754,1431
890.871,1486
890.988,1452
891.104,1489
891.221,1438
891.337,1545
891.454,1492
891.571,1489
891.687,1516
891.804,1548
891.921,1499
892.037,1523
892.154,1489
892.27,1479
892.387,1528
892.504,1458
892.62,1482
892.737,1434
892.854,1446
892.97,1444
893.087,1449
893.203,1470
893.32,1433
893.436,1440
893.553,1463
893.67,1427
893.786,1466
893.903,1462
894.019,1419
894.136,1469
894.252,1435
894.369,1467
894.485,1478
894.602,1456
894.718,1426
894.835,1439
894.951,1461
895.068,1453
895.184,1456
895.301,1426
895.417,1445
895.534,1442
895.65,1445
895.767,1455
895.883,1393
896.0,1414
896.116,1427
896.233,1443
896.349,1408
896.466,1450
896.582,1451
896.699,1447
896.815,1455
896.932,1423
897.048,1452
897.165,1425
897.281,1461
897.397,1462
897.514,1427
897.63,1494
897.747,1469
897.863,1461
897.979,1454
898.096,1457
898.212,1486
898.329,1442
898.445,1504
898.561,1477
898.678,1476
898.794,1457
898.911,1470
899.027,1474
899.143,1461
899.26,1455
899.376,1450
899.492,1464
899.609,1477
899.725,1509
899.842,1485
899.958,1461
900.074,1480
900.191,1471
900.307,1510
900.423,1491
900.539,1441
900.656,1497
900.772,1476
900.888,1497
901.005,1489
901.121,1465
901.237,1445
901.354,1463
901.47,1523
901.586,1505
901.703,1531
901.819,1498
901.935,1523
902.051,1592
902.168,1595
902.284,1541
902.4,1586
902.516,1623
902.633,1572
902.749,1655
902.865,1628
902.981,1579
903.098,1635
903.214,1629
903.33,1625
903.446,1645
903.562,1638
903.679,1634
903.795,1627
903.911,1627
904.027,1566
904.143,1588
904.26,1562
904.376,1534
904.492,1563
904.608,1509
904.724,1558
904.841,1521
904.957,1497
905.073,1547
905.189,1505
905.305,1500
905.421,1508
905.538,1478
905.654,1475
905.77,1528
905.886,1479
906.002,1446
906.118,1485
906.234,1439
906.35,1459
906.466,1448
906.583,1466
906.699,1466
906.815,1440
906.931,1444
907.047,1413
907.163,1411
907.279,1462
907.395,1440
907.511,1434
907.627,1392
907.743,1464
907.859,1446
907.976,1480
908.092,1507
908.208,1415
908.324,1423
908.44,1447
908.556,1452
908.672,1473
908.788,1393
908.904,1497
909.02,1491
909.136,1410
909.252,1454
909.368,1442
909.484,1416
909.6,1467
909.716,1424
909.832,1444
909.948,1442
910.064,1462
910.18,1448
910.296,1450
910.412,1422
910.528,1457
910.644,1470
910.76,1462
910.875,1414
910.991,1452
911.107,1465
911.223,1435
911.339,1437
911.455,1421
911.571,1401
911.687,1447
911.803,1416
911.919,1420
912.035,1409
912.151,1455
912.267,1404
912.382,1424
912.498,1459
912.614,1413
912.73,1468
912.846,1401
792.446,4070
792.565,3999
792.684,3916
792.803,3808
792.922,3809
793.041,3589
793.16,3589
793.279,3484
793.398,3425
793.518,3341
793.637,3282
793.756,3217
793.875,3160
793.994,3032
794.113,3065
794.232,3006
794.351,2917
794.47,2955
794.589,2888
794.708,2820
794.827,2816
794.946,2801
795.066,2757
795.185,2693
795.304,2708
795.423,2643
795.542,2610
795.661,2638
795.78,2552
795.899,2531
796.018,2524
796.137,2533
796.256,2459
796.375,2433
796.494,2422
796.613,2395
796.732,2404
796.851,2340
796.97,2348
797.089,2321
797.208,2302
797.327,2226
797.446,2255
797.565,2266
797.684,2243
797.803,2224
797.922,2201
798.041,2193
798.16,2195
798.279,2143
798.398,2195
798.517,2140
798.636,2095
798.755,2158
798.874,2137
798.993,2155
799.112,2122
799.231,2104
799.35,2083
799.469,2050
799.588,2053
799.707,2117
799.826,2084
799.945,2066
800.064,2046
800.183,2033
800.302,2092
800.421,2046
800.54,1992
800.659,2015
800.778,2029
800.897,2028
801.016,2028
801.135,2004
801.254,1978
801.373,2001
801.492,2017
801.611,1986
801.729,2002
801.848,1943
801.967,1963
802.086,1959
802.205,1982
802.324,1942
802.443,1979
802.562,1914
802.681,1947
802.8,1982
802.919,1975
803.038,1936
803.157,1898
803.276,1906
803.394,2001
803.513,1942
803.632,1968
803.751,1937
803.87,1930
803.989,1917
804.108,1921
804.227,1927
804.346,1910
804.465,1907
804.583,1925
804.702,1875
804.821,1910
804.94,1886
805.059,1951
805.178,1903
805.297,1919
805.416,1841
805.535,1868
805.653,1892
805.772,1892
805.891,1820
806.01,1903
806.129,1845
806.248,1887
806.367,1866
806.485,1923
806.604,1864
806.723,1879
806.842,1837
806.961,1891
807.08,1901
807.198,1871
807.317,1847
807.436,1856
807.555,1845
807.674,1877
807.793,1866
807.912,1847
808.03,1845
808.149,1826
808.268,1834
808.387,1843
808.506,1831
808.624,1814
808.743,1770
808.862,1857
808.981,1837
809.1,1868
809.219,1850
809.337,1844
809.456,1894
809.575,1817
809.694,1841
809.812,1813
809.931,1814
810.05,1793
810.169,1817
810.288,1868
810.406,1802
810.525,1853
810.644,1822
810.763,1865
810.882,1884
811.0,1877
811.119,1864
811.238,1862
811.357,1808
811.475,1859
811.594,1823
811.713,1906
811.832,1886
811.95,1860
812.069,1871
812.188,1890
812.307,1863
812.425,1922
812.544,1878
812.663,1862
812.782,1874
812.9,1841
813.019,1880
813.138,1879
813.257,1868
813.375,1848
813.494,1819
813.613,1868
813.731,1844
813.85,1826
813.969,1832
814.088,1810
814.206,1752
814.325,1799
814.444,1834
814.562,1826
814.681,1833
814.8,1808
814.918,1799
815.037,1789
815.156,1808
815.274,1803
815.393,1769
815.512,1797
815.631,1771
815.749,1775
815.868,1805
815.987,1789
816.105,1834
816.224,1818
816.343,1826
816.461,1845
816.58,1839
816.698,1854
816.817,1875
816.936,1907
817.055,1846
817.173,1883
817.292,1766
817.41,1824
817.529,1822
817.648,1790
817.766,1754
817.885,1771
818.004,1714
818.122,1758
818.241,1724
818.359,1683
818.478,1716
818.597,1699
818.715,1655
818.834,1666
818.953,1656
819.071,1670
819.19,1578
819.308,1675
819.427,1642
819.546,1584
819.664,1627
819.783,1609
819.901,1652
820.02,1614
820.138,1620
820.257,1626
820.376,1605
820.494,1626
820.613,1591
820.731,1584
820.85,1589
820.969,1608
821.087,1584
821.206,1604
821.324,1561
821.443,1563
821.561,1591
821.68,1557
821.798,1538
821.917,1539
822.035,1539
822.154,1542
822.273,1600
822.391,1566
822.51,1538
822.628,1595
822.747,1537
822.865,1524
822.984,1557
823.102,1568
823.221,1522
823.339,1522
823.458,1542
823.576,1528
823.695,1572
823.813,1558
823.932,1523
824.05,1516
824.169,1554
824.287,1556
824.406,1509
824.524,1567
824.643,1560
824.761,1571
824.88,1541
824.998,1486
825.117,1541
825.235,1567
825.354,1500
825.472,1527
825.591,1520
825.709,1523
825.828,1545
825.946,1512
826.064,1564
826.183,1534
826.301,1458
826.42,1511
826.538,1477
826.657,1482
826.775,1497
826.894,1508
827.012,1531
827.13,1498
827.249,1500
827.367,1568
827.486,1464
827.604,1576
827.723,1531
827.841,1496
827.959,1486
828.078,1485
828.196,1515
828.315,1477
828.433,1455
828.552,1490
828.67,1468
828.788,1439
828.907,1511
829.025,1548
829.143,1468
829.262,1521
829.38,1492
829.499,1497
829.617,1476
829.735,1506
829.854,1527
829.972,1490
830.091,1481
830.209,1492
830.327,1490
830.446,1464
830.564,1478
830.682,1496
830.801,1523
830.919,1530
831.037,1519
831.156,1545
831.274,1523
831.392,1511
831.511,1493
831.629,1472
831.747,1490
831.866,1481
831.984,1498
832.102,1488
832.221,1448
832.339,1549
832.457,1518
832.576,1550
832.694,1525
832.812,1490
832.93,1465
833.049,1509
833.167,1496
833.285,1511
833.404,1484
833.522,1495
833.64,1442
833.759,1497
833.877,1469
833.995,1478
834.113,1536
834.232,1507
834.35,1494
834.468,1474
834.586,1486
834.705,1492
834.823,1498
834.941,1535
835.059,1493
835.178,1526
835.296,1524
835.414,1504
835.532,1513
835.651,1474
835.769,1472
835.887,1477
836.005,1473
836.124,1495
836.242,1474
836.36,1472
836.478,1452
836.596,1494
836.715,1445
836.833,1466
836.951,1484
837.069,1487
837.188,1476
837.306,1497
837.424,1486
837.542,1472
837.66,1462
837.779,1494
837.897,1489
838.015,1469
838.133,1475
838.251,1470
838.369,1420
838.487,1473
838.606,1520
838.724,1490
838.842,1517
838.96,1473
839.078,1542
839.196,1528
839.315,1546
839.433,1572
839.551,1571
839.669,1549
839.787,1524
839.905,1544
840.023,1569
840.142,1602
840.26,1581
840.378,1588
840.496,1580
840.614,1608
840.732,1584
840.85,1601
840.968,1585
841.087,1609
841.205,1598
841.323,1667
841.441,1625
841.559,1638
841.677,1642
841.795,1675
841.913,1606
842.031,1652
842.149,1665
842.267,1657
842.385,1625
842.504,1605
842.622,1595
842.74,1540
842.858,1511
842.976,1562
843.094,1548
843.212,1580
843.33,1585
843.448,1623
843.566,1590
843.684,1546
843.802,1544
843.92,1579
844.038,1592
844.156,1574
844.274,1561
844.392,1527
844.51,1546
844.628,1526
844.746,1591
844.864,1529
844.982,1517
845.1,1514
845.218,1515
845.336,1512
845.454,1533
845.572,1534
845.69,1548
845.808,1532
845.926,1555
846.044,1557
846.162,1571
846.28,1533
846.398,1606
846.516,1569
846.634,1556
846.752,1629
846.87,1547
846.988,1569
847.106,1566
847.224,1595
847.342,1612
847.46,1568
847.578,1512
847.696,1572
847.814,1545
847.932,1615
848.05,1561
848.168,1607
848.285,1564
848.403,1556
848.521,1556
848.639,1552
848.757,1554
848.875,1582
848.993,1552
849.111,1541
849.229,1559
849.347,1580
849.465,1571
849.582,1604
849.7,1541
849.818,1582
849.936,1573
850.054,1565
850.172,1563
850.29,1550
850.408,1583
850.525,1574
850.643,1577
850.761,1582
850.879,1544
850.997,1545
851.115,1569
851.233,1561
851.35,1581
851.468,1553
851.586,1572
851.704,1544
851.822,1569
851.94,1585
852.057,1597
852.175,1603
852.293,1631
852.411,1738
852.529,1728
852.647,1717
852.764,1711
852.882,1675
853.0,1650
853.118,1655
853.236,1662
853.353,1596
853.471,1603
853.589,1576
853.707,1546
853.824,1573
853.942,1550
854.06,1542
854.178,1575
854.296,1560
854.413,1591
854.531,1670
854.649,1627
854.767,1645
854.884,1612
855.002,1628
855.12,1604
855.238,1632
855.355,1588
855.473,1610
855.591,1606
855.708,1655
855.826,1649
855.944,1649
856.062,1643
856.179,1642
856.297,1645
856.415,1669
856.532,1641
856.65,1661
856.768,1652
856.886,1729
857.003,1673
857.121,1669
857.239,1609
857.356,1658
857.474,1619
857.592,1654
857.709,1621
857.827,1618
857.945,1596
858.062,1632
858.18,1634
858.298,1631
858.415,1609
858.533,1626
858.651,1637
858.768,1608
858.886,1604
859.003,1604
859.121,1563
859.239,1629
859.356,1580
859.474,1609
859.592,1562
859.709,1617
859.827,1595
859.944,1545
860.062,1600
860.18,1582
860.297,1585
860.415,1551
860.532,1566
860.65,1577
860.768,1557
860.885,1600
861.003,1568
861.12,1586
861.238,1554
861.356,1555
861.473,1570
861.591,1575
861.708,1593
861.826,1614
861.943,1557
862.061,1539
862.178,1563
862.296,1551
862.414,1517
862.531,1505
862.649,1474
862.766,1506
862.884,1516
863.001,1494
863.119,1504
863.236,1537
863.354,1569
863.471,1598
863.589,1606
863.706,1583
863.824,1616
863.941,1635
864.059,1631
864.176,1560
864.294,1523
864.411,1530
864.529,1494
864.646,1497
864.764,1555
864.881,1528
864.999,1522
865.116,1505
865.233,1520
865.351,1492
865.468,1522
865.586,1523
865.703,1496
865.821,1513
865.938,1539
866.056,1535
866.173,1483
866.29,1513
866.408,1498
866.525,1542
866.643,1582
866.76,1531
866.878,1520
866.995,1554
867.112,1512
867.23,1536
867.347,1538
867.465,1573
867.582,1536
867.699,1588
867.817,1538
867.934,1550
868.051,1575
868.169,1543
868.286,1553
868.404,1550
868.521,1544
868.638,1526
868.756,1560
868.873,1578
868.99,1622
869.108,1615
869.225,1577
869.342,1548
869.46,1563
869.577,1608
869.694,1650
869.812,1632
869.929,1572
870.046,1643
870.164,1588
870.281,1639
870.398,1684
870.516,1606
870.633,1645
870.75,1658
870.867,1659
870.985,1643
871.102,1673
871.219,1670
871.337,1681
871.454,1656
871.571,1666
871.688,1653
871.806,1657
871.923,1633
872.04,1665
872.157,1625
872.275,1662
872.392,1673
872.509,1642
872.626,1628
872.744,1641
872.861,1607
872.978,1614
873.095,1610
873.213,1630
873.33,1608
873.447,1584
873.564,1600
873.681,1557
873.799,1650
873.916,1635
874.033,1576
874.15,1565
874.267,1600
874.385,1564
874.502,1619
874.619,1596
874.736,1605
874.853,1598
874.97,1651
875.088,1636
875.205,1643
875.322,1582
875.439,1616
875.556,1616
875.673,1625
875.791,1607
875.908,1637
876.025,1585
876.142,1570
876.259,1587
876.376,1614
876.493,1597
876.61,1567
876.728,1596
876.845,1581
876.962,1641
877.079,1631
877.196,1528
877.313,1644
877.43,1625
877.547,1601
877.664,1588
877.781,1633
877.898,1616
878.016,1562
878.133,1571
878.25,1583
878.367,1552
878.484,1570
878.601,1591
878.718,1524
878.835,1585
878.952,1583
879.069,1507
879.186,1551
879.303,1528
879.42,1518
879.537,1537
879.654,1528
879.771,1518
879.888,1524
880.005,1476
880.122,1491
880.239,1508
880.356,1494
880.473,1484
880.59,1456
880.707,1530
880.824,1512
880.941,1458
881.058,1485
881.175,1504
881.292,1485
881.409,1490
881.526,1520
881.643,1513
881.76,1520
881.877,1509
881.994,1501
882.111,1519
882.228,1498
882.345,1477
882.462,1501
882.579,1483
882.696,1490
882.812,1474
882.929,1470
883.046,1522
883.163,1509
883.28,1503
883.397,1461
883.514,1510
883.631,1483
883.748,1483
883.865,1498
883.982,1509
884.098,1518
884.215,1505
884.332,1537
884.449,1545
884.566,1582
884.683,1628
884.8,1637
884.916,1657
885.033,1725
885.15,1666
885.267,1727
885.384,1734
885.501,1740
885.617,1814
885.734,1821
885.851,1814
885.968,1757
886.085,1745
886.202,1776
886.318,1773
886.435,1783
886.552,1836
886.669,1718
886.786,1751
886.902,1776
887.019,1743
887.136,1717
887.253,1735
887.369,1736
887.486,1673
887.603,1677
887.72,1671
887.837,1654
887.953,1625
888.07,1545
888.187,1605
888.304,1532
888.42,1530
888.537,1541
888.654,1498
888.77,1519
888.887,1467
889.004,1459
889.121,1458
889.237,1440
889.354,1438
889.471,1491
889.587,1431
889.704,1430
889.821,1416
889.938,1439
890.054,1423
890.171,1468
890.288,1457
890.404,1455
890.521,1442
890.638,1450
890.754,1436
890.871,1512
890.988,1459
891.104,1507
891.221,1471
891.337,1485
891.454,1476
891.571,1537
891.687,1460
891.804,1508
891.921,1504
892.037,1504
892.154,1454
892.27,1500
892.387,1475
892.504,1494
892.62,1464
892.737,1457
892.854,1493
892.97,1441
893.087,1472
893.203,1436
893.32,1443
893.436,1443
893.553,1471
893.67,1428
893.786,1474
893.903,1446
894.019,1513
894.136,1459
894.252,1450
894.369,1485
894.485,1469
894.602,1487
894.718,1477
894.835,1462
894.951,1455
895.068,1408
895.184,1424
895.301,1466
895.417,1421
895.534,1453
895.65,1466
895.767,1450
895.883,1429
896.0,1432
896.116,1458
896.233,1429
896.349,1452
896.466,1462
896.582,1439
896.699,1457
896.815,1461
896.932,1429
897.048,1463
897.165,1483
897.281,1514
897.397,1434
897.514,1452
897.63,1450
897.747,1480
897.863,1504
897.979,1471
898.096,1477
898.212,1490
898.329,1429
898.445,1498
898.561,1523
898.678,1493
898.794,1532
898.911,1485
899.027,1523
899.143,1474
899.26,1525
899.376,1454
899.492,1453
899.609,1497
899.725,1524
899.842,1505
899.958,1500
900.074,1514
900.191,1501
900.307,1512
900.423,1499
900.539,1485
900.656,1451
900.772,1434
900.888,1482
901.005,1506
901.121,1458
901.237,1507
901.354,1501
901.47,1543
901.586,1525
901.703,1511
901.819,1489
901.935,1555
902.051,1531
902.168,1610
902.284,1609
902.4,1614
902.516,1638
902.633,1603
902.749,1644
902.865,1621
902.981,1642
903.098,1645
903.214,1620
903.33,1656
903.446,1628
903.562,1635
903.679,1672
903.795,1651
903.911,1660
904.027,1592
904.143,1642
904.26,1602
904.376,1582
904.492,1578
904.608,1530
904.724,1593
904.841,1531
904.957,1489
905.073,1559
905.189,1528
905.305,1517
905.421,1515
905.538,1463
905.654,1506
905.77,1477
905.886,1448
906.002,1510
906.118,1446
906.234,1472
906.35,1485
906.466,1480
906.583,1388
906.699,1473
906.815,1464
906.931,1441
907.047,1482
907.163,1485
907.279,1475
907.395,1454
907.511,1399
907.627,1453
907.743,1498
907.859,1430
907.976,1460
908.092,1448
908.208,1453
908.324,1436
908.44,1415
908.556,1460
908.672,1426
908.788,1451
908.904,1459
909.02,1467
909.136,1457
909.252,1450
909.368,1447
909.484,1451
909.6,1479
909.716,1475
909.832,1446
909.948,1464
910.064,1464
910.18,1477
910.296,1443
910.412,1438
910.528,1432
910.644,1431
910.76,1419
910.875,1457
910.991,1438
911.107,1480
911.223,1457
911.339,1483
911.455,1432
911.571,1477
911.687,1435
911.803,1429
911.919,1451
912.035,1417
912.151,1453
912.267,1469
912.382,1437
912.498,1419
912.614,1447
912.73,1438
912.846,1454
