792.446,486
792.565,512
792.684,564
792.803,534
792.922,500
793.041,496
793.16,462
793.279,505
793.398,519
793.518,472
793.637,503
793.756,483
793.875,505
793.994,505
794.113,508
794.232,468
794.351,490
794.47,502
794.589,485
794.708,470
794.827,480
794.946,479
795.066,507
795.185,494
795.304,502
795.423,470
795.542,480
795.661,481
795.78,452
795.899,495
796.018,477
796.137,492
796.256,473
796.375,492
796.494,483
796.613,492
796.732,473
796.851,472
796.97,463
797.089,483
797.208,467
797.327,480
797.446,474
797.565,482
797.684,472
797.803,495
797.922,469
798.041,497
798.16,465
798.279,490
798.398,491
798.517,473
798.636,504
798.755,468
798.874,486
798.993,473
799.112,483
799.231,496
799.35,465
799.469,476
799.588,470
799.707,473
799.826,490
799.945,479
800.064,479
800.183,472
800.302,479
800.421,507
800.54,481
800.659,488
800.778,476
800.897,474
801.016,473
801.135,462
801.254,491
801.373,466
801.492,480
801.611,492
801.729,477
801.848,481
801.967,474
802.086,473
802.205,473
802.324,469
802.443,461
802.562,481
802.681,474
802.8,465
802.919,454
803.038,476
803.157,486
803.276,458
803.394,471
803.513,469
803.632,492
803.751,480
803.87,484
803.989,477
804.108,452
804.227,487
804.346,497
804.465,489
804.583,474
804.702,492
804.821,460
804.94,486
805.059,487
805.178,449
805.297,469
805.416,474
805.535,489
805.653,460
805.772,473
805.891,485
806.01,484
806.129,461
806.248,461
806.367,479
806.485,479
806.604,471
806.723,471
806.842,476
806.961,476
807.08,486
807.198,454
807.317,496
807.436,483
807.555,456
807.674,480
807.793,469
807.912,457
808.03,470
808.149,501
808.268,473
808.387,485
808.506,475
808.624,481
808.743,473
808.862,468
808.981,459
809.1,482
809.219,480
809.337,474
809.456,480
809.575,482
809.694,482
809.812,440
809.931,478
810.05,437
810.169,481
810.288,480
810.406,472
810.525,459
810.644,473
810.763,481
810.882,469
811.0,493
811.119,472
811.238,474
811.357,468
811.475,492
811.594,470
811.713,477
811.832,474
811.95,470
812.069,488
812.188,470
812.307,491
812.425,495
812.544,470
812.663,455
812.782,455
812.9,451
813.019,486
813.138,464
813.257,493
813.375,486
813.494,466
813.613,458
813.731,490
813.85,472
813.969,481
814.088,469
814.206,489
814.325,459
814.444,484
814.562,473
814.681,465
814.8,442
814.918,477
815.037,460
815.156,484
815.274,456
815.393,476
815.512,465
815.631,479
815.749,470
815.868,488
815.987,486
816.105,484
816.224,475
816.343,459
816.461,485
816.58,491
816.698,456
816.817,474
816.936,468
817.055,477
817.173,460
817.292,453
817.41,471
817.529,464
817.648,465
817.766,476
817.885,455
818.004,463
818.122,463
818.241,464
818.359,474
818.478,456
818.597,456
818.715,453
818.834,468
818.953,452
819.071,446
819.19,472
819.308,461
819.427,468
819.546,442
819.664,469
819.783,446
819.901,472
820.02,436
820.138,450
820.257,457
820.376,467
820.494,450
820.613,455
820.731,462
820.85,449
820.969,445
821.087,468
821.206,451
821.324,460
821.443,458
821.561,456
821.68,460
821.798,452
821.917,446
822.035,447
822.154,458
822.273,439
822.391,461
822.51,439
822.628,441
822.747,437
822.865,450
822.984,434
823.102,447
823.221,454
823.339,444
823.458,439
823.576,446
823.695,449
823.813,453
823.932,457
824.05,452
824.169,434
824.287,452
824.406,443
824.524,451
824.643,450
824.761,440
824.88,469
824.998,467
825.117,438
825.235,440
825.354,452
825.472,453
825.591,446
825.709,457
825.828,437
825.946,449
826.064,438
826.183,459
826.301,454
826.42,439
826.538,437
826.657,454
826.775,452
826.894,448
827.012,433
827.13,432
827.249,452
827.367,441
827.486,449
827.604,433
827.723,437
827.841,452
827.959,442
828.078,421
828.196,454
828.315,449
828.433,453
828.552,447
828.67,421
828.788,425
828.907,447
829.025,450
829.143,430
829.262,444
829.38,445
829.499,441
829.617,465
829.735,443
829.854,462
829.972,448
830.091,479
830.209,455
830.327,450
830.446,457
830.564,452
830.682,450
830.801,437
830.919,445
831.037,431
831.156,447
831.274,434
831.392,447
831.511,448
831.629,446
831.747,435
831.866,439
831.984,443
832.102,429
832.221,440
832.339,434
832.457,454
832.576,449
832.694,434
832.812,451
832.93,429
833.049,461
833.167,439
833.285,457
833.404,436
833.522,430
833.64,435
833.759,456
833.877,445
833.995,431
834.113,425
834.232,427
834.35,450
834.468,463
834.586,446
834.705,442
834.823,448
834.941,450
835.059,444
835.178,438
835.296,434
835.414,445
835.532,458
835.651,456
835.769,439
835.887,451
836.005,446
836.124,430
836.242,428
836.36,434
836.478,440
836.596,453
836.715,448
836.833,427
836.951,448
837.069,422
837.188,438
837.306,444
837.424,441
837.542,440
837.66,437
837.779,440
837.897,440
838.015,438
838.133,449
838.251,418
838.369,437
838.487,447
838.606,459
838.724,445
838.842,433
838.96,444
839.078,436
839.196,438
839.315,461
839.433,447
839.551,443
839.669,432
839.787,453
839.905,438
840.023,430
840.142,448
840.26,438
840.378,445
840.496,433
840.614,426
840.732,436
840.85,427
840.968,449
841.087,425
841.205,429
841.323,433
841.441,439
841.559,440
841.677,422
841.795,435
841.913,432
842.031,449
842.149,439
842.267,429
842.385,440
842.504,445
842.622,437
842.74,443
842.858,436
842.976,446
843.094,418
843.212,416
843.33,443
843.448,415
843.566,450
843.684,424
843.802,433
843.92,435
844.038,440
844.156,439
844.274,433
844.392,431
844.51,446
844.628,451
844.746,436
844.864,420
844.982,429
845.1,420
845.218,463
845.336,436
845.454,444
845.572,444
845.69,440
845.808,429
845.926,440
846.044,410
846.162,439
846.28,454
846.398,448
846.516,427
846.634,436
846.752,419
846.87,432
846.988,444
847.106,423
847.224,437
847.342,431
847.46,435
847.578,441
847.696,438
847.814,433
847.932,434
848.05,425
848.168,442
848.285,425
848.403,440
848.521,440
848.639,457
848.757,436
848.875,433
848.993,440
849.111,441
849.229,451
849.347,423
849.465,436
849.582,451
849.7,433
849.818,421
849.936,414
850.054,420
850.172,450
850.29,438
850.408,437
850.525,434
850.643,438
850.761,435
850.879,417
850.997,446
851.115,412
851.233,434
851.35,436
851.468,451
851.586,435
851.704,449
851.822,433
851.94,429
852.057,428
852.175,456
852.293,427
852.411,449
852.529,444
852.647,435
852.764,440
852.882,448
853.0,445
853.118,432
853.236,423
853.353,451
853.471,455
853.589,442
853.707,434
853.824,437
853.942,450
854.06,433
854.178,439
854.296,434
854.413,421
854.531,433
854.649,443
854.767,446
854.884,409
855.002,422
855.12,452
855.238,440
855.355,425
855.473,451
855.591,451
855.708,438
855.826,442
855.944,426
856.062,443
856.179,423
856.297,424
856.415,439
856.532,448
856.65,448
856.768,458
856.886,441
857.003,422
857.121,427
857.239,437
857.356,433
857.474,450
857.592,447
857.709,445
857.827,439
857.945,450
858.062,425
858.18,433
858.298,445
858.415,431
858.533,446
858.651,459
858.768,454
858.886,458
859.003,422
859.121,439
859.239,439
859.356,452
859.474,445
859.592,435
859.709,444
859.827,451
859.944,441
860.062,421
860.18,435
860.297,416
860.415,435
860.532,435
860.65,431
860.768,444
860.885,440
861.003,440
861.12,433
861.238,418
861.356,435
861.473,442
861.591,437
861.708,436
861.826,436
861.943,430
862.061,428
862.178,438
862.296,445
862.414,433
862.531,432
862.649,424
862.766,446
862.884,442
863.001,423
863.119,450
863.236,420
863.354,438
863.471,427
863.589,430
863.706,433
863.824,453
863.941,443
864.059,452
864.176,442
864.294,442
864.411,439
864.529,418
864.646,434
864.764,446
864.881,444
864.999,441
865.116,444
865.233,400
865.351,438
865.468,445
865.586,429
865.703,461
865.821,442
865.938,436
866.056,427
866.173,454
866.29,429
866.408,433
866.525,439
866.643,436
866.76,429
866.878,447
866.995,434
867.112,434
867.23,444
867.347,437
867.465,447
867.582,447
867.699,445
867.817,437
867.934,429
868.051,452
868.169,439
868.286,455
868.404,436
868.521,443
868.638,420
868.756,434
868.873,430
868.99,450
869.108,431
869.225,453
869.342,450
869.46,431
869.577,431
869.694,427
869.812,418
869.929,440
870.046,430
870.164,441
870.281,449
870.398,435
870.516,438
870.633,446
870.75,445
870.867,450
870.985,433
871.102,437
871.219,446
871.337,438
871.454,433
871.571,437
871.688,424
871.806,425
871.923,444
872.04,434
872.157,443
872.275,438
872.392,434
872.509,443
872.626,434
872.744,453
872.861,442
872.978,445
873.095,439
873.213,437
873.33,443
873.447,453
873.564,448
873.681,434
873.799,430
873.916,442
874.033,441
874.15,441
874.267,444
874.385,455
874.502,450
874.619,452
874.736,436
874.853,441
874.97,430
875.088,445
875.205,439
875.322,448
875.439,428
875.556,448
875.673,425
875.791,454
875.908,433
876.025,431
876.142,446
876.259,442
876.376,437
876.493,444
876.61,450
876.728,429
876.845,447
876.962,427
877.079,438
877.196,441
877.313,438
877.43,430
877.547,432
877.664,434
877.781,431
877.898,457
878.016,433
878.133,445
878.25,435
878.367,422
878.484,435
878.601,439
878.718,445
878.835,425
878.952,405
879.069,428
879.186,433
879.303,439
879.42,436
879.537,437
879.654,436
879.771,436
879.888,449
880.005,446
880.122,441
880.239,438
880.356,439
880.473,429
880.59,443
880.707,440
880.824,439
880.941,450
881.058,424
881.175,456
881.292,436
881.409,448
881.526,432
881.643,435
881.76,447
881.877,434
881.994,462
882.111,463
882.228,448
882.345,447
882.462,452
882.579,435
882.696,433
882.812,434
882.929,452
883.046,442
883.163,445
883.28,463
883.397,435
883.514,449
883.631,441
883.748,447
883.865,460
883.982,441
884.098,427
884.215,428
884.332,440
884.449,454
884.566,457
884.683,447
884.8,444
884.916,444
885.033,447
885.15,448
885.267,447
885.384,444
885.501,433
885.617,440
885.734,435
885.851,447
885.968,446
886.085,425
886.202,446
886.318,450
886.435,446
886.552,442
886.669,464
886.786,437
886.902,419
887.019,454
887.136,416
887.253,437
887.369,423
887.486,440
887.603,433
887.72,452
887.837,458
887.953,435
888.07,422
888.187,445
888.304,465
888.42,458
888.537,430
888.654,443
888.77,426
888.887,459
889.004,433
889.121,449
889.237,462
889.354,435
889.471,427
889.587,466
889.704,440
889.821,439
889.938,444
890.054,466
890.171,434
890.288,459
890.404,450
890.521,460
890.638,456
890.754,462
890.871,427
890.988,456
891.104,441
891.221,458
891.337,438
891.454,429
891.571,464
891.687,445
891.804,443
891.921,470
892.037,435
892.154,457
892.27,437
892.387,458
892.504,441
892.62,453
892.737,455
892.854,434
892.97,448
893.087,437
893.203,435
893.32,449
893.436,441
893.553,455
893.67,460
893.786,446
893.903,442
894.019,429
894.136,442
894.252,452
894.369,457
894.485,441
894.602,438
894.718,452
894.835,450
894.951,443
895.068,446
895.184,431
895.301,443
895.417,455
895.534,435
895.65,439
895.767,438
895.883,454
896.0,444
896.116,472
896.233,454
896.349,441
896.466,432
896.582,426
896.699,439
896.815,441
896.932,452
897.048,435
897.165,446
897.281,453
897.397,436
897.514,441
897.63,449
897.747,446
897.863,451
897.979,450
898.096,444
898.212,435
898.329,444
898.445,436
898.561,450
898.678,456
898.794,461
898.911,431
899.027,424
899.143,439
899.26,435
899.376,462
899.492,463
899.609,450
899.725,454
899.842,451
899.958,443
900.074,471
900.191,436
900.307,442
900.423,456
900.539,435
900.656,438
900.772,460
900.888,437
901.005,460
901.121,456
901.237,453
901.354,463
901.47,451
901.586,442
901.703,461
901.819,446
901.935,458
902.051,431
902.168,455
902.284,455
902.4,455
902.516,457
902.633,462
902.749,460
902.865,455
902.981,434
903.098,460
903.214,456
903.33,451
903.446,450
903.562,450
903.679,452
903.795,460
903.911,457
904.027,435
904.143,434
904.26,462
904.376,459
904.492,436
904.608,447
904.724,444
904.841,441
904.957,432
905.073,444
905.189,448
905.305,426
905.421,450
905.538,471
905.654,441
905.77,464
905.886,442
906.002,483
906.118,463
906.234,451
906.35,446
906.466,450
906.583,462
906.699,455
906.815,467
906.931,463
907.047,465
907.163,455
907.279,456
907.395,449
907.511,476
907.627,452
907.743,457
907.859,450
907.976,469
908.092,446
908.208,451
908.324,471
908.44,440
908.556,464
908.672,456
908.788,465
908.904,463
909.02,464
909.136,441
909.252,466
909.368,431
909.484,462
909.6,447
909.716,453
909.832,443
909.948,463
910.064,467
910.18,446
910.296,447
910.412,449
910.528,458
910.644,460
910.76,463
910.875,469
910.991,467
911.107,460
911.223,455
911.339,433
911.455,454
911.571,450
911.687,446
911.803,459
911.919,449
912.035,457
912.151,439
912.267,463
912.382,448
912.498,450
912.614,466
912.73,442
912.846,472
792.446,489
792.565,524
792.684,559
792.803,535
792.922,497
793.041,484
793.16,484
793.279,500
793.398,513
793.518,485
793.637,485
793.756,479
793.875,514
793.994,526
794.113,513
794.232,508
794.351,491
794.47,480
794.589,508
794.708,481
794.827,465
794.946,498
795.066,497
795.185,511
795.304,507
795.423,489
795.542,490
795.661,469
795.78,499
795.899,481
796.018,461
796.137,485
796.256,494
796.375,498
796.494,499
796.613,496
796.732,469
796.851,475
796.97,491
797.089,502
797.208,485
797.327,472
797.446,474
797.565,482
797.684,490
797.803,472
797.922,473
798.041,486
798.16,478
798.279,483
798.398,487
798.517,482
798.636,481
798.755,479
798.874,480
798.993,478
799.112,468
799.231,458
799.35,471
799.469,470
799.588,493
799.707,463
799.826,485
799.945,483
800.064,480
800.183,485
800.302,481
800.421,471
800.54,469
800.659,499
800.778,486
800.897,479
801.016,463
801.135,486
801.254,482
801.373,482
801.492,471
801.611,474
801.729,471
801.848,491
801.967,480
802.086,456
802.205,468
802.324,468
802.443,460
802.562,468
802.681,482
802.8,484
802.919,488
803.038,461
803.157,505
803.276,484
803.394,485
803.513,489
803.632,465
803.751,487
803.87,461
803.989,458
804.108,472
804.227,480
804.346,485
804.465,503
804.583,472
804.702,467
804.821,472
804.94,483
805.059,476
805.178,478
805.297,474
805.416,477
805.535,477
805.653,486
805.772,467
805.891,489
806.01,476
806.129,492
806.248,482
806.367,473
806.485,480
806.604,467
806.723,480
806.842,479
806.961,465
807.08,467
807.198,457
807.317,486
807.436,450
807.555,485
807.674,471
807.793,477
807.912,486
808.03,468
808.149,479
808.268,464
808.387,474
808.506,458
808.624,479
808.743,460
808.862,479
808.981,473
809.1,486
809.219,484
809.337,476
809.456,470
809.575,469
809.694,469
809.812,468
809.931,470
810.05,466
810.169,465
810.288,488
810.406,478
810.525,464
810.644,495
810.763,472
810.882,498
811.0,460
811.119,506
811.238,463
811.357,487
811.475,492
811.594,452
811.713,469
811.832,482
811.95,482
812.069,481
812.188,467
812.307,484
812.425,467
812.544,480
812.663,469
812.782,474
812.9,450
813.019,487
813.138,449
813.257,482
813.375,475
813.494,485
813.613,474
813.731,476
813.85,485
813.969,465
814.088,477
814.206,480
814.325,472
814.444,469
814.562,486
814.681,462
814.8,474
814.918,484
815.037,485
815.156,487
815.274,469
815.393,463
815.512,460
815.631,471
815.749,476
815.868,465
815.987,469
816.105,476
816.224,472
816.343,459
816.461,455
816.58,469
816.698,481
816.817,493
816.936,470
817.055,487
817.173,473
817.292,458
817.41,471
817.529,476
817.648,473
817.766,473
817.885,467
818.004,442
818.122,449
818.241,459
818.359,469
818.478,474
818.597,467
818.715,453
818.834,470
818.953,463
819.071,452
819.19,464
819.308,484
819.427,450
819.546,457
819.664,467
819.783,447
819.901,474
820.02,468
820.138,477
820.257,468
820.376,465
820.494,444
820.613,430
820.731,458
820.85,456
820.969,472
821.087,469
821.206,440
821.324,441
821.443,448
821.561,443
821.68,453
821.798,448
821.917,454
822.035,450
822.154,444
822.273,445
822.391,456
822.51,458
822.628,455
822.747,460
822.865,455
822.984,451
823.102,440
823.221,440
823.339,453
823.458,468
823.576,454
823.695,443
823.813,465
823.932,432
824.05,450
824.169,465
824.287,433
824.406,462
824.524,457
824.643,456
824.761,449
824.88,440
824.998,445
825.117,462
825.235,444
825.354,449
825.472,460
825.591,443
825.709,447
825.828,467
825.946,445
826.064,449
826.183,444
826.301,452
826.42,452
826.538,439
826.657,456
826.775,430
826.894,466
827.012,460
827.13,459
827.249,438
827.367,453
827.486,460
827.604,469
827.723,452
827.841,455
827.959,448
828.078,435
828.196,467
828.315,446
828.433,467
828.552,441
828.67,450
828.788,442
828.907,469
829.025,431
829.143,450
829.262,449
829.38,451
829.499,428
829.617,451
829.735,451
829.854,439
829.972,438
830.091,437
830.209,441
830.327,454
830.446,455
830.564,435
830.682,443
830.801,444
830.919,430
831.037,474
831.156,428
831.274,453
831.392,425
831.511,459
831.629,455
831.747,448
831.866,456
831.984,441
832.102,448
832.221,458
832.339,444
832.457,439
832.576,440
832.694,452
832.812,451
832.93,440
833.049,439
833.167,448
833.285,447
833.404,440
833.522,436
833.64,453
833.759,442
833.877,444
833.995,445
834.113,435
834.232,432
834.35,446
834.468,446
834.586,441
834.705,456
834.823,441
834.941,451
835.059,448
835.178,426
835.296,451
835.414,448
835.532,450
835.651,449
835.769,458
835.887,457
836.005,454
836.124,437
836.242,441
836.36,430
836.478,452
836.596,429
836.715,435
836.833,466
836.951,437
837.069,445
837.188,425
837.306,449
837.424,449
837.542,442
837.66,448
837.779,460
837.897,440
838.015,450
838.133,443
838.251,457
838.369,433
838.487,440
838.606,448
838.724,426
838.842,445
838.96,456
839.078,451
839.196,420
839.315,436
839.433,437
839.551,430
839.669,448
839.787,457
839.905,431
840.023,446
840.142,425
840.26,436
840.378,451
840.496,454
840.614,420
840.732,446
840.85,444
840.968,447
841.087,463
841.205,442
841.323,427
841.441,445
841.559,428
841.677,447
841.795,425
841.913,438
842.031,457
842.149,446
842.267,441
842.385,434
842.504,439
842.622,458
842.74,427
842.858,430
842.976,425
843.094,447
843.212,442
843.33,442
843.448,443
843.566,443
843.684,434
843.802,424
843.92,415
844.038,450
844.156,446
844.274,463
844.392,430
844.51,421
844.628,439
844.746,438
844.864,436
844.982,444
845.1,444
845.218,428
845.336,429
845.454,441
845.572,440
845.69,436
845.808,443
845.926,444
846.044,446
846.162,428
846.28,437
846.398,417
846.516,442
846.634,426
846.752,440
846.87,454
846.988,428
847.106,425
847.224,433
847.342,434
847.46,431
847.578,444
847.696,448
847.814,449
847.932,437
848.05,429
848.168,430
848.285,430
848.403,423
848.521,430
848.639,424
848.757,442
848.875,436
848.993,440
849.111,446
849.229,431
849.347,420
849.465,450
849.582,445
849.7,435
849.818,433
849.936,437
850.054,418
850.172,428
850.29,446
850.408,424
850.525,451
850.643,456
850.761,438
850.879,435
850.997,423
851.115,418
851.233,434
851.35,437
851.468,444
851.586,436
851.704,439
851.822,445
851.94,411
852.057,440
852.175,438
852.293,438
852.411,445
852.529,432
852.647,444
852.764,435
852.882,431
853.0,441
853.118,434
853.236,443
853.353,428
853.471,441
853.589,439
853.707,434
853.824,436
853.942,443
854.06,450
854.178,434
854.296,430
854.413,435
854.531,437
854.649,443
854.767,439
854.884,444
855.002,439
855.12,425
855.238,452
855.355,448
855.473,444
855.591,448
855.708,436
855.826,470
855.944,445
856.062,433
856.179,426
856.297,428
856.415,445
856.532,424
856.65,428
856.768,443
856.886,434
857.003,425
857.121,436
857.239,433
857.356,445
857.474,436
857.592,444
857.709,446
857.827,441
857.945,444
858.062,437
858.18,453
858.298,435
858.415,436
858.533,436
858.651,443
858.768,449
858.886,436
859.003,446
859.121,451
859.239,442
859.356,430
859.474,436
859.592,443
859.709,450
859.827,443
859.944,434
860.062,423
860.18,433
860.297,442
860.415,436
860.532,436
860.65,440
860.768,427
860.885,445
861.003,435
861.12,440
861.238,447
861.356,435
861.473,442
861.591,450
861.708,448
861.826,436
861.943,446
862.061,441
862.178,444
862.296,450
862.414,438
862.531,431
862.649,438
862.766,440
862.884,450
863.001,436
863.119,445
863.236,432
863.354,442
863.471,463
863.589,434
863.706,456
863.824,455
863.941,439
864.059,440
864.176,425
864.294,426
864.411,448
864.529,432
864.646,469
864.764,437
864.881,430
864.999,443
865.116,440
865.233,434
865.351,443
865.468,445
865.586,436
865.703,443
865.821,445
865.938,431
866.056,440
866.173,455
866.29,430
866.408,431
866.525,424
866.643,429
866.76,462
866.878,443
866.995,439
867.112,444
867.23,450
867.347,454
867.465,415
867.582,458
867.699,433
867.817,451
867.934,463
868.051,444
868.169,437
868.286,425
868.404,452
868.521,456
868.638,431
868.756,446
868.873,459
868.99,443
869.108,429
869.225,439
869.342,443
869.46,460
869.577,441
869.694,448
869.812,444
869.929,440
870.046,448
870.164,437
870.281,460
870.398,427
870.516,457
870.633,432
870.75,440
870.867,445
870.985,442
871.102,451
871.219,444
871.337,444
871.454,445
871.571,445
871.688,429
871.806,446
871.923,426
872.04,454
872.157,432
872.275,429
872.392,448
872.509,445
872.626,445
872.744,469
872.861,467
872.978,429
873.095,465
873.213,441
873.33,425
873.447,446
873.564,441
873.681,449
873.799,449
873.916,433
874.033,455
874.15,462
874.267,440
874.385,436
874.502,434
874.619,452
874.736,453
874.853,445
874.97,442
875.088,433
875.205,444
875.322,444
875.439,451
875.556,442
875.673,442
875.791,449
875.908,438
876.025,450
876.142,454
876.259,434
876.376,449
876.493,448
876.61,441
876.728,441
876.845,432
876.962,427
877.079,453
877.196,441
877.313,446
877.43,450
877.547,436
877.664,434
877.781,451
877.898,460
878.016,445
878.133,447
878.25,432
878.367,460
878.484,455
878.601,440
878.718,449
878.835,438
878.952,423
879.069,443
879.186,450
879.303,454
879.42,433
879.537,456
879.654,454
879.771,434
879.888,463
880.005,439
880.122,449
880.239,450
880.356,456
880.473,442
880.59,442
880.707,437
880.824,438
880.941,439
881.058,447
881.175,445
881.292,438
881.409,438
881.526,442
881.643,466
881.76,445
881.877,437
881.994,439
882.111,452
882.228,446
882.345,458
882.462,421
882.579,436
882.696,451
882.812,461
882.929,462
883.046,453
883.163,449
883.28,450
883.397,441
883.514,432
883.631,423
883.748,457
883.865,438
883.982,444
884.098,442
884.215,438
884.332,448
884.449,435
884.566,453
884.683,432
884.8,427
884.916,448
885.033,440
885.15,448
885.267,434
885.384,430
885.501,454
885.617,453
885.734,445
885.851,419
885.968,441
886.085,446
886.202,436
886.318,441
886.435,463
886.552,440
886.669,454
886.786,448
886.902,428
887.019,432
887.136,432
887.253,448
887.369,448
887.486,454
887.603,435
887.72,463
887.837,441
887.953,432
888.07,440
888.187,451
888.304,421
888.42,457
888.537,420
888.654,443
888.77,457
888.887,458
889.004,443
889.121,447
889.237,442
889.354,456
889.471,429
889.587,454
889.704,427
889.821,458
889.938,432
890.054,457
890.171,449
890.288,449
890.404,446
890.521,434
890.638,445
890.754,429
890.871,440
890.988,434
891.104,433
891.221,446
891.337,418
891.454,451
891.571,438
891.687,457
891.804,442
891.921,439
892.037,443
892.154,457
892.27,444
892.387,458
892.504,458
892.62,453
892.737,454
892.854,444
892.97,431
893.087,450
893.203,448
893.32,454
893.436,433
893.553,453
893.67,456
893.786,450
893.903,427
894.019,466
894.136,442
894.252,442
894.369,454
894.485,455
894.602,466
894.718,451
894.835,441
894.951,446
895.068,449
895.184,441
895.301,431
895.417,458
895.534,443
895.65,449
895.767,456
895.883,444
896.0,467
896.116,434
896.233,420
896.349,459
896.466,449
896.582,471
896.699,442
896.815,452
896.932,451
897.048,459
897.165,437
897.281,439
897.397,451
897.514,463
897.63,452
897.747,450
897.863,444
897.979,445
898.096,461
898.212,456
898.329,443
898.445,460
898.561,449
898.678,449
898.794,445
898.911,463
899.027,447
899.143,449
899.26,450
899.376,449
899.492,457
899.609,443
899.725,444
899.842,471
899.958,463
900.074,459
900.191,456
900.307,462
900.423,469
900.539,456
900.656,443
900.772,456
900.888,433
901.005,463
901.121,449
901.237,459
901.354,453
901.47,457
901.586,457
901.703,446
901.819,440
901.935,455
902.051,456
902.168,442
902.284,462
902.4,459
902.516,446
902.633,452
902.749,452
902.865,442
902.981,449
903.098,461
903.214,462
903.33,456
903.446,446
903.562,458
903.679,442
903.795,447
903.911,439
904.027,468
904.143,459
904.26,467
904.376,464
904.492,444
904.608,470
904.724,434
904.841,441
904.957,458
905.073,456
905.189,472
905.305,477
905.421,456
905.538,456
905.654,462
905.77,443
905.886,452
906.002,443
906.118,443
906.234,464
906.35,429
906.466,456
906.583,464
906.699,475
906.815,473
906.931,442
907.047,453
907.163,446
907.279,433
907.395,465
907.511,472
907.627,432
907.743,446
907.859,445
907.976,460
908.092,450
908.208,455
908.324,451
908.44,456
908.556,467
908.672,460
908.788,454
908.904,466
909.02,452
909.136,465
909.252,447
909.368,443
909.484,462
909.6,444
909.716,449
909.832,465
909.948,466
910.064,457
910.18,464
910.296,470
910.412,468
910.528,453
910.644,482
910.76,453
910.875,454
910.991,466
911.107,456
911.223,476
911.339,457
911.455,464
911.571,431
911.687,465
911.803,456
911.919,443
912.035,465
912.151,464
912.267,461
912.382,449
912.498,446
912.614,456
912.73,445
912.846,475
792.446,489
792.565,519
792.684,584
792.803,560
792.922,500
793.041,500
793.16,502
793.279,514
793.398,520
793.518,480
793.637,473
793.756,506
793.875,501
793.994,510
794.113,514
794.232,466
794.351,512
794.47,489
794.589,492
794.708,476
794.827,476
794.946,495
795.066,501
795.185,505
795.304,494
795.423,503
795.542,492
795.661,496
795.78,501
795.899,500
796.018,476
796.137,490
796.256,502
796.375,477
796.494,501
796.613,482
796.732,486
796.851,495
796.97,466
797.089,478
797.208,501
797.327,501
797.446,494
797.565,477
797.684,482
797.803,484
797.922,483
798.041,470
798.16,502
798.279,456
798.398,491
798.517,481
798.636,490
798.755,490
798.874,475
798.993,483
799.112,473
799.231,497
799.35,489
799.469,501
799.588,489
799.707,475
799.826,501
799.945,489
800.064,473
800.183,470
800.302,480
800.421,475
800.54,475
800.659,486
800.778,477
800.897,466
801.016,486
801.135,481
801.254,475
801.373,466
801.492,480
801.611,486
801.729,473
801.848,486
801.967,462
802.086,483
802.205,488
802.324,472
802.443,478
802.562,472
802.681,476
802.8,510
802.919,470
803.038,481
803.157,473
803.276,490
803.394,485
803.513,497
803.632,476
803.751,478
803.87,493
803.989,463
804.108,502
804.227,482
804.346,474
804.465,490
804.583,468
804.702,480
804.821,481
804.94,495
805.059,486
805.178,473
805.297,481
805.416,478
805.535,478
805.653,501
805.772,485
805.891,464
806.01,497
806.129,476
806.248,477
806.367,509
806.485,482
806.604,473
806.723,492
806.842,491
806.961,473
807.08,478
807.198,492
807.317,455
807.436,500
807.555,465
807.674,479
807.793,487
807.912,465
808.03,471
808.149,505
808.268,506
808.387,482
808.506,470
808.624,479
808.743,481
808.862,500
808.981,480
809.1,464
809.219,492
809.337,480
809.456,467
809.575,475
809.694,478
809.812,493
809.931,504
810.05,496
810.169,475
810.288,478
810.406,478
810.525,487
810.644,476
810.763,480
810.882,488
811.0,477
811.119,484
811.238,480
811.357,473
811.475,486
811.594,459
811.713,488
811.832,478
811.95,454
812.069,479
812.188,474
812.307,471
812.425,463
812.544,496
812.663,484
812.782,488
812.9,476
813.019,470
813.138,473
813.257,483
813.375,474
813.494,470
813.613,472
813.731,484
813.85,455
813.969,486
814.088,473
814.206,456
814.325,474
814.444,483
814.562,473
814.681,481
814.8,468
814.918,459
815.037,460
815.156,468
815.274,473
815.393,464
815.512,472
815.631,480
815.749,481
815.868,451
815.987,470
816.105,469
816.224,479
816.343,461
816.461,479
816.58,479
816.698,462
816.817,473
816.936,469
817.055,466
817.173,477
817.292,458
817.41,471
817.529,464
817.648,465
817.766,451
817.885,466
818.004,475
818.122,457
818.241,463
818.359,452
818.478,468
818.597,472
818.715,452
818.834,478
818.953,457
819.071,429
819.19,477
819.308,469
819.427,459
819.546,479
819.664,472
819.783,463
819.901,447
820.02,460
820.138,472
820.257,469
820.376,445
820.494,473
820.613,452
820.731,454
820.85,452
820.969,458
821.087,446
821.206,464
821.324,459
821.443,460
821.561,444
821.68,453
821.798,447
821.917,448
822.035,456
822.154,471
822.273,448
822.391,454
822.51,450
822.628,444
822.747,450
822.865,480
822.984,435
823.102,444
823.221,441
823.339,460
823.458,450
823.576,458
823.695,437
823.813,459
823.932,430
824.05,474
824.169,439
824.287,439
824.406,465
824.524,476
824.643,453
824.761,457
824.88,467
824.998,446
825.117,442
825.235,462
825.354,443
825.472,453
825.591,437
825.709,445
825.828,462
825.946,454
826.064,464
826.183,452
826.301,435
826.42,464
826.538,450
826.657,455
826.775,456
826.894,484
827.012,462
827.13,443
827.249,463
827.367,446
827.486,459
827.604,454
827.723,454
827.841,449
827.959,455
828.078,460
828.196,459
828.315,471
828.433,449
828.552,458
828.67,442
828.788,452
828.907,448
829.025,455
829.143,450
829.262,442
829.38,442
829.499,461
829.617,466
829.735,450
829.854,439
829.972,438
830.091,447
830.209,460
830.327,446
830.446,444
830.564,432
830.682,446
830.801,421
830.919,465
831.037,457
831.156,464
831.274,447
831.392,457
831.511,458
831.629,442
831.747,445
831.866,452
831.984,446
832.102,444
832.221,446
832.339,454
832.457,431
832.576,443
832.694,449
832.812,454
832.93,448
833.049,433
833.167,460
833.285,468
833.404,451
833.522,430
833.64,455
833.759,448
833.877,436
833.995,460
834.113,457
834.232,468
834.35,451
834.468,432
834.586,462
834.705,457
834.823,433
834.941,453
835.059,453
835.178,442
835.296,445
835.414,453
835.532,456
835.651,454
835.769,445
835.887,461
836.005,432
836.124,445
836.242,453
836.36,445
836.478,428
836.596,459
836.715,439
836.833,454
836.951,443
837.069,454
837.188,456
837.306,453
837.424,443
837.542,460
837.66,444
837.779,450
837.897,445
838.015,462
838.133,439
838.251,440
838.369,427
838.487,440
838.606,465
838.724,459
838.842,447
838.96,460
839.078,426
839.196,448
839.315,453
839.433,442
839.551,430
839.669,437
839.787,421
839.905,449
840.023,418
840.142,447
840.26,449
840.378,452
840.496,420
840.614,457
840.732,447
840.85,438
840.968,432
841.087,438
841.205,441
841.323,429
841.441,441
841.559,444
841.677,442
841.795,447
841.913,445
842.031,456
842.149,425
842.267,449
842.385,439
842.504,458
842.622,421
842.74,454
842.858,438
842.976,430
843.094,446
843.212,428
843.33,443
843.448,467
843.566,418
843.684,461
843.802,455
843.92,451
844.038,443
844.156,444
844.274,437
844.392,454
844.51,433
844.628,453
844.746,444
844.864,459
844.982,445
845.1,434
845.218,440
845.336,441
845.454,448
845.572,448
845.69,450
845.808,442
845.926,443
846.044,448
846.162,434
846.28,437
846.398,439
846.516,451
846.634,441
846.752,436
846.87,439
846.988,441
847.106,440
847.224,429
847.342,430
847.46,453
847.578,446
847.696,476
847.814,416
847.932,457
848.05,431
848.168,436
848.285,448
848.403,435
848.521,431
848.639,437
848.757,450
848.875,447
848.993,444
849.111,436
849.229,440
849.347,444
849.465,424
849.582,437
849.7,423
849.818,432
849.936,438
850.054,453
850.172,442
850.29,453
850.408,440
850.525,453
850.643,452
850.761,435
850.879,447
850.997,449
851.115,426
851.233,440
851.35,443
851.468,431
851.586,438
851.704,453
851.822,443
851.94,455
852.057,427
852.175,435
852.293,438
852.411,432
852.529,428
852.647,452
852.764,439
852.882,445
853.0,455
853.118,440
853.236,457
853.353,431
853.471,426
853.589,443
853.707,437
853.824,440
853.942,436
854.06,443
854.178,439
854.296,441
854.413,433
854.531,443
854.649,427
854.767,433
854.884,431
855.002,434
855.12,459
855.238,446
855.355,419
855.473,463
855.591,422
855.708,467
855.826,436
855.944,457
856.062,421
856.179,451
856.297,449
856.415,433
856.532,449
856.65,431
856.768,434
856.886,454
857.003,450
857.121,439
857.239,436
857.356,436
857.474,444
857.592,452
857.709,437
857.827,437
857.945,441
858.062,424
858.18,442
858.298,431
858.415,449
858.533,453
858.651,449
858.768,450
858.886,442
859.003,430
859.121,433
859.239,442
859.356,439
859.474,439
859.592,436
859.709,434
859.827,443
859.944,433
860.062,442
860.18,445
860.297,448
860.415,436
860.532,439
860.65,450
860.768,446
860.885,447
861.003,437
861.12,444
861.238,453
861.356,445
861.473,445
861.591,437
861.708,441
861.826,451
861.943,432
862.061,456
862.178,446
862.296,441
862.414,456
862.531,431
862.649,443
862.766,445
862.884,420
863.001,430
863.119,433
863.236,447
863.354,424
863.471,438
863.589,440
863.706,460
863.824,427
863.941,445
864.059,446
864.176,446
864.294,432
864.411,446
864.529,447
864.646,457
864.764,441
864.881,420
864.999,443
865.116,449
865.233,447
865.351,451
865.468,436
865.586,443
865.703,439
865.821,444
865.938,439
866.056,440
866.173,436
866.29,439
866.408,450
866.525,446
866.643,451
866.76,446
866.878,439
866.995,446
867.112,426
867.23,461
867.347,434
867.465,448
867.582,447
867.699,456
867.817,435
867.934,453
868.051,445
868.169,434
868.286,417
868.404,440
868.521,441
868.638,441
868.756,435
868.873,451
868.99,448
869.108,460
869.225,439
869.342,435
869.46,433
869.577,428
869.694,447
869.812,451
869.929,435
870.046,458
870.164,447
870.281,442
870.398,460
870.516,456
870.633,473
870.75,431
870.867,425
870.985,452
871.102,446
871.219,458
871.337,424
871.454,447
871.571,433
871.688,451
871.806,452
871.923,457
872.04,441
872.157,450
872.275,437
872.392,450
872.509,434
872.626,479
872.744,443
872.861,452
872.978,432
873.095,461
873.213,447
873.33,442
873.447,446
873.564,442
873.681,448
873.799,439
873.916,444
874.033,430
874.15,438
874.267,462
874.385,446
874.502,440
874.619,438
874.736,453
874.853,435
874.97,452
875.088,441
875.205,439
875.322,446
875.439,439
875.556,439
875.673,435
875.791,440
875.908,428
876.025,445
876.142,442
876.259,450
876.376,460
876.493,436
876.61,440
876.728,451
876.845,441
876.962,433
877.079,453
877.196,435
877.313,436
877.43,467
877.547,444
877.664,434
877.781,448
877.898,438
878.016,446
878.133,428
878.25,439
878.367,442
878.484,436
878.601,424
878.718,454
878.835,434
878.952,442
879.069,456
879.186,447
879.303,424
879.42,447
879.537,441
879.654,433
879.771,433
879.888,443
880.005,430
880.122,450
880.239,444
880.356,459
880.473,446
880.59,456
880.707,453
880.824,416
880.941,453
881.058,447
881.175,439
881.292,444
881.409,434
881.526,450
881.643,443
881.76,458
881.877,449
881.994,447
882.111,440
882.228,450
882.345,443
882.462,443
882.579,450
882.696,453
882.812,453
882.929,439
883.046,449
883.163,458
883.28,436
883.397,452
883.514,413
883.631,439
883.748,445
883.865,450
883.982,442
884.098,456
884.215,455
884.332,451
884.449,448
884.566,442
884.683,445
884.8,439
884.916,440
885.033,449
885.15,436
885.267,465
885.384,448
885.501,447
885.617,446
885.734,444
885.851,444
885.968,440
886.085,438
886.202,456
886.318,442
886.435,462
886.552,462
886.669,450
886.786,448
886.902,452
887.019,429
887.136,447
887.253,436
887.369,444
887.486,450
887.603,446
887.72,455
887.837,436
887.953,447
888.07,448
888.187,425
888.304,445
888.42,447
888.537,449
888.654,462
888.77,452
888.887,435
889.004,452
889.121,445
889.237,446
889.354,434
889.471,434
889.587,451
889.704,439
889.821,430
889.938,443
890.054,451
890.171,457
890.288,450
890.404,447
890.521,462
890.638,465
890.754,438
890.871,452
890.988,460
891.104,467
891.221,440
891.337,458
891.454,463
891.571,460
891.687,446
891.804,454
891.921,453
892.037,454
892.154,460
892.27,457
892.387,445
892.504,458
892.62,439
892.737,484
892.854,444
892.97,472
893.087,440
893.203,453
893.32,432
893.436,449
893.553,458
893.67,453
893.786,460
893.903,448
894.019,444
894.136,462
894.252,432
894.369,451
894.485,433
894.602,459
894.718,444
894.835,443
894.951,455
895.068,450
895.184,448
895.301,431
895.417,435
895.534,441
895.65,447
895.767,455
895.883,447
896.0,459
896.116,455
896.233,442
896.349,459
896.466,461
896.582,439
896.699,438
896.815,440
896.932,449
897.048,436
897.165,459
897.281,446
897.397,459
897.514,445
897.63,463
897.747,447
897.863,451
897.979,461
898.096,445
898.212,433
898.329,459
898.445,444
898.561,443
898.678,461
898.794,449
898.911,444
899.027,457
899.143,443
899.26,468
899.376,448
899.492,461
899.609,462
899.725,458
899.842,455
899.958,456
900.074,453
900.191,460
900.307,437
900.423,444
900.539,462
900.656,456
900.772,456
900.888,461
901.005,442
901.121,446
901.237,453
901.354,453
901.47,466
901.586,460
901.703,453
901.819,462
901.935,470
902.051,472
902.168,470
902.284,450
902.4,458
902.516,451
902.633,462
902.749,457
902.865,457
902.981,454
903.098,451
903.214,463
903.33,461
903.446,448
903.562,445
903.679,461
903.795,446
903.911,464
904.027,455
904.143,452
904.26,442
904.376,447
904.492,446
904.608,445
904.724,438
904.841,434
904.957,453
905.073,474
905.189,446
905.305,454
905.421,451
905.538,473
905.654,460
905.77,451
905.886,457
906.002,473
906.118,447
906.234,447
906.35,450
906.466,469
906.583,460
906.699,450
906.815,452
906.931,466
907.047,460
907.163,465
907.279,471
907.395,471
907.511,461
907.627,461
907.743,460
907.859,464
907.976,438
908.092,446
908.208,458
908.324,471
908.44,457
908.556,458
908.672,463
908.788,467
908.904,452
909.02,462
909.136,464
909.252,458
909.368,453
909.484,468
909.6,470
909.716,431
909.832,461
909.948,451
910.064,476
910.18,477
910.296,483
910.412,460
910.528,469
910.644,467
910.76,458
910.875,468
910.991,463
911.107,438
911.223,461
911.339,460
911.455,470
911.571,460
911.687,465
911.803,447
911.919,467
912.035,480
912.151,460
912.267,454
912.382,452
912.498,453
912.614,456
912.73,470
912.846,461
