792.446,4905
792.565,4775
792.684,4609
792.803,4515
792.922,4438
793.041,4235
793.16,4228
793.279,4103
793.398,4027
793.518,3905
793.637,3843
793.756,3683
793.875,3727
793.994,3616
794.113,3524
794.232,3441
794.351,3399
794.47,3321
794.589,3294
794.708,3293
794.827,3225
794.946,3168
795.066,3127
795.185,3057
795.304,3017
795.423,3071
795.542,2973
795.661,2984
795.78,2844
795.899,2906
796.018,2853
796.137,2806
796.256,2790
796.375,2715
796.494,2665
796.613,2573
796.732,2579
796.851,2619
796.97,2545
797.089,2501
797.208,2511
797.327,2500
797.446,2450
797.565,2408
797.684,2422
797.803,2441
797.922,2325
798.041,2405
798.16,2326
798.279,2329
798.398,2332
798.517,2279
798.636,2331
798.755,2270
798.874,2290
798.993,2370
799.112,2286
799.231,2279
799.35,2242
799.469,2242
799.588,2242
799.707,2210
799.826,2209
799.945,2233
800.064,2185
800.183,2198
800.302,2168
800.421,2145
800.54,2163
800.659,2079
800.778,2167
800.897,2106
801.016,2125
801.135,2091
801.254,2113
801.373,2076
801.492,2131
801.611,2155
801.729,2033
801.848,2100
801.967,2085
802.086,2017
802.205,2029
802.324,2037
802.443,2029
802.562,2040
802.681,2040
802.8,1968
802.919,1937
803.038,2057
803.157,2020
803.276,2000
803.394,2006
803.513,1960
803.632,1975
803.751,2020
803.87,1968
803.989,1921
804.108,1980
804.227,1939
804.346,1918
804.465,1937
804.583,1887
804.702,1966
804.821,1954
804.94,1868
805.059,1917
805.178,1904
805.297,1897
805.416,1932
805.535,1984
805.653,1924
805.772,1898
805.891,1931
806.01,1939
806.129,1847
806.248,1911
806.367,1951
806.485,1912
806.604,1883
806.723,1856
806.842,1869
806.961,1882
807.08,1905
807.198,1901
807.317,1840
807.436,1849
807.555,1844
807.674,1848
807.793,1849
807.912,1834
808.03,1798
808.149,1815
808.268,1811
808.387,1855
808.506,1799
808.624,1834
808.743,1812
808.862,1812
808.981,1803
809.1,1785
809.219,1788
809.337,1781
809.456,1762
809.575,1803
809.694,1833
809.812,1822
809.931,1793
810.05,1799
810.169,1804
810.288,1796
810.406,1778
810.525,1795
810.644,1772
810.763,1817
810.882,1813
811.0,1795
811.119,1802
811.238,1859
811.357,1806
811.475,1843
811.594,1775
811.713,1852
811.832,1821
811.95,1806
812.069,1886
812.188,1830
812.307,1866
812.425,1877
812.544,1873
812.663,1853
812.782,1883
812.9,1883
813.019,1872
813.138,1900
813.257,1831
813.375,1828
813.494,1842
813.613,1819
813.731,1807
813.85,1774
813.969,1783
814.088,1769
814.206,1811
814.325,1735
814.444,1790
814.562,1743
814.681,1778
814.8,1796
814.918,1718
815.037,1717
815.156,1777
815.274,1721
815.393,1750
815.512,1766
815.631,1763
815.749,1729
815.868,1739
815.987,1708
816.105,1731
816.224,1763
816.343,1716
816.461,1720
816.58,1752
816.698,1777
816.817,1791
816.936,1824
817.055,1795
817.173,1803
817.292,1759
817.41,1787
817.529,1727
817.648,1751
817.766,1745
817.885,1765
818.004,1707
818.122,1712
818.241,1716
818.359,1747
818.478,1746
818.597,1714
818.715,1711
818.834,1699
818.953,1673
819.071,1682
819.19,1666
819.308,1648
819.427,1651
819.546,1650
819.664,1660
819.783,1683
819.901,1686
820.02,1583
820.138,1641
820.257,1631
820.376,1658
820.494,1691
820.613,1680
820.731,1682
820.85,1621
820.969,1664
821.087,1577
821.206,1619
821.324,1596
821.443,1635
821.561,1614
821.68,1614
821.798,1647
821.917,1595
822.035,1621
822.154,1605
822.273,1586
822.391,1589
822.51,1569
822.628,1609
822.747,1552
822.865,1583
822.984,1593
823.102,1605
823.221,1570
823.339,1562
823.458,1552
823.576,1571
823.695,1582
823.813,1603
823.932,1624
824.05,1613
824.169,1575
824.287,1548
824.406,1575
824.524,1586
824.643,1567
824.761,1563
824.88,1557
824.998,1619
825.117,1582
825.235,1595
825.354,1605
825.472,1567
825.591,1565
825.709,1602
825.828,1601
825.946,1557
826.064,1541
826.183,1605
826.301,1507
826.42,1499
826.538,1512
826.657,1489
826.775,1499
826.894,1538
827.012,1488
827.13,1547
827.249,1529
827.367,1558
827.486,1527
827.604,1569
827.723,1536
827.841,1537
827.959,1530
828.078,1532
828.196,1506
828.315,1502
828.433,1509
828.552,1512
828.67,1478
828.788,1507
828.907,1521
829.025,1536
829.143,1506
829.262,1536
829.38,1518
829.499,1500
829.617,1483
829.735,1488
829.854,1499
829.972,1520
830.091,1471
830.209,1566
830.327,1539
830.446,1485
830.564,1524
830.682,1567
830.801,1539
830.919,1571
831.037,1592
831.156,1629
831.274,1601
831.392,1634
831.511,1567
831.629,1497
831.747,1545
831.866,1569
831.984,1583
832.102,1605
832.221,1592
832.339,1614
832.457,1551
832.576,1577
832.694,1537
832.812,1571
832.93,1521
833.049,1569
833.167,1585
833.285,1544
833.404,1589
833.522,1521
833.64,1508
833.759,1559
833.877,1540
833.995,1577
834.113,1506
834.232,1563
834.35,1590
834.468,1544
834.586,1589
834.705,1558
834.823,1514
834.941,1545
835.059,1540
835.178,1562
835.296,1599
835.414,1586
835.532,1548
835.651,1534
835.769,1517
835.887,1551
836.005,1500
836.124,1519
836.242,1522
836.36,1488
836.478,1538
836.596,1511
836.715,1501
836.833,1520
836.951,1502
837.069,1501
837.188,1576
837.306,1495
837.424,1530
837.542,1527
837.66,1513
837.779,1493
837.897,1521
838.015,1563
838.133,1552
838.251,1598
838.369,1551
838.487,1607
838.606,1606
838.724,1569
838.842,1618
838.96,1542
839.078,1569
839.196,1548
839.315,1607
839.433,1605
839.551,1567
839.669,1589
839.787,1586
839.905,1646
840.023,1630
840.142,1648
840.26,1688
840.378,1625
840.496,1661
840.614,1687
840.732,1664
840.85,1640
840.968,1666
841.087,1712
841.205,1717
841.323,1715
841.441,1722
841.559,1707
841.677,1715
841.795,1762
841.913,1743
842.031,1724
842.149,1741
842.267,1687
842.385,1694
842.504,1705
842.622,1699
842.74,1677
842.858,1668
842.976,1681
843.094,1679
843.212,1721
843.33,1723
843.448,1728
843.566,1693
843.684,1710
843.802,1735
843.92,1726
844.038,1677
844.156,1686
844.274,1715
844.392,1690
844.51,1695
844.628,1652
844.746,1660
844.864,1658
844.982,1656
845.1,1645
845.218,1593
845.336,1643
845.454,1646
845.572,1637
845.69,1664
845.808,1635
845.926,1664
846.044,1661
846.162,1666
846.28,1683
846.398,1699
846.516,1706
846.634,1669
846.752,1666
846.87,1686
846.988,1675
847.106,1746
847.224,1724
847.342,1686
847.46,1690
847.578,1638
847.696,1701
847.814,1661
847.932,1707
848.05,1669
848.168,1648
848.285,1638
848.403,1651
848.521,1670
848.639,1713
848.757,1751
848.875,1691
848.993,1724
849.111,1731
849.229,1729
849.347,1741
849.465,1721
849.582,1725
849.7,1737
849.818,1677
849.936,1718
850.054,1679
850.172,1667
850.29,1719
850.408,1701
850.525,1709
850.643,1657
850.761,1674
850.879,1628
850.997,1660
851.115,1663
851.233,1711
851.35,1673
851.468,1671
851.586,1700
851.704,1720
851.822,1663
851.94,1675
852.057,1680
852.175,1715
852.293,1758
852.411,1806
852.529,1876
852.647,1918
852.764,1886
852.882,1846
853.0,1766
853.118,1764
853.236,1737
853.353,1712
853.471,1716
853.589,1707
853.707,1683
853.824,1700
853.942,1715
854.06,1672
854.178,1712
854.296,1736
854.413,1741
854.531,1732
854.649,1719
854.767,1763
854.884,1731
855.002,1700
855.12,1713
855.238,1712
855.355,1703
855.473,1709
855.591,1678
855.708,1679
855.826,1707
855.944,1670
856.062,1679
856.179,1699
856.297,1685
856.415,1697
856.532,1768
856.65,1710
856.768,1729
856.886,1811
857.003,1798
857.121,1726
857.239,1752
857.356,1785
857.474,1754
857.592,1720
857.709,1745
857.827,1733
857.945,1721
858.062,1703
858.18,1751
858.298,1741
858.415,1763
858.533,1717
858.651,1732
858.768,1762
858.886,1792
859.003,1785
859.121,1716
859.239,1741
859.356,1671
859.474,1656
859.592,1677
859.709,1711
859.827,1633
859.944,1682
860.062,1654
860.18,1673
860.297,1669
860.415,1689
860.532,1631
860.65,1589
860.768,1635
860.885,1726
861.003,1662
861.12,1699
861.238,1627
861.356,1687
861.473,1713
861.591,1672
861.708,1658
861.826,1679
861.943,1698
862.061,1665
862.178,1653
862.296,1628
862.414,1595
862.531,1560
862.649,1591
862.766,1575
862.884,1549
863.001,1588
863.119,1589
863.236,1563
863.354,1561
863.471,1566
863.589,1642
863.706,1611
863.824,1561
863.941,1613
864.059,1607
864.176,1575
864.294,1589
864.411,1606
864.529,1618
864.646,1558
864.764,1556
864.881,1567
864.999,1543
865.116,1602
865.233,1629
865.351,1562
865.468,1589
865.586,1601
865.703,1585
865.821,1627
865.938,1568
866.056,1598
866.173,1614
866.29,1567
866.408,1586
866.525,1564
866.643,1607
866.76,1629
866.878,1597
866.995,1651
867.112,1593
867.23,1621
867.347,1570
867.465,1601
867.582,1635
867.699,1586
867.817,1607
867.934,1663
868.051,1606
868.169,1587
868.286,1634
868.404,1616
868.521,1613
868.638,1598
868.756,1616
868.873,1659
868.99,1674
869.108,1663
869.225,1673
869.342,1649
869.46,1698
869.577,1724
869.694,1724
869.812,1701
869.929,1696
870.046,1700
870.164,1727
870.281,1694
870.398,1749
870.516,1780
870.633,1803
870.75,1743
870.867,1786
870.985,1787
871.102,1824
871.219,1774
871.337,1799
871.454,1826
871.571,1865
871.688,1808
871.806,1824
871.923,1874
872.04,1860
872.157,1812
872.275,1824
872.392,1830
872.509,1769
872.626,1814
872.744,1837
872.861,1831
872.978,1764
873.095,1774
873.213,1773
873.33,1705
873.447,1765
873.564,1738
873.681,1725
873.799,1753
873.916,1750
874.033,1773
874.15,1758
874.267,1741
874.385,1772
874.502,1818
874.619,1771
874.736,1784
874.853,1788
874.97,1803
875.088,1794
875.205,1785
875.322,1761
875.439,1785
875.556,1805
875.673,1744
875.791,1720
875.908,1695
876.025,1703
876.142,1709
876.259,1762
876.376,1748
876.493,1769
876.61,1742
876.728,1745
876.845,1710
876.962,1706
877.079,1683
877.196,1712
877.313,1724
877.43,1678
877.547,1690
877.664,1707
877.781,1727
877.898,1699
878.016,1731
878.133,1650
878.25,1678
878.367,1605
878.484,1654
878.601,1629
878.718,1612
878.835,1588
878.952,1636
879.069,1597
879.186,1604
879.303,1606
879.42,1601
879.537,1596
879.654,1618
879.771,1573
879.888,1556
880.005,1579
880.122,1573
880.239,1530
880.356,1546
880.473,1555
880.59,1564
880.707,1588
880.824,1528
880.941,1508
881.058,1548
881.175,1562
881.292,1548
881.409,1512
881.526,1504
881.643,1478
881.76,1547
881.877,1512
881.994,1554
882.111,1495
882.228,1547
882.345,1513
882.462,1531
882.579,1539
882.696,1532
882.812,1539
882.929,1522
883.046,1573
883.163,1537
883.28,1542
883.397,1556
883.514,1540
883.631,1596
883.748,1624
883.865,1613
883.982,1588
884.098,1641
884.215,1617
884.332,1640
884.449,1696
884.566,1742
884.683,1744
884.8,1817
884.916,1877
885.033,1989
885.15,2045
885.267,2085
885.384,2061
885.501,2111
885.617,2159
885.734,2168
885.851,2111
885.968,2122
886.085,2101
886.202,2048
886.318,2075
886.435,2060
886.552,2018
886.669,1984
886.786,1967
886.902,1950
887.019,1937
887.136,1953
887.253,1878
887.369,1858
887.486,1849
887.603,1790
887.72,1747
887.837,1745
887.953,1728
888.07,1662
888.187,1685
888.304,1564
888.42,1587
888.537,1590
888.654,1515
888.77,1518
888.887,1486
889.004,1498
889.121,1498
889.237,1503
889.354,1523
889.471,1438
889.587,1389
889.704,1481
889.821,1472
889.938,1410
890.054,1458
890.171,1487
890.288,1429
890.404,1450
890.521,1422
890.638,1400
890.754,1464
890.871,1473
890.988,1465
891.104,1464
891.221,1431
891.337,1494
891.454,1459
891.571,1491
891.687,1481
891.804,1475
891.921,1494
892.037,1512
892.154,1492
892.27,1423
892.387,1438
892.504,1511
892.62,1517
892.737,1485
892.854,1440
892.97,1453
893.087,1460
893.203,1442
893.32,1469
893.436,1471
893.553,1460
893.67,1499
893.786,1484
893.903,1485
894.019,1473
894.136,1485
894.252,1456
894.369,1512
894.485,1461
894.602,1479
894.718,1506
894.835,1460
894.951,1427
895.068,1464
895.184,1437
895.301,1460
895.417,1473
895.534,1391
895.65,1492
895.767,1444
895.883,1443
896.0,1478
896.116,1444
896.233,1433
896.349,1434
896.466,1448
896.582,1455
896.699,1424
896.815,1439
896.932,1486
897.048,1443
897.165,1485
897.281,1450
897.397,1421
897.514,1454
897.63,1480
897.747,1502
897.863,1462
897.979,1498
898.096,1494
898.212,1474
898.329,1475
898.445,1526
898.561,1487
898.678,1521
898.794,1502
898.911,1488
899.027,1474
899.143,1502
899.26,1496
899.376,1486
899.492,1509
899.609,1476
899.725,1456
899.842,1552
899.958,1518
900.074,1455
900.191,1527
900.307,1496
900.423,1492
900.539,1461
900.656,1488
900.772,1490
900.888,1514
901.005,1528
901.121,1526
901.237,1529
901.354,1508
901.47,1537
901.586,1559
901.703,1574
901.819,1617
901.935,1621
902.051,1677
902.168,1671
902.284,1654
902.4,1732
902.516,1756
902.633,1768
902.749,1802
902.865,1802
902.981,1775
903.098,1778
903.214,1804
903.33,1776
903.446,1758
903.562,1782
903.679,1706
903.795,1733
903.911,1712
904.027,1702
904.143,1677
904.26,1638
904.376,1616
904.492,1644
904.608,1575
904.724,1528
904.841,1531
904.957,1576
905.073,1539
905.189,1488
905.305,1533
905.421,1501
905.538,1494
905.654,1452
905.77,1556
905.886,1512
906.002,1488
906.118,1402
906.234,1464
906.35,1486
906.466,1430
906.583,1424
906.699,1455
906.815,1432
906.931,1460
907.047,1387
907.163,1436
907.279,1460
907.395,1421
907.511,1460
907.627,1444
907.743,1404
907.859,1463
907.976,1443
908.092,1476
908.208,1392
908.324,1438
908.44,1427
908.556,1443
908.672,1461
908.788,1430
908.904,1476
909.02,1519
909.136,1454
909.252,1478
909.368,1495
909.484,1481
909.6,1424
909.716,1446
909.832,1437
909.948,1473
910.064,1406
910.18,1431
910.296,1451
910.412,1432
910.528,1440
910.644,1428
910.76,1475
910.875,1455
910.991,1443
911.107,1420
911.223,1483
911.339,1411
911.455,1426
911.571,1428
911.687,1415
911.803,1408
911.919,1419
912.035,1397
912.151,1431
912.267,1423
912.382,1402
912.498,1432
912.614,1433
912.73,1406
912.846,1403
792.446,4932
792.565,4776
792.684,4681
792.803,4615
792.922,4378
793.041,4371
793.16,4301
793.279,4129
793.398,4066
793.518,3916
793.637,3849
793.756,3783
793.875,3649
793.994,3614
794.113,3597
794.232,3421
794.351,3459
794.47,3414
794.589,3362
794.708,3297
794.827,3215
794.946,3157
795.066,3127
795.185,3088
795.304,3100
795.423,3035
795.542,2935
795.661,2936
795.78,2917
795.899,2860
796.018,2821
796.137,2818
796.256,2736
796.375,2745
796.494,2700
796.613,2683
796.732,2606
796.851,2577
796.97,2612
797.089,2535
797.208,2483
797.327,2504
797.446,2506
797.565,2454
797.684,2451
797.803,2497
797.922,2479
798.041,2407
798.16,2408
798.279,2436
798.398,2400
798.517,2338
798.636,2363
798.755,2346
798.874,2308
798.993,2327
799.112,2259
799.231,2279
799.35,2257
799.469,2275
799.588,2312
799.707,2289
799.826,2239
799.945,2215
800.064,2185
800.183,2162
800.302,2221
800.421,2183
800.54,2214
800.659,2118
800.778,2165
800.897,2189
801.016,2165
801.135,2147
801.254,2103
801.373,2094
801.492,2115
801.611,2074
801.729,2110
801.848,2102
801.967,2046
802.086,2050
802.205,2102
802.324,2084
802.443,2032
802.562,2067
802.681,2028
802.8,2023
802.919,2072
803.038,2079
803.157,2097
803.276,2039
803.394,2041
803.513,2024
803.632,2058
803.751,1977
803.87,1970
803.989,1969
804.108,2012
804.227,1921
804.346,1973
804.465,1988
804.583,1954
804.702,1961
804.821,1964
804.94,1956
805.059,1924
805.178,1944
805.297,1946
805.416,1918
805.535,1969
805.653,1921
805.772,1937
805.891,1894
806.01,1928
806.129,1902
806.248,1971
806.367,1904
806.485,1888
806.604,1894
806.723,1918
806.842,1897
806.961,1861
807.08,1909
807.198,1839
807.317,1873
807.436,1911
807.555,1871
807.674,1873
807.793,1927
807.912,1857
808.03,1847
808.149,1836
808.268,1809
808.387,1851
808.506,1863
808.624,1843
808.743,1848
808.862,1734
808.981,1858
809.1,1828
809.219,1879
809.337,1844
809.456,1825
809.575,1807
809.694,1884
809.812,1801
809.931,1821
810.05,1846
810.169,1799
810.288,1831
810.406,1772
810.525,1838
810.644,1777
810.763,1863
810.882,1835
811.0,1786
811.119,1824
811.238,1772
811.357,1839
811.475,1860
811.594,1831
811.713,1813
811.832,1872
811.95,1879
812.069,1827
812.188,1844
812.307,1881
812.425,1893
812.544,1910
812.663,1861
812.782,1893
812.9,1877
813.019,1832
813.138,1871
813.257,1904
813.375,1781
813.494,1833
813.613,1832
813.731,1795
813.85,1843
813.969,1814
814.088,1789
814.206,1785
814.325,1745
814.444,1775
814.562,1779
814.681,1812
814.8,1841
814.918,1814
815.037,1741
815.156,1786
815.274,1795
815.393,1812
815.512,1751
815.631,1764
815.749,1739
815.868,1747
815.987,1727
816.105,1801
816.224,1762
816.343,1784
816.461,1813
816.58,1791
816.698,1795
816.817,1774
816.936,1791
817.055,1836
817.173,1826
817.292,1769
817.41,1795
817.529,1725
817.648,1782
817.766,1708
817.885,1762
818.004,1701
818.122,1759
818.241,1704
818.359,1702
818.478,1753
818.597,1726
818.715,1686
818.834,1736
818.953,1644
819.071,1687
819.19,1659
819.308,1660
819.427,1635
819.546,1652
819.664,1638
819.783,1652
819.901,1702
820.02,1658
820.138,1694
820.257,1665
820.376,1694
820.494,1687
820.613,1672
820.731,1731
820.85,1669
820.969,1631
821.087,1680
821.206,1628
821.324,1668
821.443,1579
821.561,1630
821.68,1623
821.798,1631
821.917,1658
822.035,1637
822.154,1664
822.273,1620
822.391,1651
822.51,1599
822.628,1601
822.747,1583
822.865,1553
822.984,1593
823.102,1590
823.221,1606
823.339,1540
823.458,1632
823.576,1554
823.695,1587
823.813,1607
823.932,1575
824.05,1570
824.169,1644
824.287,1609
824.406,1620
824.524,1637
824.643,1602
824.761,1616
824.88,1641
824.998,1588
825.117,1638
825.235,1561
825.354,1631
825.472,1573
825.591,1596
825.709,1586
825.828,1593
825.946,1590
826.064,1561
826.183,1548
826.301,1608
826.42,1554
826.538,1533
826.657,1557
826.775,1583
826.894,1582
827.012,1570
827.13,1573
827.249,1560
827.367,1563
827.486,1576
827.604,1572
827.723,1555
827.841,1530
827.959,1570
828.078,1523
828.196,1520
828.315,1518
828.433,1523
828.552,1553
828.67,1537
828.788,1502
828.907,1539
829.025,1541
829.143,1529
829.262,1531
829.38,1488
829.499,1548
829.617,1539
829.735,1527
829.854,1489
829.972,1494
830.091,1528
830.209,1488
830.327,1513
830.446,1545
830.564,1518
830.682,1498
830.801,1570
830.919,1579
831.037,1655
831.156,1639
831.274,1611
831.392,1568
831.511,1595
831.629,1549
831.747,1593
831.866,1558
831.984,1574
832.102,1584
832.221,1642
832.339,1581
832.457,1579
832.576,1579
832.694,1569
832.812,1572
832.93,1611
833.049,1560
833.167,1537
833.285,1545
833.404,1580
833.522,1548
833.64,1550
833.759,1532
833.877,1544
833.995,1624
834.113,1564
834.232,1618
834.35,1536
834.468,1560
834.586,1550
834.705,1539
834.823,1586
834.941,1603
835.059,1563
835.178,1574
835.296,1587
835.414,1596
835.532,1530
835.651,1573
835.769,1536
835.887,1576
836.005,1525
836.124,1518
836.242,1548
836.36,1512
836.478,1564
836.596,1531
836.715,1494
836.833,1536
836.951,1528
837.069,1523
837.188,1557
837.306,1527
837.424,1525
837.542,1471
837.66,1589
837.779,1568
837.897,1555
838.015,1525
838.133,1516
838.251,1557
838.369,1639
838.487,1554
838.606,1576
838.724,1598
838.842,1581
838.96,1548
839.078,1625
839.196,1545
839.315,1582
839.433,1611
839.551,1631
839.669,1614
839.787,1675
839.905,1676
840.023,1714
840.142,1698
840.26,1657
840.378,1694
840.496,1695
840.614,1640
840.732,1629
840.85,1733
840.968,1638
841.087,1689
841.205,1691
841.323,1730
841.441,1716
841.559,1726
841.677,1727
841.795,1743
841.913,1716
842.031,1726
842.149,1764
842.267,1669
842.385,1721
842.504,1690
842.622,1688
842.74,1724
842.858,1727
842.976,1664
843.094,1726
843.212,1691
843.33,1757
843.448,1755
843.566,1711
843.684,1686
843.802,1694
843.92,1728
844.038,1689
844.156,1725
844.274,1703
844.392,1718
844.51,1722
844.628,1648
844.746,1664
844.864,1695
844.982,1660
845.1,1671
845.218,1685
845.336,1648
845.454,1646
845.572,1693
845.69,1635
845.808,1684
845.926,1677
846.044,1645
846.162,1670
846.28,1682
846.398,1660
846.516,1682
846.634,1757
846.752,1701
846.87,1715
846.988,1709
847.106,1708
847.224,1678
847.342,1691
847.46,1742
847.578,1686
847.696,1664
847.814,1618
847.932,1700
848.05,1702
848.168,1659
848.285,1671
848.403,1693
848.521,1692
848.639,1684
848.757,1699
848.875,1737
848.993,1741
849.111,1716
849.229,1755
849.347,1732
849.465,1778
849.582,1700
849.7,1682
849.818,1675
849.936,1757
850.054,1717
850.172,1728
850.29,1692
850.408,1671
850.525,1671
850.643,1659
850.761,1725
850.879,1624
850.997,1725
851.115,1650
851.233,1680
851.35,1698
851.468,1687
851.586,1722
851.704,1742
851.822,1705
851.94,1686
852.057,1705
852.175,1700
852.293,1800
852.411,1821
852.529,1870
852.647,1879
852.764,1874
852.882,1821
853.0,1740
853.118,1795
853.236,1721
853.353,1750
853.471,1739
853.589,1656
853.707,1693
853.824,1694
853.942,1701
854.06,1709
854.178,1724
854.296,1733
854.413,1735
854.531,1743
854.649,1746
854.767,1698
854.884,1735
855.002,1698
855.12,1725
855.238,1687
855.355,1727
855.473,1671
855.591,1678
855.708,1716
855.826,1631
855.944,1746
856.062,1756
856.179,1748
856.297,1738
856.415,1715
856.532,1722
856.65,1734
856.768,1746
856.886,1795
857.003,1760
857.121,1797
857.239,1783
857.356,1782
857.474,1742
857.592,1740
857.709,1746
857.827,1736
857.945,1756
858.062,1714
858.18,1747
858.298,1720
858.415,1805
858.533,1735
858.651,1729
858.768,1780
858.886,1761
859.003,1710
859.121,1748
859.239,1751
859.356,1714
859.474,1717
859.592,1706
859.709,1689
859.827,1618
859.944,1659
860.062,1641
860.18,1622
860.297,1637
860.415,1637
860.532,1617
860.65,1631
860.768,1652
860.885,1660
861.003,1654
861.12,1676
861.238,1668
861.356,1699
861.473,1717
861.591,1729
861.708,1717
861.826,1687
861.943,1687
862.061,1662
862.178,1628
862.296,1598
862.414,1590
862.531,1529
862.649,1579
862.766,1574
862.884,1549
863.001,1612
863.119,1629
863.236,1519
863.354,1609
863.471,1592
863.589,1566
863.706,1662
863.824,1607
863.941,1588
864.059,1625
864.176,1643
864.294,1610
864.411,1615
864.529,1587
864.646,1571
864.764,1593
864.881,1613
864.999,1588
865.116,1611
865.233,1646
865.351,1604
865.468,1606
865.586,1615
865.703,1616
865.821,1594
865.938,1557
866.056,1560
866.173,1586
866.29,1619
866.408,1581
866.525,1583
866.643,1627
866.76,1593
866.878,1593
866.995,1632
867.112,1633
867.23,1598
867.347,1627
867.465,1647
867.582,1661
867.699,1682
867.817,1639
867.934,1647
868.051,1650
868.169,1619
868.286,1639
868.404,1622
868.521,1624
868.638,1664
868.756,1658
868.873,1680
868.99,1667
869.108,1644
869.225,1666
869.342,1716
869.46,1677
869.577,1664
869.694,1693
869.812,1723
869.929,1778
870.046,1755
870.164,1719
870.281,1774
870.398,1793
870.516,1778
870.633,1784
870.75,1796
870.867,1810
870.985,1780
871.102,1808
871.219,1879
871.337,1826
871.454,1833
871.571,1818
871.688,1846
871.806,1822
871.923,1819
872.04,1816
872.157,1850
872.275,1822
872.392,1838
872.509,1834
872.626,1796
872.744,1844
872.861,1823
872.978,1781
873.095,1776
873.213,1755
873.33,1748
873.447,1774
873.564,1700
873.681,1790
873.799,1780
873.916,1790
874.033,1765
874.15,1794
874.267,1820
874.385,1837
874.502,1801
874.619,1834
874.736,1836
874.853,1803
874.97,1813
875.088,1864
875.205,1806
875.322,1828
875.439,1751
875.556,1749
875.673,1757
875.791,1824
875.908,1741
876.025,1732
876.142,1743
876.259,1733
876.376,1709
876.493,1738
876.61,1739
876.728,1773
876.845,1713
876.962,1747
877.079,1700
877.196,1719
877.313,1755
877.43,1763
877.547,1760
877.664,1702
877.781,1702
877.898,1696
878.016,1727
878.133,1693
878.25,1693
878.367,1646
878.484,1661
878.601,1627
878.718,1639
878.835,1643
878.952,1617
879.069,1647
879.186,1664
879.303,1701
879.42,1591
879.537,1604
879.654,1625
879.771,1628
879.888,1569
880.005,1589
880.122,1588
880.239,1601
880.356,1577
880.473,1541
880.59,1556
880.707,1562
880.824,1565
880.941,1566
881.058,1594
881.175,1544
881.292,1529
881.409,1560
881.526,1563
881.643,1582
881.76,1529
881.877,1591
881.994,1589
882.111,1559
882.228,1556
882.345,1575
882.462,1552
882.579,1480
882.696,1560
882.812,1576
882.929,1549
883.046,1514
883.163,1565
883.28,1614
883.397,1590
883.514,1569
883.631,1565
883.748,1631
883.865,1610
883.982,1614
884.098,1580
884.215,1664
884.332,1642
884.449,1675
884.566,1749
884.683,1757
884.8,1875
884.916,1914
885.033,2031
885.15,2110
885.267,2109
885.384,2152
885.501,2152
885.617,2205
885.734,2155
885.851,2137
885.968,2133
886.085,2101
886.202,2141
886.318,2038
886.435,1973
886.552,2030
886.669,1977
886.786,1971
886.902,1964
887.019,1936
887.136,1888
887.253,1946
887.369,1943
887.486,1835
887.603,1843
887.72,1741
887.837,1735
887.953,1755
888.07,1645
888.187,1627
888.304,1640
888.42,1590
888.537,1544
888.654,1498
888.77,1529
888.887,1521
889.004,1557
889.121,1482
889.237,1460
889.354,1462
889.471,1464
889.587,1442
889.704,1555
889.821,1460
889.938,1456
890.054,1479
890.171,1491
890.288,1448
890.404,1438
890.521,1494
890.638,1467
890.754,1493
890.871,1429
890.988,1520
891.104,1491
891.221,1502
891.337,1512
891.454,1494
891.571,1469
891.687,1454
891.804,1489
891.921,1505
892.037,1554
892.154,1534
892.27,1445
892.387,1481
892.504,1519
892.62,1496
892.737,1511
892.854,1468
892.97,1491
893.087,1506
893.203,1472
893.32,1502
893.436,1451
893.553,1482
893.67,1487
893.786,1510
893.903,1488
894.019,1506
894.136,1481
894.252,1491
894.369,1501
894.485,1512
894.602,1470
894.718,1505
894.835,1510
894.951,1477
895.068,1470
895.184,1458
895.301,1452
895.417,1484
895.534,1486
895.65,1504
895.767,1463
895.883,1459
896.0,1507
896.116,1494
896.233,1514
896.349,1480
896.466,1469
896.582,1480
896.699,1449
896.815,1487
896.932,1460
897.048,1489
897.165,1494
897.281,1446
897.397,1491
897.514,1483
897.63,1445
897.747,1491
897.863,1486
897.979,1469
898.096,1458
898.212,1510
898.329,1564
898.445,1542
898.561,1508
898.678,1580
898.794,1505
898.911,1508
899.027,1487
899.143,1567
899.26,1556
899.376,1503
899.492,1558
899.609,1508
899.725,1543
899.842,1534
899.958,1515
900.074,1483
900.191,1558
900.307,1521
900.423,1526
900.539,1534
900.656,1485
900.772,1565
900.888,1577
901.005,1578
901.121,1549
901.237,1556
901.354,1520
901.47,1563
901.586,1599
901.703,1591
901.819,1646
901.935,1691
902.051,1687
902.168,1665
902.284,1727
902.4,1734
902.516,1795
902.633,1791
902.749,1859
902.865,1854
902.981,1821
903.098,1846
903.214,1800
903.33,1818
903.446,1810
903.562,1802
903.679,1780
903.795,1791
903.911,1736
904.027,1730
904.143,1695
904.26,1669
904.376,1680
904.492,1661
904.608,1621
904.724,1561
904.841,1593
904.957,1589
905.073,1540
905.189,1532
905.305,1559
905.421,1526
905.538,1549
905.654,1527
905.77,1523
905.886,1526
906.002,1515
906.118,1524
906.234,1511
906.35,1490
906.466,1465
906.583,1498
906.699,1472
906.815,1471
906.931,1460
907.047,1474
907.163,1491
907.279,1465
907.395,1478
907.511,1480
907.627,1489
907.743,1451
907.859,1475
907.976,1467
908.092,1460
908.208,1498
908.324,1433
908.44,1517
908.556,1461
908.672,1513
908.788,1438
908.904,1435
909.02,1443
909.136,1500
909.252,1479
909.368,1499
909.484,1508
909.6,1465
909.716,1457
909.832,1436
909.948,1459
910.064,1484
910.18,1462
910.296,1440
910.412,1465
910.528,1496
910.644,1493
910.76,1488
910.875,1462
910.991,1460
911.107,1479
911.223,1454
911.339,1469
911.455,1465
911.571,1492
911.687,1448
911.803,1436
911.919,1447
912.035,1463
912.151,1503
912.267,1424
912.382,1440
912.498,1480
912.614,1440
912.73,1466
912.846,1441
792.446,5058
792.565,4804
792.684,4685
792.803,4541
792.922,4430
793.041,4277
793.16,4212
793.279,4159
793.398,4081
793.518,3964
793.637,3872
793.756,3837
793.875,3733
793.994,3613
794.113,3583
794.232,3464
794.351,3425
794.47,3368
794.589,3305
794.708,3207
794.827,3270
794.946,3189
795.066,3166
795.185,3117
795.304,3083
795.423,2997
795.542,2994
795.661,2983
795.78,2915
795.899,2910
796.018,2866
796.137,2794
796.256,2784
796.375,2743
796.494,2718
796.613,2713
796.732,2571
796.851,2703
796.97,2620
797.089,2530
797.208,2526
797.327,2519
797.446,2490
797.565,2450
797.684,2464
797.803,2406
797.922,2397
798.041,2421
798.16,2357
798.279,2397
798.398,2352
798.517,2325
798.636,2320
798.755,2353
798.874,2304
798.993,2320
799.112,2297
799.231,2293
799.35,2323
799.469,2282
799.588,2295
799.707,2238
799.826,2271
799.945,2237
800.064,2176
800.183,2218
800.302,2197
800.421,2136
800.54,2211
800.659,2136
800.778,2184
800.897,2212
801.016,2181
801.135,2114
801.254,2161
801.373,2135
801.492,2126
801.611,2111
801.729,2060
801.848,2087
801.967,2081
802.086,2044
802.205,2050
802.324,2050
802.443,2059
802.562,2037
802.681,2087
802.8,2057
802.919,2048
803.038,2012
803.157,2019
803.276,2008
803.394,2019
803.513,2003
803.632,1980
803.751,1986
803.87,1974
803.989,1986
804.108,1984
804.227,1939
804.346,1981
804.465,1963
804.583,1987
804.702,1953
804.821,1911
804.94,1950
805.059,1956
805.178,1949
805.297,1936
805.416,1970
805.535,1906
805.653,1893
805.772,1938
805.891,1928
806.01,1883
806.129,1901
806.248,1921
806.367,1907
806.485,1951
806.604,1932
806.723,1913
806.842,1910
806.961,1894
807.08,1895
807.198,1911
807.317,1901
807.436,1893
807.555,1851
807.674,1855
807.793,1894
807.912,1838
808.03,1862
808.149,1849
808.268,1867
808.387,1848
808.506,1832
808.624,1834
808.743,1843
808.862,1848
808.981,1848
809.1,1847
809.219,1857
809.337,1842
809.456,1804
809.575,1849
809.694,1821
809.812,1788
809.931,1850
810.05,1789
810.169,1824
810.288,1840
810.406,1790
810.525,1810
810.644,1814
810.763,1793
810.882,1805
811.0,1844
811.119,1840
811.238,1842
811.357,1825
811.475,1867
811.594,1856
811.713,1791
811.832,1800
811.95,1832
812.069,1829
812.188,1920
812.307,1872
812.425,1856
812.544,1860
812.663,1910
812.782,1886
812.9,1876
813.019,1893
813.138,1829
813.257,1844
813.375,1816
813.494,1840
813.613,1858
813.731,1804
813.85,1812
813.969,1790
814.088,1822
814.206,1782
814.325,1768
814.444,1826
814.562,1814
814.681,1785
814.8,1798
814.918,1817
815.037,1790
815.156,1781
815.274,1734
815.393,1752
815.512,1753
815.631,1799
815.749,1709
815.868,1786
815.987,1785
816.105,1702
816.224,1737
816.343,1775
816.461,1786
816.58,1763
816.698,1781
816.817,1804
816.936,1823
817.055,1840
817.173,1745
817.292,1803
817.41,1779
817.529,1798
817.648,1824
817.766,1711
817.885,1748
818.004,1774
818.122,1733
818.241,1740
818.359,1749
818.478,1719
818.597,1729
818.715,1725
818.834,1679
818.953,1690
819.071,1692
819.19,1653
819.308,1644
819.427,1670
819.546,1649
819.664,1625
819.783,1646
819.901,1671
820.02,1681
820.138,1635
820.257,1675
820.376,1705
820.494,1708
820.613,1690
820.731,1657
820.85,1696
820.969,1601
821.087,1602
821.206,1646
821.324,1615
821.443,1653
821.561,1662
821.68,1633
821.798,1646
821.917,1627
822.035,1628
822.154,1615
822.273,1593
822.391,1599
822.51,1619
822.628,1641
822.747,1607
822.865,1586
822.984,1581
823.102,1585
823.221,1555
823.339,1571
823.458,1574
823.576,1627
823.695,1620
823.813,1617
823.932,1586
824.05,1593
824.169,1594
824.287,1623
824.406,1608
824.524,1615
824.643,1631
824.761,1649
824.88,1592
824.998,1615
825.117,1606
825.235,1555
825.354,1610
825.472,1565
825.591,1598
825.709,1615
825.828,1598
825.946,1524
826.064,1604
826.183,1564
826.301,1548
826.42,1567
826.538,1501
826.657,1540
826.775,1542
826.894,1551
827.012,1592
827.13,1561
827.249,1594
827.367,1576
827.486,1570
827.604,1543
827.723,1540
827.841,1524
827.959,1512
828.078,1564
828.196,1522
828.315,1488
828.433,1557
828.552,1551
828.67,1494
828.788,1545
828.907,1483
829.025,1546
829.143,1550
829.262,1503
829.38,1566
829.499,1554
829.617,1476
829.735,1530
829.854,1496
829.972,1508
830.091,1481
830.209,1536
830.327,1510
830.446,1533
830.564,1516
830.682,1570
830.801,1597
830.919,1589
831.037,1646
831.156,1640
831.274,1670
831.392,1577
831.511,1575
831.629,1577
831.747,1577
831.866,1562
831.984,1563
832.102,1579
832.221,1601
832.339,1611
832.457,1631
832.576,1598
832.694,1602
832.812,1601
832.93,1564
833.049,1544
833.167,1561
833.285,1561
833.404,1564
833.522,1547
833.64,1576
833.759,1587
833.877,1564
833.995,1544
834.113,1571
834.232,1593
834.35,1603
834.468,1585
834.586,1544
834.705,1566
834.823,1549
834.941,1603
835.059,1570
835.178,1641
835.296,1583
835.414,1568
835.532,1576
835.651,1598
835.769,1604
835.887,1552
836.005,1583
836.124,1569
836.242,1504
836.36,1535
836.478,1570
836.596,1476
836.715,1492
836.833,1526
836.951,1507
837.069,1507
837.188,1507
837.306,1536
837.424,1504
837.542,1543
837.66,1540
837.779,1577
837.897,1509
838.015,1524
838.133,1531
838.251,1590
838.369,1587
838.487,1566
838.606,1569
838.724,1609
838.842,1602
838.96,1535
839.078,1597
839.196,1566
839.315,1603
839.433,1610
839.551,1586
839.669,1609
839.787,1666
839.905,1642
840.023,1602
840.142,1642
840.26,1682
840.378,1683
840.496,1663
840.614,1666
840.732,1691
840.85,1660
840.968,1691
841.087,1656
841.205,1695
841.323,1695
841.441,1705
841.559,1759
841.677,1708
841.795,1683
841.913,1711
842.031,1758
842.149,1792
842.267,1694
842.385,1720
842.504,1726
842.622,1701
842.74,1700
842.858,1718
842.976,1683
843.094,1704
843.212,1751
843.33,1727
843.448,1732
843.566,1719
843.684,1719
843.802,1756
843.92,1707
844.038,1734
844.156,1751
844.274,1687
844.392,1703
844.51,1757
844.628,1657
844.746,1674
844.864,1683
844.982,1674
845.1,1726
845.218,1639
845.336,1640
845.454,1688
845.572,1615
845.69,1640
845.808,1661
845.926,1680
846.044,1697
846.162,1707
846.28,1699
846.398,1672
846.516,1673
846.634,1707
846.752,1694
846.87,1696
846.988,1687
847.106,1712
847.224,1734
847.342,1704
847.46,1669
847.578,1693
847.696,1680
847.814,1615
847.932,1631
848.05,1696
848.168,1676
848.285,1691
848.403,1684
848.521,1689
848.639,1667
848.757,1716
848.875,1703
848.993,1714
849.111,1733
849.229,1723
849.347,1762
849.465,1721
849.582,1713
849.7,1726
849.818,1698
849.936,1721
850.054,1715
850.172,1701
850.29,1711
850.408,1718
850.525,1684
850.643,1766
850.761,1718
850.879,1685
850.997,1676
851.115,1716
851.233,1643
851.35,1669
851.468,1723
851.586,1700
851.704,1705
851.822,1675
851.94,1710
852.057,1713
852.175,1758
852.293,1822
852.411,1803
852.529,1858
852.647,1906
852.764,1887
852.882,1842
853.0,1801
853.118,1773
853.236,1771
853.353,1710
853.471,1740
853.589,1730
853.707,1732
853.824,1692
853.942,1705
854.06,1740
854.178,1753
854.296,1742
854.413,1759
854.531,1761
854.649,1750
854.767,1752
854.884,1755
855.002,1758
855.12,1683
855.238,1695
855.355,1735
855.473,1725
855.591,1713
855.708,1707
855.826,1666
855.944,1742
856.062,1677
856.179,1730
856.297,1715
856.415,1734
856.532,1756
856.65,1752
856.768,1752
856.886,1756
857.003,1805
857.121,1773
857.239,1755
857.356,1805
857.474,1713
857.592,1775
857.709,1771
857.827,1763
857.945,1792
858.062,1711
858.18,1741
858.298,1764
858.415,1777
858.533,1830
858.651,1792
858.768,1743
858.886,1756
859.003,1712
859.121,1721
859.239,1708
859.356,1775
859.474,1726
859.592,1667
859.709,1723
859.827,1704
859.944,1680
860.062,1701
860.18,1686
860.297,1738
860.415,1663
860.532,1649
860.65,1678
860.768,1726
860.885,1697
861.003,1653
861.12,1689
861.238,1702
861.356,1748
861.473,1718
861.591,1707
861.708,1690
861.826,1737
861.943,1679
862.061,1633
862.178,1643
862.296,1557
862.414,1594
862.531,1612
862.649,1593
862.766,1604
862.884,1617
863.001,1605
863.119,1593
863.236,1594
863.354,1579
863.471,1613
863.589,1646
863.706,1622
863.824,1670
863.941,1638
864.059,1630
864.176,1574
864.294,1602
864.411,1646
864.529,1606
864.646,1616
864.764,1587
864.881,1567
864.999,1643
865.116,1603
865.233,1592
865.351,1594
865.468,1592
865.586,1585
865.703,1565
865.821,1585
865.938,1603
866.056,1584
866.173,1600
866.29,1611
866.408,1601
866.525,1604
866.643,1652
866.76,1616
866.878,1617
866.995,1648
867.112,1590
867.23,1670
867.347,1640
867.465,1692
867.582,1651
867.699,1677
867.817,1653
867.934,1648
868.051,1625
868.169,1644
868.286,1639
868.404,1632
868.521,1671
868.638,1605
868.756,1679
868.873,1664
868.99,1681
869.108,1698
869.225,1667
869.342,1691
869.46,1698
869.577,1725
869.694,1714
869.812,1746
869.929,1725
870.046,1714
870.164,1767
870.281,1708
870.398,1747
870.516,1744
870.633,1774
870.75,1770
870.867,1839
870.985,1821
871.102,1800
871.219,1804
871.337,1823
871.454,1900
871.571,1842
871.688,1882
871.806,1834
871.923,1846
872.04,1790
872.157,1864
872.275,1797
872.392,1814
872.509,1824
872.626,1775
872.744,1801
872.861,1813
872.978,1817
873.095,1789
873.213,1781
873.33,1730
873.447,1809
873.564,1796
873.681,1754
873.799,1792
873.916,1744
874.033,1791
874.15,1780
874.267,1814
874.385,1852
874.502,1826
874.619,1835
874.736,1815
874.853,1836
874.97,1832
875.088,1845
875.205,1792
875.322,1849
875.439,1757
875.556,1772
875.673,1776
875.791,1757
875.908,1765
876.025,1750
876.142,1756
876.259,1761
876.376,1757
876.493,1714
876.61,1737
876.728,1774
876.845,1738
876.962,1733
877.079,1762
877.196,1733
877.313,1774
877.43,1798
877.547,1746
877.664,1735
877.781,1777
877.898,1746
878.016,1728
878.133,1691
878.25,1677
878.367,1731
878.484,1662
878.601,1648
878.718,1680
878.835,1633
878.952,1656
879.069,1639
879.186,1613
879.303,1636
879.42,1634
879.537,1613
879.654,1620
879.771,1597
879.888,1595
880.005,1580
880.122,1612
880.239,1601
880.356,1580
880.473,1590
880.59,1530
880.707,1565
880.824,1596
880.941,1581
881.058,1569
881.175,1589
881.292,1552
881.409,1605
881.526,1556
881.643,1560
881.76,1572
881.877,1578
881.994,1579
882.111,1590
882.228,1550
882.345,1561
882.462,1540
882.579,1564
882.696,1561
882.812,1598
882.929,1544
883.046,1575
883.163,1547
883.28,1631
883.397,1628
883.514,1566
883.631,1597
883.748,1591
883.865,1649
883.982,1645
884.098,1652
884.215,1644
884.332,1710
884.449,1687
884.566,1732
884.683,1777
884.8,1854
884.916,1888
885.033,1972
885.15,2051
885.267,2144
885.384,2120
885.501,2113
885.617,2142
885.734,2160
885.851,2066
885.968,2194
886.085,2122
886.202,2117
886.318,2096
886.435,2075
886.552,2025
886.669,2009
886.786,1949
886.902,1960
887.019,1949
887.136,1890
887.253,1917
887.369,1854
887.486,1853
887.603,1832
887.72,1757
887.837,1781
887.953,1713
888.07,1718
888.187,1697
888.304,1645
888.42,1639
888.537,1603
888.654,1512
888.77,1525
888.887,1544
889.004,1566
889.121,1540
889.237,1474
889.354,1508
889.471,1473
889.587,1464
889.704,1496
889.821,1471
889.938,1496
890.054,1478
890.171,1473
890.288,1497
890.404,1457
890.521,1485
890.638,1452
890.754,1468
890.871,1468
890.988,1510
891.104,1500
891.221,1497
891.337,1463
891.454,1469
891.571,1475
891.687,1547
891.804,1541
891.921,1481
892.037,1501
892.154,1517
892.27,1512
892.387,1493
892.504,1512
892.62,1476
892.737,1544
892.854,1489
892.97,1490
893.087,1527
893.203,1451
893.32,1471
893.436,1510
893.553,1464
893.67,1498
893.786,1492
893.903,1487
894.019,1527
894.136,1459
894.252,1506
894.369,1523
894.485,1484
894.602,1507
894.718,1484
894.835,1498
894.951,1468
895.068,1492
895.184,1479
895.301,1473
895.417,1499
895.534,1431
895.65,1466
895.767,1475
895.883,1465
896.0,1478
896.116,1473
896.233,1416
896.349,1460
896.466,1459
896.582,1541
896.699,1449
896.815,1489
896.932,1491
897.048,1499
897.165,1487
897.281,1502
897.397,1462
897.514,1464
897.63,1491
897.747,1471
897.863,1500
897.979,1502
898.096,1528
898.212,1517
898.329,1528
898.445,1535
898.561,1573
898.678,1532
898.794,1516
898.911,1496
899.027,1543
899.143,1539
899.26,1509
899.376,1509
899.492,1529
899.609,1495
899.725,1506
899.842,1551
899.958,1509
900.074,1558
900.191,1511
900.307,1498
900.423,1504
900.539,1546
900.656,1537
900.772,1514
900.888,1494
901.005,1564
901.121,1544
901.237,1556
901.354,1558
901.47,1604
901.586,1607
901.703,1572
901.819,1616
901.935,1673
902.051,1693
902.168,1713
902.284,1737
902.4,1778
902.516,1821
902.633,1822
902.749,1825
902.865,1860
902.981,1860
903.098,1824
903.214,1813
903.33,1817
903.446,1824
903.562,1812
903.679,1774
903.795,1770
903.911,1755
904.027,1742
904.143,1721
904.26,1683
904.376,1628
904.492,1638
904.608,1646
904.724,1564
904.841,1616
904.957,1586
905.073,1536
905.189,1607
905.305,1559
905.421,1541
905.538,1531
905.654,1561
905.77,1527
905.886,1547
906.002,1465
906.118,1518
906.234,1538
906.35,1520
906.466,1509
906.583,1446
906.699,1488
906.815,1533
906.931,1471
907.047,1475
907.163,1481
907.279,1530
907.395,1431
907.511,1464
907.627,1498
907.743,1468
907.859,1509
907.976,1484
908.092,1507
908.208,1447
908.324,1472
908.44,1495
908.556,1479
908.672,1490
908.788,1486
908.904,1492
909.02,1510
909.136,1460
909.252,1449
909.368,1479
909.484,1453
909.6,1519
909.716,1469
909.832,1510
909.948,1500
910.064,1488
910.18,1465
910.296,1504
910.412,1454
910.528,1457
910.644,1493
910.76,1505
910.875,1510
910.991,1480
911.107,1473
911.223,1484
911.339,1482
911.455,1445
911.571,1488
911.687,1495
911.803,1437
911.919,1471
912.035,1492
912.151,1471
912.267,1470
912.382,1413
912.498,1476
912.614,1486
912.73,1444
912.846,1473
