792.446,1142.4
792.565,1090.2
792.684,1088.2
792.803,1089.0
792.922,1068.8
793.041,1055.0
793.16,1049.0
793.279,1041.8
793.398,1024.2
793.518,1006.4
793.637,976.2
793.756,983.2
793.875,985.8
793.994,973.6
794.113,968.4
794.232,959.0
794.351,940.0
794.47,928.2
794.589,920.8
794.708,912.8
794.827,912.0
794.946,909.0
795.065,911.6
795.185,892.6
795.304,882.4
795.423,868.6
795.542,868.2
795.661,874.2
795.78,866.4
795.899,863.6
796.018,865.4
796.137,856.4
796.256,850.0
796.375,830.8
796.494,836.2
796.613,837.0
796.732,835.6
796.851,832.2
796.97,826.2
797.089,822.4
797.208,819.8
797.327,822.0
797.446,807.4
797.565,807.8
797.684,804.2
797.803,809.2
797.922,801.0
798.041,806.0
798.16,800.4
798.279,797.8
798.398,792.6
798.517,788.2
798.636,794.4
798.755,792.0
798.874,784.4
798.993,780.2
799.112,781.4
799.231,775.8
799.35,789.2
799.469,786.8
799.588,791.4
799.707,782.4
799.826,782.4
799.945,777.4
800.064,777.4
800.183,778.2
800.302,773.4
800.421,783.2
800.54,777.8
800.659,775.4
800.778,778.4
800.897,765.6
801.016,765.0
801.135,772.8
801.254,775.8
801.373,768.6
801.492,777.4
801.611,775.8
801.73,770.8
801.848,768.2
801.967,770.4
802.086,767.2
802.205,764.2
802.324,759.2
802.443,766.6
802.562,767.4
802.681,769.4
802.8,762.2
802.919,760.8
803.038,760.2
803.157,765.2
803.276,762.8
803.395,763.4
803.513,759.2
803.632,767.8
803.751,747.6
803.87,759.0
803.989,753.8
804.108,751.4
804.227,755.4
804.346,760.2
804.465,754.2
804.584,762.2
804.702,756.6
804.821,762.4
804.94,756.8
805.059,751.0
805.178,764.0
805.297,763.2
805.416,763.6
805.535,758.4
805.653,752.4
805.772,769.0
805.891,760.2
806.01,770.6
806.129,772.6
806.248,757.0
806.367,755.2
806.485,757.2
806.604,756.4
806.723,758.8
806.842,754.0
806.961,757.6
807.08,754.4
807.199,757.0
807.317,762.8
807.436,768.0
807.555,757.2
807.674,759.0
807.793,760.4
807.912,761.4
808.03,758.0
808.149,754.8
808.268,753.6
808.387,764.0
808.506,767.8
808.625,767.4
808.743,759.2
808.862,763.6
808.981,769.4
809.1,758.4
809.219,755.0
809.337,761.4
809.456,757.0
809.575,772.2
809.694,760.6
809.813,762.0
809.931,759.0
810.05,755.2
810.169,748.2
810.288,757.8
810.406,753.0
810.525,758.0
810.644,761.8
810.763,758.6
810.882,762.4
811.0,760.2
811.119,754.2
811.238,757.4
811.357,760.2
811.475,759.8
811.594,763.0
811.713,762.8
811.832,757.8
811.95,758.0
812.069,757.4
812.188,754.4
812.307,755.6
812.425,758.8
812.544,760.8
812.663,755.8
812.782,744.8
812.9,752.4
813.019,744.2
813.138,751.2
813.257,746.8
813.375,747.0
813.494,750.0
813.613,750.2
813.731,742.8
813.85,745.2
813.969,746.0
814.088,747.6
814.206,746.0
814.325,737.2
814.444,747.4
814.562,741.2
814.681,731.8
814.8,731.6
814.918,731.6
815.037,740.0
815.156,733.8
815.275,741.0
815.393,728.8
815.512,728.0
815.631,729.2
815.749,735.8
815.868,735.8
815.987,732.0
816.105,734.0
816.224,739.2
816.343,732.4
816.461,743.0
816.58,750.8
816.699,748.8
816.817,741.8
816.936,733.2
817.054,737.2
817.173,729.6
817.292,722.8
817.41,722.6
817.529,716.8
817.648,719.2
817.766,711.4
817.885,708.2
818.004,711.2
818.122,713.6
818.241,701.8
818.36,704.4
818.478,703.4
818.597,707.6
818.715,699.4
818.834,699.4
818.953,696.2
819.071,698.4
819.19,698.4
819.308,697.4
819.427,698.6
819.546,695.6
819.664,697.0
819.783,692.4
819.901,693.4
820.02,694.2
820.139,689.4
820.257,692.2
820.376,684.0
820.494,684.4
820.613,690.0
820.731,683.4
820.85,680.6
820.969,679.0
821.087,678.8
821.206,681.2
821.324,682.2
821.443,681.2
821.561,678.6
821.68,678.6
821.798,678.0
821.917,672.0
822.036,684.6
822.154,677.4
822.273,678.2
822.391,677.4
822.51,669.2
822.628,674.2
822.747,669.0
822.865,668.2
822.984,670.6
823.102,672.0
823.221,668.2
823.339,664.4
823.458,673.0
823.576,674.6
823.695,671.2
823.813,667.8
823.932,669.6
824.05,667.0
824.169,669.8
824.287,666.4
824.406,671.0
824.524,669.4
824.643,663.8
824.761,668.8
824.88,671.2
824.998,665.4
825.117,659.6
825.235,666.0
825.354,670.2
825.472,669.0
825.591,669.2
825.709,667.2
825.828,662.2
825.946,658.8
826.065,658.2
826.183,660.0
826.301,656.2
826.42,658.6
826.538,659.0
826.657,665.0
826.775,661.8
826.894,667.4
827.012,658.4
827.131,664.4
827.249,657.4
827.367,665.6
827.486,659.6
827.604,657.0
827.723,656.4
827.841,651.6
827.96,654.4
828.078,652.2
828.196,654.2
828.315,646.0
828.433,652.6
828.552,656.4
828.67,650.0
828.788,654.0
828.907,655.0
829.025,654.8
829.144,655.2
829.262,652.0
829.38,648.2
829.499,651.0
829.617,643.0
829.735,650.2
829.854,649.4
829.972,644.2
830.091,649.2
830.209,639.2
830.327,645.4
830.446,642.4
830.564,647.0
830.682,652.6
830.801,640.4
830.919,645.8
831.037,643.8
831.156,645.6
831.274,644.2
831.392,648.2
831.511,644.0
831.629,640.0
831.747,643.6
831.866,645.6
831.984,654.2
832.102,648.2
832.221,649.2
832.339,641.2
832.457,646.8
832.576,641.0
832.694,638.8
832.812,646.8
832.931,637.8
833.049,642.2
833.167,646.6
833.285,644.8
833.404,648.6
833.522,641.6
833.64,641.0
833.759,648.8
833.877,647.6
833.995,648.6
834.113,651.4
834.232,650.2
834.35,642.4
834.468,645.4
834.586,650.4
834.705,654.2
834.823,638.8
834.941,653.6
835.06,645.4
835.178,654.4
835.296,643.0
835.414,636.2
835.533,640.2
835.651,645.6
835.769,646.6
835.887,650.8
836.005,647.0
836.124,649.6
836.242,639.6
836.36,644.0
836.478,643.6
836.597,646.4
836.715,641.6
836.833,642.2
836.951,639.8
837.069,643.6
837.188,647.2
837.306,646.6
837.424,642.6
837.542,642.6
837.66,637.4
837.779,636.8
837.897,644.2
838.015,643.0
838.133,637.2
838.251,637.8
838.369,646.2
838.488,643.4
838.606,638.8
838.724,643.2
838.842,643.6
838.96,647.6
839.078,640.0
839.197,646.2
839.315,644.8
839.433,649.8
839.551,647.4
839.669,651.0
839.787,645.6
839.905,648.2
840.024,643.0
840.142,651.8
840.26,639.4
840.378,647.6
840.496,642.2
840.614,642.2
840.732,647.8
840.85,653.4
840.969,642.6
841.087,647.4
841.205,649.4
841.323,650.6
841.441,646.4
841.559,652.2
841.677,648.2
841.795,647.6
841.913,648.6
842.031,645.6
842.149,643.6
842.268,646.0
842.386,639.8
842.504,643.2
842.622,638.0
842.74,644.0
842.858,640.6
842.976,645.6
843.094,640.8
843.212,646.2
843.33,636.6
843.448,641.0
843.566,644.6
843.684,644.6
843.802,640.2
843.92,646.8
844.038,648.4
844.156,640.4
844.274,653.8
844.392,640.8
844.51,648.2
844.628,645.2
844.746,641.4
844.864,642.0
844.982,643.4
845.101,643.4
845.219,647.4
845.336,640.0
845.455,644.6
845.573,637.0
845.69,646.6
845.808,641.8
845.926,644.0
846.044,642.2
846.162,636.0
846.28,645.0
846.398,641.2
846.516,643.4
846.634,652.8
846.752,644.8
846.87,646.0
846.988,646.8
847.106,641.0
847.224,647.2
847.342,645.2
847.46,644.0
847.578,645.4
847.696,644.6
847.814,641.4
847.932,644.2
848.05,646.4
848.168,646.2
848.286,644.0
848.403,641.4
848.521,633.4
848.639,637.8
848.757,639.2
848.875,638.2
848.993,641.2
849.111,635.4
849.229,635.2
849.347,634.8
849.465,636.8
849.583,636.4
849.7,630.2
849.818,635.4
849.936,629.8
850.054,633.6
850.172,639.6
850.29,630.0
850.408,634.0
850.526,633.4
850.643,633.8
850.761,626.2
850.879,628.8
850.997,625.4
851.115,624.0
851.233,632.0
851.35,629.6
851.468,623.6
851.586,629.2
851.704,631.2
851.822,633.6
851.94,638.6
852.058,657.4
852.175,659.6
852.293,648.4
852.411,645.2
852.529,634.2
852.647,631.4
852.764,630.6
852.882,629.4
853.0,629.6
853.118,623.4
853.236,622.2
853.353,624.4
853.471,629.0
853.589,624.0
853.707,627.2
853.824,629.0
853.942,628.0
854.06,631.8
854.178,639.2
854.296,642.2
854.413,636.0
854.531,636.6
854.649,640.2
854.767,629.4
854.884,635.4
855.002,633.0
855.12,635.8
855.238,631.8
855.355,636.0
855.473,638.2
855.591,638.8
855.708,631.0
855.826,628.8
855.944,634.2
856.062,636.0
856.179,634.8
856.297,633.8
856.415,634.6
856.533,630.0
856.65,630.2
856.768,633.2
856.886,627.8
857.003,623.8
857.121,629.0
857.239,629.0
857.356,624.4
857.474,624.8
857.592,623.8
857.709,630.2
857.827,628.4
857.945,624.6
858.062,622.2
858.18,623.0
858.298,627.0
858.415,626.6
858.533,619.6
858.651,628.0
858.768,630.6
858.886,628.4
859.004,628.2
859.121,627.0
859.239,619.8
859.356,622.6
859.474,624.6
859.592,614.4
859.709,623.6
859.827,616.8
859.945,614.2
860.062,616.6
860.18,616.4
860.297,615.4
860.415,615.0
860.533,607.0
860.65,609.8
860.768,607.8
860.885,620.0
861.003,619.6
861.12,615.8
861.238,615.0
861.356,615.4
861.473,612.4
861.591,609.0
861.708,615.4
861.826,606.6
861.943,599.8
862.061,600.2
862.178,602.6
862.296,597.0
862.414,599.6
862.531,595.4
862.649,597.6
862.766,599.6
862.884,598.6
863.001,601.8
863.119,610.6
863.236,604.8
863.354,601.2
863.471,602.4
863.589,601.6
863.706,606.0
863.824,590.0
863.941,595.8
864.059,593.4
864.176,598.2
864.294,598.0
864.411,592.6
864.529,601.2
864.646,605.4
864.764,600.4
864.881,605.4
864.999,592.4
865.116,600.0
865.234,590.0
865.351,595.6
865.468,593.2
865.586,597.2
865.703,603.0
865.821,595.4
865.938,595.0
866.056,594.8
866.173,596.4
866.291,593.8
866.408,596.8
866.525,604.2
866.643,598.4
866.76,597.6
866.878,597.6
866.995,602.0
867.112,600.0
867.23,602.2
867.347,601.0
867.465,597.0
867.582,601.6
867.699,599.4
867.817,601.2
867.934,597.4
868.052,602.4
868.169,601.2
868.286,600.2
868.404,601.6
868.521,603.2
868.638,600.6
868.756,607.6
868.873,601.8
868.99,605.0
869.108,602.4
869.225,608.8
869.342,604.8
869.46,604.2
869.577,602.4
869.694,602.6
869.812,608.0
869.929,611.8
870.046,608.2
870.164,603.8
870.281,606.2
870.398,611.4
870.516,613.0
870.633,611.4
870.75,616.4
870.867,612.0
870.985,605.6
871.102,607.8
871.219,606.0
871.337,614.4
871.454,607.8
871.571,608.6
871.688,603.2
871.806,602.0
871.923,609.6
872.04,604.4
872.158,606.4
872.275,607.4
872.392,605.2
872.509,598.4
872.626,605.8
872.744,599.0
872.861,609.4
872.978,607.2
873.095,600.2
873.213,596.6
873.33,599.4
873.447,602.4
873.564,605.6
873.682,594.6
873.799,602.0
873.916,603.6
874.033,600.0
874.15,597.4
874.267,601.4
874.385,605.0
874.502,606.4
874.619,601.0
874.736,597.8
874.853,606.6
874.971,601.2
875.088,603.2
875.205,605.8
875.322,604.4
875.439,610.0
875.556,604.4
875.673,610.8
875.791,602.0
875.908,602.0
876.025,603.6
876.142,599.6
876.259,600.4
876.376,603.8
876.493,599.6
876.611,597.0
876.728,596.8
876.845,604.6
876.962,603.4
877.079,602.0
877.196,601.0
877.313,605.0
877.43,598.8
877.547,601.0
877.664,597.8
877.781,599.6
877.899,597.2
878.016,592.4
878.133,587.0
878.25,590.4
878.367,593.2
878.484,587.6
878.601,580.8
878.718,581.4
878.835,584.4
878.952,585.8
879.069,580.2
879.186,587.4
879.303,585.0
879.42,579.2
879.537,584.0
879.654,581.2
879.771,580.8
879.888,582.0
880.005,576.0
880.122,581.2
880.239,578.2
880.356,586.4
880.473,579.6
880.59,574.8
880.707,581.6
880.824,577.6
880.941,579.8
881.058,580.8
881.175,575.2
881.292,580.2
881.409,577.8
881.526,574.4
881.643,574.2
881.76,574.8
881.877,580.6
881.994,577.4
882.111,579.6
882.228,567.6
882.345,576.0
882.462,575.0
882.579,572.6
882.696,578.0
882.812,580.2
882.929,580.4
883.046,588.8
883.163,577.0
883.28,579.4
883.397,578.0
883.514,579.4
883.631,578.8
883.748,581.0
883.865,582.2
883.982,580.6
884.098,583.2
884.215,587.4
884.332,582.8
884.449,588.0
884.566,590.4
884.683,594.0
884.8,595.2
884.916,597.0
885.033,597.8
885.15,594.8
885.267,599.6
885.384,601.0
885.501,605.0
885.617,606.8
885.734,609.8
885.851,608.0
885.968,607.4
886.085,602.6
886.202,599.0
886.318,597.8
886.435,588.0
886.552,592.0
886.669,599.6
886.786,592.6
886.902,589.4
887.019,583.0
887.136,585.6
887.253,579.8
887.37,590.2
887.486,585.6
887.603,584.6
887.72,571.0
887.837,572.4
887.953,568.8
888.07,568.2
888.187,572.0
888.304,571.0
888.42,566.4
888.537,566.0
888.654,561.4
888.771,564.0
888.887,558.4
889.004,560.2
889.121,556.0
889.237,552.2
889.354,560.2
889.471,556.6
889.588,553.2
889.704,556.6
889.821,555.2
889.938,558.6
890.054,558.2
890.171,561.2
890.288,554.4
890.404,559.2
890.521,556.0
890.638,558.2
890.754,559.2
890.871,559.0
890.988,556.2
891.104,557.2
891.221,556.0
891.338,553.0
891.454,556.6
891.571,552.8
891.687,557.4
891.804,554.0
891.921,550.0
892.037,556.8
892.154,551.8
892.271,551.4
892.387,554.6
892.504,553.8
892.62,551.8
892.737,558.2
892.854,550.6
892.97,558.0
893.087,554.2
893.203,563.2
893.32,559.4
893.436,560.2
893.553,550.8
893.67,558.0
893.786,561.8
893.903,556.4
894.019,559.8
894.136,559.6
894.252,559.2
894.369,551.8
894.485,560.8
894.602,546.4
894.718,558.6
894.835,556.0
894.951,563.0
895.068,558.6
895.184,562.0
895.301,555.6
895.417,552.4
895.534,552.8
895.65,554.0
895.767,560.8
895.883,552.0
896.0,555.4
896.116,554.2
896.233,549.8
896.349,557.4
896.466,554.4
896.582,555.8
896.699,552.6
896.815,551.0
896.932,549.6
897.048,552.6
897.165,560.0
897.281,558.8
897.397,552.6
897.514,559.4
897.63,559.6
897.747,559.2
897.863,558.2
897.979,559.4
898.096,559.0
898.212,561.4
898.329,556.4
898.445,553.6
898.562,551.0
898.678,553.6
898.794,549.6
898.911,554.2
899.027,548.8
899.143,555.0
899.26,554.6
899.376,548.2
899.492,545.8
899.609,552.6
899.725,555.6
899.842,550.4
899.958,552.0
900.074,552.4
900.191,555.4
900.307,558.0
900.423,554.0
900.54,550.2
900.656,557.0
900.772,550.2
900.888,552.2
901.005,551.2
901.121,552.6
901.237,549.4
901.354,553.6
901.47,551.6
901.586,555.6
901.703,565.4
901.819,553.6
901.935,560.2
902.051,563.0
902.168,567.6
902.284,563.8
902.4,561.8
902.516,563.2
902.633,562.6
902.749,564.8
902.865,555.8
902.981,554.6
903.098,559.4
903.214,560.6
903.33,561.4
903.446,559.8
903.562,550.2
903.679,555.4
903.795,549.8
903.911,550.0
904.027,545.2
904.144,545.4
904.26,548.0
904.376,544.0
904.492,537.8
904.608,538.6
904.724,540.4
904.841,543.2
904.957,541.6
905.073,541.8
905.189,539.6
905.305,533.8
905.421,532.8
905.538,539.0
905.654,534.8
905.77,532.8
905.886,535.2
906.002,530.6
906.118,531.2
906.234,522.0
906.35,526.6
906.467,526.4
906.583,518.4
906.699,521.4
906.815,524.4
906.931,524.6
907.047,527.6
907.163,526.0
907.279,530.8
907.395,522.6
907.511,526.2
907.627,521.8
907.743,528.0
907.86,522.4
907.976,523.6
908.092,520.4
908.208,521.6
908.324,523.4
908.44,521.8
908.556,521.4
908.672,528.6
908.788,521.8
908.904,523.0
909.02,519.6
909.136,521.0
909.252,520.0
909.368,518.8
909.484,521.2
909.6,525.0
909.716,523.2
909.832,522.6
909.948,519.4
910.064,516.4
910.18,518.6
910.296,521.8
910.412,519.8
910.528,515.4
910.644,520.4
910.76,521.8
910.876,518.2
910.992,516.8
911.107,517.2
911.223,519.2
911.339,526.2
911.455,517.4
911.571,515.4
911.687,516.0
911.803,521.0
911.919,515.2
912.035,515.0
912.151,516.2
912.267,517.6
912.382,518.8
912.498,516.2
912.614,519.6
912.73,520.6
912.846,517.4
