792.446,913.4
792.565,900.8
792.684,899.2
792.803,901.6
792.922,884.6
793.041,878.8
793.16,895.6
793.279,873.4
793.398,865.6
793.518,843.6
793.637,842.6
793.756,838.0
793.875,853.0
793.994,835.6
794.113,836.8
794.232,832.6
794.351,823.8
794.47,823.8
794.589,823.4
794.708,817.0
794.827,817.2
794.946,809.8
795.065,809.8
795.185,803.2
795.304,796.4
795.423,784.6
795.542,782.0
795.661,788.4
795.78,786.0
795.899,792.0
796.018,792.2
796.137,788.6
796.256,785.0
796.375,772.8
796.494,777.0
796.613,778.8
796.732,777.2
796.851,774.6
796.97,767.8
797.089,765.8
797.208,773.0
797.327,772.6
797.446,762.0
797.565,761.2
797.684,765.6
797.803,764.4
797.922,763.0
798.041,758.0
798.16,766.6
798.279,768.0
798.398,765.4
798.517,758.6
798.636,761.2
798.755,754.4
798.874,746.6
798.993,750.8
799.112,751.2
799.231,750.0
799.35,759.6
799.469,751.0
799.588,755.4
799.707,753.4
799.826,753.0
799.945,750.2
800.064,760.2
800.183,748.8
800.302,755.2
800.421,757.2
800.54,746.2
800.659,753.4
800.778,750.8
800.897,756.2
801.016,753.8
801.135,750.0
801.254,758.0
801.373,748.2
801.492,756.2
801.611,752.4
801.73,750.0
801.848,746.2
801.967,753.2
802.086,754.4
802.205,750.2
802.324,744.8
802.443,751.8
802.562,751.6
802.681,754.8
802.8,742.2
802.919,747.2
803.038,747.0
803.157,752.0
803.276,755.2
803.395,749.8
803.513,758.6
803.632,755.0
803.751,748.6
803.87,751.4
803.989,746.6
804.108,754.2
804.227,744.4
804.346,745.8
804.465,746.8
804.584,748.6
804.702,748.6
804.821,757.2
804.94,751.2
805.059,744.6
805.178,759.0
805.297,759.4
805.416,759.8
805.535,758.2
805.653,752.4
805.772,761.8
805.891,761.2
806.01,764.6
806.129,762.4
806.248,762.6
806.367,758.0
806.485,760.4
806.604,754.0
806.723,760.8
806.842,754.8
806.961,754.8
807.08,751.8
807.199,760.2
807.317,758.8
807.436,758.2
807.555,754.2
807.674,756.2
807.793,756.4
807.912,756.4
808.03,759.0
808.149,760.4
808.268,761.0
808.387,764.8
808.506,767.2
808.625,775.2
808.743,763.6
808.862,762.8
808.981,763.0
809.1,762.8
809.219,760.0
809.337,755.8
809.456,761.4
809.575,763.8
809.694,766.2
809.813,765.0
809.931,762.6
810.05,752.8
810.169,750.2
810.288,753.0
810.406,762.6
810.525,760.0
810.644,758.0
810.763,766.6
810.882,758.4
811.0,767.2
811.119,751.4
811.238,762.0
811.357,759.4
811.475,753.8
811.594,758.8
811.713,760.8
811.832,758.6
811.95,762.6
812.069,765.2
812.188,755.4
812.307,755.2
812.425,756.6
812.544,759.8
812.663,766.4
812.782,754.2
812.9,757.2
813.019,749.2
813.138,744.8
813.257,755.6
813.375,748.2
813.494,751.8
813.613,756.6
813.731,755.0
813.85,755.4
813.969,752.6
814.088,747.6
814.206,750.0
814.325,757.2
814.444,749.6
814.562,748.4
814.681,744.6
814.8,754.4
814.918,741.2
815.037,750.8
815.156,748.0
815.275,745.2
815.393,744.8
815.512,745.2
815.631,743.8
815.749,744.4
815.868,740.2
815.987,747.8
816.105,755.0
816.224,753.2
816.343,751.2
816.461,760.0
816.58,759.4
816.699,759.6
816.817,757.8
816.936,754.8
817.054,748.2
817.173,743.4
817.292,740.6
817.41,745.6
817.529,740.0
817.648,743.8
817.766,731.2
817.885,733.2
818.004,730.6
818.122,732.8
818.241,729.6
818.36,729.4
818.478,728.0
818.597,731.4
818.715,719.6
818.834,723.8
818.953,716.8
819.071,720.6
819.19,723.8
819.308,727.2
819.427,728.2
819.546,729.4
819.664,727.6
819.783,729.4
819.901,726.8
820.02,726.2
820.139,720.4
820.257,724.8
820.376,719.6
820.494,719.6
820.613,721.4
820.731,717.4
820.85,716.4
820.969,712.0
821.087,714.0
821.206,712.4
821.324,714.8
821.443,710.6
821.561,715.0
821.68,718.2
821.798,712.4
821.917,717.0
822.036,714.0
822.154,714.8
822.273,707.8
822.391,700.8
822.51,705.2
822.628,712.6
822.747,707.6
822.865,704.6
822.984,715.4
823.102,706.8
823.221,703.6
823.339,710.6
823.458,707.2
823.576,712.8
823.695,712.8
823.813,704.2
823.932,706.6
824.05,712.4
824.169,708.2
824.287,706.8
824.406,707.8
824.524,703.6
824.643,704.4
824.761,701.0
824.88,709.2
824.998,715.2
825.117,704.6
825.235,712.4
825.354,707.2
825.472,705.6
825.591,705.6
825.709,700.0
825.828,703.4
825.946,695.4
826.065,703.4
826.183,701.0
826.301,706.0
826.42,703.8
826.538,704.8
826.657,708.0
826.775,700.2
826.894,704.6
827.012,702.0
827.131,703.2
827.249,696.2
827.367,698.0
827.486,697.8
827.604,702.4
827.723,696.2
827.841,703.4
827.96,695.6
828.078,694.4
828.196,693.4
828.315,696.8
828.433,690.4
828.552,694.8
828.67,693.6
828.788,696.0
828.907,694.6
829.025,704.2
829.144,696.4
829.262,698.6
829.38,699.6
829.499,696.4
829.617,688.0
829.735,693.2
829.854,690.8
829.972,693.4
830.091,695.6
830.209,693.0
830.327,694.2
830.446,689.0
830.564,692.6
830.682,686.0
830.801,691.6
830.919,687.6
831.037,688.6
831.156,693.6
831.274,687.2
831.392,690.8
831.511,686.0
831.629,686.8
831.747,685.4
831.866,688.0
831.984,694.0
832.102,688.8
832.221,695.8
832.339,688.2
832.457,692.0
832.576,694.0
832.694,679.8
832.812,687.2
832.931,695.8
833.049,689.8
833.167,689.2
833.285,692.2
833.404,688.2
833.522,691.0
833.64,679.8
833.759,692.4
833.877,692.0
833.995,696.8
834.113,690.8
834.232,695.2
834.35,692.0
834.468,688.2
834.586,687.6
834.705,691.6
834.823,683.8
834.941,683.0
835.06,688.8
835.178,691.6
835.296,684.0
835.414,683.8
835.533,693.8
835.651,691.0
835.769,697.0
835.887,694.8
836.005,694.0
836.124,697.4
836.242,694.8
836.36,695.4
836.478,683.8
836.597,691.6
836.715,685.8
836.833,691.8
836.951,691.2
837.069,697.6
837.188,699.4
837.306,694.6
837.424,686.2
837.542,688.8
837.66,688.2
837.779,696.8
837.897,689.8
838.015,691.0
838.133,690.8
838.251,693.8
838.369,688.8
838.488,689.0
838.606,695.0
838.724,694.8
838.842,691.6
838.96,689.8
839.078,680.8
839.197,694.8
839.315,691.6
839.433,689.6
839.551,692.8
839.669,694.6
839.787,684.4
839.905,686.6
840.024,680.8
840.142,692.8
840.26,688.0
840.378,687.2
840.496,685.8
840.614,687.2
840.732,688.8
840.85,689.8
840.969,691.0
841.087,692.2
841.205,687.0
841.323,697.6
841.441,684.0
841.559,690.6
841.677,689.2
841.795,683.8
841.913,679.4
842.031,686.0
842.149,690.0
842.268,688.8
842.386,683.6
842.504,674.8
842.622,681.4
842.74,677.4
842.858,677.2
842.976,693.2
843.094,684.0
843.212,690.8
843.33,687.0
843.448,686.4
843.566,683.2
843.684,680.0
843.802,685.4
843.92,688.8
844.038,691.2
844.156,683.6
844.274,684.0
844.392,688.4
844.51,681.8
844.628,685.8
844.746,676.4
844.864,683.8
844.982,680.2
845.101,686.2
845.219,689.4
845.336,684.6
845.455,685.2
845.573,688.2
845.69,682.8
845.808,687.0
845.926,683.2
846.044,676.0
846.162,677.6
846.28,685.2
846.398,685.0
846.516,694.0
846.634,685.0
846.752,694.2
846.87,682.4
846.988,685.0
847.106,682.8
847.224,687.6
847.342,684.4
847.46,693.8
847.578,686.0
847.696,689.0
847.814,685.2
847.932,686.8
848.05,688.2
848.168,683.2
848.286,683.6
848.403,680.0
848.521,681.6
848.639,682.4
848.757,679.6
848.875,683.0
848.993,680.6
849.111,677.0
849.229,664.8
849.347,674.8
849.465,678.2
849.583,677.4
849.7,676.8
849.818,671.8
849.936,670.4
850.054,672.2
850.172,671.2
850.29,677.0
850.408,676.4
850.526,676.8
850.643,677.2
850.761,671.6
850.879,670.4
850.997,670.8
851.115,675.6
851.233,673.4
851.35,672.8
851.468,669.6
851.586,665.8
851.704,672.2
851.822,671.2
851.94,675.8
852.058,682.8
852.175,689.8
852.293,682.4
852.411,681.8
852.529,670.2
852.647,671.6
852.764,674.6
852.882,665.0
853.0,669.0
853.118,675.6
853.236,669.4
853.353,668.4
853.471,677.4
853.589,675.4
853.707,672.4
853.824,675.8
853.942,673.8
854.06,672.8
854.178,678.0
854.296,678.6
854.413,679.0
854.531,684.6
854.649,683.4
854.767,683.4
854.884,681.8
855.002,678.4
855.12,683.4
855.238,685.2
855.355,685.6
855.473,682.4
855.591,681.8
855.708,682.2
855.826,675.8
855.944,675.6
856.062,677.2
856.179,677.8
856.297,678.2
856.415,678.4
856.533,676.2
856.65,670.4
856.768,676.0
856.886,684.2
857.003,679.2
857.121,676.8
857.239,669.2
857.356,672.8
857.474,668.8
857.592,670.8
857.709,674.2
857.827,670.0
857.945,670.2
858.062,664.2
858.18,666.4
858.298,671.0
858.415,662.4
858.533,672.4
858.651,672.8
858.768,669.8
858.886,673.8
859.004,669.2
859.121,665.8
859.239,666.4
859.356,668.4
859.474,662.2
859.592,666.4
859.709,667.4
859.827,666.2
859.945,665.6
860.062,664.4
860.18,666.4
860.297,666.6
860.415,664.2
860.533,663.2
860.65,657.0
860.768,659.0
860.885,660.2
861.003,665.6
861.12,661.0
861.238,663.2
861.356,665.8
861.473,661.8
861.591,653.8
861.708,660.0
861.826,653.6
861.943,650.6
862.061,647.8
862.178,650.2
862.296,649.4
862.414,650.0
862.531,653.8
862.649,651.0
862.766,655.2
862.884,647.6
863.001,653.8
863.119,657.4
863.236,658.0
863.354,656.4
863.471,650.2
863.589,654.6
863.706,653.0
863.824,651.0
863.941,651.0
864.059,650.0
864.176,649.8
864.294,652.0
864.411,646.4
864.529,640.8
864.646,641.8
864.764,646.4
864.881,640.8
864.999,637.6
865.116,638.6
865.234,644.6
865.351,650.8
865.468,645.8
865.586,643.0
865.703,641.6
865.821,646.0
865.938,658.0
866.056,646.4
866.173,653.0
866.291,648.4
866.408,648.8
866.525,648.6
866.643,652.2
866.76,644.6
866.878,653.2
866.995,653.0
867.112,648.6
867.23,642.6
867.347,642.0
867.465,643.6
867.582,642.4
867.699,651.0
867.817,648.8
867.934,644.8
868.052,650.6
868.169,645.0
868.286,647.4
868.404,652.4
868.521,651.8
868.638,647.6
868.756,651.4
868.873,653.6
868.99,650.4
869.108,652.4
869.225,648.2
869.342,655.6
869.46,644.6
869.577,644.6
869.694,647.8
869.812,650.2
869.929,650.8
870.046,658.4
870.164,642.4
870.281,648.6
870.398,655.0
870.516,646.6
870.633,648.4
870.75,660.4
870.867,649.2
870.985,649.8
871.102,651.8
871.219,657.6
871.337,655.2
871.454,649.6
871.571,642.8
871.688,642.4
871.806,649.2
871.923,645.8
872.04,643.4
872.158,648.8
872.275,648.0
872.392,644.4
872.509,645.2
872.626,649.4
872.744,650.0
872.861,651.4
872.978,643.6
873.095,648.2
873.213,642.4
873.33,639.6
873.447,644.0
873.564,643.4
873.682,641.4
873.799,646.0
873.916,636.8
874.033,644.2
874.15,642.0
874.267,641.8
874.385,642.6
874.502,644.8
874.619,646.6
874.736,646.2
874.853,640.0
874.971,648.8
875.088,640.4
875.205,641.4
875.322,640.2
875.439,644.2
875.556,644.8
875.673,649.6
875.791,642.6
875.908,651.4
876.025,644.0
876.142,645.8
876.259,635.4
876.376,645.4
876.493,640.0
876.611,643.2
876.728,643.2
876.845,649.4
876.962,641.8
877.079,643.8
877.196,643.2
877.313,643.0
877.43,648.0
877.547,644.4
877.664,635.4
877.781,642.0
877.899,637.4
878.016,632.6
878.133,628.8
878.25,634.2
878.367,631.4
878.484,639.4
878.601,635.0
878.718,629.8
878.835,633.2
878.952,629.8
879.069,633.0
879.186,632.6
879.303,633.8
879.42,631.0
879.537,633.6
879.654,629.6
879.771,631.0
879.888,640.2
880.005,637.2
880.122,630.4
880.239,621.0
880.356,631.0
880.473,627.0
880.59,631.2
880.707,630.0
880.824,629.2
880.941,635.8
881.058,636.2
881.175,629.0
881.292,633.8
881.409,630.0
881.526,626.4
881.643,632.8
881.76,630.2
881.877,631.2
881.994,632.4
882.111,628.0
882.228,621.4
882.345,621.6
882.462,626.4
882.579,623.4
882.696,630.8
882.812,630.4
882.929,631.6
883.046,626.4
883.163,628.2
883.28,628.0
883.397,623.6
883.514,628.2
883.631,629.0
883.748,628.2
883.865,631.6
883.982,638.2
884.098,631.0
884.215,630.4
884.332,630.6
884.449,626.0
884.566,631.6
884.683,632.0
884.8,626.8
884.916,632.2
885.033,635.0
885.15,629.4
885.267,638.2
885.384,633.2
885.501,640.2
885.617,637.8
885.734,643.0
885.851,640.6
885.968,648.0
886.085,637.2
886.202,636.2
886.318,633.6
886.435,631.8
886.552,635.0
886.669,634.4
886.786,623.8
886.902,625.8
887.019,625.4
887.136,629.6
887.253,629.8
887.37,625.2
887.486,627.0
887.603,627.6
887.72,615.0
887.837,619.8
887.953,624.8
888.07,619.8
888.187,617.0
888.304,622.0
888.42,616.6
888.537,615.2
888.654,611.8
888.771,618.8
888.887,614.6
889.004,610.4
889.121,613.6
889.237,608.2
889.354,614.8
889.471,614.2
889.588,613.2
889.704,619.6
889.821,614.4
889.938,608.8
890.054,609.8
890.171,618.6
890.288,617.0
890.404,613.4
890.521,613.0
890.638,613.6
890.754,619.0
890.871,620.2
890.988,614.2
891.104,612.0
891.221,607.2
891.338,612.4
891.454,609.0
891.571,605.4
891.687,604.8
891.804,605.6
891.921,612.8
892.037,608.4
892.154,605.2
892.271,610.2
892.387,608.2
892.504,604.6
892.62,614.2
892.737,612.8
892.854,612.4
892.97,612.2
893.087,612.6
893.203,614.6
893.32,612.0
893.436,611.0
893.553,607.6
893.67,613.0
893.786,604.4
893.903,613.6
894.019,608.8
894.136,611.0
894.252,613.4
894.369,609.6
894.485,604.6
894.602,610.2
894.718,611.0
894.835,613.2
894.951,609.4
895.068,615.8
895.184,608.4
895.301,615.2
895.417,612.4
895.534,609.0
895.65,599.6
895.767,610.6
895.883,608.4
896.0,603.6
896.116,603.6
896.233,605.8
896.349,603.0
896.466,603.6
896.582,603.6
896.699,603.6
896.815,598.2
896.932,602.0
897.048,609.8
897.165,607.6
897.281,605.8
897.397,611.0
897.514,609.6
897.63,606.8
897.747,606.6
897.863,608.0
897.979,604.2
898.096,610.8
898.212,602.6
898.329,606.2
898.445,598.0
898.562,601.8
898.678,601.2
898.794,594.0
898.911,600.0
899.027,595.0
899.143,595.4
899.26,595.2
899.376,596.8
899.492,592.4
899.609,601.4
899.725,594.8
899.842,598.8
899.958,598.6
900.074,598.8
900.191,606.2
900.307,601.8
900.423,604.0
900.54,593.8
900.656,601.2
900.772,593.8
900.888,596.8
901.005,596.2
901.121,595.2
901.237,598.0
901.354,595.2
901.47,596.4
901.586,594.8
901.703,594.0
901.819,596.6
901.935,597.6
902.051,599.0
902.168,593.0
902.284,601.2
902.4,601.8
902.516,601.4
902.633,600.6
902.749,595.2
902.865,595.4
902.981,592.6
903.098,597.8
903.214,599.2
903.33,599.6
903.446,599.0
903.562,595.6
903.679,589.8
903.795,589.4
903.911,590.0
904.027,583.6
904.144,583.8
904.26,586.8
904.376,583.4
904.492,583.2
904.608,581.0
904.724,587.0
904.841,584.8
904.957,585.2
905.073,589.8
905.189,580.0
905.305,584.8
905.421,579.2
905.538,582.0
905.654,583.4
905.77,578.6
905.886,578.8
906.002,583.4
906.118,579.2
906.234,580.6
906.35,572.2
906.467,574.2
906.583,571.0
906.699,570.8
906.815,572.2
906.931,573.8
907.047,577.8
907.163,579.4
907.279,577.2
907.395,575.6
907.511,573.6
907.627,574.6
907.743,574.8
907.86,574.0
907.976,578.2
908.092,577.2
908.208,578.8
908.324,570.4
908.44,576.0
908.556,570.0
908.672,564.0
908.788,574.0
908.904,572.0
909.02,571.2
909.136,567.6
909.252,569.2
909.368,573.6
909.484,568.6
909.6,571.0
909.716,573.6
909.832,574.0
909.948,574.6
910.064,567.8
910.18,563.4
910.296,572.2
910.412,572.6
910.528,566.8
910.644,570.4
910.76,566.8
910.876,571.6
910.992,569.6
911.107,564.6
911.223,567.8
911.339,566.6
911.455,568.6
911.571,561.4
911.687,571.0
911.803,569.8
911.919,567.0
912.035,562.2
912.151,563.6
912.267,564.8
912.382,561.4
912.498,564.4
912.614,569.2
912.73,567.0
912.846,563.0
