792.446,913.6
792.565,883.0
792.684,895.2
792.803,887.8
792.922,867.6
793.041,850.0
793.16,847.2
793.279,840.6
793.398,830.6
793.518,813.8
793.637,801.8
793.756,800.6
793.875,792.6
793.994,792.8
794.113,782.8
794.232,773.4
794.351,767.6
794.47,756.6
794.589,745.6
794.708,744.4
794.827,745.6
794.946,736.0
795.065,741.0
795.185,729.6
795.304,715.8
795.423,709.2
795.542,704.0
795.661,711.0
795.78,697.4
795.899,699.2
796.018,699.8
796.137,694.2
796.256,687.6
796.375,684.2
796.494,687.2
796.613,677.0
796.732,679.4
796.851,675.6
796.97,665.4
797.089,664.0
797.208,661.8
797.327,662.4
797.446,661.6
797.565,655.8
797.684,655.6
797.803,653.2
797.922,652.8
798.041,651.8
798.16,651.6
798.279,646.8
798.398,648.0
798.517,641.2
798.636,651.8
798.755,639.0
798.874,639.8
798.993,639.0
799.112,634.4
799.231,633.4
799.35,634.4
799.469,635.0
799.588,643.8
799.707,629.4
799.826,631.0
799.945,625.4
800.064,627.6
800.183,631.0
800.302,634.4
800.421,632.8
800.54,630.0
800.659,632.0
800.778,627.2
800.897,622.4
801.016,627.4
801.135,619.6
801.254,627.2
801.373,624.0
801.492,631.6
801.611,626.4
801.73,624.4
801.848,619.8
801.967,629.4
802.086,617.4
802.205,616.8
802.324,620.2
802.443,624.2
802.562,625.4
802.681,620.2
802.8,620.2
802.919,620.0
803.038,615.4
803.157,620.4
803.276,617.6
803.395,617.2
803.513,611.8
803.632,619.4
803.751,618.2
803.87,615.0
803.989,614.2
804.108,616.8
804.227,610.8
804.346,615.2
804.465,614.0
804.584,611.2
804.702,614.0
804.821,614.8
804.94,611.4
805.059,616.4
805.178,607.8
805.297,618.8
805.416,615.8
805.535,618.2
805.653,610.8
805.772,616.6
805.891,615.8
806.01,619.4
806.129,616.6
806.248,620.0
806.367,617.6
806.485,616.0
806.604,612.2
806.723,620.0
806.842,615.8
806.961,621.6
807.08,611.2
807.199,616.0
807.317,615.2
807.436,622.6
807.555,614.4
807.674,619.6
807.793,619.2
807.912,618.6
808.03,620.8
808.149,620.8
808.268,616.6
808.387,618.6
808.506,620.0
808.625,618.8
808.743,619.2
808.862,618.0
808.981,621.0
809.1,619.8
809.219,616.0
809.337,623.4
809.456,615.8
809.575,623.4
809.694,625.8
809.813,626.6
809.931,618.0
810.05,613.6
810.169,621.8
810.288,615.0
810.406,612.4
810.525,620.4
810.644,623.6
810.763,627.2
810.882,620.8
811.0,628.0
811.119,617.6
811.238,613.4
811.357,619.0
811.475,625.4
811.594,622.0
811.713,624.8
811.832,615.0
811.95,619.4
812.069,619.0
812.188,616.0
812.307,614.4
812.425,617.0
812.544,615.0
812.663,620.4
812.782,618.4
812.9,620.6
813.019,611.8
813.138,617.2
813.257,613.2
813.375,607.8
813.494,609.6
813.613,619.6
813.731,612.0
813.85,612.8
813.969,613.6
814.088,613.2
814.206,617.6
814.325,621.6
814.444,617.8
814.562,610.2
814.681,606.4
814.8,609.4
814.918,605.0
815.037,608.0
815.156,603.4
815.275,609.8
815.393,597.2
815.512,597.6
815.631,604.2
815.749,605.4
815.868,604.4
815.987,601.8
816.105,602.4
816.224,612.2
816.343,605.8
816.461,610.8
816.58,615.2
816.699,613.4
816.817,607.2
816.936,603.8
817.054,604.0
817.173,601.6
817.292,598.4
817.41,603.0
817.529,597.4
817.648,593.6
817.766,590.6
817.885,588.4
818.004,589.8
818.122,588.2
818.241,586.4
818.36,588.0
818.478,585.0
818.597,588.8
818.715,584.8
818.834,580.2
818.953,580.4
819.071,581.4
819.19,577.8
819.308,580.4
819.427,582.6
819.546,578.6
819.664,574.8
819.783,583.2
819.901,578.6
820.02,580.8
820.139,571.6
820.257,577.6
820.376,574.4
820.494,572.4
820.613,568.2
820.731,572.4
820.85,573.4
820.969,565.8
821.087,567.0
821.206,567.4
821.324,565.0
821.443,567.4
821.561,567.6
821.68,565.2
821.798,566.4
821.917,567.2
822.036,560.6
822.154,564.8
822.273,559.6
822.391,562.8
822.51,556.0
822.628,561.6
822.747,562.4
822.865,559.8
822.984,559.0
823.102,558.4
823.221,559.6
823.339,555.8
823.458,557.8
823.576,559.0
823.695,562.2
823.813,559.2
823.932,554.4
824.05,561.0
824.169,557.2
824.287,564.8
824.406,561.0
824.524,562.4
824.643,561.2
824.761,558.6
824.88,558.0
824.998,563.4
825.117,557.2
825.235,558.6
825.354,561.2
825.472,560.6
825.591,554.4
825.709,557.4
825.828,557.6
825.946,559.2
826.065,556.4
826.183,555.0
826.301,556.0
826.42,560.8
826.538,558.0
826.657,561.2
826.775,558.8
826.894,564.8
827.012,555.6
827.131,557.6
827.249,553.8
827.367,554.8
827.486,555.2
827.604,556.6
827.723,552.8
827.841,551.0
827.96,549.6
828.078,548.4
828.196,553.8
828.315,549.4
828.433,541.6
828.552,550.8
828.67,552.8
828.788,552.0
828.907,549.2
829.025,550.2
829.144,558.2
829.262,548.6
829.38,546.6
829.499,546.8
829.617,538.2
829.735,545.2
829.854,548.2
829.972,544.0
830.091,544.4
830.209,546.8
830.327,548.4
830.446,546.6
830.564,546.2
830.682,546.0
830.801,543.8
830.919,544.6
831.037,544.4
831.156,545.6
831.274,539.4
831.392,542.4
831.511,545.8
831.629,548.0
831.747,546.6
831.866,544.0
831.984,544.4
832.102,548.2
832.221,546.2
832.339,546.6
832.457,545.2
832.576,549.2
832.694,547.2
832.812,545.8
832.931,544.6
833.049,546.4
833.167,543.6
833.285,546.6
833.404,547.2
833.522,554.0
833.64,544.4
833.759,551.0
833.877,546.4
833.995,549.4
834.113,555.8
834.232,552.6
834.35,552.0
834.468,553.2
834.586,554.6
834.705,555.0
834.823,555.6
834.941,557.0
835.06,549.8
835.178,552.0
835.296,549.2
835.414,549.6
835.533,546.2
835.651,550.6
835.769,550.4
835.887,550.6
836.005,556.2
836.124,549.8
836.242,543.6
836.36,552.6
836.478,550.2
836.597,550.6
836.715,545.6
836.833,547.4
836.951,542.4
837.069,547.2
837.188,546.6
837.306,551.8
837.424,547.2
837.542,553.8
837.66,546.8
837.779,552.4
837.897,552.8
838.015,550.4
838.133,544.2
838.251,549.6
838.369,552.4
838.488,549.6
838.606,552.8
838.724,552.6
838.842,550.4
838.96,555.8
839.078,550.0
839.197,552.0
839.315,555.8
839.433,558.0
839.551,552.6
839.669,557.6
839.787,553.8
839.905,556.0
840.024,554.4
840.142,556.0
840.26,551.0
840.378,556.2
840.496,548.0
840.614,558.0
840.732,555.4
840.85,557.8
840.969,547.2
841.087,551.8
841.205,548.6
841.323,558.8
841.441,555.0
841.559,557.6
841.677,550.8
841.795,553.4
841.913,553.8
842.031,557.8
842.149,553.8
842.268,549.0
842.386,558.0
842.504,551.4
842.622,553.2
842.74,559.6
842.858,550.0
842.976,554.8
843.094,559.0
843.212,559.8
843.33,558.2
843.448,558.4
843.566,557.4
843.684,558.6
843.802,559.6
843.92,559.6
844.038,562.6
844.156,566.4
844.274,558.8
844.392,562.8
844.51,559.4
844.628,565.0
844.746,564.0
844.864,564.4
844.982,565.2
845.101,560.0
845.219,562.6
845.336,563.6
845.455,562.4
845.573,557.8
845.69,557.4
845.808,556.4
845.926,560.6
846.044,560.6
846.162,563.4
846.28,567.0
846.398,558.2
846.516,565.8
846.634,567.6
846.752,571.8
846.87,569.6
846.988,569.6
847.106,562.0
847.224,568.6
847.342,566.4
847.46,568.2
847.578,561.6
847.696,565.6
847.814,565.4
847.932,576.2
848.05,568.2
848.168,563.8
848.286,563.8
848.403,562.8
848.521,558.6
848.639,560.4
848.757,565.4
848.875,567.4
848.993,562.0
849.111,553.4
849.229,556.8
849.347,565.4
849.465,554.0
849.583,555.2
849.7,554.6
849.818,553.2
849.936,554.6
850.054,557.2
850.172,553.2
850.29,560.2
850.408,556.6
850.526,559.6
850.643,558.8
850.761,558.6
850.879,551.4
850.997,560.8
851.115,551.0
851.233,560.2
851.35,561.4
851.468,549.6
851.586,548.2
851.704,554.6
851.822,560.8
851.94,557.2
852.058,572.6
852.175,574.4
852.293,574.8
852.411,573.0
852.529,558.6
852.647,553.6
852.764,556.6
852.882,553.8
853.0,542.6
853.118,546.8
853.236,549.8
853.353,545.4
853.471,555.2
853.589,549.2
853.707,552.0
853.824,552.6
853.942,548.8
854.06,557.4
854.178,558.2
854.296,556.8
854.413,556.8
854.531,555.8
854.649,559.6
854.767,551.8
854.884,552.2
855.002,549.4
855.12,550.8
855.238,553.6
855.355,552.4
855.473,553.0
855.591,552.0
855.708,551.0
855.826,553.6
855.944,550.4
856.062,554.4
856.179,552.4
856.297,547.8
856.415,556.0
856.533,555.0
856.65,550.4
856.768,544.2
856.886,554.6
857.003,551.0
857.121,543.0
857.239,546.8
857.356,545.4
857.474,548.8
857.592,552.8
857.709,554.0
857.827,552.2
857.945,548.0
858.062,549.6
858.18,550.2
858.298,547.2
858.415,552.8
858.533,550.4
858.651,551.0
858.768,549.8
858.886,547.4
859.004,546.8
859.121,547.4
859.239,547.8
859.356,541.2
859.474,548.6
859.592,543.4
859.709,543.6
859.827,543.6
859.945,539.6
860.062,546.0
860.18,546.8
860.297,539.0
860.415,535.2
860.533,539.8
860.65,538.4
860.768,538.6
860.885,551.6
861.003,541.6
861.12,545.4
861.238,543.6
861.356,543.8
861.473,545.2
861.591,535.8
861.708,538.2
861.826,538.4
861.943,530.8
862.061,539.2
862.178,532.4
862.296,534.2
862.414,534.2
862.531,529.2
862.649,534.2
862.766,534.0
862.884,531.2
863.001,540.0
863.119,533.6
863.236,537.2
863.354,535.6
863.471,536.2
863.589,534.6
863.706,535.0
863.824,527.8
863.941,536.0
864.059,530.0
864.176,534.2
864.294,533.0
864.411,536.6
864.529,535.4
864.646,539.4
864.764,530.6
864.881,534.0
864.999,527.8
865.116,534.6
865.234,535.0
865.351,528.0
865.468,528.8
865.586,529.2
865.703,530.2
865.821,537.6
865.938,532.6
866.056,528.4
866.173,530.2
866.291,533.8
866.408,534.0
866.525,537.6
866.643,537.6
866.76,532.8
866.878,536.8
866.995,539.8
867.112,533.2
867.23,539.4
867.347,538.0
867.465,534.2
867.582,539.0
867.699,538.4
867.817,538.8
867.934,536.0
868.052,530.0
868.169,540.6
868.286,531.2
868.404,533.4
868.521,536.8
868.638,537.0
868.756,536.0
868.873,535.2
868.99,537.2
869.108,540.4
869.225,540.4
869.342,544.0
869.46,540.4
869.577,540.8
869.694,535.4
869.812,540.2
869.929,542.6
870.046,546.4
870.164,537.2
870.281,546.0
870.398,540.6
870.516,539.6
870.633,545.4
870.75,545.0
870.867,539.2
870.985,539.8
871.102,541.4
871.219,547.2
871.337,538.6
871.454,541.6
871.571,546.2
871.688,544.2
871.806,543.6
871.923,546.2
872.04,538.4
872.158,545.4
872.275,538.8
872.392,540.8
872.509,537.6
872.626,536.6
872.744,543.2
872.861,543.6
872.978,542.0
873.095,540.6
873.213,540.0
873.33,536.6
873.447,539.4
873.564,542.4
873.682,539.2
873.799,537.4
873.916,539.6
874.033,543.4
874.15,538.4
874.267,540.2
874.385,536.4
874.502,543.2
874.619,537.6
874.736,542.6
874.853,542.0
874.971,542.0
875.088,542.0
875.205,544.6
875.322,541.2
875.439,547.0
875.556,537.4
875.673,550.6
875.791,541.0
875.908,551.0
876.025,547.0
876.142,545.6
876.259,540.0
876.376,545.8
876.493,540.4
876.611,548.6
876.728,538.4
876.845,546.2
876.962,542.6
877.079,545.0
877.196,550.8
877.313,552.0
877.43,545.0
877.547,551.4
877.664,546.0
877.781,544.6
877.899,544.2
878.016,543.4
878.133,543.6
878.25,534.4
878.367,535.2
878.484,534.0
878.601,537.2
878.718,533.6
878.835,534.2
878.952,530.8
879.069,528.0
879.186,536.6
879.303,530.2
879.42,525.2
879.537,529.8
879.654,531.0
879.771,522.8
879.888,529.8
880.005,528.6
880.122,537.4
880.239,528.4
880.356,536.0
880.473,529.6
880.59,529.0
880.707,534.2
880.824,529.8
880.941,530.0
881.058,532.4
881.175,525.4
881.292,530.4
881.409,528.8
881.526,527.4
881.643,531.0
881.76,532.8
881.877,532.6
881.994,534.6
882.111,530.4
882.228,531.2
882.345,528.2
882.462,534.6
882.579,531.0
882.696,535.8
882.812,532.6
882.929,537.4
883.046,537.6
883.163,540.6
883.28,533.8
883.397,537.0
883.514,534.4
883.631,531.6
883.748,532.6
883.865,534.4
883.982,536.4
884.098,531.2
884.215,537.2
884.332,538.2
884.449,537.4
884.566,539.8
884.683,535.0
884.8,538.2
884.916,542.2
885.033,547.8
885.15,548.8
885.267,541.8
885.384,551.0
885.501,554.2
885.617,553.8
885.734,555.0
885.851,552.2
885.968,554.2
886.085,549.0
886.202,548.6
886.318,546.2
886.435,548.6
886.552,542.8
886.669,546.2
886.786,538.2
886.902,538.0
887.019,535.2
887.136,538.0
887.253,533.8
887.37,534.8
887.486,532.6
887.603,535.0
887.72,527.6
887.837,527.0
887.953,523.8
888.07,529.4
888.187,520.6
888.304,522.4
888.42,521.6
888.537,522.4
888.654,518.4
888.771,521.0
888.887,523.4
889.004,522.2
889.121,520.2
889.237,514.2
889.354,519.0
889.471,518.4
889.588,516.6
889.704,511.6
889.821,518.8
889.938,516.8
890.054,513.2
890.171,516.6
890.288,520.4
890.404,518.8
890.521,515.0
890.638,519.6
890.754,515.4
890.871,519.2
890.988,521.6
891.104,522.8
891.221,517.4
891.338,521.2
891.454,512.0
891.571,514.8
891.687,515.2
891.804,514.2
891.921,513.4
892.037,514.0
892.154,518.8
892.271,516.8
892.387,513.6
892.504,515.4
892.62,520.0
892.737,517.4
892.854,517.6
892.97,514.6
893.087,518.4
893.203,516.0
893.32,517.6
893.436,520.0
893.553,525.6
893.67,523.8
893.786,523.0
893.903,522.8
894.019,518.6
894.136,522.2
894.252,520.2
894.369,519.8
894.485,517.6
894.602,522.4
894.718,519.6
894.835,523.4
894.951,517.4
895.068,522.8
895.184,517.0
895.301,522.6
895.417,520.0
895.534,519.2
895.65,516.4
895.767,519.8
895.883,521.6
896.0,518.0
896.116,518.6
896.233,514.6
896.349,517.6
896.466,520.4
896.582,517.8
896.699,520.6
896.815,513.8
896.932,518.6
897.048,517.0
897.165,525.0
897.281,514.4
897.397,519.4
897.514,519.2
897.63,527.4
897.747,516.0
897.863,519.8
897.979,517.8
898.096,517.6
898.212,519.4
898.329,517.6
898.445,517.6
898.562,519.4
898.678,517.2
898.794,516.8
898.911,521.2
899.027,516.6
899.143,518.0
899.26,517.4
899.376,516.0
899.492,517.0
899.609,518.2
899.725,518.2
899.842,520.2
899.958,520.8
900.074,524.2
900.191,521.2
900.307,518.4
900.423,521.6
900.54,515.0
900.656,516.6
900.772,522.2
900.888,521.8
901.005,517.6
901.121,521.6
901.237,524.6
901.354,522.2
901.47,523.2
901.586,528.2
901.703,527.4
901.819,525.4
901.935,530.6
902.051,532.8
902.168,530.6
902.284,533.0
902.4,530.6
902.516,532.6
902.633,524.2
902.749,532.2
902.865,523.2
902.981,521.4
903.098,521.8
903.214,525.0
903.33,531.2
903.446,524.6
903.562,520.4
903.679,519.8
903.795,519.6
903.911,514.0
904.027,511.2
904.144,517.6
904.26,515.4
904.376,518.8
904.492,509.4
904.608,513.0
904.724,511.0
904.841,515.6
904.957,516.0
905.073,509.0
905.189,508.0
905.305,510.8
905.421,510.0
905.538,504.2
905.654,504.0
905.77,501.2
905.886,501.0
906.002,507.8
906.118,505.6
906.234,501.6
906.35,500.2
906.467,498.8
906.583,494.8
906.699,496.2
906.815,502.4
906.931,496.0
907.047,496.2
907.163,502.6
907.279,500.4
907.395,500.4
907.511,497.8
907.627,497.0
907.743,497.0
907.86,500.6
907.976,501.6
908.092,494.8
908.208,493.4
908.324,501.6
908.44,494.2
908.556,495.4
908.672,499.6
908.788,502.0
908.904,490.6
909.02,498.2
909.136,493.8
909.252,493.0
909.368,495.8
909.484,496.8
909.6,495.6
909.716,494.2
909.832,498.0
909.948,494.4
910.064,492.6
910.18,494.0
910.296,493.4
910.412,496.4
910.528,494.0
910.644,496.2
910.76,490.8
910.876,494.8
910.992,489.2
911.107,505.4
911.223,491.8
911.339,496.0
911.455,494.8
911.571,492.0
911.687,495.4
911.803,495.2
911.919,491.0
912.035,489.6
912.151,498.0
912.267,492.2
912.382,493.4
912.498,496.8
912.614,496.2
912.73,495.8
912.846,496.8
