792.446,645.4
792.565,630.8
792.684,636.6
792.803,637.4
792.922,615.4
793.041,612.4
793.16,616.0
793.279,609.8
793.398,604.8
793.518,598.2
793.637,593.0
793.756,593.4
793.875,596.2
793.994,587.6
794.113,587.0
794.232,589.2
794.351,579.2
794.47,578.0
794.589,572.6
794.708,576.2
794.827,573.0
794.946,572.0
795.065,575.4
795.185,565.6
795.304,563.6
795.423,559.8
795.542,555.0
795.661,564.2
795.78,557.2
795.899,557.0
796.018,558.0
796.137,555.0
796.256,556.4
796.375,553.8
796.494,553.6
796.613,550.4
796.732,553.4
796.851,548.8
796.97,555.6
797.089,549.8
797.208,539.8
797.327,552.0
797.446,543.4
797.565,541.8
797.684,543.4
797.803,541.2
797.922,543.2
798.041,539.2
798.16,537.6
798.279,540.8
798.398,537.8
798.517,539.4
798.636,537.0
798.755,537.8
798.874,537.0
798.993,533.4
799.112,535.2
799.231,533.2
799.35,535.0
799.469,536.4
799.588,538.8
799.707,532.8
799.826,535.2
799.945,532.8
800.064,536.4
800.183,532.2
800.302,536.2
800.421,538.0
800.54,534.6
800.659,532.2
800.778,534.6
800.897,532.8
801.016,536.8
801.135,534.8
801.254,531.8
801.373,535.8
801.492,539.2
801.611,539.6
801.73,538.2
801.848,536.2
801.967,535.0
802.086,536.0
802.205,538.2
802.324,537.6
802.443,539.2
802.562,536.2
802.681,538.0
802.8,533.6
802.919,537.4
803.038,536.2
803.157,532.2
803.276,539.2
803.395,534.4
803.513,533.8
803.632,539.0
803.751,537.6
803.87,538.6
803.989,539.2
804.108,536.0
804.227,534.0
804.346,534.6
804.465,539.0
804.584,537.8
804.702,539.6
804.821,537.8
804.94,530.0
805.059,537.0
805.178,537.8
805.297,543.2
805.416,540.0
805.535,541.2
805.653,543.4
805.772,546.4
805.891,546.0
806.01,547.2
806.129,543.6
806.248,546.0
806.367,540.2
806.485,545.2
806.604,543.4
806.723,547.2
806.842,549.8
806.961,539.0
807.08,543.0
807.199,546.4
807.317,545.0
807.436,545.4
807.555,540.6
807.674,544.6
807.793,544.8
807.912,541.8
808.03,547.0
808.149,549.0
808.268,546.2
808.387,549.6
808.506,551.8
808.625,549.6
808.743,548.6
808.862,549.6
808.981,548.6
809.1,546.4
809.219,548.4
809.337,554.8
809.456,550.2
809.575,557.0
809.694,550.4
809.813,558.6
809.931,554.8
810.05,552.6
810.169,546.4
810.288,554.0
810.406,550.6
810.525,555.0
810.644,555.8
810.763,566.0
810.882,561.8
811.0,562.8
811.119,557.4
811.238,560.4
811.357,566.4
811.475,568.4
811.594,571.0
811.713,573.4
811.832,560.0
811.95,563.0
812.069,564.0
812.188,565.2
812.307,563.4
812.425,562.8
812.544,560.0
812.663,565.4
812.782,555.2
812.9,551.2
813.019,554.4
813.138,555.6
813.257,547.0
813.375,548.2
813.494,555.0
813.613,555.2
813.731,548.8
813.85,552.2
813.969,544.4
814.088,549.8
814.206,550.8
814.325,555.6
814.444,547.0
814.562,550.8
814.681,551.4
814.8,551.4
814.918,548.8
815.037,553.0
815.156,548.8
815.275,553.8
815.393,548.2
815.512,553.8
815.631,557.2
815.749,553.6
815.868,553.2
815.987,562.8
816.105,561.8
816.224,562.0
816.343,563.0
816.461,570.2
816.58,566.0
816.699,567.6
816.817,560.6
816.936,564.2
817.054,548.6
817.173,550.0
817.292,546.0
817.41,547.0
817.529,538.0
817.648,541.4
817.766,526.6
817.885,527.0
818.004,522.0
818.122,529.0
818.241,518.4
818.36,515.8
818.478,515.6
818.597,517.8
818.715,513.2
818.834,508.8
818.953,509.2
819.071,512.2
819.19,510.4
819.308,513.4
819.427,508.4
819.546,508.6
819.664,508.2
819.783,513.8
819.901,510.6
820.02,504.8
820.139,501.2
820.257,511.2
820.376,503.2
820.494,505.6
820.613,506.6
820.731,507.8
820.85,499.6
820.969,505.2
821.087,500.6
821.206,506.6
821.324,496.4
821.443,503.0
821.561,498.2
821.68,501.6
821.798,500.4
821.917,500.4
822.036,498.0
822.154,498.6
822.273,496.8
822.391,494.8
822.51,497.4
822.628,497.0
822.747,498.8
822.865,500.6
822.984,497.0
823.102,496.4
823.221,494.8
823.339,494.6
823.458,497.8
823.576,496.0
823.695,490.6
823.813,502.4
823.932,492.8
824.05,500.0
824.169,496.4
824.287,500.4
824.406,492.2
824.524,496.4
824.643,492.2
824.761,497.2
824.88,491.0
824.998,495.2
825.117,494.8
825.235,493.0
825.354,489.2
825.472,487.8
825.591,489.4
825.709,490.4
825.828,495.6
825.946,489.0
826.065,489.6
826.183,487.2
826.301,491.8
826.42,495.4
826.538,484.4
826.657,493.2
826.775,488.6
826.894,490.0
827.012,489.2
827.131,490.4
827.249,487.4
827.367,490.0
827.486,488.0
827.604,491.2
827.723,487.2
827.841,488.0
827.96,488.2
828.078,487.2
828.196,490.8
828.315,490.2
828.433,488.0
828.552,497.2
828.67,494.0
828.788,492.2
828.907,488.8
829.025,492.0
829.144,492.6
829.262,492.6
829.38,488.6
829.499,488.0
829.617,485.8
829.735,489.8
829.854,490.0
829.972,491.2
830.091,487.6
830.209,486.6
830.327,482.8
830.446,479.0
830.564,486.0
830.682,483.8
830.801,479.0
830.919,485.0
831.037,478.0
831.156,492.4
831.274,483.2
831.392,485.8
831.511,483.4
831.629,484.8
831.747,486.4
831.866,486.0
831.984,484.2
832.102,486.0
832.221,486.0
832.339,482.2
832.457,482.4
832.576,483.8
832.694,479.2
832.812,484.6
832.931,485.8
833.049,483.4
833.167,478.0
833.285,482.8
833.404,490.6
833.522,481.0
833.64,485.0
833.759,481.6
833.877,481.2
833.995,481.6
834.113,483.0
834.232,484.4
834.35,480.2
834.468,486.8
834.586,482.4
834.705,486.2
834.823,480.8
834.941,492.6
835.06,483.2
835.178,489.2
835.296,479.6
835.414,485.6
835.533,485.2
835.651,488.4
835.769,491.6
835.887,490.6
836.005,491.0
836.124,491.8
836.242,487.0
836.36,490.4
836.478,490.4
836.597,495.4
836.715,491.0
836.833,488.4
836.951,488.6
837.069,497.6
837.188,493.6
837.306,490.6
837.424,490.0
837.542,490.0
837.66,490.0
837.779,494.4
837.897,495.6
838.015,495.8
838.133,485.8
838.251,496.4
838.369,493.8
838.488,500.4
838.606,499.6
838.724,502.8
838.842,502.8
838.96,503.6
839.078,504.2
839.197,501.6
839.315,510.6
839.433,509.4
839.551,504.2
839.669,509.0
839.787,500.4
839.905,499.6
840.024,499.4
840.142,504.4
840.26,502.6
840.378,508.2
840.496,507.8
840.614,509.4
840.732,514.8
840.85,515.4
840.969,516.0
841.087,520.6
841.205,519.8
841.323,526.0
841.441,522.6
841.559,521.0
841.677,515.8
841.795,517.2
841.913,517.6
842.031,516.4
842.149,516.4
842.268,517.4
842.386,510.2
842.504,509.0
842.622,505.8
842.74,505.4
842.858,503.2
842.976,502.4
843.094,500.8
843.212,495.0
843.33,496.2
843.448,490.2
843.566,488.6
843.684,494.2
843.802,485.8
843.92,491.0
844.038,488.2
844.156,484.6
844.274,487.6
844.392,490.6
844.51,492.6
844.628,485.2
844.746,488.8
844.864,492.6
844.982,488.6
845.101,490.0
845.219,494.6
845.336,498.8
845.455,494.4
845.573,496.0
845.69,496.6
845.808,491.4
845.926,497.2
846.044,497.2
846.162,501.4
846.28,499.2
846.398,495.6
846.516,506.8
846.634,500.4
846.752,499.2
846.87,494.8
846.988,494.6
847.106,491.0
847.224,491.2
847.342,492.2
847.46,490.6
847.578,485.4
847.696,488.2
847.814,489.0
847.932,491.8
848.05,486.4
848.168,484.0
848.286,487.2
848.403,487.6
848.521,479.2
848.639,486.2
848.757,481.4
848.875,484.4
848.993,485.2
849.111,489.6
849.229,483.0
849.347,485.6
849.465,488.8
849.583,488.4
849.7,483.6
849.818,487.2
849.936,490.8
850.054,494.6
850.172,495.8
850.29,489.0
850.408,497.2
850.526,491.8
850.643,489.4
850.761,486.0
850.879,491.6
850.997,491.0
851.115,485.4
851.233,488.6
851.35,489.0
851.468,486.0
851.586,485.6
851.704,489.6
851.822,489.6
851.94,489.0
852.058,493.4
852.175,496.6
852.293,496.2
852.411,498.8
852.529,485.4
852.647,492.0
852.764,486.2
852.882,490.0
853.0,485.8
853.118,494.4
853.236,490.2
853.353,491.0
853.471,493.0
853.589,495.0
853.707,489.4
853.824,498.0
853.942,494.4
854.06,495.2
854.178,498.0
854.296,501.8
854.413,503.0
854.531,506.8
854.649,507.0
854.767,505.6
854.884,511.8
855.002,511.2
855.12,515.4
855.238,516.4
855.355,517.2
855.473,524.6
855.591,519.2
855.708,522.4
855.826,519.0
855.944,523.6
856.062,520.8
856.179,521.8
856.297,521.8
856.415,521.4
856.533,517.0
856.65,513.4
856.768,516.6
856.886,517.8
857.003,510.6
857.121,511.6
857.239,509.0
857.356,506.8
857.474,506.8
857.592,508.2
857.709,512.2
857.827,506.6
857.945,506.2
858.062,504.4
858.18,499.8
858.298,506.0
858.415,505.0
858.533,506.0
858.651,511.0
858.768,504.6
858.886,505.4
859.004,506.4
859.121,498.8
859.239,505.4
859.356,501.4
859.474,505.6
859.592,506.4
859.709,501.6
859.827,499.6
859.945,500.0
860.062,504.2
860.18,507.0
860.297,501.6
860.415,503.8
860.533,502.4
860.65,494.2
860.768,492.0
860.885,499.4
861.003,495.2
861.12,495.4
861.238,498.8
861.356,497.0
861.473,490.2
861.591,490.4
861.708,487.6
861.826,484.0
861.943,485.8
862.061,484.2
862.178,486.0
862.296,485.0
862.414,476.0
862.531,485.4
862.649,488.0
862.766,478.6
862.884,478.8
863.001,478.0
863.119,484.6
863.236,487.2
863.354,480.6
863.471,483.8
863.589,475.8
863.706,478.2
863.824,481.0
863.941,480.2
864.059,478.6
864.176,480.4
864.294,481.0
864.411,483.2
864.529,480.6
864.646,483.0
864.764,480.8
864.881,480.2
864.999,484.4
865.116,483.4
865.234,484.6
865.351,483.8
865.468,480.0
865.586,482.6
865.703,481.2
865.821,483.4
865.938,482.4
866.056,483.0
866.173,480.0
866.291,482.4
866.408,485.2
866.525,486.8
866.643,485.0
866.76,478.6
866.878,482.0
866.995,486.2
867.112,480.4
867.23,489.4
867.347,485.6
867.465,484.6
867.582,487.6
867.699,486.4
867.817,486.0
867.934,484.8
868.052,482.4
868.169,487.2
868.286,487.2
868.404,496.8
868.521,489.0
868.638,489.8
868.756,489.6
868.873,490.2
868.99,492.0
869.108,490.4
869.225,490.0
869.342,492.0
869.46,489.6
869.577,493.4
869.694,494.8
869.812,498.4
869.929,493.6
870.046,498.8
870.164,493.6
870.281,500.2
870.398,493.6
870.516,494.6
870.633,498.8
870.75,495.6
870.867,491.8
870.985,496.6
871.102,492.0
871.219,495.4
871.337,496.0
871.454,496.4
871.571,497.6
871.688,492.8
871.806,492.8
871.923,496.0
872.04,494.4
872.158,496.8
872.275,495.2
872.392,495.2
872.509,492.4
872.626,493.0
872.744,493.2
872.861,491.6
872.978,489.6
873.095,491.2
873.213,490.8
873.33,493.2
873.447,486.6
873.564,495.6
873.682,486.8
873.799,491.4
873.916,490.0
874.033,487.6
874.15,492.8
874.267,486.0
874.385,490.0
874.502,485.8
874.619,489.4
874.736,490.6
874.853,487.2
874.971,489.6
875.088,487.0
875.205,489.8
875.322,486.0
875.439,492.2
875.556,485.6
875.673,489.4
875.791,491.0
875.908,494.6
876.025,485.6
876.142,488.2
876.259,487.0
876.376,492.8
876.493,493.0
876.611,493.0
876.728,486.6
876.845,490.2
876.962,484.6
877.079,490.6
877.196,488.2
877.313,492.0
877.43,488.0
877.547,489.4
877.664,489.4
877.781,491.4
877.899,489.4
878.016,489.0
878.133,488.4
878.25,490.4
878.367,486.8
878.484,492.2
878.601,490.4
878.718,485.0
878.835,490.0
878.952,486.4
879.069,485.0
879.186,489.0
879.303,485.2
879.42,488.2
879.537,486.8
879.654,490.0
879.771,481.8
879.888,489.2
880.005,487.2
880.122,486.8
880.239,486.2
880.356,492.2
880.473,483.8
880.59,486.4
880.707,490.2
880.824,485.8
880.941,480.0
881.058,486.0
881.175,483.6
881.292,486.2
881.409,486.0
881.526,484.2
881.643,484.6
881.76,487.4
881.877,486.4
881.994,482.4
882.111,487.6
882.228,480.6
882.345,479.8
882.462,489.2
882.579,485.0
882.696,487.0
882.812,485.4
882.929,490.0
883.046,483.2
883.163,488.8
883.28,482.8
883.397,480.8
883.514,487.8
883.631,490.8
883.748,487.4
883.865,489.2
883.982,485.2
884.098,490.2
884.215,489.2
884.332,488.0
884.449,485.4
884.566,489.2
884.683,484.0
884.8,486.6
884.916,489.8
885.033,491.0
885.15,486.0
885.267,492.4
885.384,487.4
885.501,494.6
885.617,495.8
885.734,494.6
885.851,502.8
885.968,498.2
886.085,502.6
886.202,502.2
886.318,503.0
886.435,505.8
886.552,512.0
886.669,504.6
886.786,505.4
886.902,510.8
887.019,510.8
887.136,507.8
887.253,508.8
887.37,507.6
887.486,505.6
887.603,508.4
887.72,499.0
887.837,503.4
887.953,498.8
888.07,494.4
888.187,493.6
888.304,494.0
888.42,487.2
888.537,489.2
888.654,481.4
888.771,487.8
888.887,486.2
889.004,484.4
889.121,482.0
889.237,483.2
889.354,483.8
889.471,479.4
889.588,479.4
889.704,483.6
889.821,476.4
889.938,478.6
890.054,477.2
890.171,484.2
890.288,484.2
890.404,477.0
890.521,479.0
890.638,478.0
890.754,481.6
890.871,486.2
890.988,478.0
891.104,481.8
891.221,481.2
891.338,482.6
891.454,477.4
891.571,482.4
891.687,478.6
891.804,481.4
891.921,480.2
892.037,480.2
892.154,483.6
892.271,483.2
892.387,486.2
892.504,480.8
892.62,484.6
892.737,486.2
892.854,482.6
892.97,484.0
893.087,485.0
893.203,485.2
893.32,477.2
893.436,486.0
893.553,474.8
893.67,484.8
893.786,485.4
893.903,486.8
894.019,484.8
894.136,485.8
894.252,483.4
894.369,484.4
894.485,484.8
894.602,485.6
894.718,482.6
894.835,479.6
894.951,484.0
895.068,482.8
895.184,484.0
895.301,484.2
895.417,482.4
895.534,480.8
895.65,483.6
895.767,484.4
895.883,479.8
896.0,488.4
896.116,487.0
896.233,482.8
896.349,480.2
896.466,479.0
896.582,480.2
896.699,483.2
896.815,483.2
896.932,482.0
897.048,482.0
897.165,485.8
897.281,484.0
897.397,481.4
897.514,485.4
897.63,483.4
897.747,483.4
897.863,488.6
897.979,484.0
898.096,483.4
898.212,481.4
898.329,486.8
898.445,486.6
898.562,486.2
898.678,483.4
898.794,482.4
898.911,484.4
899.027,484.0
899.143,480.0
899.26,477.0
899.376,481.8
899.492,485.2
899.609,479.4
899.725,481.6
899.842,480.2
899.958,482.0
900.074,482.0
900.191,481.4
900.307,478.4
900.423,478.8
900.54,475.2
900.656,480.2
900.772,480.2
900.888,479.2
901.005,477.2
901.121,478.8
901.237,480.0
901.354,478.2
901.47,474.0
901.586,478.2
901.703,476.6
901.819,479.8
901.935,474.0
902.051,477.6
902.168,478.8
902.284,478.8
902.4,476.4
902.516,478.2
902.633,476.4
902.749,477.6
902.865,476.0
902.981,478.0
903.098,477.8
903.214,478.4
903.33,478.6
903.446,482.6
903.562,476.0
903.679,474.8
903.795,476.4
903.911,475.0
904.027,476.0
904.144,476.4
904.26,477.6
904.376,477.4
904.492,473.0
904.608,474.2
904.724,471.2
904.841,472.8
904.957,476.0
905.073,476.0
905.189,474.2
905.305,473.0
905.421,473.2
905.538,474.4
905.654,468.2
905.77,474.2
905.886,471.8
906.002,469.6
906.118,469.6
906.234,469.6
906.35,473.8
906.467,470.8
906.583,467.2
906.699,473.0
906.815,469.2
906.931,474.6
907.047,466.6
907.163,470.6
907.279,468.0
907.395,469.0
907.511,472.6
907.627,470.2
907.743,469.2
907.86,467.8
907.976,473.8
908.092,471.4
908.208,467.0
908.324,475.8
908.44,471.0
908.556,466.4
908.672,468.8
908.788,471.2
908.904,471.4
909.02,468.8
909.136,463.6
909.252,467.6
909.368,467.2
909.484,471.0
909.6,471.6
909.716,475.0
909.832,476.8
909.948,467.4
910.064,466.2
910.18,469.6
910.296,469.0
910.412,470.8
910.528,471.8
910.644,470.2
910.76,468.8
910.876,473.4
910.992,468.4
911.107,472.6
911.223,468.6
911.339,475.2
911.455,469.2
911.571,472.0
911.687,474.0
911.803,471.8
911.919,468.2
912.035,468.8
912.151,476.0
912.267,474.0
912.382,468.0
912.498,468.4
912.614,475.0
912.73,471.4
912.846,471.4
