792.446,604.4
792.565,601.0
792.684,599.2
792.803,600.0
792.922,583.6
793.041,592.0
793.16,588.8
793.279,582.8
793.398,579.2
793.518,570.8
793.637,574.2
793.756,572.6
793.875,578.4
793.994,577.0
794.113,572.6
794.232,567.4
794.351,558.6
794.47,558.8
794.589,556.2
794.708,557.8
794.827,559.2
794.946,554.2
795.065,555.6
795.185,547.8
795.304,548.8
795.423,553.4
795.542,547.8
795.661,549.4
795.78,547.4
795.899,546.6
796.018,543.8
796.137,541.6
796.256,545.2
796.375,544.8
796.494,533.4
796.613,541.4
796.732,538.8
796.851,541.2
796.97,540.0
797.089,537.6
797.208,535.4
797.327,540.4
797.446,539.2
797.565,537.8
797.684,537.6
797.803,533.6
797.922,537.0
798.041,537.4
798.16,532.4
798.279,534.8
798.398,531.2
798.517,527.2
798.636,532.8
798.755,536.0
798.874,531.2
798.993,531.6
799.112,529.6
799.231,532.2
799.35,537.8
799.469,534.0
799.588,537.0
799.707,532.4
799.826,535.2
799.945,530.4
800.064,534.8
800.183,535.4
800.302,535.6
800.421,533.0
800.54,532.6
800.659,532.2
800.778,530.0
800.897,532.6
801.016,527.8
801.135,533.0
801.254,535.4
801.373,534.0
801.492,529.8
801.611,535.0
801.73,535.4
801.848,533.4
801.967,533.4
802.086,530.0
802.205,530.8
802.324,528.0
802.443,534.4
802.562,532.2
802.681,534.8
802.8,532.2
802.919,535.2
803.038,530.6
803.157,530.2
803.276,529.8
803.395,533.2
803.513,532.4
803.632,533.4
803.751,532.6
803.87,531.6
803.989,529.4
804.108,533.2
804.227,535.8
804.346,536.4
804.465,536.6
804.584,528.8
804.702,530.2
804.821,539.0
804.94,534.8
805.059,530.4
805.178,536.6
805.297,541.4
805.416,540.4
805.535,539.6
805.653,535.0
805.772,541.4
805.891,536.6
806.01,539.4
806.129,537.8
806.248,534.8
806.367,532.6
806.485,534.0
806.604,539.2
806.723,544.2
806.842,541.0
806.961,534.2
807.08,539.6
807.199,536.0
807.317,544.4
807.436,541.0
807.555,539.0
807.674,541.0
807.793,537.4
807.912,534.8
808.03,541.0
808.149,542.4
808.268,539.6
808.387,542.4
808.506,543.6
808.625,546.0
808.743,541.0
808.862,547.0
808.981,543.8
809.1,546.4
809.219,541.6
809.337,544.2
809.456,539.0
809.575,542.8
809.694,546.6
809.813,545.4
809.931,540.8
810.05,543.6
810.169,541.2
810.288,541.6
810.406,544.8
810.525,540.4
810.644,537.2
810.763,548.0
810.882,545.0
811.0,546.0
811.119,540.4
811.238,546.4
811.357,548.0
811.475,546.2
811.594,545.4
811.713,545.4
811.832,545.8
811.95,542.8
812.069,542.2
812.188,544.8
812.307,538.4
812.425,543.4
812.544,547.0
812.663,546.2
812.782,541.2
812.9,543.4
813.019,538.0
813.138,540.6
813.257,540.4
813.375,538.8
813.494,545.0
813.613,544.0
813.731,543.2
813.85,536.6
813.969,539.6
814.088,539.6
814.206,541.4
814.325,541.0
814.444,543.2
814.562,537.4
814.681,539.4
814.8,540.2
814.918,537.2
815.037,538.0
815.156,535.0
815.275,540.0
815.393,528.8
815.512,538.2
815.631,530.2
815.749,536.0
815.868,536.6
815.987,530.2
816.105,534.4
816.224,536.6
816.343,538.0
816.461,540.0
816.58,540.4
816.699,539.8
816.817,541.6
816.936,535.2
817.054,532.8
817.173,530.2
817.292,529.4
817.41,532.4
817.529,530.0
817.648,531.8
817.766,525.8
817.885,522.2
818.004,524.4
818.122,530.4
818.241,521.0
818.36,517.4
818.478,520.6
818.597,523.2
818.715,516.8
818.834,514.8
818.953,514.0
819.071,515.8
819.19,515.2
819.308,521.8
819.427,520.6
819.546,516.4
819.664,513.2
819.783,521.6
819.901,512.6
820.02,513.2
820.139,514.8
820.257,507.6
820.376,513.6
820.494,517.6
820.613,510.0
820.731,512.4
820.85,510.4
820.969,509.4
821.087,507.4
821.206,506.0
821.324,504.4
821.443,514.0
821.561,519.4
821.68,507.4
821.798,513.4
821.917,508.6
822.036,507.6
822.154,507.8
822.273,513.2
822.391,506.0
822.51,509.0
822.628,510.6
822.747,515.0
822.865,509.6
822.984,506.4
823.102,506.8
823.221,504.8
823.339,505.6
823.458,504.4
823.576,504.0
823.695,512.2
823.813,509.6
823.932,504.2
824.05,511.8
824.169,504.0
824.287,505.2
824.406,507.6
824.524,512.0
824.643,511.2
824.761,504.8
824.88,506.4
824.998,504.0
825.117,502.6
825.235,507.0
825.354,502.8
825.472,500.8
825.591,508.4
825.709,502.0
825.828,504.6
825.946,501.4
826.065,503.0
826.183,503.8
826.301,505.8
826.42,504.8
826.538,500.6
826.657,509.0
826.775,505.8
826.894,503.4
827.012,508.6
827.131,502.6
827.249,503.8
827.367,504.4
827.486,501.2
827.604,504.6
827.723,497.8
827.841,501.2
827.96,499.2
828.078,503.6
828.196,500.0
828.315,498.8
828.433,499.4
828.552,505.6
828.67,497.4
828.788,501.4
828.907,500.4
829.025,497.2
829.144,500.6
829.262,495.4
829.38,497.6
829.499,496.8
829.617,493.8
829.735,499.0
829.854,498.8
829.972,497.8
830.091,497.6
830.209,499.2
830.327,494.6
830.446,501.6
830.564,500.4
830.682,499.6
830.801,497.8
830.919,502.6
831.037,498.4
831.156,501.0
831.274,497.4
831.392,498.8
831.511,497.0
831.629,500.4
831.747,495.8
831.866,497.0
831.984,496.2
832.102,499.8
832.221,502.8
832.339,496.0
832.457,498.6
832.576,497.0
832.694,496.8
832.812,502.4
832.931,495.2
833.049,501.2
833.167,498.4
833.285,495.2
833.404,500.8
833.522,502.0
833.64,494.6
833.759,502.0
833.877,502.8
833.995,502.2
834.113,496.6
834.232,499.6
834.35,500.2
834.468,498.2
834.586,495.0
834.705,498.8
834.823,495.0
834.941,505.6
835.06,498.2
835.178,508.4
835.296,499.0
835.414,501.0
835.533,503.6
835.651,499.6
835.769,499.2
835.887,503.4
836.005,506.4
836.124,503.8
836.242,501.8
836.36,502.6
836.478,505.2
836.597,503.2
836.715,499.4
836.833,505.6
836.951,506.4
837.069,499.8
837.188,500.8
837.306,502.0
837.424,501.2
837.542,500.2
837.66,506.8
837.779,503.0
837.897,499.8
838.015,500.6
838.133,499.2
838.251,506.8
838.369,502.2
838.488,502.2
838.606,503.2
838.724,504.2
838.842,500.0
838.96,504.6
839.078,501.6
839.197,497.0
839.315,503.4
839.433,499.0
839.551,503.8
839.669,500.4
839.787,499.0
839.905,506.2
840.024,498.4
840.142,501.8
840.26,498.6
840.378,502.4
840.496,497.2
840.614,502.4
840.732,500.2
840.85,499.4
840.969,497.2
841.087,496.4
841.205,500.0
841.323,508.6
841.441,501.0
841.559,503.6
841.677,498.4
841.795,505.4
841.913,496.0
842.031,498.4
842.149,503.8
842.268,501.2
842.386,500.8
842.504,497.6
842.622,495.8
842.74,498.6
842.858,498.2
842.976,501.2
843.094,506.0
843.212,499.0
843.33,500.2
843.448,499.2
843.566,501.8
843.684,497.4
843.802,496.4
843.92,499.4
844.038,506.0
844.156,504.0
844.274,498.8
844.392,503.8
844.51,501.4
844.628,499.6
844.746,501.4
844.864,494.8
844.982,500.0
845.101,502.0
845.219,502.6
845.336,500.4
845.455,500.8
845.573,500.6
845.69,499.8
845.808,496.2
845.926,502.0
846.044,499.8
846.162,501.4
846.28,499.2
846.398,495.8
846.516,501.2
846.634,498.6
846.752,499.6
846.87,499.8
846.988,497.2
847.106,504.0
847.224,503.6
847.342,495.8
847.46,500.0
847.578,501.4
847.696,500.8
847.814,497.0
847.932,504.8
848.05,500.6
848.168,501.2
848.286,502.6
848.403,499.4
848.521,497.8
848.639,500.6
848.757,500.2
848.875,499.8
848.993,501.4
849.111,497.6
849.229,496.8
849.347,499.2
849.465,496.6
849.583,501.6
849.7,493.2
849.818,497.0
849.936,496.8
850.054,501.4
850.172,500.0
850.29,500.2
850.408,498.0
850.526,495.6
850.643,499.0
850.761,496.8
850.879,495.0
850.997,500.6
851.115,494.2
851.233,502.6
851.35,499.2
851.468,496.2
851.586,495.6
851.704,502.4
851.822,496.8
851.94,503.6
852.058,501.4
852.175,509.6
852.293,511.0
852.411,499.8
852.529,502.0
852.647,505.8
852.764,495.0
852.882,499.2
853.0,494.6
853.118,500.0
853.236,502.6
853.353,497.0
853.471,497.6
853.589,497.6
853.707,500.0
853.824,502.6
853.942,499.4
854.06,503.0
854.178,502.2
854.296,495.2
854.413,500.0
854.531,499.0
854.649,503.8
854.767,505.0
854.884,499.0
855.002,500.4
855.12,498.4
855.238,501.6
855.355,495.4
855.473,501.0
855.591,499.4
855.708,499.0
855.826,501.4
855.944,500.8
856.062,496.4
856.179,505.8
856.297,498.6
856.415,501.0
856.533,502.8
856.65,500.0
856.768,498.4
856.886,500.4
857.003,499.8
857.121,500.8
857.239,500.4
857.356,497.4
857.474,501.2
857.592,499.2
857.709,503.2
857.827,496.0
857.945,500.0
858.062,498.4
858.18,499.2
858.298,499.8
858.415,501.8
858.533,496.6
858.651,499.0
858.768,503.8
858.886,502.6
859.004,498.0
859.121,496.0
859.239,501.6
859.356,494.6
859.474,499.4
859.592,494.6
859.709,501.0
859.827,500.6
859.945,494.8
860.062,497.8
860.18,492.8
860.297,499.2
860.415,489.6
860.533,494.2
860.65,498.2
860.768,491.6
860.885,497.4
861.003,493.4
861.12,494.4
861.238,494.6
861.356,501.4
861.473,493.8
861.591,496.8
861.708,494.2
861.826,495.2
861.943,492.4
862.061,493.6
862.178,499.2
862.296,494.6
862.414,494.8
862.531,491.4
862.649,489.2
862.766,490.4
862.884,493.0
863.001,497.2
863.119,498.4
863.236,494.6
863.354,494.0
863.471,495.0
863.589,496.4
863.706,495.8
863.824,492.2
863.941,494.4
864.059,495.0
864.176,494.8
864.294,493.4
864.411,493.2
864.529,496.0
864.646,497.4
864.764,496.8
864.881,495.4
864.999,493.0
865.116,496.2
865.234,492.4
865.351,492.6
865.468,489.6
865.586,495.2
865.703,493.6
865.821,497.2
865.938,494.0
866.056,492.0
866.173,488.0
866.291,494.0
866.408,496.4
866.525,491.0
866.643,494.6
866.76,485.0
866.878,494.2
866.995,498.8
867.112,494.8
867.23,495.2
867.347,493.6
867.465,498.2
867.582,498.0
867.699,495.6
867.817,501.4
867.934,498.4
868.052,499.4
868.169,492.2
868.286,493.6
868.404,498.2
868.521,494.6
868.638,494.8
868.756,501.0
868.873,499.0
868.99,494.2
869.108,494.6
869.225,495.0
869.342,496.0
869.46,493.4
869.577,493.4
869.694,493.6
869.812,494.8
869.929,497.2
870.046,499.8
870.164,492.2
870.281,499.8
870.398,503.2
870.516,495.2
870.633,497.0
870.75,498.8
870.867,495.2
870.985,498.8
871.102,496.4
871.219,497.8
871.337,491.2
871.454,498.6
871.571,495.4
871.688,495.8
871.806,499.2
871.923,499.2
872.04,495.4
872.158,498.8
872.275,489.8
872.392,495.6
872.509,490.0
872.626,495.6
872.744,498.4
872.861,498.2
872.978,496.2
873.095,493.4
873.213,494.2
873.33,491.4
873.447,496.0
873.564,498.6
873.682,496.6
873.799,496.2
873.916,492.6
874.033,496.2
874.15,499.8
874.267,494.0
874.385,491.8
874.502,498.2
874.619,496.8
874.736,495.4
874.853,491.6
874.971,495.0
875.088,496.8
875.205,498.2
875.322,495.0
875.439,497.6
875.556,497.4
875.673,501.2
875.791,495.4
875.908,497.6
876.025,496.4
876.142,501.8
876.259,492.2
876.376,497.4
876.493,496.8
876.611,497.6
876.728,494.0
876.845,502.4
876.962,492.6
877.079,495.8
877.196,497.6
877.313,498.2
877.43,488.4
877.547,496.8
877.664,496.6
877.781,495.0
877.899,497.2
878.016,494.2
878.133,494.4
878.25,494.4
878.367,491.4
878.484,495.2
878.601,491.8
878.718,496.6
878.835,490.8
878.952,493.2
879.069,491.8
879.186,498.4
879.303,490.4
879.42,490.2
879.537,494.8
879.654,493.2
879.771,489.4
879.888,491.4
880.005,492.6
880.122,493.8
880.239,489.6
880.356,497.2
880.473,491.6
880.59,490.6
880.707,491.8
880.824,490.0
880.941,493.6
881.058,492.0
881.175,492.2
881.292,492.0
881.409,494.0
881.526,490.8
881.643,486.6
881.76,490.4
881.877,491.2
881.994,492.6
882.111,487.6
882.228,492.4
882.345,489.8
882.462,490.2
882.579,490.6
882.696,492.0
882.812,491.6
882.929,497.8
883.046,490.8
883.163,493.2
883.28,493.8
883.397,489.0
883.514,503.0
883.631,497.2
883.748,493.0
883.865,495.2
883.982,490.8
884.098,495.0
884.215,495.8
884.332,492.6
884.449,489.0
884.566,497.0
884.683,498.4
884.8,497.0
884.916,494.8
885.033,496.8
885.15,497.2
885.267,498.4
885.384,496.8
885.501,501.2
885.617,500.8
885.734,494.4
885.851,504.6
885.968,498.2
886.085,496.2
886.202,501.6
886.318,498.2
886.435,497.8
886.552,496.6
886.669,497.0
886.786,494.6
886.902,501.0
887.019,498.6
887.136,490.2
887.253,500.8
887.37,496.8
887.486,489.6
887.603,493.6
887.72,496.2
887.837,494.6
887.953,488.8
888.07,491.8
888.187,491.6
888.304,492.2
888.42,498.2
888.537,493.6
888.654,492.2
888.771,493.2
888.887,488.4
889.004,493.8
889.121,488.4
889.237,486.6
889.354,494.8
889.471,490.0
889.588,494.4
889.704,489.2
889.821,487.8
889.938,493.4
890.054,489.2
890.171,488.6
890.288,491.2
890.404,489.2
890.521,494.6
890.638,487.8
890.754,491.4
890.871,493.2
890.988,489.8
891.104,494.4
891.221,483.8
891.338,493.2
891.454,495.4
891.571,492.8
891.687,492.6
891.804,492.8
891.921,487.6
892.037,493.4
892.154,491.2
892.271,488.0
892.387,492.2
892.504,492.8
892.62,497.0
892.737,492.8
892.854,494.4
892.97,489.6
893.087,493.8
893.203,493.8
893.32,499.0
893.436,492.6
893.553,493.4
893.67,495.0
893.786,495.2
893.903,496.8
894.019,496.2
894.136,497.8
894.252,497.6
894.369,498.6
894.485,494.6
894.602,496.2
894.718,494.8
894.835,493.6
894.951,492.6
895.068,494.0
895.184,497.8
895.301,496.2
895.417,493.2
895.534,495.0
895.65,491.8
895.767,493.0
895.883,492.0
896.0,495.0
896.116,495.2
896.233,492.8
896.349,496.8
896.466,489.8
896.582,496.4
896.699,497.4
896.815,493.2
896.932,490.0
897.048,492.4
897.165,492.6
897.281,493.6
897.397,490.6
897.514,495.6
897.63,492.4
897.747,488.4
897.863,490.4
897.979,496.2
898.096,492.6
898.212,494.6
898.329,491.8
898.445,495.6
898.562,489.0
898.678,491.8
898.794,492.2
898.911,490.4
899.027,491.2
899.143,489.6
899.26,493.0
899.376,484.6
899.492,491.0
899.609,492.4
899.725,494.8
899.842,491.0
899.958,491.6
900.074,495.4
900.191,490.2
900.307,495.2
900.423,486.8
900.54,487.2
900.656,489.6
900.772,492.4
900.888,488.4
901.005,485.0
901.121,491.0
901.237,490.4
901.354,488.0
901.47,489.6
901.586,489.2
901.703,489.6
901.819,488.8
901.935,486.2
902.051,496.4
902.168,493.8
902.284,490.4
902.4,488.2
902.516,494.6
902.633,494.2
902.749,490.8
902.865,490.0
902.981,488.8
903.098,489.8
903.214,492.4
903.33,488.0
903.446,492.6
903.562,490.0
903.679,488.6
903.795,485.4
903.911,485.8
904.027,482.4
904.144,488.6
904.26,487.6
904.376,489.6
904.492,480.2
904.608,485.6
904.724,482.8
904.841,486.2
904.957,487.2
905.073,485.2
905.189,479.6
905.305,487.2
905.421,480.6
905.538,480.8
905.654,484.8
905.77,479.4
905.886,485.6
906.002,480.4
906.118,477.0
906.234,473.6
906.35,476.4
906.467,482.8
906.583,479.2
906.699,482.0
906.815,477.4
906.931,477.0
907.047,479.8
907.163,480.2
907.279,478.8
907.395,481.8
907.511,477.2
907.627,480.8
907.743,479.4
907.86,480.6
907.976,483.6
908.092,482.2
908.208,476.2
908.324,484.2
908.44,482.8
908.556,480.0
908.672,481.4
908.788,482.0
908.904,478.0
909.02,483.8
909.136,482.6
909.252,479.6
909.368,480.8
909.484,481.4
909.6,476.8
909.716,477.0
909.832,479.2
909.948,481.8
910.064,479.8
910.18,481.0
910.296,479.4
910.412,479.8
910.528,484.8
910.644,483.6
910.76,474.2
910.876,485.8
910.992,479.2
911.107,482.2
911.223,480.0
911.339,482.2
911.455,482.0
911.571,476.0
911.687,483.6
911.803,478.4
911.919,477.4
912.035,476.0
912.151,483.0
912.267,482.4
912.382,481.0
912.498,475.2
912.614,483.8
912.73,480.8
912.846,479.8
