792.446,515.2
792.565,521.2
792.684,523.6
792.803,524.6
792.922,511.8
793.041,506.8
793.16,513.6
793.279,508.8
793.398,511.4
793.518,502.6
793.637,500.2
793.756,507.4
793.875,509.0
793.994,508.8
794.113,506.6
794.232,506.4
794.351,500.0
794.47,501.2
794.589,500.6
794.708,495.8
794.827,500.4
794.946,498.8
795.065,498.4
795.185,493.4
795.304,494.8
795.423,494.2
795.542,495.4
795.661,494.6
795.78,492.6
795.899,496.2
796.018,499.6
796.137,496.6
796.256,495.8
796.375,496.6
796.494,500.6
796.613,495.8
796.732,494.8
796.851,495.0
796.97,500.2
797.089,492.0
797.208,495.6
797.327,496.2
797.446,494.6
797.565,498.8
797.684,496.8
797.803,494.0
797.922,493.0
798.041,489.6
798.16,496.4
798.279,488.0
798.398,494.2
798.517,488.6
798.636,490.4
798.755,494.2
798.874,491.6
798.993,488.4
799.112,488.8
799.231,489.4
799.35,494.4
799.469,491.2
799.588,492.8
799.707,497.4
799.826,495.0
799.945,491.0
800.064,495.4
800.183,490.2
800.302,494.4
800.421,495.8
800.54,499.2
800.659,494.4
800.778,498.0
800.897,493.0
801.016,498.2
801.135,491.8
801.254,495.4
801.373,495.4
801.492,494.6
801.611,497.0
801.73,502.6
801.848,494.8
801.967,499.4
802.086,494.8
802.205,495.2
802.324,492.6
802.443,499.8
802.562,497.6
802.681,499.4
802.8,498.2
802.919,500.6
803.038,496.2
803.157,497.6
803.276,501.4
803.395,499.8
803.513,494.0
803.632,500.8
803.751,500.6
803.87,499.6
803.989,499.6
804.108,507.2
804.227,499.4
804.346,504.0
804.465,498.2
804.584,498.8
804.702,498.6
804.821,503.4
804.94,498.4
805.059,499.2
805.178,504.2
805.297,507.0
805.416,505.2
805.535,499.2
805.653,505.4
805.772,512.4
805.891,503.6
806.01,501.4
806.129,505.2
806.248,510.0
806.367,498.0
806.485,501.0
806.604,508.0
806.723,508.4
806.842,510.2
806.961,505.4
807.08,504.4
807.199,512.4
807.317,511.2
807.436,509.4
807.555,506.4
807.674,507.6
807.793,508.6
807.912,508.8
808.03,507.2
808.149,512.2
808.268,505.2
808.387,513.8
808.506,510.0
808.625,512.6
808.743,505.6
808.862,511.4
808.981,511.8
809.1,514.8
809.219,509.6
809.337,510.6
809.456,510.0
809.575,515.2
809.694,514.8
809.813,512.2
809.931,513.0
810.05,511.4
810.169,508.4
810.288,511.2
810.406,506.2
810.525,513.0
810.644,515.2
810.763,518.0
810.882,513.8
811.0,510.4
811.119,507.8
811.238,514.0
811.357,521.8
811.475,513.6
811.594,515.8
811.713,516.2
811.832,514.2
811.95,510.8
812.069,512.6
812.188,512.4
812.307,512.2
812.425,509.2
812.544,511.8
812.663,516.6
812.782,509.6
812.9,510.2
813.019,511.8
813.138,512.8
813.257,513.4
813.375,512.0
813.494,513.8
813.613,516.2
813.731,510.6
813.85,510.2
813.969,508.2
814.088,507.0
814.206,511.8
814.325,510.0
814.444,513.6
814.562,507.8
814.681,507.2
814.8,509.2
814.918,508.6
815.037,513.6
815.156,507.2
815.275,502.6
815.393,513.8
815.512,507.2
815.631,503.0
815.749,507.6
815.868,505.0
815.987,508.6
816.105,509.2
816.224,508.2
816.343,507.2
816.461,511.0
816.58,508.4
816.699,510.4
816.817,511.8
816.936,510.8
817.054,505.2
817.173,502.8
817.292,500.8
817.41,497.4
817.529,496.8
817.648,498.2
817.766,488.4
817.885,495.0
818.004,496.8
818.122,498.4
818.241,490.8
818.36,489.8
818.478,489.0
818.597,490.0
818.715,487.8
818.834,488.0
818.953,482.6
819.071,485.2
819.19,484.4
819.308,489.4
819.427,487.6
819.546,489.2
819.664,484.0
819.783,486.2
819.901,484.6
820.02,484.4
820.139,483.2
820.257,480.0
820.376,479.2
820.494,482.6
820.613,477.2
820.731,477.6
820.85,482.2
820.969,477.4
821.087,478.8
821.206,478.8
821.324,478.2
821.443,484.2
821.561,478.4
821.68,480.6
821.798,478.2
821.917,481.8
822.036,479.6
822.154,477.8
822.273,478.0
822.391,480.8
822.51,476.6
822.628,478.6
822.747,476.2
822.865,476.2
822.984,479.6
823.102,483.6
823.221,476.0
823.339,475.4
823.458,477.4
823.576,480.6
823.695,481.2
823.813,481.6
823.932,474.6
824.05,477.6
824.169,475.8
824.287,481.0
824.406,480.0
824.524,479.2
824.643,478.2
824.761,478.6
824.88,474.4
824.998,476.8
825.117,475.2
825.235,480.0
825.354,474.6
825.472,475.4
825.591,473.0
825.709,474.4
825.828,471.0
825.946,473.4
826.065,466.8
826.183,471.2
826.301,473.6
826.42,472.8
826.538,476.4
826.657,472.8
826.775,470.8
826.894,473.0
827.012,474.6
827.131,473.8
827.249,467.8
827.367,468.4
827.486,474.0
827.604,475.4
827.723,470.0
827.841,472.0
827.96,469.4
828.078,467.2
828.196,467.6
828.315,469.6
828.433,471.6
828.552,473.6
828.67,472.2
828.788,472.4
828.907,471.0
829.025,472.0
829.144,473.6
829.262,470.2
829.38,472.6
829.499,466.2
829.617,464.6
829.735,469.6
829.854,469.2
829.972,474.0
830.091,466.4
830.209,469.2
830.327,469.8
830.446,470.0
830.564,471.6
830.682,470.6
830.801,470.2
830.919,473.8
831.037,468.6
831.156,477.0
831.274,467.8
831.392,474.0
831.511,464.8
831.629,469.2
831.747,470.2
831.866,472.4
831.984,470.2
832.102,470.6
832.221,465.0
832.339,468.2
832.457,473.2
832.576,471.2
832.694,469.2
832.812,467.8
832.931,469.6
833.049,468.8
833.167,470.6
833.285,465.0
833.404,479.4
833.522,468.4
833.64,462.2
833.759,469.6
833.877,470.4
833.995,469.8
834.113,467.8
834.232,471.6
834.35,465.8
834.468,476.0
834.586,466.0
834.705,472.6
834.823,467.8
834.941,471.6
835.06,472.0
835.178,474.8
835.296,469.2
835.414,474.2
835.533,470.6
835.651,471.0
835.769,476.0
835.887,475.4
836.005,473.8
836.124,475.0
836.242,467.8
836.36,475.8
836.478,471.6
836.597,470.8
836.715,472.2
836.833,476.2
836.951,469.0
837.069,478.8
837.188,471.4
837.306,477.6
837.424,477.0
837.542,470.8
837.66,468.6
837.779,476.8
837.897,469.4
838.015,477.4
838.133,470.0
838.251,479.2
838.369,475.4
838.488,473.8
838.606,476.4
838.724,475.8
838.842,473.8
838.96,474.2
839.078,470.4
839.197,470.2
839.315,473.2
839.433,475.4
839.551,473.0
839.669,471.0
839.787,469.8
839.905,474.4
840.024,474.6
840.142,478.0
840.26,476.8
840.378,472.0
840.496,473.8
840.614,475.4
840.732,467.2
840.85,470.6
840.969,467.8
841.087,472.2
841.205,464.6
841.323,477.8
841.441,468.8
841.559,472.8
841.677,461.6
841.795,475.2
841.913,466.2
842.031,473.4
842.149,477.0
842.268,471.4
842.386,472.2
842.504,471.8
842.622,470.6
842.74,467.4
842.858,469.0
842.976,469.8
843.094,468.4
843.212,471.4
843.33,469.4
843.448,467.6
843.566,467.4
843.684,468.0
843.802,473.4
843.92,465.4
844.038,473.8
844.156,467.6
844.274,466.6
844.392,473.0
844.51,469.6
844.628,470.4
844.746,469.8
844.864,470.0
844.982,465.2
845.101,468.8
845.219,470.6
845.336,471.2
845.455,471.0
845.573,470.6
845.69,467.2
845.808,467.6
845.926,466.4
846.044,465.2
846.162,469.4
846.28,467.6
846.398,464.2
846.516,467.4
846.634,469.0
846.752,468.6
846.87,463.4
846.988,468.0
847.106,459.2
847.224,468.4
847.342,470.8
847.46,469.6
847.578,467.6
847.696,470.6
847.814,468.0
847.932,467.8
848.05,473.2
848.168,467.4
848.286,472.2
848.403,467.2
848.521,466.0
848.639,474.6
848.757,468.4
848.875,466.0
848.993,469.4
849.111,471.4
849.229,462.6
849.347,472.0
849.465,463.8
849.583,472.2
849.7,467.8
849.818,469.4
849.936,467.2
850.054,470.0
850.172,463.6
850.29,467.2
850.408,468.6
850.526,475.0
850.643,468.0
850.761,469.2
850.879,468.0
850.997,469.8
851.115,466.0
851.233,467.6
851.35,468.2
851.468,469.6
851.586,464.8
851.704,476.2
851.822,472.8
851.94,471.8
852.058,472.4
852.175,474.0
852.293,470.0
852.411,471.6
852.529,466.8
852.647,471.8
852.764,470.8
852.882,471.0
853.0,473.2
853.118,470.2
853.236,474.2
853.353,469.0
853.471,468.0
853.589,468.8
853.707,468.6
853.824,471.8
853.942,469.8
854.06,469.2
854.178,473.0
854.296,470.2
854.413,468.4
854.531,469.8
854.649,469.4
854.767,467.4
854.884,470.6
855.002,475.0
855.12,470.0
855.238,469.8
855.355,470.0
855.473,470.2
855.591,470.6
855.708,475.2
855.826,472.2
855.944,474.2
856.062,466.6
856.179,471.6
856.297,473.2
856.415,472.8
856.533,473.4
856.65,473.2
856.768,469.8
856.886,471.0
857.003,474.6
857.121,473.6
857.239,470.8
857.356,467.2
857.474,467.2
857.592,472.8
857.709,470.4
857.827,474.4
857.945,467.2
858.062,467.4
858.18,470.0
858.298,468.0
858.415,470.6
858.533,467.0
858.651,474.4
858.768,472.4
858.886,468.0
859.004,468.8
859.121,472.0
859.239,469.4
859.356,464.2
859.474,473.4
859.592,469.4
859.709,474.4
859.827,468.8
859.945,465.6
860.062,468.8
860.18,470.2
860.297,468.2
860.415,470.0
860.533,464.2
860.65,469.8
860.768,459.6
860.885,474.0
861.003,465.4
861.12,467.2
861.238,466.8
861.356,472.0
861.473,469.6
861.591,467.0
861.708,463.4
861.826,468.6
861.943,464.4
862.061,468.4
862.178,467.8
862.296,468.8
862.414,468.4
862.531,467.8
862.649,471.8
862.766,470.8
862.884,468.2
863.001,469.8
863.119,471.6
863.236,472.6
863.354,469.6
863.471,468.6
863.589,467.2
863.706,467.2
863.824,463.6
863.941,465.2
864.059,469.4
864.176,471.6
864.294,464.8
864.411,468.0
864.529,467.6
864.646,471.4
864.764,467.4
864.881,469.6
864.999,466.6
865.116,470.6
865.234,464.4
865.351,467.8
865.468,466.8
865.586,469.4
865.703,469.8
865.821,466.4
865.938,468.2
866.056,467.2
866.173,465.8
866.291,469.0
866.408,465.2
866.525,470.0
866.643,470.2
866.76,463.0
866.878,463.0
866.995,470.4
867.112,467.0
867.23,467.4
867.347,468.8
867.465,470.6
867.582,465.2
867.699,471.8
867.817,468.8
867.934,467.4
868.052,468.6
868.169,470.0
868.286,464.6
868.404,473.8
868.521,468.2
868.638,470.4
868.756,467.8
868.873,467.8
868.99,468.4
869.108,466.0
869.225,470.6
869.342,469.4
869.46,467.0
869.577,473.4
869.694,467.8
869.812,467.8
869.929,467.0
870.046,470.4
870.164,464.6
870.281,471.6
870.398,464.2
870.516,466.2
870.633,471.2
870.75,470.2
870.867,470.4
870.985,467.0
871.102,468.4
871.219,471.6
871.337,470.2
871.454,476.4
871.571,468.6
871.688,465.0
871.806,466.8
871.923,464.4
872.04,466.6
872.158,468.4
872.275,467.2
872.392,467.0
872.509,467.4
872.626,469.2
872.744,468.0
872.861,470.2
872.978,467.4
873.095,471.0
873.213,467.0
873.33,465.4
873.447,470.4
873.564,469.8
873.682,469.2
873.799,472.8
873.916,463.2
874.033,470.8
874.15,468.0
874.267,468.2
874.385,466.2
874.502,464.2
874.619,469.2
874.736,468.8
874.853,461.8
874.971,471.8
875.088,466.2
875.205,469.4
875.322,467.0
875.439,468.4
875.556,466.8
875.673,470.2
875.791,465.0
875.908,470.8
876.025,466.2
876.142,471.8
876.259,469.0
876.376,472.8
876.493,470.4
876.611,467.0
876.728,466.8
876.845,473.2
876.962,465.4
877.079,466.4
877.196,472.6
877.313,467.4
877.43,465.0
877.547,471.6
877.664,469.6
877.781,469.8
877.899,467.2
878.016,469.0
878.133,467.6
878.25,470.6
878.367,466.2
878.484,472.0
878.601,470.0
878.718,469.2
878.835,467.2
878.952,472.0
879.069,466.4
879.186,470.4
879.303,470.2
879.42,466.6
879.537,472.2
879.654,472.8
879.771,464.0
879.888,472.0
880.005,472.6
880.122,468.2
880.239,466.8
880.356,471.4
880.473,465.2
880.59,470.6
880.707,465.4
880.824,471.2
880.941,462.8
881.058,470.8
881.175,464.4
881.292,469.6
881.409,465.4
881.526,468.4
881.643,465.8
881.76,472.8
881.877,468.4
881.994,470.4
882.111,469.6
882.228,466.0
882.345,470.4
882.462,470.8
882.579,470.0
882.696,467.4
882.812,469.6
882.929,477.0
883.046,472.8
883.163,472.4
883.28,467.0
883.397,469.4
883.514,469.2
883.631,466.0
883.748,471.8
883.865,470.8
883.982,466.0
884.098,468.0
884.215,472.8
884.332,467.4
884.449,468.8
884.566,467.0
884.683,467.2
884.8,471.4
884.916,469.4
885.033,471.0
885.15,466.4
885.267,470.8
885.384,464.6
885.501,470.8
885.617,471.2
885.734,471.6
885.851,470.0
885.968,472.2
886.085,470.8
886.202,473.2
886.318,471.6
886.435,469.8
886.552,469.0
886.669,471.6
886.786,466.6
886.902,473.0
887.019,470.6
887.136,473.4
887.253,468.4
887.37,471.6
887.486,469.6
887.603,471.2
887.72,469.4
887.837,477.6
887.953,469.8
888.07,467.0
888.187,471.4
888.304,472.0
888.42,475.2
888.537,467.4
888.654,469.2
888.771,473.8
888.887,469.2
889.004,476.6
889.121,471.6
889.237,469.8
889.354,470.8
889.471,469.4
889.588,475.0
889.704,472.4
889.821,471.2
889.938,475.0
890.054,473.4
890.171,472.6
890.288,468.8
890.404,473.2
890.521,473.2
890.638,473.4
890.754,470.6
890.871,475.0
890.988,471.4
891.104,472.8
891.221,469.4
891.338,471.6
891.454,471.4
891.571,474.4
891.687,472.0
891.804,476.6
891.921,471.6
892.037,473.6
892.154,470.2
892.271,474.0
892.387,474.6
892.504,474.8
892.62,474.0
892.737,476.0
892.854,475.2
892.97,468.4
893.087,474.8
893.203,477.4
893.32,477.2
893.436,476.4
893.553,473.8
893.67,479.4
893.786,476.6
893.903,476.2
894.019,477.0
894.136,481.4
894.252,475.0
894.369,477.4
894.485,474.2
894.602,480.4
894.718,475.6
894.835,476.4
894.951,475.6
895.068,479.6
895.184,481.0
895.301,475.2
895.417,469.4
895.534,472.8
895.65,472.0
895.767,475.8
895.883,473.8
896.0,474.4
896.116,475.0
896.233,474.0
896.349,474.6
896.466,472.0
896.582,472.4
896.699,481.6
896.815,473.0
896.932,477.8
897.048,477.2
897.165,475.2
897.281,473.6
897.397,475.6
897.514,477.0
897.63,479.0
897.747,476.4
897.863,470.0
897.979,473.6
898.096,471.0
898.212,481.0
898.329,475.8
898.445,475.0
898.562,474.8
898.678,474.4
898.794,472.0
898.911,468.2
899.027,475.2
899.143,473.6
899.26,470.6
899.376,466.2
899.492,474.2
899.609,471.2
899.725,472.4
899.842,474.2
899.958,474.6
900.074,474.2
900.191,474.8
900.307,470.0
900.423,472.6
900.54,466.8
900.656,474.8
900.772,469.2
900.888,473.2
901.005,475.6
901.121,469.4
901.237,469.0
901.354,469.2
901.47,467.4
901.586,473.4
901.703,466.0
901.819,470.2
901.935,467.4
902.051,467.4
902.168,471.6
902.284,469.8
902.4,465.6
902.516,472.0
902.633,466.8
902.749,468.8
902.865,467.2
902.981,465.2
903.098,471.0
903.214,465.6
903.33,466.2
903.446,470.8
903.562,463.8
903.679,464.6
903.795,467.2
903.911,464.4
904.027,461.8
904.144,468.8
904.26,468.2
904.376,465.8
904.492,467.6
904.608,463.2
904.724,462.8
904.841,468.2
904.957,464.2
905.073,466.8
905.189,462.6
905.305,469.2
905.421,462.6
905.538,465.6
905.654,466.0
905.77,465.2
905.886,462.0
906.002,463.4
906.118,460.0
906.234,466.4
906.35,459.0
906.467,468.2
906.583,457.6
906.699,470.6
906.815,462.8
906.931,466.2
907.047,466.2
907.163,462.0
907.279,467.6
907.395,471.0
907.511,462.0
907.627,461.4
907.743,464.2
907.86,459.8
907.976,465.4
908.092,464.4
908.208,468.0
908.324,462.2
908.44,463.0
908.556,463.0
908.672,467.4
908.788,460.2
908.904,467.0
909.02,469.0
909.136,464.2
909.252,465.8
909.368,466.0
909.484,464.8
909.6,464.6
909.716,466.8
909.832,463.8
909.948,467.6
910.064,462.4
910.18,464.8
910.296,462.8
910.412,466.2
910.528,468.8
910.644,467.8
910.76,467.4
910.876,470.6
910.992,462.8
911.107,464.6
911.223,463.2
911.339,463.6
911.455,467.0
911.571,467.2
911.687,468.4
911.803,466.8
911.919,466.4
912.035,465.2
912.151,468.6
912.267,466.4
912.382,466.6
912.498,470.4
912.614,464.2
912.73,466.6
912.846,470.0
