792.446,3643.0
792.565,3602.2
792.684,3635.4
792.803,3597.6
792.922,3558.4
793.041,3501.6
793.16,3515.8
793.279,3525.0
793.398,3510.2
793.518,3467.8
793.637,3424.6
793.756,3448.8
793.875,3464.2
793.994,3420.6
794.113,3400.6
794.232,3399.2
794.351,3429.4
794.47,3370.4
794.589,3353.6
794.708,3356.6
794.827,3376.4
794.946,3325.0
795.066,3336.4
795.185,3325.4
795.304,3314.2
795.423,3316.6
795.542,3312.6
795.661,3334.4
795.78,3271.8
795.899,3268.0
796.018,3282.4
796.137,3274.2
796.256,3271.0
796.375,3223.2
796.494,3263.2
796.613,3249.6
796.732,3277.0
796.851,3225.4
796.97,3250.4
797.089,3214.6
797.208,3230.6
797.327,3233.4
797.446,3215.8
797.565,3235.4
797.684,3224.6
797.803,3230.2
797.922,3173.6
798.041,3195.0
798.16,3193.0
798.279,3198.6
798.398,3198.6
798.517,3197.2
798.636,3196.4
798.755,3175.0
798.874,3171.8
798.993,3213.2
799.112,3166.8
799.231,3164.8
799.35,3180.8
799.469,3189.0
799.588,3183.8
799.707,3181.0
799.826,3180.4
799.945,3163.8
800.064,3188.4
800.183,3160.8
800.302,3205.2
800.421,3182.0
800.54,3148.4
800.659,3170.8
800.778,3163.0
800.897,3162.4
801.016,3140.8
801.135,3138.0
801.254,3141.4
801.373,3164.8
801.492,3153.8
801.611,3169.4
801.729,3160.0
801.848,3164.4
801.967,3169.8
802.086,3171.2
802.205,3164.6
802.324,3166.6
802.443,3145.0
802.562,3147.0
802.681,3153.8
802.8,3185.6
802.919,3170.4
803.038,3181.4
803.157,3188.8
803.276,3147.4
803.394,3172.4
803.513,3130.2
803.632,3192.0
803.751,3166.0
803.87,3168.6
803.989,3147.6
804.108,3167.8
804.227,3141.0
804.346,3186.8
804.465,3195.8
804.583,3187.6
804.702,3162.6
804.821,3180.0
804.94,3197.0
805.059,3161.4
805.178,3144.8
805.297,3170.2
805.416,3166.6
805.535,3183.8
805.653,3165.0
805.772,3204.8
805.891,3192.0
806.01,3199.8
806.129,3159.8
806.248,3193.2
806.367,3131.4
806.485,3190.0
806.604,3155.4
806.723,3187.4
806.842,3199.4
806.961,3203.8
807.08,3172.0
807.198,3211.8
807.317,3162.2
807.436,3172.0
807.555,3179.8
807.674,3176.6
807.793,3194.2
807.912,3177.2
808.03,3185.0
808.149,3164.8
808.268,3181.4
808.387,3185.6
808.506,3203.0
808.624,3183.6
808.743,3183.8
808.862,3153.8
808.981,3201.2
809.1,3176.4
809.219,3162.4
809.337,3203.2
809.456,3161.2
809.575,3210.2
809.694,3203.0
809.812,3201.0
809.931,3196.8
810.05,3203.8
810.169,3191.2
810.288,3184.8
810.406,3167.2
810.525,3178.2
810.644,3168.2
810.763,3153.2
810.882,3177.6
811.0,3192.8
811.119,3138.0
811.238,3167.0
811.357,3178.8
811.475,3176.0
811.594,3148.0
811.713,3200.0
811.832,3168.0
811.95,3146.4
812.069,3192.0
812.188,3161.2
812.307,3177.0
812.425,3156.2
812.544,3198.2
812.663,3175.4
812.782,3140.4
812.9,3169.2
813.019,3153.0
813.138,3137.8
813.257,3163.6
813.375,3153.0
813.494,3187.6
813.613,3133.8
813.731,3133.4
813.85,3157.6
813.969,3121.8
814.088,3166.6
814.206,3112.0
814.325,3129.2
814.444,3124.2
814.562,3131.0
814.681,3131.8
814.8,3105.8
814.918,3111.8
815.037,3088.4
815.156,3127.0
815.274,3063.8
815.393,3096.2
815.512,3104.4
815.631,3088.2
815.749,3084.8
815.868,3069.0
815.987,3088.0
816.105,3075.0
816.224,3084.6
816.343,3054.8
816.461,3109.0
816.58,3107.2
816.698,3128.6
816.817,3096.4
816.936,3091.8
817.055,3071.2
817.173,3077.4
817.292,3039.8
817.41,3080.8
817.529,3019.8
817.648,3041.4
817.766,3003.4
817.885,2994.6
818.004,2951.0
818.122,2950.6
818.241,2935.2
818.359,2943.4
818.478,2927.2
818.597,2920.6
818.715,2928.4
818.834,2908.4
818.953,2881.8
819.071,2853.4
819.19,2865.6
819.308,2866.4
819.427,2837.0
819.546,2853.2
819.664,2856.0
819.783,2839.6
819.901,2829.0
820.02,2801.0
820.138,2837.8
820.257,2839.0
820.376,2844.2
820.494,2826.2
820.613,2838.6
820.731,2819.0
820.85,2805.2
820.969,2788.8
821.087,2812.8
821.206,2792.4
821.324,2779.8
821.443,2805.6
821.561,2809.4
821.68,2775.0
821.798,2816.6
821.917,2789.6
822.035,2870.0
822.154,2793.6
822.273,2767.4
822.391,2782.4
822.51,2759.8
822.628,2801.6
822.747,2791.2
822.865,2755.8
822.984,2778.8
823.102,2802.2
823.221,2744.0
823.339,2785.8
823.458,2808.6
823.576,2766.2
823.695,2759.6
823.813,2771.2
823.932,2764.2
824.05,2754.4
824.169,2786.6
824.287,2763.2
824.406,2757.4
824.524,2760.0
824.643,2772.4
824.761,2756.6
824.88,2749.2
824.998,2736.2
825.117,2745.4
825.235,2769.6
825.354,2746.6
825.472,2741.8
825.591,2737.8
825.709,2774.2
825.828,2760.6
825.946,2725.2
826.064,2729.4
826.183,2712.0
826.301,2724.0
826.42,2732.0
826.538,2690.4
826.657,2719.4
826.775,2743.4
826.894,2698.4
827.012,2710.0
827.13,2722.6
827.249,2704.2
827.367,2701.4
827.486,2694.0
827.604,2704.4
827.723,2695.6
827.841,2662.0
827.959,2696.2
828.078,2657.2
828.196,2694.0
828.315,2686.8
828.433,2690.4
828.552,2673.0
828.67,2667.8
828.788,2672.4
828.907,2681.8
829.025,2695.8
829.143,2699.6
829.262,2681.0
829.38,2664.2
829.499,2667.4
829.617,2678.8
829.735,2672.8
829.854,2656.4
829.972,2679.8
830.091,2642.6
830.209,2667.2
830.327,2646.0
830.446,2677.6
830.564,2683.2
830.682,2669.2
830.801,2653.0
830.919,2658.2
831.037,2655.6
831.156,2692.8
831.274,2677.0
831.392,2667.8
831.511,2654.2
831.629,2655.0
831.747,2661.6
831.866,2668.6
831.984,2648.2
832.102,2698.8
832.221,2655.2
832.339,2655.2
832.457,2654.6
832.576,2641.4
832.694,2641.4
832.812,2653.8
832.93,2662.4
833.049,2662.0
833.167,2654.4
833.285,2632.4
833.404,2662.2
833.522,2674.0
833.64,2630.2
833.759,2620.6
833.877,2654.2
833.995,2629.6
834.113,2638.6
834.232,2644.0
834.35,2633.4
834.468,2651.0
834.586,2633.8
834.705,2656.8
834.823,2669.8
834.941,2666.4
835.059,2658.4
835.178,2646.8
835.296,2655.0
835.414,2650.6
835.532,2644.8
835.651,2650.4
835.769,2634.0
835.887,2667.4
836.005,2674.0
836.124,2645.2
836.242,2655.8
836.36,2685.8
836.478,2664.6
836.596,2662.2
836.715,2646.4
836.833,2665.0
836.951,2656.8
837.069,2693.2
837.188,2658.0
837.306,2660.8
837.424,2668.8
837.542,2669.2
837.66,2645.2
837.779,2671.0
837.897,2682.8
838.015,2653.2
838.133,2672.6
838.251,2643.6
838.369,2656.8
838.487,2657.4
838.606,2667.6
838.724,2669.0
838.842,2662.8
838.96,2659.0
839.078,2664.8
839.196,2639.0
839.315,2656.6
839.433,2641.6
839.551,2666.6
839.669,2627.8
839.787,2653.6
839.905,2658.2
840.023,2691.0
840.142,2644.0
840.26,2652.8
840.378,2669.0
840.496,2667.2
840.614,2646.4
840.732,2668.2
840.85,2628.4
840.968,2624.6
841.087,2656.2
841.205,2643.6
841.323,2667.8
841.441,2620.4
841.559,2657.8
841.677,2643.8
841.795,2644.6
841.913,2635.2
842.031,2646.4
842.149,2645.4
842.267,2630.0
842.385,2626.6
842.504,2617.8
842.622,2613.8
842.74,2630.6
842.858,2605.2
842.976,2718.8
843.094,2610.8
843.212,2649.4
843.33,2632.6
843.448,2636.2
843.566,2583.6
843.684,2610.4
843.802,2629.0
843.92,2621.2
844.038,2644.0
844.156,2608.2
844.274,2616.0
844.392,2616.2
844.51,2596.2
844.628,2602.2
844.746,2620.6
844.864,2623.4
844.982,2614.8
845.1,2627.0
845.218,2602.2
845.336,2577.4
845.454,2639.2
845.572,2598.8
845.69,2598.4
845.808,2586.8
845.926,2599.2
846.044,2607.0
846.162,2591.4
846.28,2591.8
846.398,2569.0
846.516,2598.4
846.634,2581.8
846.752,2564.8
846.87,2601.0
846.988,2554.4
847.106,2577.4
847.224,2599.8
847.342,2600.0
847.46,2579.8
847.578,2585.4
847.696,2611.4
847.814,2609.8
847.932,2581.6
848.05,2591.6
848.168,2563.2
848.285,2585.2
848.403,2577.0
848.521,2594.8
848.639,2618.8
848.757,2612.0
848.875,2576.4
848.993,2590.8
849.111,2603.4
849.229,2581.4
849.347,2572.4
849.465,2609.4
849.582,2580.6
849.7,2594.6
849.818,2573.6
849.936,2618.6
850.054,2605.4
850.172,2612.4
850.29,2586.6
850.408,2598.6
850.525,2628.4
850.643,2610.2
850.761,2605.4
850.879,2612.4
850.997,2599.8
851.115,2600.4
851.233,2601.4
851.35,2633.2
851.468,2625.8
851.586,2618.6
851.704,2611.6
851.822,2617.4
851.94,2613.6
852.057,2600.4
852.175,2637.4
852.293,2630.4
852.411,2614.2
852.529,2614.2
852.647,2644.4
852.764,2613.0
852.882,2629.2
853.0,2627.4
853.118,2633.0
853.236,2593.4
853.353,2621.0
853.471,2593.2
853.589,2610.2
853.707,2619.2
853.824,2597.0
853.942,2616.2
854.06,2616.8
854.178,2625.0
854.296,2606.6
854.413,2595.6
854.531,2596.0
854.649,2606.2
854.767,2646.4
854.884,2623.6
855.002,2616.8
855.12,2651.2
855.238,2644.0
855.355,2654.4
855.473,2668.6
855.591,2641.0
855.708,2661.0
855.826,2656.0
855.944,2694.2
856.062,2646.2
856.179,2658.4
856.297,2637.8
856.415,2647.8
856.532,2667.6
856.65,2656.8
856.768,2644.4
856.886,2645.0
857.003,2659.2
857.121,2670.4
857.239,2630.8
857.356,2641.8
857.474,2616.0
857.592,2621.6
857.709,2633.0
857.827,2657.0
857.945,2646.4
858.062,2634.2
858.18,2627.8
858.298,2630.4
858.415,2635.6
858.533,2612.8
858.651,2645.8
858.768,2652.4
858.886,2637.8
859.003,2637.6
859.121,2624.4
859.239,2636.2
859.356,2617.6
859.474,2625.8
859.592,2618.0
859.709,2627.0
859.827,2628.6
859.944,2585.4
860.062,2644.8
860.18,2609.8
860.297,2636.6
860.415,2601.4
860.532,2624.2
860.65,2631.2
860.768,2642.4
860.885,2640.0
861.003,2630.0
861.12,2630.8
861.238,2626.8
861.356,2622.0
861.473,2619.8
861.591,2644.6
861.708,2623.8
861.826,2613.8
861.943,2618.6
862.061,2598.8
862.178,2605.0
862.296,2601.2
862.414,2620.0
862.531,2616.8
862.649,2615.2
862.766,2602.8
862.884,2636.0
863.001,2616.6
863.119,2610.6
863.236,2644.4
863.354,2625.6
863.471,2604.6
863.589,2612.4
863.706,2617.6
863.824,2612.2
863.941,2612.2
864.059,2609.2
864.176,2617.6
864.294,2631.8
864.411,2627.0
864.529,2625.8
864.646,2650.6
864.764,2622.4
864.881,2620.0
864.999,2642.4
865.116,2620.8
865.233,2611.4
865.351,2593.6
865.468,2617.4
865.586,2638.2
865.703,2635.0
865.821,2615.8
865.938,2634.4
866.056,2633.8
866.173,2621.4
866.29,2607.4
866.408,2642.0
866.525,2645.4
866.643,2617.6
866.76,2634.4
866.878,2613.0
866.995,2615.0
867.112,2624.8
867.23,2624.2
867.347,2624.6
867.465,2624.4
867.582,2645.4
867.699,2626.4
867.817,2664.2
867.934,2633.4
868.051,2621.2
868.169,2653.2
868.286,2625.6
868.404,2644.2
868.521,2645.2
868.638,2616.2
868.756,2609.4
868.873,2657.4
868.99,2638.2
869.108,2657.0
869.225,2664.4
869.342,2666.0
869.46,2634.2
869.577,2650.4
869.694,2625.0
869.812,2657.0
869.929,2618.8
870.046,2649.0
870.164,2641.2
870.281,2644.2
870.398,2629.8
870.516,2636.0
870.633,2634.2
870.75,2660.2
870.867,2647.0
870.985,2634.8
871.102,2637.8
871.219,2644.0
871.337,2629.4
871.454,2626.6
871.571,2634.2
871.688,2665.4
871.806,2633.2
871.923,2666.4
872.04,2669.4
872.157,2688.8
872.275,2641.8
872.392,2678.0
872.509,2645.4
872.626,2650.4
872.744,2651.4
872.861,2666.4
872.978,2634.6
873.095,2639.8
873.213,2618.4
873.33,2648.2
873.447,2656.8
873.564,2658.0
873.681,2662.6
873.799,2661.2
873.916,2659.2
874.033,2676.0
874.15,2655.4
874.267,2630.6
874.385,2630.6
874.502,2616.0
874.619,2637.0
874.736,2645.2
874.853,2654.6
874.97,2662.0
875.088,2622.2
875.205,2644.0
875.322,2672.0
875.439,2636.6
875.556,2648.4
875.673,2640.0
875.791,2676.6
875.908,2641.4
876.025,2648.4
876.142,2682.4
876.259,2677.0
876.376,2670.0
876.493,2699.8
876.61,2638.2
876.728,2685.4
876.845,2679.8
876.962,2628.0
877.079,2662.6
877.196,2666.0
877.313,2682.6
877.43,2667.8
877.547,2661.6
877.664,2657.0
877.781,2661.0
877.898,2679.8
878.016,2669.4
878.133,2659.0
878.25,2679.8
878.367,2651.4
878.484,2668.6
878.601,2649.4
878.718,2668.4
878.835,2673.8
878.952,2673.8
879.069,2649.2
879.186,2684.8
879.303,2679.4
879.42,2655.2
879.537,2678.0
879.654,2671.6
879.771,2643.8
879.888,2658.6
880.005,2669.8
880.122,2663.6
880.239,2657.4
880.356,2667.8
880.473,2689.0
880.59,2687.2
880.707,2677.4
880.824,2651.8
880.941,2666.4
881.058,2674.8
881.175,2691.4
881.292,2659.4
881.409,2670.0
881.526,2682.0
881.643,2662.2
881.76,2676.2
881.877,2697.2
881.994,2697.6
882.111,2676.4
882.228,2661.8
882.345,2688.0
882.462,2669.4
882.579,2682.2
882.696,2701.2
882.812,2667.8
882.929,2675.8
883.046,2695.8
883.163,2670.4
883.28,2675.6
883.397,2655.0
883.514,2699.8
883.631,2686.2
883.748,2686.8
883.865,2696.8
883.982,2713.8
884.098,2681.2
884.215,2713.6
884.332,2676.8
884.449,2697.2
884.566,2705.4
884.683,2667.0
884.8,2713.4
884.916,2669.4
885.033,2682.0
885.15,2696.6
885.267,2703.4
885.384,2715.4
885.501,2702.6
885.617,2723.4
885.734,2721.6
885.851,2697.8
885.968,2725.0
886.085,2726.4
886.202,2735.0
886.318,2698.8
886.435,2735.4
886.552,2699.0
886.669,2732.4
886.786,2728.0
886.902,2707.8
887.019,2719.4
887.136,2739.4
887.253,2739.0
887.369,2716.8
887.486,2728.4
887.603,2709.4
887.72,2742.0
887.837,2712.8
887.953,2727.8
888.07,2706.6
888.187,2731.2
888.304,2714.8
888.42,2717.2
888.537,2691.6
888.654,2739.2
888.77,2693.6
888.887,2742.4
889.004,2739.2
889.121,2702.4
889.237,2731.6
889.354,2717.2
889.471,2714.4
889.587,2690.6
889.704,2722.2
889.821,2706.4
889.938,2715.6
890.054,2720.0
890.171,2716.4
890.288,2719.0
890.404,2708.8
890.521,2730.2
890.638,2722.8
890.754,2730.0
890.871,2731.2
890.988,2725.4
891.104,2739.4
891.221,2733.4
891.337,2724.0
891.454,2739.6
891.571,2742.0
891.687,2727.4
891.804,2746.8
891.921,2739.2
892.037,2737.0
892.154,2755.2
892.27,2723.4
892.387,2757.4
892.504,2748.6
892.62,2770.6
892.737,2730.4
892.854,2746.2
892.97,2727.0
893.087,2743.8
893.203,2784.2
893.32,2750.4
893.436,2748.6
893.553,2751.4
893.67,2774.2
893.786,2776.8
893.903,2762.2
894.019,2780.6
894.136,2761.2
894.252,2769.4
894.369,2800.4
894.485,2772.2
894.602,2767.2
894.718,2772.8
894.835,2745.4
894.951,2762.8
895.068,2784.0
895.184,2754.6
895.301,2778.0
895.417,2782.0
895.534,2764.2
895.65,2758.0
895.767,2776.0
895.883,2780.2
896.0,2792.2
896.116,2771.0
896.233,2784.0
896.349,2785.2
896.466,2777.8
896.582,2752.8
896.699,2784.8
896.815,2768.6
896.932,2786.6
897.048,2788.6
897.165,2785.2
897.281,2777.0
897.397,2747.8
897.514,2766.6
897.63,2791.4
897.747,2813.6
897.863,2808.6
897.979,2770.2
898.096,2774.2
898.212,2764.2
898.329,2794.4
898.445,2806.8
898.561,2781.0
898.678,2779.4
898.794,2790.2
898.911,2783.4
899.027,2792.8
899.143,2774.8
899.26,2807.4
899.376,2773.4
899.492,2781.8
899.609,2783.4
899.725,2789.2
899.842,2816.4
899.958,2806.4
900.074,2792.0
900.191,2809.4
900.307,2806.0
900.423,2792.0
900.539,2787.4
900.656,2805.6
900.772,2822.8
900.888,2806.8
901.005,2786.4
901.121,2777.0
901.237,2813.2
901.354,2798.4
901.47,2758.2
901.586,2824.6
901.703,2845.0
901.819,2819.8
901.935,2804.8
902.051,2833.4
902.168,2807.8
902.284,2825.2
902.4,2778.6
902.516,2794.8
902.633,2803.0
902.749,2830.6
902.865,2845.2
902.981,2809.6
903.098,2848.8
903.214,2828.2
903.33,2827.4
903.446,2825.2
903.562,2832.4
903.679,2823.0
903.795,2827.6
903.911,2838.8
904.027,2864.4
904.143,2828.0
904.26,2866.0
904.376,2842.8
904.492,2827.4
904.608,2807.0
904.724,2828.8
904.841,2826.6
904.957,2830.4
905.073,2841.4
905.189,2809.4
905.305,2838.4
905.421,2845.8
905.538,2818.0
905.654,2843.2
905.77,2831.8
905.886,2854.0
906.002,2852.6
906.118,2831.4
906.234,2849.0
906.35,2861.2
906.466,2847.6
906.583,2835.2
906.699,2839.2
906.815,2843.0
906.931,2842.2
907.047,2822.0
907.163,2859.8
907.279,2839.4
907.395,2841.8
907.511,2858.4
907.627,2863.6
907.743,2842.8
907.859,2829.8
907.976,2868.2
908.092,2850.6
908.208,2890.0
908.324,2842.4
908.44,2881.4
908.556,2844.6
908.672,2868.2
908.788,2860.6
908.904,2859.0
909.02,2857.4
909.136,2823.6
909.252,2868.0
909.368,2859.8
909.484,2916.4
909.6,2861.0
909.716,2853.2
909.832,2858.0
909.948,2887.2
910.064,2854.0
910.18,2857.0
910.296,2873.2
910.412,2883.4
910.528,2863.8
910.644,2894.8
910.76,2868.8
910.875,2887.4
910.991,2881.8
911.107,2860.4
911.223,2890.4
911.339,2888.4
911.455,2878.4
911.571,2857.6
911.687,2868.6
911.803,2889.0
911.919,2861.0
912.035,2861.4
912.151,2865.2
912.267,2880.4
912.382,2857.6
912.498,2850.0
912.614,2844.8
912.73,2826.4
912.846,2848.6
