792.446,4190
792.565,4051
792.684,4034
792.803,3858
792.922,3723
793.041,3640
793.16,3540
793.279,3487
793.398,3434
793.518,3404
793.637,3293
793.756,3223
793.875,3201
793.994,3124
794.113,3067
794.232,3029
794.351,2969
794.47,2968
794.589,2880
794.708,2850
794.827,2842
794.946,2762
795.066,2687
795.185,2699
795.304,2641
795.423,2709
795.542,2656
795.661,2585
795.78,2531
795.899,2513
796.018,2456
796.137,2511
796.256,2434
796.375,2462
796.494,2401
796.613,2397
796.732,2367
796.851,2281
796.97,2301
797.089,2255
797.208,2256
797.327,2234
797.446,2220
797.565,2180
797.684,2203
797.803,2157
797.922,2203
798.041,2134
798.16,2118
798.279,2121
798.398,2077
798.517,2072
798.636,2058
798.755,2112
798.874,2090
798.993,2018
799.112,2047
799.231,2096
799.35,2047
799.469,2031
799.588,2084
799.707,2052
799.826,2037
799.945,2020
800.064,1963
800.183,1984
800.302,1972
800.421,1949
800.54,1959
800.659,1926
800.778,1957
800.897,1936
801.016,1916
801.135,1918
801.254,1927
801.373,1904
801.492,1899
801.611,1924
801.729,1888
801.848,1861
801.967,1858
802.086,1893
802.205,1899
802.324,1872
802.443,1852
802.562,1875
802.681,1887
802.8,1840
802.919,1872
803.038,1808
803.157,1811
803.276,1816
803.394,1841
803.513,1834
803.632,1776
803.751,1767
803.87,1793
803.989,1740
804.108,1753
804.227,1790
804.346,1829
804.465,1803
804.583,1800
804.702,1812
804.821,1797
804.94,1727
805.059,1789
805.178,1759
805.297,1767
805.416,1774
805.535,1746
805.653,1806
805.772,1729
805.891,1756
806.01,1782
806.129,1770
806.248,1752
806.367,1714
806.485,1728
806.604,1771
806.723,1761
806.842,1734
806.961,1752
807.08,1721
807.198,1702
807.317,1767
807.436,1705
807.555,1709
807.674,1643
807.793,1659
807.912,1687
808.03,1704
808.149,1684
808.268,1704
808.387,1670
808.506,1682
808.624,1704
808.743,1692
808.862,1661
808.981,1669
809.1,1672
809.219,1669
809.337,1639
809.456,1701
809.575,1708
809.694,1694
809.812,1638
809.931,1680
810.05,1671
810.169,1600
810.288,1686
810.406,1644
810.525,1625
810.644,1640
810.763,1615
810.882,1679
811.0,1633
811.119,1609
811.238,1654
811.357,1632
811.475,1644
811.594,1619
811.713,1679
811.832,1667
811.95,1694
812.069,1666
812.188,1680
812.307,1684
812.425,1648
812.544,1658
812.663,1607
812.782,1628
812.9,1664
813.019,1622
813.138,1681
813.257,1639
813.375,1677
813.494,1591
813.613,1676
813.731,1605
813.85,1621
813.969,1641
814.088,1619
814.206,1616
814.325,1632
814.444,1650
814.562,1636
814.681,1622
814.8,1630
814.918,1644
815.037,1610
815.156,1659
815.274,1630
815.393,1625
815.512,1609
815.631,1623
815.749,1676
815.868,1576
815.987,1613
816.105,1578
816.224,1564
816.343,1639
816.461,1690
816.58,1642
816.698,1655
816.817,1599
816.936,1578
817.055,1651
817.173,1634
817.292,1656
817.41,1643
817.529,1622
817.648,1623
817.766,1609
817.885,1629
818.004,1640
818.122,1655
818.241,1638
818.359,1626
818.478,1591
818.597,1606
818.715,1636
818.834,1632
818.953,1543
819.071,1617
819.19,1596
819.308,1578
819.427,1574
819.546,1633
819.664,1585
819.783,1570
819.901,1599
820.02,1597
820.138,1624
820.257,1589
820.376,1529
820.494,1557
820.613,1571
820.731,1530
820.85,1571
820.969,1574
821.087,1554
821.206,1573
821.324,1562
821.443,1555
821.561,1553
821.68,1557
821.798,1536
821.917,1567
822.035,1540
822.154,1547
822.273,1556
822.391,1554
822.51,1542
822.628,1506
822.747,1532
822.865,1520
822.984,1500
823.102,1516
823.221,1460
823.339,1536
823.458,1512
823.576,1511
823.695,1498
823.813,1522
823.932,1511
824.05,1498
824.169,1497
824.287,1522
824.406,1470
824.524,1492
824.643,1501
824.761,1537
824.88,1565
824.998,1491
825.117,1530
825.235,1486
825.354,1459
825.472,1496
825.591,1494
825.709,1528
825.828,1576
825.946,1520
826.064,1546
826.183,1523
826.301,1493
826.42,1454
826.538,1543
826.657,1448
826.775,1518
826.894,1499
827.012,1482
827.13,1470
827.249,1501
827.367,1476
827.486,1582
827.604,1537
827.723,1488
827.841,1447
827.959,1545
828.078,1473
828.196,1499
828.315,1484
828.433,1486
828.552,1461
828.67,1529
828.788,1473
828.907,1496
829.025,1503
829.143,1488
829.262,1446
829.38,1466
829.499,1470
829.617,1492
829.735,1478
829.854,1483
829.972,1489
830.091,1487
830.209,1496
830.327,1465
830.446,1485
830.564,1482
830.682,1467
830.801,1419
830.919,1496
831.037,1487
831.156,1514
831.274,1471
831.392,1485
831.511,1450
831.629,1483
831.747,1460
831.866,1493
831.984,1435
832.102,1508
832.221,1460
832.339,1489
832.457,1501
832.576,1472
832.694,1448
832.812,1534
832.93,1479
833.049,1465
833.167,1472
833.285,1483
833.404,1475
833.522,1493
833.64,1477
833.759,1512
833.877,1465
833.995,1503
834.113,1491
834.232,1500
834.35,1471
834.468,1448
834.586,1489
834.705,1505
834.823,1497
834.941,1486
835.059,1485
835.178,1528
835.296,1515
835.414,1520
835.532,1480
835.651,1504
835.769,1457
835.887,1476
836.005,1473
836.124,1456
836.242,1450
836.36,1458
836.478,1471
836.596,1449
836.715,1473
836.833,1490
836.951,1434
837.069,1468
837.188,1488
837.306,1446
837.424,1495
837.542,1463
837.66,1426
837.779,1485
837.897,1461
838.015,1473
838.133,1426
838.251,1463
838.369,1465
838.487,1461
838.606,1430
838.724,1475
838.842,1461
838.96,1487
839.078,1493
839.196,1445
839.315,1479
839.433,1489
839.551,1437
839.669,1509
839.787,1487
839.905,1494
840.023,1548
840.142,1550
840.26,1481
840.378,1538
840.496,1548
840.614,1533
840.732,1509
840.85,1496
840.968,1501
841.087,1508
841.205,1490
841.323,1531
841.441,1488
841.559,1542
841.677,1554
841.795,1594
841.913,1508
842.031,1600
842.149,1536
842.267,1510
842.385,1521
842.504,1548
842.622,1530
842.74,1540
842.858,1531
842.976,1551
843.094,1495
843.212,1518
843.33,1508
843.448,1576
843.566,1472
843.684,1509
843.802,1523
843.92,1527
844.038,1548
844.156,1564
844.274,1541
844.392,1546
844.51,1518
844.628,1551
844.746,1543
844.864,1543
844.982,1546
845.1,1582
845.218,1559
845.336,1587
845.454,1521
845.572,1544
845.69,1560
845.808,1483
845.926,1548
846.044,1507
846.162,1540
846.28,1519
846.398,1515
846.516,1530
846.634,1555
846.752,1549
846.87,1574
846.988,1579
847.106,1526
847.224,1574
847.342,1536
847.46,1565
847.578,1537
847.696,1579
847.814,1593
847.932,1595
848.05,1615
848.168,1562
848.285,1562
848.403,1579
848.521,1560
848.639,1571
848.757,1530
848.875,1549
848.993,1575
849.111,1581
849.229,1554
849.347,1569
849.465,1540
849.582,1533
849.7,1574
849.818,1527
849.936,1558
850.054,1588
850.172,1536
850.29,1533
850.408,1551
850.525,1533
850.643,1532
850.761,1507
850.879,1513
850.997,1561
851.115,1482
851.233,1526
851.35,1533
851.468,1543
851.586,1560
851.704,1525
851.822,1540
851.94,1538
852.057,1529
852.175,1570
852.293,1622
852.411,1744
852.529,1718
852.647,1809
852.764,1753
852.882,1681
853.0,1642
853.118,1631
853.236,1575
853.353,1579
853.471,1587
853.589,1552
853.707,1552
853.824,1585
853.942,1483
854.06,1489
854.178,1485
854.296,1592
854.413,1558
854.531,1583
854.649,1556
854.767,1559
854.884,1554
855.002,1527
855.12,1552
855.238,1549
855.355,1557
855.473,1549
855.591,1564
855.708,1549
855.826,1544
855.944,1504
856.062,1517
856.179,1484
856.297,1547
856.415,1496
856.532,1511
856.65,1528
856.768,1494
856.886,1515
857.003,1496
857.121,1486
857.239,1557
857.356,1519
857.474,1567
857.592,1532
857.709,1527
857.827,1535
857.945,1564
858.062,1502
858.18,1510
858.298,1542
858.415,1560
858.533,1514
858.651,1504
858.768,1533
858.886,1527
859.003,1511
859.121,1532
859.239,1582
859.356,1500
859.474,1549
859.592,1503
859.709,1548
859.827,1486
859.944,1545
860.062,1469
860.18,1542
860.297,1540
860.415,1498
860.532,1452
860.65,1495
860.768,1498
860.885,1498
861.003,1484
861.12,1543
861.238,1549
861.356,1547
861.473,1540
861.591,1556
861.708,1546
861.826,1503
861.943,1509
862.061,1471
862.178,1472
862.296,1478
862.414,1471
862.531,1439
862.649,1465
862.766,1424
862.884,1482
863.001,1468
863.119,1449
863.236,1488
863.354,1457
863.471,1502
863.589,1492
863.706,1491
863.824,1510
863.941,1555
864.059,1530
864.176,1540
864.294,1463
864.411,1492
864.529,1482
864.646,1478
864.764,1451
864.881,1471
864.999,1492
865.116,1507
865.233,1487
865.351,1482
865.468,1492
865.586,1495
865.703,1476
865.821,1503
865.938,1535
866.056,1490
866.173,1512
866.29,1485
866.408,1470
866.525,1477
866.643,1488
866.76,1474
866.878,1455
866.995,1503
867.112,1545
867.23,1538
867.347,1529
867.465,1519
867.582,1542
867.699,1564
867.817,1471
867.934,1514
868.051,1527
868.169,1503
868.286,1504
868.404,1534
868.521,1522
868.638,1518
868.756,1510
868.873,1532
868.99,1563
869.108,1574
869.225,1529
869.342,1540
869.46,1557
869.577,1524
869.694,1576
869.812,1554
869.929,1607
870.046,1562
870.164,1566
870.281,1545
870.398,1597
870.516,1557
870.633,1600
870.75,1571
870.867,1553
870.985,1592
871.102,1564
871.219,1561
871.337,1626
871.454,1560
871.571,1534
871.688,1604
871.806,1585
871.923,1610
872.04,1550
872.157,1590
872.275,1552
872.392,1590
872.509,1585
872.626,1561
872.744,1551
872.861,1577
872.978,1551
873.095,1573
873.213,1542
873.33,1577
873.447,1581
873.564,1569
873.681,1550
873.799,1559
873.916,1581
874.033,1545
874.15,1543
874.267,1541
874.385,1546
874.502,1524
874.619,1555
874.736,1584
874.853,1539
874.97,1595
875.088,1551
875.205,1555
875.322,1633
875.439,1575
875.556,1588
875.673,1554
875.791,1612
875.908,1628
876.025,1594
876.142,1560
876.259,1589
876.376,1605
876.493,1595
876.61,1566
876.728,1577
876.845,1600
876.962,1565
877.079,1603
877.196,1571
877.313,1646
877.43,1560
877.547,1604
877.664,1564
877.781,1646
877.898,1599
878.016,1559
878.133,1555
878.25,1533
878.367,1540
878.484,1565
878.601,1530
878.718,1542
878.835,1520
878.952,1548
879.069,1520
879.186,1483
879.303,1522
879.42,1442
879.537,1475
879.654,1467
879.771,1520
879.888,1482
880.005,1519
880.122,1462
880.239,1457
880.356,1463
880.473,1462
880.59,1451
880.707,1494
880.824,1417
880.941,1486
881.058,1471
881.175,1458
881.292,1439
881.409,1480
881.526,1468
881.643,1488
881.76,1462
881.877,1453
881.994,1470
882.111,1494
882.228,1467
882.345,1524
882.462,1473
882.579,1432
882.696,1426
882.812,1473
882.929,1526
883.046,1484
883.163,1510
883.28,1468
883.397,1488
883.514,1491
883.631,1506
883.748,1485
883.865,1497
883.982,1484
884.098,1476
884.215,1476
884.332,1496
884.449,1465
884.566,1506
884.683,1484
884.8,1476
884.916,1555
885.033,1582
885.15,1555
885.267,1624
885.384,1602
885.501,1604
885.617,1652
885.734,1621
885.851,1662
885.968,1651
886.085,1659
886.202,1697
886.318,1659
886.435,1707
886.552,1612
886.669,1603
886.786,1597
886.902,1609
887.019,1584
887.136,1632
887.253,1585
887.369,1573
887.486,1552
887.603,1599
887.72,1517
887.837,1541
887.953,1557
888.07,1518
888.187,1472
888.304,1508
888.42,1471
888.537,1429
888.654,1439
888.77,1467
888.887,1404
889.004,1455
889.121,1424
889.237,1384
889.354,1448
889.471,1390
889.587,1444
889.704,1389
889.821,1401
889.938,1429
890.054,1400
890.171,1424
890.288,1390
890.404,1418
890.521,1425
890.638,1413
890.754,1406
890.871,1425
890.988,1407
891.104,1415
891.221,1428
891.337,1409
891.454,1438
891.571,1432
891.687,1448
891.804,1432
891.921,1417
892.037,1402
892.154,1435
892.27,1430
892.387,1464
892.504,1410
892.62,1431
892.737,1426
892.854,1418
892.97,1444
893.087,1420
893.203,1437
893.32,1401
893.436,1429
893.553,1436
893.67,1403
893.786,1420
893.903,1432
894.019,1465
894.136,1439
894.252,1441
894.369,1407
894.485,1465
894.602,1420
894.718,1482
894.835,1409
894.951,1429
895.068,1426
895.184,1397
895.301,1439
895.417,1418
895.534,1433
895.65,1440
895.767,1432
895.883,1450
896.0,1407
896.116,1420
896.233,1431
896.349,1479
896.466,1402
896.582,1405
896.699,1415
896.815,1456
896.932,1393
897.048,1455
897.165,1432
897.281,1440
897.397,1480
897.514,1417
897.63,1448
897.747,1436
897.863,1465
897.979,1478
898.096,1459
898.212,1446
898.329,1494
898.445,1501
898.561,1479
898.678,1474
898.794,1457
898.911,1456
899.027,1449
899.143,1509
899.26,1504
899.376,1481
899.492,1507
899.609,1469
899.725,1489
899.842,1462
899.958,1459
900.074,1460
900.191,1471
900.307,1474
900.423,1472
900.539,1462
900.656,1453
900.772,1437
900.888,1470
901.005,1498
901.121,1449
901.237,1463
901.354,1499
901.47,1507
901.586,1531
901.703,1464
901.819,1531
901.935,1550
902.051,1571
902.168,1569
902.284,1568
902.4,1566
902.516,1551
902.633,1532
902.749,1604
902.865,1583
902.981,1607
903.098,1602
903.214,1581
903.33,1593
903.446,1550
903.562,1551
903.679,1590
903.795,1537
903.911,1582
904.027,1581
904.143,1526
904.26,1590
904.376,1538
904.492,1504
904.608,1550
904.724,1476
904.841,1512
904.957,1465
905.073,1538
905.189,1507
905.305,1514
905.421,1513
905.538,1497
905.654,1431
905.77,1439
905.886,1473
906.002,1467
906.118,1473
906.234,1477
906.35,1448
906.466,1449
906.583,1413
906.699,1422
906.815,1426
906.931,1422
907.047,1396
907.163,1437
907.279,1384
907.395,1461
907.511,1431
907.627,1403
907.743,1431
907.859,1418
907.976,1399
908.092,1460
908.208,1409
908.324,1418
908.44,1395
908.556,1408
908.672,1425
908.788,1375
908.904,1437
909.02,1405
909.136,1402
909.252,1404
909.368,1470
909.484,1456
909.6,1393
909.716,1437
909.832,1434
909.948,1385
910.064,1433
910.18,1439
910.296,1399
910.412,1356
910.528,1390
910.644,1402
910.76,1414
910.875,1431
910.991,1423
911.107,1408
911.223,1455
911.339,1397
911.455,1389
911.571,1416
911.687,1371
911.803,1416
911.919,1447
912.035,1410
912.151,1471
912.267,1464
912.382,1394
912.498,1425
912.614,1412
912.73,1408
912.846,1413
792.446,4202
792.565,4111
792.684,3932
792.803,3822
792.922,3799
793.041,3746
793.16,3652
793.279,3583
793.398,3421
793.518,3417
793.637,3336
793.756,3327
793.875,3126
793.994,3122
794.113,3057
794.232,2989
794.351,3007
794.47,3014
794.589,2920
794.708,2842
794.827,2781
794.946,2693
795.066,2735
795.185,2641
795.304,2769
795.423,2655
795.542,2690
795.661,2600
795.78,2610
795.899,2566
796.018,2534
796.137,2453
796.256,2430
796.375,2376
796.494,2427
796.613,2372
796.732,2376
796.851,2281
796.97,2285
797.089,2300
797.208,2282
797.327,2227
797.446,2179
797.565,2241
797.684,2217
797.803,2165
797.922,2185
798.041,2173
798.16,2109
798.279,2088
798.398,2065
798.517,2094
798.636,2082
798.755,2116
798.874,2135
798.993,2102
799.112,2105
799.231,2049
799.35,2068
799.469,2092
799.588,2039
799.707,2012
799.826,2032
799.945,2014
800.064,2004
800.183,2030
800.302,2017
800.421,2029
800.54,1979
800.659,1970
800.778,1979
800.897,1978
801.016,1937
801.135,1940
801.254,1921
801.373,1936
801.492,1954
801.611,1909
801.729,1935
801.848,1906
801.967,1888
802.086,1843
802.205,1881
802.324,1860
802.443,1899
802.562,1842
802.681,1868
802.8,1848
802.919,1850
803.038,1848
803.157,1844
803.276,1829
803.394,1814
803.513,1814
803.632,1806
803.751,1819
803.87,1806
803.989,1800
804.108,1825
804.227,1795
804.346,1759
804.465,1736
804.583,1811
804.702,1806
804.821,1816
804.94,1785
805.059,1735
805.178,1790
805.297,1750
805.416,1777
805.535,1767
805.653,1756
805.772,1769
805.891,1762
806.01,1788
806.129,1777
806.248,1737
806.367,1765
806.485,1773
806.604,1760
806.723,1770
806.842,1742
806.961,1735
807.08,1767
807.198,1753
807.317,1698
807.436,1667
807.555,1731
807.674,1677
807.793,1680
807.912,1678
808.03,1707
808.149,1710
808.268,1702
808.387,1660
808.506,1653
808.624,1723
808.743,1663
808.862,1653
808.981,1650
809.1,1689
809.219,1696
809.337,1661
809.456,1676
809.575,1697
809.694,1660
809.812,1669
809.931,1707
810.05,1661
810.169,1629
810.288,1638
810.406,1641
810.525,1685
810.644,1658
810.763,1675
810.882,1665
811.0,1646
811.119,1684
811.238,1666
811.357,1624
811.475,1719
811.594,1670
811.713,1674
811.832,1667
811.95,1717
812.069,1677
812.188,1672
812.307,1608
812.425,1669
812.544,1659
812.663,1657
812.782,1671
812.9,1660
813.019,1613
813.138,1671
813.257,1695
813.375,1654
813.494,1643
813.613,1646
813.731,1636
813.85,1662
813.969,1660
814.088,1636
814.206,1612
814.325,1693
814.444,1652
814.562,1613
814.681,1682
814.8,1654
814.918,1657
815.037,1616
815.156,1640
815.274,1657
815.393,1596
815.512,1645
815.631,1638
815.749,1601
815.868,1582
815.987,1590
816.105,1608
816.224,1639
816.343,1617
816.461,1658
816.58,1665
816.698,1642
816.817,1644
816.936,1645
817.055,1686
817.173,1648
817.292,1640
817.41,1683
817.529,1648
817.648,1642
817.766,1635
817.885,1651
818.004,1654
818.122,1667
818.241,1657
818.359,1643
818.478,1629
818.597,1600
818.715,1581
818.834,1609
818.953,1573
819.071,1618
819.19,1561
819.308,1575
819.427,1629
819.546,1607
819.664,1599
819.783,1641
819.901,1606
820.02,1598
820.138,1559
820.257,1592
820.376,1585
820.494,1542
820.613,1556
820.731,1572
820.85,1578
820.969,1569
821.087,1549
821.206,1553
821.324,1495
821.443,1557
821.561,1530
821.68,1574
821.798,1536
821.917,1584
822.035,1524
822.154,1584
822.273,1569
822.391,1518
822.51,1552
822.628,1535
822.747,1561
822.865,1531
822.984,1525
823.102,1500
823.221,1496
823.339,1509
823.458,1519
823.576,1557
823.695,1493
823.813,1559
823.932,1521
824.05,1538
824.169,1502
824.287,1527
824.406,1483
824.524,1513
824.643,1490
824.761,1546
824.88,1534
824.998,1525
825.117,1520
825.235,1517
825.354,1502
825.472,1485
825.591,1569
825.709,1549
825.828,1536
825.946,1577
826.064,1537
826.183,1515
826.301,1508
826.42,1513
826.538,1499
826.657,1504
826.775,1497
826.894,1507
827.012,1526
827.13,1526
827.249,1508
827.367,1546
827.486,1525
827.604,1513
827.723,1516
827.841,1501
827.959,1558
828.078,1501
828.196,1466
828.315,1471
828.433,1495
828.552,1549
828.67,1472
828.788,1472
828.907,1459
829.025,1499
829.143,1478
829.262,1480
829.38,1506
829.499,1490
829.617,1446
829.735,1489
829.854,1483
829.972,1494
830.091,1436
830.209,1508
830.327,1438
830.446,1510
830.564,1494
830.682,1505
830.801,1463
830.919,1441
831.037,1494
831.156,1431
831.274,1513
831.392,1457
831.511,1469
831.629,1498
831.747,1475
831.866,1476
831.984,1472
832.102,1528
832.221,1497
832.339,1437
832.457,1503
832.576,1458
832.694,1486
832.812,1532
832.93,1483
833.049,1480
833.167,1482
833.285,1469
833.404,1501
833.522,1499
833.64,1493
833.759,1507
833.877,1492
833.995,1519
834.113,1511
834.232,1529
834.35,1499
834.468,1509
834.586,1521
834.705,1471
834.823,1494
834.941,1575
835.059,1515
835.178,1554
835.296,1534
835.414,1539
835.532,1545
835.651,1490
835.769,1461
835.887,1500
836.005,1480
836.124,1486
836.242,1463
836.36,1461
836.478,1497
836.596,1468
836.715,1462
836.833,1477
836.951,1449
837.069,1499
837.188,1496
837.306,1458
837.424,1469
837.542,1449
837.66,1491
837.779,1462
837.897,1427
838.015,1456
838.133,1463
838.251,1465
838.369,1480
838.487,1428
838.606,1516
838.724,1477
838.842,1500
838.96,1466
839.078,1452
839.196,1451
839.315,1553
839.433,1497
839.551,1533
839.669,1464
839.787,1490
839.905,1521
840.023,1552
840.142,1489
840.26,1583
840.378,1468
840.496,1512
840.614,1527
840.732,1532
840.85,1482
840.968,1554
841.087,1488
841.205,1472
841.323,1536
841.441,1570
841.559,1553
841.677,1541
841.795,1550
841.913,1553
842.031,1548
842.149,1608
842.267,1537
842.385,1481
842.504,1546
842.622,1545
842.74,1521
842.858,1518
842.976,1582
843.094,1524
843.212,1525
843.33,1547
843.448,1522
843.566,1526
843.684,1534
843.802,1578
843.92,1586
844.038,1521
844.156,1534
844.274,1543
844.392,1582
844.51,1593
844.628,1569
844.746,1546
844.864,1554
844.982,1510
845.1,1536
845.218,1543
845.336,1597
845.454,1550
845.572,1572
845.69,1557
845.808,1557
845.926,1546
846.044,1531
846.162,1521
846.28,1530
846.398,1520
846.516,1536
846.634,1525
846.752,1538
846.87,1576
846.988,1530
847.106,1607
847.224,1571
847.342,1558
847.46,1602
847.578,1580
847.696,1589
847.814,1569
847.932,1621
848.05,1578
848.168,1589
848.285,1567
848.403,1584
848.521,1594
848.639,1605
848.757,1551
848.875,1547
848.993,1566
849.111,1565
849.229,1580
849.347,1601
849.465,1579
849.582,1558
849.7,1573
849.818,1597
849.936,1584
850.054,1564
850.172,1527
850.29,1531
850.408,1548
850.525,1551
850.643,1584
850.761,1549
850.879,1538
850.997,1536
851.115,1530
851.233,1533
851.35,1513
851.468,1542
851.586,1570
851.704,1523
851.822,1527
851.94,1546
852.057,1542
852.175,1599
852.293,1608
852.411,1705
852.529,1738
852.647,1789
852.764,1790
852.882,1687
853.0,1625
853.118,1659
853.236,1633
853.353,1565
853.471,1539
853.589,1551
853.707,1495
853.824,1519
853.942,1543
854.06,1506
854.178,1526
854.296,1532
854.413,1550
854.531,1586
854.649,1595
854.767,1562
854.884,1576
855.002,1564
855.12,1573
855.238,1547
855.355,1593
855.473,1504
855.591,1535
855.708,1541
855.826,1544
855.944,1515
856.062,1522
856.179,1555
856.297,1493
856.415,1600
856.532,1560
856.65,1551
856.768,1517
856.886,1568
857.003,1510
857.121,1527
857.239,1543
857.356,1533
857.474,1536
857.592,1519
857.709,1540
857.827,1543
857.945,1554
858.062,1553
858.18,1509
858.298,1552
858.415,1521
858.533,1541
858.651,1542
858.768,1558
858.886,1580
859.003,1495
859.121,1545
859.239,1558
859.356,1536
859.474,1537
859.592,1551
859.709,1502
859.827,1522
859.944,1523
860.062,1522
860.18,1523
860.297,1546
860.415,1502
860.532,1521
860.65,1510
860.768,1542
860.885,1543
861.003,1513
861.12,1513
861.238,1550
861.356,1553
861.473,1543
861.591,1553
861.708,1572
861.826,1496
861.943,1556
862.061,1484
862.178,1514
862.296,1524
862.414,1475
862.531,1461
862.649,1479
862.766,1458
862.884,1477
863.001,1466
863.119,1464
863.236,1505
863.354,1479
863.471,1480
863.589,1530
863.706,1479
863.824,1524
863.941,1495
864.059,1561
864.176,1545
864.294,1466
864.411,1523
864.529,1502
864.646,1512
864.764,1485
864.881,1487
864.999,1479
865.116,1527
865.233,1509
865.351,1509
865.468,1544
865.586,1514
865.703,1505
865.821,1542
865.938,1502
866.056,1479
866.173,1510
866.29,1517
866.408,1461
866.525,1498
866.643,1483
866.76,1488
866.878,1495
866.995,1573
867.112,1539
867.23,1577
867.347,1516
867.465,1550
867.582,1531
867.699,1550
867.817,1604
867.934,1535
868.051,1567
868.169,1509
868.286,1545
868.404,1533
868.521,1500
868.638,1504
868.756,1539
868.873,1566
868.99,1569
869.108,1537
869.225,1556
869.342,1575
869.46,1578
869.577,1559
869.694,1559
869.812,1561
869.929,1588
870.046,1571
870.164,1571
870.281,1578
870.398,1582
870.516,1590
870.633,1611
870.75,1587
870.867,1586
870.985,1579
871.102,1560
871.219,1603
871.337,1615
871.454,1610
871.571,1581
871.688,1565
871.806,1634
871.923,1610
872.04,1576
872.157,1610
872.275,1573
872.392,1588
872.509,1587
872.626,1580
872.744,1556
872.861,1572
872.978,1575
873.095,1567
873.213,1562
873.33,1566
873.447,1532
873.564,1560
873.681,1573
873.799,1564
873.916,1528
874.033,1520
874.15,1560
874.267,1579
874.385,1557
874.502,1587
874.619,1538
874.736,1570
874.853,1577
874.97,1593
875.088,1612
875.205,1616
875.322,1574
875.439,1606
875.556,1629
875.673,1595
875.791,1594
875.908,1624
876.025,1602
876.142,1616
876.259,1612
876.376,1617
876.493,1619
876.61,1624
876.728,1575
876.845,1583
876.962,1622
877.079,1612
877.196,1592
877.313,1610
877.43,1631
877.547,1597
877.664,1640
877.781,1640
877.898,1626
878.016,1564
878.133,1581
878.25,1611
878.367,1560
878.484,1553
878.601,1524
878.718,1519
878.835,1512
878.952,1512
879.069,1578
879.186,1525
879.303,1531
879.42,1549
879.537,1522
879.654,1525
879.771,1485
879.888,1506
880.005,1413
880.122,1494
880.239,1491
880.356,1460
880.473,1472
880.59,1485
880.707,1485
880.824,1488
880.941,1469
881.058,1450
881.175,1495
881.292,1462
881.409,1465
881.526,1481
881.643,1467
881.76,1477
881.877,1508
881.994,1504
882.111,1518
882.228,1497
882.345,1513
882.462,1489
882.579,1462
882.696,1480
882.812,1475
882.929,1517
883.046,1514
883.163,1465
883.28,1478
883.397,1541
883.514,1498
883.631,1524
883.748,1480
883.865,1521
883.982,1486
884.098,1488
884.215,1518
884.332,1540
884.449,1506
884.566,1516
884.683,1522
884.8,1512
884.916,1557
885.033,1594
885.15,1615
885.267,1629
885.384,1627
885.501,1629
885.617,1656
885.734,1688
885.851,1659
885.968,1672
886.085,1714
886.202,1683
886.318,1631
886.435,1727
886.552,1636
886.669,1635
886.786,1643
886.902,1701
887.019,1621
887.136,1616
887.253,1598
887.369,1627
887.486,1590
887.603,1587
887.72,1541
887.837,1539
887.953,1505
888.07,1490
888.187,1498
888.304,1471
888.42,1489
888.537,1476
888.654,1488
888.77,1430
888.887,1476
889.004,1443
889.121,1483
889.237,1436
889.354,1437
889.471,1457
889.587,1444
889.704,1480
889.821,1405
889.938,1429
890.054,1406
890.171,1396
890.288,1426
890.404,1430
890.521,1421
890.638,1419
890.754,1406
890.871,1470
890.988,1427
891.104,1462
891.221,1427
891.337,1456
891.454,1450
891.571,1446
891.687,1411
891.804,1488
891.921,1418
892.037,1421
892.154,1469
892.27,1458
892.387,1429
892.504,1412
892.62,1462
892.737,1427
892.854,1471
892.97,1431
893.087,1436
893.203,1458
893.32,1500
893.436,1419
893.553,1484
893.67,1458
893.786,1482
893.903,1454
894.019,1434
894.136,1463
894.252,1449
894.369,1505
894.485,1475
894.602,1457
894.718,1474
894.835,1494
894.951,1445
895.068,1445
895.184,1458
895.301,1465
895.417,1447
895.534,1474
895.65,1416
895.767,1441
895.883,1480
896.0,1500
896.116,1460
896.233,1498
896.349,1446
896.466,1486
896.582,1443
896.699,1463
896.815,1467
896.932,1476
897.048,1467
897.165,1489
897.281,1456
897.397,1468
897.514,1453
897.63,1478
897.747,1470
897.863,1497
897.979,1491
898.096,1490
898.212,1516
898.329,1484
898.445,1486
898.561,1483
898.678,1491
898.794,1506
898.911,1510
899.027,1485
899.143,1475
899.26,1511
899.376,1528
899.492,1543
899.609,1494
899.725,1516
899.842,1460
899.958,1472
900.074,1511
900.191,1508
900.307,1507
900.423,1482
900.539,1522
900.656,1469
900.772,1547
900.888,1512
901.005,1463
901.121,1498
901.237,1511
901.354,1539
901.47,1548
901.586,1554
901.703,1562
901.819,1549
901.935,1525
902.051,1594
902.168,1568
902.284,1621
902.4,1563
902.516,1636
902.633,1604
902.749,1637
902.865,1641
902.981,1586
903.098,1631
903.214,1636
903.33,1616
903.446,1595
903.562,1652
903.679,1661
903.795,1648
903.911,1613
904.027,1597
904.143,1600
904.26,1586
904.376,1587
904.492,1582
904.608,1580
904.724,1546
904.841,1565
904.957,1531
905.073,1508
905.189,1542
905.305,1493
905.421,1522
905.538,1499
905.654,1541
905.77,1475
905.886,1489
906.002,1514
906.118,1486
906.234,1507
906.35,1463
906.466,1473
906.583,1468
906.699,1434
906.815,1456
906.931,1443
907.047,1447
907.163,1450
907.279,1448
907.395,1448
907.511,1466
907.627,1489
907.743,1430
907.859,1476
907.976,1466
908.092,1438
908.208,1408
908.324,1447
908.44,1429
908.556,1463
908.672,1418
908.788,1430
908.904,1468
909.02,1479
909.136,1456
909.252,1480
909.368,1412
909.484,1446
909.6,1429
909.716,1464
909.832,1461
909.948,1461
910.064,1457
910.18,1477
910.296,1446
910.412,1465
910.528,1458
910.644,1467
910.76,1444
910.875,1467
910.991,1448
911.107,1454
911.223,1441
911.339,1436
911.455,1418
911.571,1447
911.687,1481
911.803,1479
911.919,1390
912.035,1421
912.151,1475
912.267,1418
912.382,1483
912.498,1427
912.614,1416
912.73,1445
912.846,1463
792.446,4276
792.565,4129
792.684,4023
792.803,3884
792.922,3756
793.041,3683
793.16,3600
793.279,3509
793.398,3490
793.518,3395
793.637,3360
793.756,3275
793.875,3242
793.994,3155
794.113,3103
794.232,3029
794.351,3087
794.47,2928
794.589,2953
794.708,2878
794.827,2807
794.946,2779
795.066,2748
795.185,2704
795.304,2711
795.423,2695
795.542,2609
795.661,2616
795.78,2616
795.899,2543
796.018,2501
796.137,2461
796.256,2409
796.375,2467
796.494,2419
796.613,2326
796.732,2358
796.851,2346
796.97,2253
797.089,2285
797.208,2308
797.327,2241
797.446,2247
797.565,2193
797.684,2176
797.803,2212
797.922,2220
798.041,2100
798.16,2194
798.279,2184
798.398,2123
798.517,2163
798.636,2145
798.755,2147
798.874,2100
798.993,2137
799.112,2126
799.231,2040
799.35,2058
799.469,2050
799.588,2105
799.707,2021
799.826,2018
799.945,1979
800.064,2012
800.183,2022
800.302,1991
800.421,1995
800.54,2009
800.659,2020
800.778,1964
800.897,1952
801.016,1955
801.135,1939
801.254,1910
801.373,2006
801.492,1981
801.611,1905
801.729,1908
801.848,1870
801.967,1917
802.086,1921
802.205,1921
802.324,1928
802.443,1898
802.562,1879
802.681,1874
802.8,1832
802.919,1895
803.038,1854
803.157,1858
803.276,1827
803.394,1810
803.513,1837
803.632,1805
803.751,1844
803.87,1808
803.989,1739
804.108,1802
804.227,1784
804.346,1754
804.465,1836
804.583,1772
804.702,1774
804.821,1771
804.94,1723
805.059,1809
805.178,1800
805.297,1813
805.416,1747
805.535,1783
805.653,1758
805.772,1765
805.891,1732
806.01,1844
806.129,1782
806.248,1773
806.367,1744
806.485,1714
806.604,1759
806.723,1719
806.842,1728
806.961,1768
807.08,1695
807.198,1715
807.317,1746
807.436,1719
807.555,1751
807.674,1727
807.793,1714
807.912,1742
808.03,1765
808.149,1718
808.268,1685
808.387,1712
808.506,1685
808.624,1668
808.743,1699
808.862,1678
808.981,1663
809.1,1663
809.219,1698
809.337,1674
809.456,1671
809.575,1669
809.694,1677
809.812,1679
809.931,1708
810.05,1695
810.169,1695
810.288,1602
810.406,1634
810.525,1671
810.644,1649
810.763,1650
810.882,1663
811.0,1685
811.119,1656
811.238,1648
811.357,1640
811.475,1718
811.594,1657
811.713,1678
811.832,1695
811.95,1692
812.069,1684
812.188,1649
812.307,1656
812.425,1668
812.544,1678
812.663,1651
812.782,1634
812.9,1669
813.019,1671
813.138,1705
813.257,1668
813.375,1661
813.494,1708
813.613,1639
813.731,1664
813.85,1649
813.969,1629
814.088,1631
814.206,1658
814.325,1664
814.444,1608
814.562,1658
814.681,1648
814.8,1671
814.918,1693
815.037,1662
815.156,1627
815.274,1647
815.393,1665
815.512,1634
815.631,1650
815.749,1620
815.868,1651
815.987,1693
816.105,1589
816.224,1644
816.343,1629
816.461,1600
816.58,1592
816.698,1668
816.817,1675
816.936,1667
817.055,1656
817.173,1658
817.292,1672
817.41,1645
817.529,1638
817.648,1650
817.766,1633
817.885,1651
818.004,1604
818.122,1660
818.241,1654
818.359,1583
818.478,1647
818.597,1667
818.715,1616
818.834,1584
818.953,1609
819.071,1622
819.19,1604
819.308,1585
819.427,1607
819.546,1601
819.664,1575
819.783,1610
819.901,1586
820.02,1589
820.138,1549
820.257,1589
820.376,1541
820.494,1574
820.613,1624
820.731,1578
820.85,1586
820.969,1547
821.087,1576
821.206,1575
821.324,1527
821.443,1549
821.561,1546
821.68,1495
821.798,1551
821.917,1564
822.035,1570
822.154,1578
822.273,1540
822.391,1602
822.51,1553
822.628,1589
822.747,1509
822.865,1528
822.984,1514
823.102,1521
823.221,1501
823.339,1575
823.458,1540
823.576,1488
823.695,1520
823.813,1537
823.932,1519
824.05,1522
824.169,1526
824.287,1495
824.406,1545
824.524,1469
824.643,1511
824.761,1555
824.88,1556
824.998,1550
825.117,1504
825.235,1534
825.354,1507
825.472,1521
825.591,1503
825.709,1552
825.828,1520
825.946,1560
826.064,1542
826.183,1521
826.301,1478
826.42,1491
826.538,1484
826.657,1512
826.775,1507
826.894,1489
827.012,1507
827.13,1476
827.249,1533
827.367,1564
827.486,1568
827.604,1564
827.723,1516
827.841,1472
827.959,1468
828.078,1515
828.196,1497
828.315,1531
828.433,1522
828.552,1476
828.67,1537
828.788,1520
828.907,1501
829.025,1487
829.143,1487
829.262,1512
829.38,1472
829.499,1524
829.617,1483
829.735,1518
829.854,1462
829.972,1513
830.091,1474
830.209,1474
830.327,1530
830.446,1496
830.564,1463
830.682,1486
830.801,1452
830.919,1466
831.037,1488
831.156,1525
831.274,1496
831.392,1482
831.511,1476
831.629,1489
831.747,1527
831.866,1508
831.984,1487
832.102,1505
832.221,1493
832.339,1507
832.457,1460
832.576,1497
832.694,1503
832.812,1502
832.93,1503
833.049,1488
833.167,1507
833.285,1477
833.404,1530
833.522,1499
833.64,1496
833.759,1503
833.877,1480
833.995,1524
834.113,1483
834.232,1481
834.35,1486
834.468,1533
834.586,1486
834.705,1501
834.823,1498
834.941,1520
835.059,1521
835.178,1491
835.296,1497
835.414,1488
835.532,1489
835.651,1496
835.769,1482
835.887,1501
836.005,1495
836.124,1467
836.242,1460
836.36,1493
836.478,1431
836.596,1489
836.715,1454
836.833,1463
836.951,1466
837.069,1500
837.188,1461
837.306,1472
837.424,1455
837.542,1488
837.66,1473
837.779,1436
837.897,1510
838.015,1505
838.133,1470
838.251,1473
838.369,1489
838.487,1470
838.606,1503
838.724,1470
838.842,1483
838.96,1461
839.078,1485
839.196,1487
839.315,1464
839.433,1490
839.551,1504
839.669,1475
839.787,1492
839.905,1529
840.023,1552
840.142,1539
840.26,1559
840.378,1548
840.496,1547
840.614,1503
840.732,1483
840.85,1479
840.968,1494
841.087,1522
841.205,1544
841.323,1534
841.441,1588
841.559,1547
841.677,1488
841.795,1533
841.913,1585
842.031,1490
842.149,1576
842.267,1562
842.385,1546
842.504,1539
842.622,1503
842.74,1518
842.858,1524
842.976,1555
843.094,1535
843.212,1558
843.33,1520
843.448,1552
843.566,1540
843.684,1581
843.802,1542
843.92,1533
844.038,1546
844.156,1587
844.274,1544
844.392,1575
844.51,1550
844.628,1558
844.746,1540
844.864,1549
844.982,1546
845.1,1590
845.218,1558
845.336,1559
845.454,1575
845.572,1579
845.69,1532
845.808,1491
845.926,1553
846.044,1536
846.162,1500
846.28,1540
846.398,1507
846.516,1527
846.634,1545
846.752,1561
846.87,1536
846.988,1575
847.106,1542
847.224,1536
847.342,1603
847.46,1593
847.578,1598
847.696,1605
847.814,1601
847.932,1531
848.05,1586
848.168,1567
848.285,1566
848.403,1615
848.521,1566
848.639,1578
848.757,1580
848.875,1592
848.993,1593
849.111,1618
849.229,1600
849.347,1580
849.465,1607
849.582,1588
849.7,1549
849.818,1580
849.936,1547
850.054,1621
850.172,1555
850.29,1552
850.408,1543
850.525,1545
850.643,1559
850.761,1538
850.879,1506
850.997,1578
851.115,1508
851.233,1540
851.35,1516
851.468,1567
851.586,1540
851.704,1568
851.822,1592
851.94,1568
852.057,1548
852.175,1572
852.293,1605
852.411,1711
852.529,1763
852.647,1760
852.764,1727
852.882,1717
853.0,1643
853.118,1579
853.236,1572
853.353,1542
853.471,1606
853.589,1543
853.707,1542
853.824,1530
853.942,1550
854.06,1568
854.178,1569
854.296,1515
854.413,1599
854.531,1575
854.649,1591
854.767,1579
854.884,1551
855.002,1565
855.12,1520
855.238,1579
855.355,1518
855.473,1583
855.591,1530
855.708,1542
855.826,1534
855.944,1543
856.062,1535
856.179,1495
856.297,1560
856.415,1558
856.532,1518
856.65,1519
856.768,1556
856.886,1534
857.003,1549
857.121,1545
857.239,1518
857.356,1558
857.474,1537
857.592,1566
857.709,1560
857.827,1514
857.945,1573
858.062,1564
858.18,1514
858.298,1556
858.415,1569
858.533,1506
858.651,1558
858.768,1585
858.886,1481
859.003,1552
859.121,1537
859.239,1490
859.356,1523
859.474,1559
859.592,1554
859.709,1533
859.827,1501
859.944,1499
860.062,1522
860.18,1513
860.297,1555
860.415,1553
860.532,1508
860.65,1520
860.768,1528
860.885,1524
861.003,1511
861.12,1549
861.238,1542
861.356,1540
861.473,1529
861.591,1542
861.708,1541
861.826,1530
861.943,1526
862.061,1517
862.178,1511
862.296,1526
862.414,1486
862.531,1447
862.649,1463
862.766,1475
862.884,1500
863.001,1474
863.119,1525
863.236,1466
863.354,1483
863.471,1497
863.589,1524
863.706,1502
863.824,1504
863.941,1519
864.059,1553
864.176,1533
864.294,1545
864.411,1534
864.529,1524
864.646,1541
864.764,1519
864.881,1551
864.999,1491
865.116,1512
865.233,1464
865.351,1534
865.468,1518
865.586,1514
865.703,1509
865.821,1514
865.938,1544
866.056,1457
866.173,1557
866.29,1523
866.408,1468
866.525,1528
866.643,1535
866.76,1493
866.878,1473
866.995,1526
867.112,1564
867.23,1534
867.347,1540
867.465,1540
867.582,1553
867.699,1600
867.817,1565
867.934,1574
868.051,1565
868.169,1553
868.286,1530
868.404,1531
868.521,1534
868.638,1563
868.756,1539
868.873,1533
868.99,1520
869.108,1547
869.225,1572
869.342,1565
869.46,1518
869.577,1569
869.694,1601
869.812,1593
869.929,1646
870.046,1587
870.164,1604
870.281,1580
870.398,1579
870.516,1579
870.633,1611
870.75,1591
870.867,1576
870.985,1568
871.102,1562
871.219,1638
871.337,1548
871.454,1592
871.571,1611
871.688,1625
871.806,1633
871.923,1566
872.04,1562
872.157,1616
872.275,1556
872.392,1556
872.509,1586
872.626,1605
872.744,1564
872.861,1558
872.978,1586
873.095,1581
873.213,1616
873.33,1566
873.447,1572
873.564,1576
873.681,1530
873.799,1530
873.916,1617
874.033,1615
874.15,1627
874.267,1569
874.385,1629
874.502,1589
874.619,1590
874.736,1634
874.853,1618
874.97,1524
875.088,1547
875.205,1593
875.322,1605
875.439,1640
875.556,1614
875.673,1622
875.791,1569
875.908,1558
876.025,1623
876.142,1629
876.259,1624
876.376,1571
876.493,1630
876.61,1582
876.728,1617
876.845,1589
876.962,1617
877.079,1624
877.196,1593
877.313,1629
877.43,1591
877.547,1656
877.664,1590
877.781,1605
877.898,1633
878.016,1601
878.133,1595
878.25,1606
878.367,1565
878.484,1586
878.601,1550
878.718,1566
878.835,1526
878.952,1515
879.069,1577
879.186,1527
879.303,1519
879.42,1549
879.537,1506
879.654,1477
879.771,1494
879.888,1518
880.005,1528
880.122,1530
880.239,1520
880.356,1482
880.473,1454
880.59,1467
880.707,1448
880.824,1518
880.941,1468
881.058,1447
881.175,1467
881.292,1525
881.409,1471
881.526,1502
881.643,1509
881.76,1499
881.877,1530
881.994,1481
882.111,1492
882.228,1513
882.345,1481
882.462,1492
882.579,1491
882.696,1484
882.812,1530
882.929,1512
883.046,1524
883.163,1504
883.28,1499
883.397,1505
883.514,1511
883.631,1467
883.748,1530
883.865,1538
883.982,1515
884.098,1538
884.215,1522
884.332,1516
884.449,1500
884.566,1544
884.683,1591
884.8,1559
884.916,1539
885.033,1619
885.15,1556
885.267,1619
885.384,1635
885.501,1696
885.617,1703
885.734,1662
885.851,1744
885.968,1696
886.085,1662
886.202,1681
886.318,1681
886.435,1700
886.552,1663
886.669,1657
886.786,1680
886.902,1679
887.019,1667
887.136,1663
887.253,1644
887.369,1590
887.486,1612
887.603,1571
887.72,1570
887.837,1549
887.953,1559
888.07,1523
888.187,1526
888.304,1500
888.42,1524
888.537,1488
888.654,1485
888.77,1485
888.887,1489
889.004,1452
889.121,1444
889.237,1430
889.354,1404
889.471,1486
889.587,1430
889.704,1442
889.821,1441
889.938,1433
890.054,1423
890.171,1433
890.288,1435
890.404,1431
890.521,1416
890.638,1434
890.754,1457
890.871,1456
890.988,1447
891.104,1425
891.221,1429
891.337,1399
891.454,1484
891.571,1450
891.687,1456
891.804,1453
891.921,1440
892.037,1455
892.154,1392
892.27,1455
892.387,1434
892.504,1431
892.62,1443
892.737,1418
892.854,1460
892.97,1447
893.087,1524
893.203,1477
893.32,1443
893.436,1473
893.553,1422
893.67,1499
893.786,1459
893.903,1483
894.019,1437
894.136,1497
894.252,1464
894.369,1457
894.485,1474
894.602,1478
894.718,1447
894.835,1436
894.951,1479
895.068,1456
895.184,1504
895.301,1480
895.417,1451
895.534,1427
895.65,1487
895.767,1459
895.883,1463
896.0,1440
896.116,1438
896.233,1445
896.349,1492
896.466,1472
896.582,1486
896.699,1458
896.815,1498
896.932,1506
897.048,1479
897.165,1493
897.281,1503
897.397,1479
897.514,1501
897.63,1476
897.747,1493
897.863,1474
897.979,1490
898.096,1508
898.212,1506
898.329,1486
898.445,1535
898.561,1472
898.678,1527
898.794,1508
898.911,1502
899.027,1526
899.143,1511
899.26,1570
899.376,1579
899.492,1526
899.609,1514
899.725,1531
899.842,1535
899.958,1498
900.074,1498
900.191,1489
900.307,1495
900.423,1517
900.539,1517
900.656,1505
900.772,1506
900.888,1480
901.005,1522
901.121,1493
901.237,1519
901.354,1514
901.47,1559
901.586,1516
901.703,1549
901.819,1554
901.935,1556
902.051,1562
902.168,1583
902.284,1620
902.4,1616
902.516,1611
902.633,1619
902.749,1649
902.865,1587
902.981,1624
903.098,1629
903.214,1626
903.33,1658
903.446,1603
903.562,1613
903.679,1619
903.795,1606
903.911,1590
904.027,1584
904.143,1639
904.26,1590
904.376,1573
904.492,1586
904.608,1559
904.724,1577
904.841,1552
904.957,1554
905.073,1538
905.189,1566
905.305,1572
905.421,1492
905.538,1498
905.654,1502
905.77,1502
905.886,1513
906.002,1517
906.118,1529
906.234,1499
906.35,1501
906.466,1478
906.583,1472
906.699,1497
906.815,1473
906.931,1476
907.047,1487
907.163,1524
907.279,1473
907.395,1486
907.511,1402
907.627,1450
907.743,1466
907.859,1473
907.976,1447
908.092,1465
908.208,1428
908.324,1432
908.44,1455
908.556,1453
908.672,1479
908.788,1459
908.904,1469
909.02,1448
909.136,1479
909.252,1464
909.368,1472
909.484,1442
909.6,1486
909.716,1442
909.832,1475
909.948,1440
910.064,1510
910.18,1459
910.296,1473
910.412,1477
910.528,1476
910.644,1451
910.76,1456
910.875,1460
910.991,1433
911.107,1462
911.223,1444
911.339,1460
911.455,1471
911.571,1458
911.687,1474
911.803,1427
911.919,1413
912.035,1464
912.151,1466
912.267,1473
912.382,1440
912.498,1441
912.614,1459
912.73,1439
912.846,1483
