792.446,6638
792.565,6454
792.684,6245
792.803,6097
792.922,5855
793.041,5771
793.16,5661
793.279,5440
793.398,5432
793.518,5191
793.637,5069
793.756,5085
793.875,4891
793.994,4782
794.113,4602
794.232,4542
794.351,4502
794.47,4408
794.589,4363
794.708,4226
794.827,4188
794.946,4088
795.066,4004
795.185,3908
795.304,3908
795.423,3828
795.542,3754
795.661,3781
795.78,3607
795.899,3642
796.018,3565
796.137,3492
796.256,3391
796.375,3342
796.494,3351
796.613,3228
796.732,3155
796.851,3210
796.97,3141
797.089,3133
797.208,3087
797.327,3045
797.446,3043
797.565,2930
797.684,2966
797.803,2882
797.922,2897
798.041,2844
798.16,2884
798.279,2854
798.398,2800
798.517,2829
798.636,2798
798.755,2737
798.874,2774
798.993,2715
799.112,2697
799.231,2746
799.35,2650
799.469,2673
799.588,2712
799.707,2647
799.826,2617
799.945,2641
800.064,2544
800.183,2581
800.302,2599
800.421,2579
800.54,2530
800.659,2480
800.778,2481
800.897,2450
801.016,2457
801.135,2460
801.254,2432
801.373,2385
801.492,2378
801.611,2404
801.729,2380
801.848,2336
801.967,2349
802.086,2317
802.205,2333
802.324,2307
802.443,2363
802.562,2323
802.681,2300
802.8,2298
802.919,2317
803.038,2272
803.157,2320
803.276,2225
803.394,2232
803.513,2255
803.632,2207
803.751,2200
803.87,2194
803.989,2119
804.108,2217
804.227,2156
804.346,2221
804.465,2138
804.583,2129
804.702,2161
804.821,2153
804.94,2111
805.059,2093
805.178,2159
805.297,2093
805.416,2161
805.535,2133
805.653,2137
805.772,2147
805.891,2123
806.01,2076
806.129,2124
806.248,2102
806.367,2122
806.485,2116
806.604,2140
806.723,2110
806.842,2106
806.961,2029
807.08,2024
807.198,2061
807.317,2033
807.436,2047
807.555,2043
807.674,2048
807.793,2022
807.912,1971
808.03,2006
808.149,2008
808.268,1981
808.387,2016
808.506,1996
808.624,1928
808.743,1954
808.862,2015
808.981,1964
809.1,1971
809.219,1985
809.337,1936
809.456,1947
809.575,1942
809.694,1978
809.812,1974
809.931,1944
810.05,1890
810.169,1926
810.288,1932
810.406,1920
810.525,1917
810.644,1911
810.763,1944
810.882,1928
811.0,1949
811.119,1939
811.238,1910
811.357,1931
811.475,1948
811.594,1918
811.713,1948
811.832,1970
811.95,1921
812.069,1966
812.188,1941
812.307,1978
812.425,1947
812.544,1884
812.663,1958
812.782,1928
812.9,1917
813.019,1940
813.138,1914
813.257,1901
813.375,1939
813.494,1880
813.613,1886
813.731,1915
813.85,1904
813.969,1859
814.088,1937
814.206,1926
814.325,1867
814.444,1873
814.562,1903
814.681,1918
814.8,1893
814.918,1885
815.037,1908
815.156,1893
815.274,1898
815.393,1962
815.512,1904
815.631,1887
815.749,1915
815.868,1876
815.987,1896
816.105,1904
816.224,1951
816.343,1834
816.461,1848
816.58,1941
816.698,1908
816.817,1941
816.936,1987
817.055,1914
817.173,1888
817.292,1888
817.41,1946
817.529,1955
817.648,1968
817.766,1951
817.885,1948
818.004,1918
818.122,1955
818.241,1972
818.359,1983
818.478,1972
818.597,1923
818.715,1937
818.834,1908
818.953,1906
819.071,1925
819.19,1892
819.308,1897
819.427,1865
819.546,1906
819.664,1901
819.783,1821
819.901,1880
820.02,1881
820.138,1878
820.257,1851
820.376,1883
820.494,1870
820.613,1859
820.731,1886
820.85,1840
820.969,1830
821.087,1883
821.206,1862
821.324,1874
821.443,1796
821.561,1839
821.68,1856
821.798,1826
821.917,1838
822.035,1844
822.154,1829
822.273,1792
822.391,1793
822.51,1803
822.628,1791
822.747,1803
822.865,1780
822.984,1765
823.102,1790
823.221,1776
823.339,1768
823.458,1809
823.576,1748
823.695,1771
823.813,1780
823.932,1741
824.05,1768
824.169,1778
824.287,1745
824.406,1769
824.524,1785
824.643,1808
824.761,1737
824.88,1787
824.998,1770
825.117,1797
825.235,1763
825.354,1784
825.472,1682
825.591,1816
825.709,1848
825.828,1815
825.946,1783
826.064,1820
826.183,1830
826.301,1802
826.42,1725
826.538,1736
826.657,1728
826.775,1745
826.894,1786
827.012,1793
827.13,1786
827.249,1807
827.367,1792
827.486,1798
827.604,1780
827.723,1781
827.841,1762
827.959,1774
828.078,1753
828.196,1750
828.315,1733
828.433,1706
828.552,1776
828.67,1793
828.788,1735
828.907,1720
829.025,1766
829.143,1745
829.262,1736
829.38,1709
829.499,1717
829.617,1727
829.735,1702
829.854,1732
829.972,1766
830.091,1740
830.209,1778
830.327,1700
830.446,1685
830.564,1756
830.682,1722
830.801,1724
830.919,1755
831.037,1707
831.156,1736
831.274,1764
831.392,1751
831.511,1809
831.629,1773
831.747,1764
831.866,1752
831.984,1742
832.102,1736
832.221,1757
832.339,1771
832.457,1755
832.576,1746
832.694,1740
832.812,1735
832.93,1748
833.049,1762
833.167,1751
833.285,1740
833.404,1759
833.522,1786
833.64,1739
833.759,1789
833.877,1711
833.995,1762
834.113,1782
834.232,1805
834.35,1811
834.468,1802
834.586,1740
834.705,1821
834.823,1775
834.941,1812
835.059,1827
835.178,1797
835.296,1766
835.414,1768
835.532,1815
835.651,1779
835.769,1776
835.887,1727
836.005,1748
836.124,1738
836.242,1702
836.36,1697
836.478,1733
836.596,1656
836.715,1723
836.833,1689
836.951,1733
837.069,1698
837.188,1716
837.306,1691
837.424,1675
837.542,1696
837.66,1705
837.779,1730
837.897,1715
838.015,1691
838.133,1712
838.251,1646
838.369,1714
838.487,1737
838.606,1710
838.724,1714
838.842,1735
838.96,1716
839.078,1693
839.196,1741
839.315,1778
839.433,1741
839.551,1791
839.669,1786
839.787,1810
839.905,1799
840.023,1815
840.142,1797
840.26,1871
840.378,1814
840.496,1891
840.614,1796
840.732,1825
840.85,1856
840.968,1858
841.087,1825
841.205,1842
841.323,1855
841.441,1834
841.559,1894
841.677,1919
841.795,1888
841.913,1891
842.031,1908
842.149,1951
842.267,1863
842.385,1877
842.504,1812
842.622,1864
842.74,1883
842.858,1897
842.976,1827
843.094,1815
843.212,1862
843.33,1863
843.448,1873
843.566,1858
843.684,1844
843.802,1943
843.92,1871
844.038,1895
844.156,1918
844.274,1889
844.392,1849
844.51,1880
844.628,1944
844.746,1942
844.864,1877
844.982,1883
845.1,1935
845.218,1974
845.336,1903
845.454,1962
845.572,1909
845.69,1888
845.808,1867
845.926,1901
846.044,1898
846.162,1876
846.28,1868
846.398,1877
846.516,1920
846.634,1934
846.752,1923
846.87,1919
846.988,1950
847.106,1936
847.224,1930
847.342,1930
847.46,1986
847.578,1956
847.696,1964
847.814,1947
847.932,2020
848.05,2007
848.168,1967
848.285,1999
848.403,1957
848.521,1983
848.639,1968
848.757,2000
848.875,1982
848.993,1980
849.111,2007
849.229,1940
849.347,1931
849.465,1955
849.582,1968
849.7,1978
849.818,1937
849.936,1953
850.054,1898
850.172,1888
850.29,1947
850.408,1904
850.525,1862
850.643,1896
850.761,1870
850.879,1871
850.997,1888
851.115,1864
851.233,1827
851.35,1874
851.468,1844
851.586,1863
851.704,1884
851.822,1926
851.94,1867
852.057,1964
852.175,1948
852.293,2053
852.411,2178
852.529,2245
852.647,2328
852.764,2297
852.882,2214
853.0,2072
853.118,2008
853.236,1967
853.353,1909
853.471,1887
853.589,1884
853.707,1854
853.824,1830
853.942,1855
854.06,1827
854.178,1896
854.296,1900
854.413,1923
854.531,1939
854.649,1961
854.767,1914
854.884,1975
855.002,1879
855.12,1883
855.238,1889
855.355,1867
855.473,1851
855.591,1859
855.708,1848
855.826,1935
855.944,1821
856.062,1850
856.179,1846
856.297,1869
856.415,1857
856.532,1875
856.65,1862
856.768,1875
856.886,1890
857.003,1870
857.121,1921
857.239,1821
857.356,1869
857.474,1896
857.592,1875
857.709,1860
857.827,1851
857.945,1853
858.062,1810
858.18,1832
858.298,1858
858.415,1852
858.533,1881
858.651,1859
858.768,1873
858.886,1850
859.003,1839
859.121,1848
859.239,1838
859.356,1814
859.474,1857
859.592,1887
859.709,1868
859.827,1886
859.944,1857
860.062,1883
860.18,1833
860.297,1841
860.415,1850
860.532,1842
860.65,1849
860.768,1850
860.885,1848
861.003,1789
861.12,1832
861.238,1832
861.356,1883
861.473,1880
861.591,1908
861.708,1871
861.826,1878
861.943,1806
862.061,1824
862.178,1788
862.296,1754
862.414,1802
862.531,1742
862.649,1775
862.766,1713
862.884,1739
863.001,1730
863.119,1717
863.236,1784
863.354,1797
863.471,1805
863.589,1827
863.706,1822
863.824,1844
863.941,1866
864.059,1868
864.176,1831
864.294,1801
864.411,1798
864.529,1804
864.646,1814
864.764,1782
864.881,1781
864.999,1787
865.116,1822
865.233,1867
865.351,1807
865.468,1821
865.586,1819
865.703,1767
865.821,1827
865.938,1791
866.056,1811
866.173,1749
866.29,1807
866.408,1825
866.525,1813
866.643,1836
866.76,1819
866.878,1801
866.995,1791
867.112,1813
867.23,1840
867.347,1813
867.465,1855
867.582,1942
867.699,1882
867.817,1938
867.934,1828
868.051,1890
868.169,1885
868.286,1849
868.404,1854
868.521,1879
868.638,1858
868.756,1833
868.873,1866
868.99,1882
869.108,1835
869.225,1881
869.342,1874
869.46,1911
869.577,1830
869.694,1900
869.812,1947
869.929,1876
870.046,1933
870.164,1935
870.281,1943
870.398,1919
870.516,1935
870.633,1977
870.75,1921
870.867,1904
870.985,1983
871.102,1938
871.219,1980
871.337,1951
871.454,1940
871.571,1958
871.688,1943
871.806,1927
871.923,1930
872.04,1949
872.157,1947
872.275,1934
872.392,1922
872.509,1903
872.626,1880
872.744,1980
872.861,1928
872.978,1889
873.095,1964
873.213,1881
873.33,1891
873.447,1935
873.564,1914
873.681,1880
873.799,1883
873.916,1858
874.033,1909
874.15,1873
874.267,1889
874.385,1940
874.502,1909
874.619,1901
874.736,1906
874.853,1933
874.97,1933
875.088,1874
875.205,1963
875.322,1952
875.439,1908
875.556,1993
875.673,1927
875.791,1989
875.908,1965
876.025,1992
876.142,1971
876.259,1927
876.376,1996
876.493,1978
876.61,1950
876.728,1988
876.845,1967
876.962,1950
877.079,1993
877.196,2026
877.313,2037
877.43,1981
877.547,2059
877.664,1985
877.781,1966
877.898,1990
878.016,1956
878.133,1950
878.25,1972
878.367,1930
878.484,1886
878.601,1853
878.718,1874
878.835,1864
878.952,1872
879.069,1830
879.186,1809
879.303,1804
879.42,1805
879.537,1811
879.654,1732
879.771,1749
879.888,1772
880.005,1797
880.122,1713
880.239,1706
880.356,1720
880.473,1699
880.59,1698
880.707,1697
880.824,1694
880.941,1629
881.058,1682
881.175,1728
881.292,1712
881.409,1707
881.526,1717
881.643,1699
881.76,1662
881.877,1706
881.994,1730
882.111,1713
882.228,1746
882.345,1747
882.462,1718
882.579,1723
882.696,1751
882.812,1783
882.929,1732
883.046,1697
883.163,1716
883.28,1748
883.397,1729
883.514,1732
883.631,1719
883.748,1750
883.865,1733
883.982,1752
884.098,1742
884.215,1742
884.332,1785
884.449,1759
884.566,1830
884.683,1757
884.8,1792
884.916,1826
885.033,1924
885.15,1907
885.267,1930
885.384,1951
885.501,1954
885.617,2053
885.734,2055
885.851,2083
885.968,2110
886.085,2122
886.202,2073
886.318,2106
886.435,2073
886.552,2060
886.669,2004
886.786,2043
886.902,1992
887.019,2024
887.136,1964
887.253,1996
887.369,1896
887.486,1884
887.603,1908
887.72,1818
887.837,1833
887.953,1781
888.07,1750
888.187,1727
888.304,1709
888.42,1724
888.537,1658
888.654,1640
888.77,1690
888.887,1565
889.004,1604
889.121,1622
889.237,1566
889.354,1604
889.471,1609
889.587,1596
889.704,1562
889.821,1547
889.938,1584
890.054,1561
890.171,1549
890.288,1589
890.404,1550
890.521,1542
890.638,1582
890.754,1583
890.871,1590
890.988,1623
891.104,1623
891.221,1594
891.337,1585
891.454,1606
891.571,1632
891.687,1594
891.804,1615
891.921,1561
892.037,1584
892.154,1649
892.27,1636
892.387,1591
892.504,1579
892.62,1595
892.737,1589
892.854,1579
892.97,1538
893.087,1569
893.203,1545
893.32,1581
893.436,1539
893.553,1611
893.67,1581
893.786,1625
893.903,1577
894.019,1626
894.136,1596
894.252,1591
894.369,1586
894.485,1615
894.602,1606
894.718,1650
894.835,1603
894.951,1591
895.068,1573
895.184,1562
895.301,1599
895.417,1608
895.534,1550
895.65,1584
895.767,1596
895.883,1549
896.0,1564
896.116,1582
896.233,1592
896.349,1593
896.466,1635
896.582,1606
896.699,1614
896.815,1657
896.932,1637
897.048,1569
897.165,1629
897.281,1610
897.397,1591
897.514,1610
897.63,1631
897.747,1638
897.863,1618
897.979,1615
898.096,1663
898.212,1651
898.329,1678
898.445,1652
898.561,1691
898.678,1662
898.794,1653
898.911,1621
899.027,1641
899.143,1691
899.26,1633
899.376,1620
899.492,1678
899.609,1645
899.725,1667
899.842,1634
899.958,1661
900.074,1706
900.191,1625
900.307,1628
900.423,1677
900.539,1673
900.656,1676
900.772,1635
900.888,1651
901.005,1728
901.121,1641
901.237,1748
901.354,1700
901.47,1719
901.586,1727
901.703,1757
901.819,1747
901.935,1783
902.051,1784
902.168,1813
902.284,1830
902.4,1836
902.516,1876
902.633,1863
902.749,1883
902.865,1906
902.981,1934
903.098,1872
903.214,1906
903.33,1885
903.446,1917
903.562,1853
903.679,1860
903.795,1895
903.911,1843
904.027,1828
904.143,1821
904.26,1797
904.376,1788
904.492,1792
904.608,1730
904.724,1734
904.841,1718
904.957,1727
905.073,1727
905.189,1695
905.305,1678
905.421,1660
905.538,1628
905.654,1662
905.77,1617
905.886,1640
906.002,1571
906.118,1616
906.234,1554
906.35,1581
906.466,1571
906.583,1580
906.699,1563
906.815,1539
906.931,1522
907.047,1578
907.163,1533
907.279,1550
907.395,1529
907.511,1531
907.627,1546
907.743,1491
907.859,1553
907.976,1540
908.092,1524
908.208,1512
908.324,1482
908.44,1526
908.556,1498
908.672,1513
908.788,1539
908.904,1503
909.02,1516
909.136,1529
909.252,1486
909.368,1524
909.484,1537
909.6,1512
909.716,1486
909.832,1504
909.948,1459
910.064,1538
910.18,1531
910.296,1541
910.412,1474
910.528,1509
910.644,1565
910.76,1537
910.875,1532
910.991,1517
911.107,1522
911.223,1503
911.339,1513
911.455,1555
911.571,1521
911.687,1492
911.803,1466
911.919,1497
912.035,1525
912.151,1534
912.267,1530
912.382,1490
912.498,1523
912.614,1474
912.73,1541
912.846,1458
792.446,6606
792.565,6367
792.684,6198
792.803,6018
792.922,5877
793.041,5770
793.16,5683
793.279,5486
793.398,5392
793.518,5233
793.637,5062
793.756,4968
793.875,4977
793.994,4772
794.113,4629
794.232,4574
794.351,4439
794.47,4501
794.589,4291
794.708,4291
794.827,4108
794.946,4061
795.066,4038
795.185,3895
795.304,3978
795.423,3883
795.542,3864
795.661,3732
795.78,3673
795.899,3547
796.018,3523
796.137,3459
796.256,3443
796.375,3384
796.494,3357
796.613,3313
796.732,3295
796.851,3188
796.97,3163
797.089,3148
797.208,3032
797.327,3001
797.446,2976
797.565,2962
797.684,2896
797.803,2922
797.922,2856
798.041,2800
798.16,2851
798.279,2798
798.398,2807
798.517,2769
798.636,2782
798.755,2738
798.874,2761
798.993,2756
799.112,2667
799.231,2709
799.35,2710
799.469,2616
799.588,2675
799.707,2637
799.826,2659
799.945,2634
800.064,2630
800.183,2573
800.302,2584
800.421,2578
800.54,2489
800.659,2494
800.778,2489
800.897,2437
801.016,2427
801.135,2499
801.254,2470
801.373,2391
801.492,2386
801.611,2415
801.729,2354
801.848,2296
801.967,2302
802.086,2303
802.205,2333
802.324,2319
802.443,2320
802.562,2246
802.681,2293
802.8,2241
802.919,2306
803.038,2294
803.157,2244
803.276,2227
803.394,2236
803.513,2208
803.632,2176
803.751,2185
803.87,2184
803.989,2202
804.108,2149
804.227,2150
804.346,2125
804.465,2119
804.583,2170
804.702,2169
804.821,2119
804.94,2072
805.059,2094
805.178,2148
805.297,2056
805.416,2088
805.535,2129
805.653,2107
805.772,2147
805.891,2098
806.01,2124
806.129,2128
806.248,2092
806.367,2153
806.485,2060
806.604,2144
806.723,2111
806.842,2129
806.961,2050
807.08,2003
807.198,2082
807.317,2010
807.436,2006
807.555,2035
807.674,2021
807.793,2070
807.912,2024
808.03,1987
808.149,1945
808.268,1989
808.387,2011
808.506,1984
808.624,1972
808.743,1920
808.862,1974
808.981,1901
809.1,1960
809.219,1930
809.337,1971
809.456,1968
809.575,1995
809.694,1911
809.812,1948
809.931,1900
810.05,1916
810.169,1897
810.288,1852
810.406,1974
810.525,1923
810.644,1902
810.763,1932
810.882,1918
811.0,1915
811.119,1931
811.238,1957
811.357,1923
811.475,1919
811.594,1934
811.713,1960
811.832,1949
811.95,1996
812.069,1942
812.188,1959
812.307,1962
812.425,1922
812.544,1988
812.663,1975
812.782,1954
812.9,1904
813.019,1932
813.138,1886
813.257,1973
813.375,1974
813.494,1913
813.613,1929
813.731,1866
813.85,1887
813.969,1907
814.088,1905
814.206,1888
814.325,1893
814.444,1904
814.562,1903
814.681,1872
814.8,1919
814.918,1887
815.037,1915
815.156,1849
815.274,1903
815.393,1925
815.512,1888
815.631,1909
815.749,1842
815.868,1912
815.987,1876
816.105,1884
816.224,1886
816.343,1936
816.461,1912
816.58,1894
816.698,1937
816.817,1884
816.936,1945
817.055,1963
817.173,1901
817.292,1925
817.41,1936
817.529,1896
817.648,1996
817.766,1921
817.885,1959
818.004,1954
818.122,1947
818.241,1979
818.359,1974
818.478,1898
818.597,1923
818.715,1916
818.834,1893
818.953,1925
819.071,1914
819.19,1894
819.308,1888
819.427,1897
819.546,1860
819.664,1859
819.783,1901
819.901,1880
820.02,1896
820.138,1877
820.257,1887
820.376,1885
820.494,1850
820.613,1819
820.731,1843
820.85,1879
820.969,1842
821.087,1830
821.206,1875
821.324,1844
821.443,1824
821.561,1778
821.68,1798
821.798,1851
821.917,1788
822.035,1785
822.154,1828
822.273,1779
822.391,1792
822.51,1757
822.628,1787
822.747,1817
822.865,1773
822.984,1737
823.102,1736
823.221,1761
823.339,1784
823.458,1764
823.576,1790
823.695,1763
823.813,1768
823.932,1772
824.05,1774
824.169,1782
824.287,1706
824.406,1747
824.524,1753
824.643,1770
824.761,1785
824.88,1765
824.998,1702
825.117,1756
825.235,1742
825.354,1775
825.472,1719
825.591,1811
825.709,1829
825.828,1839
825.946,1821
826.064,1799
826.183,1714
826.301,1746
826.42,1741
826.538,1738
826.657,1741
826.775,1725
826.894,1715
827.012,1779
827.13,1769
827.249,1791
827.367,1837
827.486,1792
827.604,1811
827.723,1684
827.841,1764
827.959,1723
828.078,1721
828.196,1717
828.315,1771
828.433,1795
828.552,1751
828.67,1739
828.788,1812
828.907,1761
829.025,1751
829.143,1749
829.262,1772
829.38,1745
829.499,1708
829.617,1737
829.735,1766
829.854,1728
829.972,1731
830.091,1789
830.209,1715
830.327,1765
830.446,1767
830.564,1727
830.682,1717
830.801,1767
830.919,1710
831.037,1731
831.156,1752
831.274,1756
831.392,1742
831.511,1753
831.629,1732
831.747,1764
831.866,1768
831.984,1764
832.102,1715
832.221,1698
832.339,1746
832.457,1795
832.576,1739
832.694,1736
832.812,1733
832.93,1757
833.049,1732
833.167,1748
833.285,1728
833.404,1763
833.522,1727
833.64,1765
833.759,1732
833.877,1724
833.995,1777
834.113,1800
834.232,1825
834.35,1792
834.468,1785
834.586,1764
834.705,1777
834.823,1754
834.941,1802
835.059,1794
835.178,1822
835.296,1781
835.414,1826
835.532,1750
835.651,1806
835.769,1813
835.887,1734
836.005,1739
836.124,1698
836.242,1715
836.36,1658
836.478,1702
836.596,1725
836.715,1682
836.833,1686
836.951,1687
837.069,1686
837.188,1671
837.306,1722
837.424,1736
837.542,1691
837.66,1664
837.779,1679
837.897,1686
838.015,1702
838.133,1730
838.251,1683
838.369,1749
838.487,1712
838.606,1715
838.724,1724
838.842,1721
838.96,1699
839.078,1726
839.196,1741
839.315,1710
839.433,1727
839.551,1763
839.669,1784
839.787,1782
839.905,1791
840.023,1798
840.142,1855
840.26,1841
840.378,1867
840.496,1842
840.614,1837
840.732,1811
840.85,1786
840.968,1784
841.087,1872
841.205,1853
841.323,1841
841.441,1858
841.559,1869
841.677,1892
841.795,1900
841.913,1907
842.031,1897
842.149,1884
842.267,1884
842.385,1871
842.504,1862
842.622,1827
842.74,1919
842.858,1798
842.976,1878
843.094,1862
843.212,1915
843.33,1890
843.448,1895
843.566,1908
843.684,1842
843.802,1879
843.92,1902
844.038,1890
844.156,1911
844.274,1866
844.392,1895
844.51,1834
844.628,1916
844.746,1892
844.864,1915
844.982,1868
845.1,1917
845.218,1962
845.336,1911
845.454,1910
845.572,1894
845.69,1936
845.808,1898
845.926,1862
846.044,1855
846.162,1895
846.28,1897
846.398,1879
846.516,1911
846.634,1879
846.752,1892
846.87,1904
846.988,1897
847.106,1967
847.224,1966
847.342,1948
847.46,1962
847.578,1932
847.696,1962
847.814,2010
847.932,1964
848.05,1997
848.168,1973
848.285,1948
848.403,1962
848.521,1947
848.639,1942
848.757,2008
848.875,1960
848.993,1952
849.111,1987
849.229,1960
849.347,1933
849.465,1954
849.582,1967
849.7,1959
849.818,1915
849.936,1951
850.054,1892
850.172,1927
850.29,1868
850.408,1939
850.525,1891
850.643,1905
850.761,1879
850.879,1906
850.997,1893
851.115,1875
851.233,1911
851.35,1855
851.468,1876
851.586,1907
851.704,1861
851.822,1896
851.94,1918
852.057,1923
852.175,1933
852.293,2006
852.411,2133
852.529,2269
852.647,2394
852.764,2338
852.882,2200
853.0,2096
853.118,2018
853.236,1984
853.353,1907
853.471,1867
853.589,1938
853.707,1822
853.824,1838
853.942,1883
854.06,1856
854.178,1848
854.296,1867
854.413,1886
854.531,1890
854.649,1938
854.767,1995
854.884,1935
855.002,1886
855.12,1846
855.238,1913
855.355,1898
855.473,1860
855.591,1864
855.708,1830
855.826,1874
855.944,1915
856.062,1859
856.179,1823
856.297,1886
856.415,1849
856.532,1827
856.65,1818
856.768,1882
856.886,1858
857.003,1845
857.121,1869
857.239,1858
857.356,1857
857.474,1869
857.592,1912
857.709,1851
857.827,1864
857.945,1871
858.062,1821
858.18,1925
858.298,1828
858.415,1808
858.533,1854
858.651,1857
858.768,1850
858.886,1837
859.003,1844
859.121,1832
859.239,1902
859.356,1843
859.474,1839
859.592,1887
859.709,1884
859.827,1868
859.944,1887
860.062,1890
860.18,1851
860.297,1861
860.415,1880
860.532,1847
860.65,1857
860.768,1826
860.885,1838
861.003,1821
861.12,1821
861.238,1827
861.356,1867
861.473,1827
861.591,1879
861.708,1834
861.826,1820
861.943,1846
862.061,1829
862.178,1812
862.296,1751
862.414,1772
862.531,1744
862.649,1755
862.766,1748
862.884,1728
863.001,1752
863.119,1762
863.236,1801
863.354,1763
863.471,1767
863.589,1819
863.706,1848
863.824,1870
863.941,1823
864.059,1850
864.176,1809
864.294,1786
864.411,1811
864.529,1751
864.646,1787
864.764,1754
864.881,1783
864.999,1786
865.116,1832
865.233,1798
865.351,1787
865.468,1825
865.586,1803
865.703,1753
865.821,1827
865.938,1831
866.056,1803
866.173,1814
866.29,1765
866.408,1813
866.525,1845
866.643,1778
866.76,1832
866.878,1813
866.995,1822
867.112,1842
867.23,1882
867.347,1866
867.465,1883
867.582,1847
867.699,1900
867.817,1892
867.934,1846
868.051,1855
868.169,1875
868.286,1808
868.404,1862
868.521,1781
868.638,1827
868.756,1821
868.873,1872
868.99,1877
869.108,1907
869.225,1923
869.342,1870
869.46,1863
869.577,1901
869.694,1915
869.812,2002
869.929,1924
870.046,1955
870.164,1947
870.281,2007
870.398,1931
870.516,1934
870.633,1907
870.75,1910
870.867,1978
870.985,1927
871.102,1973
871.219,1970
871.337,1953
871.454,1977
871.571,1943
871.688,1970
871.806,1936
871.923,1998
872.04,1902
872.157,1903
872.275,1925
872.392,1963
872.509,1957
872.626,1924
872.744,1894
872.861,1949
872.978,1907
873.095,1949
873.213,1928
873.33,1940
873.447,1896
873.564,1904
873.681,1963
873.799,1911
873.916,1889
874.033,1888
874.15,1836
874.267,1922
874.385,1932
874.502,1927
874.619,1900
874.736,1964
874.853,1939
874.97,1924
875.088,1938
875.205,1943
875.322,1961
875.439,1943
875.556,2017
875.673,1967
875.791,2010
875.908,2003
876.025,1930
876.142,2025
876.259,1959
876.376,1938
876.493,1971
876.61,1930
876.728,1945
876.845,1955
876.962,2003
877.079,2036
877.196,1956
877.313,2008
877.43,2035
877.547,1972
877.664,1959
877.781,1971
877.898,1962
878.016,1993
878.133,1942
878.25,1941
878.367,1982
878.484,1914
878.601,1842
878.718,1899
878.835,1861
878.952,1854
879.069,1840
879.186,1795
879.303,1794
879.42,1807
879.537,1771
879.654,1787
879.771,1741
879.888,1700
880.005,1726
880.122,1692
880.239,1724
880.356,1697
880.473,1689
880.59,1702
880.707,1725
880.824,1701
880.941,1715
881.058,1675
881.175,1712
881.292,1726
881.409,1696
881.526,1762
881.643,1700
881.76,1770
881.877,1758
881.994,1774
882.111,1724
882.228,1716
882.345,1728
882.462,1709
882.579,1773
882.696,1715
882.812,1708
882.929,1748
883.046,1739
883.163,1704
883.28,1767
883.397,1723
883.514,1740
883.631,1802
883.748,1769
883.865,1738
883.982,1759
884.098,1698
884.215,1794
884.332,1763
884.449,1824
884.566,1738
884.683,1799
884.8,1811
884.916,1845
885.033,1901
885.15,1919
885.267,1945
885.384,1982
885.501,1973
885.617,2038
885.734,2073
885.851,2066
885.968,2165
886.085,2110
886.202,2135
886.318,2110
886.435,2072
886.552,2104
886.669,2059
886.786,2020
886.902,2031
887.019,2009
887.136,1948
887.253,1931
887.369,1996
887.486,1921
887.603,1895
887.72,1806
887.837,1842
887.953,1764
888.07,1792
888.187,1788
888.304,1700
888.42,1681
888.537,1708
888.654,1600
888.77,1650
888.887,1693
889.004,1603
889.121,1633
889.237,1603
889.354,1601
889.471,1603
889.587,1524
889.704,1578
889.821,1565
889.938,1594
890.054,1519
890.171,1539
890.288,1602
890.404,1611
890.521,1570
890.638,1587
890.754,1572
890.871,1534
890.988,1593
891.104,1621
891.221,1607
891.337,1563
891.454,1602
891.571,1604
891.687,1588
891.804,1645
891.921,1579
892.037,1588
892.154,1610
892.27,1631
892.387,1609
892.504,1588
892.62,1591
892.737,1637
892.854,1598
892.97,1563
893.087,1595
893.203,1583
893.32,1585
893.436,1615
893.553,1601
893.67,1614
893.786,1586
893.903,1605
894.019,1625
894.136,1584
894.252,1623
894.369,1653
894.485,1652
894.602,1589
894.718,1679
894.835,1611
894.951,1614
895.068,1595
895.184,1579
895.301,1613
895.417,1579
895.534,1609
895.65,1607
895.767,1593
895.883,1633
896.0,1582
896.116,1576
896.233,1599
896.349,1580
896.466,1591
896.582,1583
896.699,1613
896.815,1624
896.932,1680
897.048,1626
897.165,1586
897.281,1661
897.397,1655
897.514,1551
897.63,1677
897.747,1618
897.863,1647
897.979,1631
898.096,1662
898.212,1687
898.329,1700
898.445,1698
898.561,1671
898.678,1725
898.794,1700
898.911,1685
899.027,1658
899.143,1678
899.26,1671
899.376,1685
899.492,1671
899.609,1691
899.725,1712
899.842,1664
899.958,1689
900.074,1712
900.191,1689
900.307,1699
900.423,1663
900.539,1684
900.656,1693
900.772,1652
900.888,1697
901.005,1715
901.121,1707
901.237,1712
901.354,1657
901.47,1767
901.586,1760
901.703,1723
901.819,1728
901.935,1789
902.051,1793
902.168,1792
902.284,1887
902.4,1872
902.516,1940
902.633,1935
902.749,1955
902.865,1959
902.981,1960
903.098,1919
903.214,1924
903.33,1905
903.446,1892
903.562,1874
903.679,1892
903.795,1900
903.911,1821
904.027,1872
904.143,1814
904.26,1810
904.376,1746
904.492,1834
904.608,1728
904.724,1779
904.841,1771
904.957,1737
905.073,1749
905.189,1695
905.305,1715
905.421,1688
905.538,1671
905.654,1663
905.77,1636
905.886,1620
906.002,1653
906.118,1595
906.234,1596
906.35,1535
906.466,1616
906.583,1543
906.699,1536
906.815,1583
906.931,1561
907.047,1527
907.163,1618
907.279,1521
907.395,1544
907.511,1555
907.627,1533
907.743,1543
907.859,1581
907.976,1605
908.092,1540
908.208,1548
908.324,1553
908.44,1567
908.556,1518
908.672,1544
908.788,1521
908.904,1538
909.02,1556
909.136,1545
909.252,1524
909.368,1531
909.484,1541
909.6,1538
909.716,1545
909.832,1546
909.948,1554
910.064,1516
910.18,1532
910.296,1533
910.412,1555
910.528,1513
910.644,1560
910.76,1532
910.875,1566
910.991,1528
911.107,1517
911.223,1591
911.339,1529
911.455,1507
911.571,1558
911.687,1527
911.803,1543
911.919,1503
912.035,1524
912.151,1539
912.267,1508
912.382,1524
912.498,1549
912.614,1515
912.73,1519
912.846,1494
792.446,6683
792.565,6392
792.684,6207
792.803,6083
792.922,5886
793.041,5777
793.16,5536
793.279,5520
793.398,5394
793.518,5195
793.637,5052
793.756,4995
793.875,4849
793.994,4827
794.113,4725
794.232,4541
794.351,4417
794.47,4383
794.589,4334
794.708,4163
794.827,4141
794.946,4103
795.066,4022
795.185,4015
795.304,3867
795.423,3863
795.542,3751
795.661,3766
795.78,3629
795.899,3626
796.018,3586
796.137,3495
796.256,3461
796.375,3384
796.494,3360
796.613,3319
796.732,3271
796.851,3181
796.97,3108
797.089,3102
797.208,3075
797.327,3017
797.446,2952
797.565,2983
797.684,2979
797.803,2927
797.922,2904
798.041,2939
798.16,2813
798.279,2746
798.398,2800
798.517,2801
798.636,2797
798.755,2733
798.874,2767
798.993,2742
799.112,2736
799.231,2721
799.35,2725
799.469,2658
799.588,2630
799.707,2602
799.826,2666
799.945,2608
800.064,2623
800.183,2614
800.302,2569
800.421,2576
800.54,2557
800.659,2551
800.778,2469
800.897,2474
801.016,2469
801.135,2409
801.254,2426
801.373,2443
801.492,2451
801.611,2380
801.729,2364
801.848,2374
801.967,2334
802.086,2356
802.205,2378
802.324,2263
802.443,2269
802.562,2322
802.681,2236
802.8,2341
802.919,2249
803.038,2238
803.157,2248
803.276,2181
803.394,2237
803.513,2212
803.632,2200
803.751,2199
803.87,2223
803.989,2147
804.108,2225
804.227,2191
804.346,2146
804.465,2159
804.583,2117
804.702,2168
804.821,2121
804.94,2138
805.059,2124
805.178,2098
805.297,2086
805.416,2126
805.535,2134
805.653,2157
805.772,2097
805.891,2137
806.01,2078
806.129,2115
806.248,2118
806.367,2071
806.485,2147
806.604,2116
806.723,2106
806.842,2130
806.961,2105
807.08,2085
807.198,2043
807.317,2034
807.436,2046
807.555,2030
807.674,2017
807.793,1982
807.912,2030
808.03,2017
808.149,1993
808.268,1943
808.387,1983
808.506,1922
808.624,1945
808.743,1972
808.862,1996
808.981,1983
809.1,1982
809.219,1968
809.337,1894
809.456,1942
809.575,1905
809.694,1919
809.812,1915
809.931,1930
810.05,1904
810.169,1890
810.288,1924
810.406,1916
810.525,1931
810.644,1887
810.763,1890
810.882,1912
811.0,1935
811.119,1965
811.238,1897
811.357,1918
811.475,1964
811.594,1962
811.713,1945
811.832,1950
811.95,1952
812.069,1948
812.188,1951
812.307,2009
812.425,2005
812.544,1946
812.663,1960
812.782,1942
812.9,1887
813.019,1952
813.138,1909
813.257,1927
813.375,1926
813.494,1886
813.613,1912
813.731,1888
813.85,1925
813.969,1900
814.088,1884
814.206,1872
814.325,1913
814.444,1903
814.562,1881
814.681,1885
814.8,1926
814.918,1872
815.037,1866
815.156,1865
815.274,1886
815.393,1898
815.512,1909
815.631,1882
815.749,1859
815.868,1863
815.987,1871
816.105,1828
816.224,1877
816.343,1881
816.461,1881
816.58,1909
816.698,1858
816.817,1837
816.936,1877
817.055,1922
817.173,1911
817.292,1903
817.41,1978
817.529,1937
817.648,1940
817.766,1962
817.885,1922
818.004,1945
818.122,1939
818.241,1978
818.359,1943
818.478,1956
818.597,1896
818.715,1941
818.834,1882
818.953,1891
819.071,1858
819.19,1866
819.308,1887
819.427,1899
819.546,1918
819.664,1880
819.783,1868
819.901,1889
820.02,1888
820.138,1808
820.257,1873
820.376,1895
820.494,1873
820.613,1835
820.731,1871
820.85,1859
820.969,1793
821.087,1818
821.206,1871
821.324,1850
821.443,1848
821.561,1829
821.68,1843
821.798,1792
821.917,1800
822.035,1814
822.154,1812
822.273,1794
822.391,1844
822.51,1782
822.628,1812
822.747,1776
822.865,1817
822.984,1781
823.102,1781
823.221,1730
823.339,1772
823.458,1800
823.576,1715
823.695,1827
823.813,1791
823.932,1759
824.05,1750
824.169,1727
824.287,1750
824.406,1754
824.524,1721
824.643,1799
824.761,1780
824.88,1787
824.998,1673
825.117,1730
825.235,1771
825.354,1733
825.472,1755
825.591,1781
825.709,1792
825.828,1786
825.946,1795
826.064,1778
826.183,1755
826.301,1755
826.42,1728
826.538,1726
826.657,1755
826.775,1705
826.894,1726
827.012,1744
827.13,1750
827.249,1746
827.367,1832
827.486,1758
827.604,1734
827.723,1755
827.841,1716
827.959,1749
828.078,1735
828.196,1769
828.315,1781
828.433,1716
828.552,1736
828.67,1766
828.788,1739
828.907,1707
829.025,1759
829.143,1751
829.262,1692
829.38,1763
829.499,1682
829.617,1739
829.735,1727
829.854,1744
829.972,1699
830.091,1725
830.209,1708
830.327,1709
830.446,1706
830.564,1721
830.682,1723
830.801,1692
830.919,1739
831.037,1700
831.156,1741
831.274,1742
831.392,1750
831.511,1719
831.629,1671
831.747,1762
831.866,1707
831.984,1748
832.102,1767
832.221,1716
832.339,1729
832.457,1735
832.576,1741
832.694,1764
832.812,1770
832.93,1732
833.049,1700
833.167,1719
833.285,1728
833.404,1770
833.522,1746
833.64,1770
833.759,1744
833.877,1723
833.995,1753
834.113,1749
834.232,1748
834.35,1805
834.468,1769
834.586,1755
834.705,1752
834.823,1769
834.941,1736
835.059,1802
835.178,1819
835.296,1857
835.414,1792
835.532,1742
835.651,1732
835.769,1762
835.887,1760
836.005,1719
836.124,1680
836.242,1698
836.36,1646
836.478,1672
836.596,1683
836.715,1647
836.833,1658
836.951,1695
837.069,1698
837.188,1695
837.306,1658
837.424,1732
837.542,1693
837.66,1710
837.779,1669
837.897,1671
838.015,1676
838.133,1703
838.251,1677
838.369,1675
838.487,1691
838.606,1720
838.724,1698
838.842,1679
838.96,1712
839.078,1687
839.196,1710
839.315,1732
839.433,1729
839.551,1722
839.669,1756
839.787,1758
839.905,1793
840.023,1853
840.142,1787
840.26,1804
840.378,1819
840.496,1825
840.614,1776
840.732,1837
840.85,1805
840.968,1825
841.087,1793
841.205,1822
841.323,1818
841.441,1814
841.559,1879
841.677,1859
841.795,1902
841.913,1867
842.031,1840
842.149,1880
842.267,1882
842.385,1894
842.504,1816
842.622,1861
842.74,1842
842.858,1816
842.976,1789
843.094,1823
843.212,1881
843.33,1839
843.448,1889
843.566,1884
843.684,1852
843.802,1882
843.92,1891
844.038,1859
844.156,1853
844.274,1863
844.392,1863
844.51,1862
844.628,1850
844.746,1908
844.864,1892
844.982,1877
845.1,1910
845.218,1891
845.336,1855
845.454,1885
845.572,1903
845.69,1844
845.808,1870
845.926,1867
846.044,1857
846.162,1883
846.28,1838
846.398,1849
846.516,1831
846.634,1828
846.752,1908
846.87,1924
846.988,1919
847.106,1930
847.224,1949
847.342,1940
847.46,1944
847.578,1924
847.696,1950
847.814,1970
847.932,2007
848.05,1957
848.168,1948
848.285,1969
848.403,1876
848.521,1962
848.639,1916
848.757,1942
848.875,1925
848.993,1986
849.111,1930
849.229,1933
849.347,1990
849.465,1932
849.582,1963
849.7,1911
849.818,1940
849.936,1918
850.054,1884
850.172,1904
850.29,1822
850.408,1899
850.525,1891
850.643,1875
850.761,1831
850.879,1857
850.997,1876
851.115,1846
851.233,1863
851.35,1847
851.468,1901
851.586,1852
851.704,1899
851.822,1853
851.94,1866
852.057,1893
852.175,1938
852.293,2024
852.411,2198
852.529,2263
852.647,2322
852.764,2304
852.882,2163
853.0,2067
853.118,1944
853.236,1944
853.353,1923
853.471,1918
853.589,1856
853.707,1859
853.824,1829
853.942,1857
854.06,1800
854.178,1875
854.296,1843
854.413,1895
854.531,1906
854.649,1939
854.767,1880
854.884,1915
855.002,1904
855.12,1862
855.238,1881
855.355,1839
855.473,1852
855.591,1870
855.708,1890
855.826,1836
855.944,1812
856.062,1829
856.179,1879
856.297,1878
856.415,1841
856.532,1869
856.65,1817
856.768,1860
856.886,1848
857.003,1846
857.121,1868
857.239,1833
857.356,1808
857.474,1805
857.592,1851
857.709,1814
857.827,1872
857.945,1856
858.062,1818
858.18,1859
858.298,1824
858.415,1828
858.533,1807
858.651,1841
858.768,1891
858.886,1849
859.003,1856
859.121,1869
859.239,1816
859.356,1816
859.474,1856
859.592,1820
859.709,1853
859.827,1823
859.944,1803
860.062,1865
860.18,1813
860.297,1836
860.415,1785
860.532,1822
860.65,1770
860.768,1818
860.885,1835
861.003,1789
861.12,1842
861.238,1819
861.356,1853
861.473,1828
861.591,1863
861.708,1833
861.826,1870
861.943,1791
862.061,1801
862.178,1784
862.296,1748
862.414,1716
862.531,1723
862.649,1747
862.766,1747
862.884,1666
863.001,1687
863.119,1746
863.236,1744
863.354,1776
863.471,1773
863.589,1807
863.706,1832
863.824,1835
863.941,1810
864.059,1847
864.176,1781
864.294,1837
864.411,1793
864.529,1767
864.646,1756
864.764,1790
864.881,1759
864.999,1786
865.116,1772
865.233,1802
865.351,1795
865.468,1791
865.586,1797
865.703,1787
865.821,1736
865.938,1727
866.056,1753
866.173,1759
866.29,1774
866.408,1758
866.525,1756
866.643,1795
866.76,1775
866.878,1798
866.995,1782
867.112,1771
867.23,1810
867.347,1821
867.465,1853
867.582,1883
867.699,1894
867.817,1793
867.934,1901
868.051,1836
868.169,1844
868.286,1803
868.404,1838
868.521,1827
868.638,1778
868.756,1831
868.873,1855
868.99,1825
869.108,1874
869.225,1940
869.342,1894
869.46,1881
869.577,1941
869.694,1925
869.812,1924
869.929,1918
870.046,1882
870.164,1931
870.281,1928
870.398,1943
870.516,1935
870.633,1940
870.75,1927
870.867,1904
870.985,1930
871.102,1986
871.219,1914
871.337,1945
871.454,1903
871.571,1947
871.688,1927
871.806,1923
871.923,1869
872.04,1914
872.157,1936
872.275,1896
872.392,1908
872.509,1947
872.626,1923
872.744,1918
872.861,1932
872.978,1963
873.095,1834
873.213,1884
873.33,1868
873.447,1876
873.564,1897
873.681,1869
873.799,1863
873.916,1877
874.033,1855
874.15,1873
874.267,1877
874.385,1884
874.502,1835
874.619,1850
874.736,1896
874.853,1907
874.97,1899
875.088,1952
875.205,1934
875.322,1961
875.439,1964
875.556,1997
875.673,1973
875.791,1886
875.908,2003
876.025,1933
876.142,1915
876.259,1960
876.376,1933
876.493,1970
876.61,1936
876.728,1932
876.845,1951
876.962,1946
877.079,1960
877.196,1992
877.313,1948
877.43,1963
877.547,1980
877.664,1948
877.781,1968
877.898,1954
878.016,1943
878.133,1931
878.25,1934
878.367,1888
878.484,1885
878.601,1863
878.718,1849
878.835,1852
878.952,1836
879.069,1766
879.186,1774
879.303,1810
879.42,1767
879.537,1761
879.654,1741
879.771,1706
879.888,1719
880.005,1715
880.122,1671
880.239,1694
880.356,1712
880.473,1681
880.59,1751
880.707,1675
880.824,1683
880.941,1656
881.058,1689
881.175,1677
881.292,1702
881.409,1680
881.526,1718
881.643,1748
881.76,1714
881.877,1682
881.994,1665
882.111,1735
882.228,1720
882.345,1718
882.462,1751
882.579,1677
882.696,1773
882.812,1720
882.929,1739
883.046,1697
883.163,1709
883.28,1723
883.397,1737
883.514,1711
883.631,1751
883.748,1729
883.865,1723
883.982,1752
884.098,1762
884.215,1761
884.332,1753
884.449,1733
884.566,1757
884.683,1772
884.8,1838
884.916,1814
885.033,1837
885.15,1915
885.267,1917
885.384,2008
885.501,2040
885.617,2050
885.734,2078
885.851,1991
885.968,2137
886.085,2115
886.202,2060
886.318,2107
886.435,2057
886.552,2058
886.669,2064
886.786,2001
886.902,2031
887.019,1923
887.136,1942
887.253,1894
887.369,1939
887.486,1894
887.603,1848
887.72,1855
887.837,1801
887.953,1834
888.07,1710
888.187,1736
888.304,1707
888.42,1677
888.537,1657
888.654,1629
888.77,1604
888.887,1620
889.004,1602
889.121,1608
889.237,1584
889.354,1630
889.471,1542
889.587,1570
889.704,1606
889.821,1575
889.938,1557
890.054,1528
890.171,1599
890.288,1557
890.404,1595
890.521,1560
890.638,1577
890.754,1578
890.871,1589
890.988,1576
891.104,1573
891.221,1603
891.337,1536
891.454,1648
891.571,1611
891.687,1637
891.804,1636
891.921,1563
892.037,1622
892.154,1630
892.27,1596
892.387,1609
892.504,1569
892.62,1603
892.737,1576
892.854,1596
892.97,1590
893.087,1597
893.203,1562
893.32,1616
893.436,1588
893.553,1582
893.67,1592
893.786,1617
893.903,1605
894.019,1652
894.136,1613
894.252,1572
894.369,1602
894.485,1609
894.602,1601
894.718,1590
894.835,1614
894.951,1601
895.068,1590
895.184,1562
895.301,1620
895.417,1609
895.534,1575
895.65,1547
895.767,1562
895.883,1578
896.0,1572
896.116,1600
896.233,1586
896.349,1614
896.466,1565
896.582,1628
896.699,1587
896.815,1643
896.932,1645
897.048,1600
897.165,1647
897.281,1602
897.397,1612
897.514,1622
897.63,1655
897.747,1642
897.863,1645
897.979,1683
898.096,1599
898.212,1656
898.329,1669
898.445,1671
898.561,1687
898.678,1693
898.794,1704
898.911,1724
899.027,1630
899.143,1661
899.26,1711
899.376,1683
899.492,1756
899.609,1726
899.725,1678
899.842,1684
899.958,1665
900.074,1664
900.191,1689
900.307,1659
900.423,1679
900.539,1645
900.656,1668
900.772,1667
900.888,1688
901.005,1669
901.121,1727
901.237,1718
901.354,1690
901.47,1691
901.586,1731
901.703,1752
901.819,1776
901.935,1789
902.051,1807
902.168,1889
902.284,1838
902.4,1840
902.516,1874
902.633,1944
902.749,1879
902.865,1883
902.981,1954
903.098,1911
903.214,1893
903.33,1893
903.446,1923
903.562,1873
903.679,1907
903.795,1853
903.911,1839
904.027,1874
904.143,1798
904.26,1864
904.376,1776
904.492,1795
904.608,1794
904.724,1755
904.841,1741
904.957,1710
905.073,1678
905.189,1719
905.305,1678
905.421,1727
905.538,1667
905.654,1650
905.77,1617
905.886,1645
906.002,1647
906.118,1596
906.234,1564
906.35,1627
906.466,1583
906.583,1578
906.699,1590
906.815,1590
906.931,1615
907.047,1532
907.163,1559
907.279,1492
907.395,1524
907.511,1538
907.627,1529
907.743,1577
907.859,1531
907.976,1550
908.092,1530
908.208,1519
908.324,1623
908.44,1506
908.556,1523
908.672,1569
908.788,1536
908.904,1568
909.02,1534
909.136,1523
909.252,1506
909.368,1550
909.484,1522
909.6,1541
909.716,1553
909.832,1534
909.948,1542
910.064,1531
910.18,1546
910.296,1525
910.412,1501
910.528,1516
910.644,1577
910.76,1532
910.875,1559
910.991,1523
911.107,1527
911.223,1551
911.339,1542
911.455,1530
911.571,1491
911.687,1512
911.803,1509
911.919,1528
912.035,1526
912.151,1553
912.267,1514
912.382,1554
912.498,1529
912.614,1524
912.73,1507
912.846,1581
