792.446,805
792.565,858
792.684,835
792.803,832
792.922,778
793.041,729
793.16,726
793.279,798
793.398,738
793.518,730
793.637,720
793.756,734
793.875,759
793.994,703
794.113,720
794.232,702
794.351,701
794.47,694
794.589,658
794.708,675
794.827,666
794.946,663
795.066,687
795.185,654
795.304,662
795.423,664
795.542,666
795.661,648
795.78,630
795.899,655
796.018,617
796.137,634
796.256,638
796.375,626
796.494,637
796.613,586
796.732,632
796.851,628
796.97,615
797.089,602
797.208,623
797.327,603
797.446,578
797.565,591
797.684,611
797.803,592
797.922,590
798.041,577
798.16,602
798.279,600
798.398,576
798.517,589
798.636,581
798.755,580
798.874,581
798.993,573
799.112,598
799.231,574
799.35,571
799.469,580
799.588,566
799.707,541
799.826,594
799.945,568
800.064,572
800.183,547
800.302,586
800.421,592
800.54,558
800.659,565
800.778,575
800.897,589
801.016,561
801.135,581
801.254,571
801.373,596
801.492,550
801.611,588
801.729,569
801.848,561
801.967,573
802.086,534
802.205,577
802.324,577
802.443,578
802.562,558
802.681,552
802.8,548
802.919,545
803.038,537
803.157,551
803.276,551
803.394,566
803.513,535
803.632,550
803.751,554
803.87,564
803.989,559
804.108,553
804.227,543
804.346,519
804.465,559
804.583,524
804.702,525
804.821,552
804.94,548
805.059,567
805.178,558
805.297,531
805.416,543
805.535,568
805.653,544
805.772,552
805.891,549
806.01,544
806.129,536
806.248,539
806.367,542
806.485,562
806.604,544
806.723,558
806.842,549
806.961,549
807.08,536
807.198,552
807.317,535
807.436,550
807.555,541
807.674,547
807.793,545
807.912,549
808.03,544
808.149,542
808.268,553
808.387,553
808.506,556
808.624,554
808.743,539
808.862,571
808.981,544
809.1,547
809.219,528
809.337,568
809.456,543
809.575,568
809.694,543
809.812,541
809.931,557
810.05,548
810.169,559
810.288,566
810.406,549
810.525,549
810.644,550
810.763,561
810.882,552
811.0,566
811.119,558
811.238,570
811.357,550
811.475,543
811.594,554
811.713,574
811.832,536
811.95,569
812.069,544
812.188,550
812.307,537
812.425,548
812.544,556
812.663,549
812.782,547
812.9,550
813.019,558
813.138,563
813.257,544
813.375,548
813.494,546
813.613,533
813.731,538
813.85,554
813.969,538
814.088,548
814.206,550
814.325,560
814.444,536
814.562,542
814.681,559
814.8,538
814.918,556
815.037,542
815.156,553
815.274,554
815.393,530
815.512,530
815.631,532
815.749,541
815.868,535
815.987,542
816.105,543
816.224,543
816.343,527
816.461,562
816.58,546
816.698,532
816.817,535
816.936,527
817.055,523
817.173,534
817.292,527
817.41,536
817.529,544
817.648,530
817.766,543
817.885,506
818.004,517
818.122,526
818.241,525
818.359,527
818.478,511
818.597,496
818.715,501
818.834,492
818.953,511
819.071,510
819.19,499
819.308,495
819.427,502
819.546,473
819.664,496
819.783,514
819.901,490
820.02,500
820.138,496
820.257,502
820.376,491
820.494,505
820.613,496
820.731,495
820.85,496
820.969,493
821.087,503
821.206,501
821.324,474
821.443,476
821.561,488
821.68,473
821.798,466
821.917,488
822.035,491
822.154,497
822.273,468
822.391,497
822.51,487
822.628,492
822.747,460
822.865,478
822.984,477
823.102,486
823.221,471
823.339,464
823.458,477
823.576,505
823.695,468
823.813,488
823.932,477
824.05,459
824.169,480
824.287,490
824.406,472
824.524,493
824.643,481
824.761,464
824.88,473
824.998,477
825.117,497
825.235,488
825.354,487
825.472,464
825.591,486
825.709,491
825.828,471
825.946,478
826.064,487
826.183,481
826.301,468
826.42,475
826.538,470
826.657,472
826.775,455
826.894,450
827.012,493
827.13,456
827.249,464
827.367,495
827.486,463
827.604,494
827.723,464
827.841,458
827.959,464
828.078,464
828.196,472
828.315,472
828.433,467
828.552,456
828.67,472
828.788,471
828.907,442
829.025,463
829.143,459
829.262,466
829.38,465
829.499,472
829.617,468
829.735,455
829.854,478
829.972,463
830.091,459
830.209,475
830.327,459
830.446,456
830.564,459
830.682,487
830.801,461
830.919,462
831.037,467
831.156,460
831.274,467
831.392,486
831.511,455
831.629,477
831.747,467
831.866,468
831.984,476
832.102,475
832.221,472
832.339,475
832.457,471
832.576,445
832.694,453
832.812,443
832.93,476
833.049,470
833.167,470
833.285,457
833.404,459
833.522,476
833.64,460
833.759,457
833.877,457
833.995,495
834.113,478
834.232,454
834.35,479
834.468,473
834.586,468
834.705,464
834.823,479
834.941,470
835.059,471
835.178,466
835.296,475
835.414,475
835.532,473
835.651,468
835.769,469
835.887,465
836.005,474
836.124,470
836.242,464
836.36,462
836.478,476
836.596,451
836.715,460
836.833,479
836.951,464
837.069,478
837.188,444
837.306,475
837.424,475
837.542,479
837.66,458
837.779,476
837.897,470
838.015,460
838.133,464
838.251,470
838.369,476
838.487,477
838.606,475
838.724,467
838.842,478
838.96,499
839.078,454
839.196,482
839.315,482
839.433,488
839.551,485
839.669,475
839.787,460
839.905,467
840.023,482
840.142,486
840.26,478
840.378,471
840.496,472
840.614,497
840.732,482
840.85,468
840.968,472
841.087,464
841.205,470
841.323,486
841.441,463
841.559,464
841.677,460
841.795,500
841.913,485
842.031,492
842.149,495
842.267,469
842.385,476
842.504,470
842.622,464
842.74,495
842.858,479
842.976,482
843.094,460
843.212,483
843.33,466
843.448,475
843.566,500
843.684,476
843.802,449
843.92,472
844.038,471
844.156,472
844.274,474
844.392,483
844.51,497
844.628,492
844.746,472
844.864,470
844.982,463
845.1,474
845.218,486
845.336,469
845.454,478
845.572,468
845.69,477
845.808,488
845.926,459
846.044,478
846.162,459
846.28,493
846.398,484
846.516,482
846.634,463
846.752,475
846.87,469
846.988,465
847.106,478
847.224,466
847.342,472
847.46,500
847.578,486
847.696,481
847.814,476
847.932,478
848.05,479
848.168,488
848.285,490
848.403,458
848.521,476
848.639,475
848.757,479
848.875,468
848.993,491
849.111,493
849.229,475
849.347,480
849.465,491
849.582,499
849.7,492
849.818,486
849.936,490
850.054,501
850.172,479
850.29,478
850.408,489
850.525,485
850.643,494
850.761,496
850.879,471
850.997,502
851.115,459
851.233,499
851.35,472
851.468,491
851.586,474
851.704,488
851.822,460
851.94,481
852.057,467
852.175,493
852.293,493
852.411,477
852.529,497
852.647,491
852.764,495
852.882,493
853.0,499
853.118,480
853.236,481
853.353,496
853.471,482
853.589,489
853.707,471
853.824,494
853.942,477
854.06,497
854.178,463
854.296,479
854.413,473
854.531,482
854.649,482
854.767,497
854.884,471
855.002,489
855.12,460
855.238,484
855.355,478
855.473,479
855.591,450
855.708,452
855.826,465
855.944,479
856.062,483
856.179,471
856.297,477
856.415,465
856.532,474
856.65,489
856.768,465
856.886,475
857.003,484
857.121,477
857.239,481
857.356,476
857.474,474
857.592,485
857.709,467
857.827,482
857.945,471
858.062,472
858.18,476
858.298,494
858.415,489
858.533,488
858.651,484
858.768,475
858.886,489
859.003,482
859.121,483
859.239,491
859.356,458
859.474,475
859.592,464
859.709,474
859.827,474
859.944,485
860.062,470
860.18,467
860.297,468
860.415,465
860.532,462
860.65,454
860.768,467
860.885,465
861.003,473
861.12,465
861.238,480
861.356,470
861.473,470
861.591,473
861.708,467
861.826,470
861.943,482
862.061,465
862.178,472
862.296,477
862.414,479
862.531,463
862.649,451
862.766,471
862.884,461
863.001,474
863.119,465
863.236,451
863.354,464
863.471,473
863.589,468
863.706,460
863.824,466
863.941,456
864.059,482
864.176,480
864.294,471
864.411,475
864.529,469
864.646,468
864.764,463
864.881,464
864.999,464
865.116,476
865.233,472
865.351,467
865.468,467
865.586,476
865.703,466
865.821,470
865.938,456
866.056,488
866.173,447
866.29,474
866.408,458
866.525,462
866.643,484
866.76,486
866.878,439
866.995,469
867.112,454
867.23,481
867.347,460
867.465,464
867.582,470
867.699,465
867.817,476
867.934,467
868.051,481
868.169,458
868.286,457
868.404,458
868.521,509
868.638,479
868.756,458
868.873,475
868.99,454
869.108,472
869.225,470
869.342,475
869.46,471
869.577,482
869.694,480
869.812,477
869.929,497
870.046,483
870.164,466
870.281,472
870.398,488
870.516,478
870.633,461
870.75,468
870.867,480
870.985,499
871.102,461
871.219,468
871.337,483
871.454,482
871.571,485
871.688,472
871.806,473
871.923,477
872.04,477
872.157,494
872.275,477
872.392,499
872.509,474
872.626,473
872.744,488
872.861,471
872.978,490
873.095,464
873.213,455
873.33,476
873.447,469
873.564,479
873.681,478
873.799,482
873.916,471
874.033,477
874.15,468
874.267,484
874.385,473
874.502,460
874.619,493
874.736,480
874.853,495
874.97,480
875.088,475
875.205,475
875.322,451
875.439,484
875.556,471
875.673,491
875.791,481
875.908,490
876.025,470
876.142,480
876.259,480
876.376,472
876.493,484
876.61,460
876.728,463
876.845,481
876.962,462
877.079,486
877.196,475
877.313,483
877.43,476
877.547,479
877.664,465
877.781,498
877.898,477
878.016,486
878.133,469
878.25,480
878.367,449
878.484,476
878.601,475
878.718,482
878.835,461
878.952,482
879.069,454
879.186,479
879.303,479
879.42,465
879.537,469
879.654,467
879.771,458
879.888,462
880.005,458
880.122,467
880.239,440
880.356,458
880.473,454
880.59,467
880.707,483
880.824,456
880.941,452
881.058,451
881.175,468
881.292,466
881.409,465
881.526,471
881.643,470
881.76,480
881.877,461
881.994,461
882.111,454
882.228,467
882.345,463
882.462,465
882.579,451
882.696,454
882.812,448
882.929,488
883.046,474
883.163,447
883.28,452
883.397,474
883.514,463
883.631,465
883.748,456
883.865,473
883.982,450
884.098,468
884.215,445
884.332,475
884.449,490
884.566,495
884.683,475
884.8,486
884.916,487
885.033,482
885.15,492
885.267,502
885.384,506
885.501,500
885.617,504
885.734,489
885.851,500
885.968,518
886.085,471
886.202,505
886.318,491
886.435,509
886.552,482
886.669,492
886.786,484
886.902,514
887.019,491
887.136,500
887.253,475
887.369,488
887.486,471
887.603,494
887.72,480
887.837,472
887.953,461
888.07,475
888.187,470
888.304,475
888.42,467
888.537,470
888.654,455
888.77,464
888.887,470
889.004,454
889.121,451
889.237,474
889.354,467
889.471,444
889.587,438
889.704,469
889.821,453
889.938,459
890.054,449
890.171,465
890.288,454
890.404,450
890.521,468
890.638,463
890.754,456
890.871,465
890.988,453
891.104,464
891.221,464
891.337,471
891.454,445
891.571,462
891.687,482
891.804,467
891.921,459
892.037,463
892.154,467
892.27,463
892.387,450
892.504,467
892.62,461
892.737,446
892.854,454
892.97,478
893.087,468
893.203,466
893.32,452
893.436,455
893.553,461
893.67,450
893.786,463
893.903,467
894.019,456
894.136,476
894.252,479
894.369,476
894.485,442
894.602,463
894.718,450
894.835,469
894.951,456
895.068,478
895.184,465
895.301,436
895.417,474
895.534,463
895.65,455
895.767,471
895.883,450
896.0,480
896.116,437
896.233,473
896.349,435
896.466,454
896.582,448
896.699,467
896.815,446
896.932,469
897.048,447
897.165,460
897.281,456
897.397,461
897.514,462
897.63,455
897.747,457
897.863,475
897.979,446
898.096,457
898.212,469
898.329,466
898.445,451
898.561,442
898.678,465
898.794,457
898.911,474
899.027,469
899.143,459
899.26,463
899.376,480
899.492,454
899.609,471
899.725,469
899.842,456
899.958,461
900.074,449
900.191,460
900.307,464
900.423,487
900.539,463
900.656,466
900.772,449
900.888,471
901.005,455
901.121,466
901.237,466
901.354,470
901.47,463
901.586,492
901.703,483
901.819,476
901.935,483
902.051,491
902.168,466
902.284,482
902.4,472
902.516,482
902.633,476
902.749,513
902.865,491
902.981,481
903.098,478
903.214,491
903.33,486
903.446,464
903.562,486
903.679,479
903.795,488
903.911,484
904.027,485
904.143,490
904.26,490
904.376,458
904.492,465
904.608,479
904.724,466
904.841,488
904.957,467
905.073,476
905.189,468
905.305,484
905.421,464
905.538,456
905.654,471
905.77,458
905.886,459
906.002,442
906.118,450
906.234,440
906.35,471
906.466,448
906.583,455
906.699,463
906.815,466
906.931,464
907.047,443
907.163,462
907.279,452
907.395,457
907.511,457
907.627,461
907.743,474
907.859,469
907.976,465
908.092,466
908.208,435
908.324,471
908.44,444
908.556,466
908.672,451
908.788,460
908.904,451
909.02,468
909.136,451
909.252,458
909.368,458
909.484,457
909.6,467
909.716,455
909.832,473
909.948,475
910.064,458
910.18,456
910.296,466
910.412,453
910.528,450
910.644,469
910.76,450
910.875,466
910.991,458
911.107,461
911.223,452
911.339,470
911.455,451
911.571,470
911.687,447
911.803,452
911.919,459
912.035,466
912.151,451
912.267,457
912.382,458
912.498,468
912.614,461
912.73,478
912.846,462
792.446,811
792.565,859
792.684,882
792.803,858
792.922,787
793.041,777
793.16,782
793.279,782
793.398,758
793.518,722
793.637,696
793.756,755
793.875,754
793.994,738
794.113,724
794.232,713
794.351,705
794.47,688
794.589,686
794.708,663
794.827,685
794.946,670
795.066,672
795.185,680
795.304,664
795.423,672
795.542,662
795.661,656
795.78,666
795.899,635
796.018,657
796.137,640
796.256,628
796.375,623
796.494,619
796.613,616
796.732,633
796.851,599
796.97,599
797.089,605
797.208,626
797.327,598
797.446,600
797.565,595
797.684,607
797.803,593
797.922,600
798.041,584
798.16,575
798.279,574
798.398,576
798.517,590
798.636,588
798.755,601
798.874,603
798.993,593
799.112,589
799.231,594
799.35,569
799.469,574
799.588,563
799.707,574
799.826,595
799.945,578
800.064,558
800.183,555
800.302,570
800.421,576
800.54,569
800.659,605
800.778,552
800.897,579
801.016,598
801.135,557
801.254,582
801.373,560
801.492,574
801.611,563
801.729,561
801.848,588
801.967,545
802.086,528
802.205,569
802.324,557
802.443,546
802.562,551
802.681,561
802.8,533
802.919,554
803.038,552
803.157,578
803.276,556
803.394,559
803.513,566
803.632,588
803.751,544
803.87,554
803.989,557
804.108,553
804.227,545
804.346,540
804.465,547
804.583,553
804.702,556
804.821,555
804.94,563
805.059,551
805.178,546
805.297,554
805.416,569
805.535,562
805.653,550
805.772,556
805.891,563
806.01,554
806.129,546
806.248,541
806.367,562
806.485,589
806.604,547
806.723,545
806.842,544
806.961,552
807.08,563
807.198,570
807.317,543
807.436,560
807.555,549
807.674,569
807.793,530
807.912,556
808.03,553
808.149,570
808.268,539
808.387,556
808.506,550
808.624,531
808.743,533
808.862,547
808.981,549
809.1,545
809.219,538
809.337,578
809.456,552
809.575,570
809.694,565
809.812,555
809.931,562
810.05,552
810.169,564
810.288,550
810.406,571
810.525,540
810.644,540
810.763,565
810.882,550
811.0,578
811.119,537
811.238,539
811.357,536
811.475,546
811.594,557
811.713,556
811.832,547
811.95,576
812.069,566
812.188,551
812.307,553
812.425,558
812.544,574
812.663,543
812.782,576
812.9,564
813.019,552
813.138,548
813.257,550
813.375,533
813.494,542
813.613,558
813.731,536
813.85,554
813.969,558
814.088,557
814.206,539
814.325,551
814.444,536
814.562,553
814.681,519
814.8,552
814.918,546
815.037,534
815.156,533
815.274,536
815.393,539
815.512,554
815.631,537
815.749,546
815.868,540
815.987,511
816.105,526
816.224,528
816.343,542
816.461,527
816.58,542
816.698,555
816.817,542
816.936,529
817.055,562
817.173,542
817.292,547
817.41,538
817.529,538
817.648,536
817.766,520
817.885,536
818.004,531
818.122,526
818.241,537
818.359,516
818.478,515
818.597,515
818.715,486
818.834,511
818.953,502
819.071,513
819.19,511
819.308,518
819.427,495
819.546,515
819.664,483
819.783,483
819.901,492
820.02,506
820.138,483
820.257,510
820.376,494
820.494,504
820.613,477
820.731,512
820.85,469
820.969,495
821.087,482
821.206,483
821.324,480
821.443,479
821.561,475
821.68,487
821.798,486
821.917,489
822.035,477
822.154,467
822.273,470
822.391,482
822.51,477
822.628,473
822.747,468
822.865,468
822.984,478
823.102,468
823.221,480
823.339,456
823.458,485
823.576,499
823.695,494
823.813,474
823.932,494
824.05,480
824.169,491
824.287,498
824.406,472
824.524,470
824.643,495
824.761,476
824.88,475
824.998,485
825.117,469
825.235,489
825.354,459
825.472,487
825.591,481
825.709,472
825.828,479
825.946,463
826.064,496
826.183,474
826.301,456
826.42,471
826.538,475
826.657,470
826.775,468
826.894,486
827.012,454
827.13,488
827.249,475
827.367,466
827.486,453
827.604,488
827.723,465
827.841,483
827.959,453
828.078,476
828.196,469
828.315,469
828.433,451
828.552,472
828.67,462
828.788,458
828.907,462
829.025,473
829.143,473
829.262,476
829.38,463
829.499,464
829.617,451
829.735,480
829.854,456
829.972,465
830.091,465
830.209,464
830.327,458
830.446,460
830.564,464
830.682,464
830.801,438
830.919,470
831.037,481
831.156,455
831.274,489
831.392,462
831.511,468
831.629,477
831.747,472
831.866,476
831.984,458
832.102,486
832.221,468
832.339,465
832.457,458
832.576,472
832.694,458
832.812,480
832.93,471
833.049,464
833.167,458
833.285,481
833.404,457
833.522,463
833.64,479
833.759,464
833.877,463
833.995,474
834.113,481
834.232,475
834.35,459
834.468,464
834.586,463
834.705,466
834.823,477
834.941,469
835.059,492
835.178,490
835.296,471
835.414,501
835.532,462
835.651,445
835.769,468
835.887,455
836.005,463
836.124,467
836.242,455
836.36,464
836.478,468
836.596,478
836.715,458
836.833,470
836.951,476
837.069,483
837.188,475
837.306,438
837.424,462
837.542,468
837.66,465
837.779,470
837.897,484
838.015,464
838.133,462
838.251,467
838.369,465
838.487,467
838.606,472
838.724,469
838.842,464
838.96,496
839.078,453
839.196,470
839.315,455
839.433,479
839.551,464
839.669,486
839.787,479
839.905,491
840.023,471
840.142,496
840.26,468
840.378,482
840.496,478
840.614,486
840.732,481
840.85,476
840.968,490
841.087,479
841.205,464
841.323,478
841.441,484
841.559,487
841.677,494
841.795,508
841.913,486
842.031,494
842.149,477
842.267,485
842.385,494
842.504,490
842.622,470
842.74,473
842.858,482
842.976,462
843.094,462
843.212,484
843.33,465
843.448,496
843.566,495
843.684,484
843.802,493
843.92,486
844.038,461
844.156,499
844.274,487
844.392,469
844.51,485
844.628,492
844.746,483
844.864,491
844.982,477
845.1,493
845.218,454
845.336,466
845.454,470
845.572,449
845.69,466
845.808,482
845.926,471
846.044,491
846.162,475
846.28,484
846.398,476
846.516,483
846.634,467
846.752,460
846.87,472
846.988,477
847.106,488
847.224,489
847.342,454
847.46,509
847.578,490
847.696,480
847.814,459
847.932,488
848.05,467
848.168,491
848.285,470
848.403,484
848.521,489
848.639,490
848.757,483
848.875,497
848.993,471
849.111,478
849.229,485
849.347,492
849.465,493
849.582,510
849.7,490
849.818,494
849.936,466
850.054,523
850.172,464
850.29,486
850.408,479
850.525,496
850.643,489
850.761,485
850.879,479
850.997,473
851.115,486
851.233,486
851.35,489
851.468,482
851.586,482
851.704,490
851.822,484
851.94,484
852.057,483
852.175,480
852.293,480
852.411,490
852.529,502
852.647,508
852.764,482
852.882,492
853.0,502
853.118,499
853.236,476
853.353,469
853.471,472
853.589,471
853.707,471
853.824,459
853.942,477
854.06,468
854.178,471
854.296,487
854.413,490
854.531,475
854.649,476
854.767,487
854.884,490
855.002,452
855.12,481
855.238,472
855.355,479
855.473,461
855.591,475
855.708,478
855.826,480
855.944,474
856.062,473
856.179,470
856.297,442
856.415,474
856.532,485
856.65,485
856.768,488
856.886,497
857.003,468
857.121,484
857.239,497
857.356,482
857.474,478
857.592,490
857.709,496
857.827,481
857.945,466
858.062,489
858.18,468
858.298,492
858.415,490
858.533,474
858.651,490
858.768,488
858.886,487
859.003,464
859.121,486
859.239,497
859.356,470
859.474,473
859.592,454
859.709,471
859.827,477
859.944,471
860.062,478
860.18,464
860.297,470
860.415,475
860.532,460
860.65,489
860.768,465
860.885,450
861.003,469
861.12,475
861.238,475
861.356,479
861.473,477
861.591,484
861.708,471
861.826,498
861.943,485
862.061,469
862.178,459
862.296,478
862.414,466
862.531,484
862.649,469
862.766,470
862.884,453
863.001,472
863.119,467
863.236,478
863.354,457
863.471,470
863.589,469
863.706,497
863.824,476
863.941,474
864.059,465
864.176,482
864.294,472
864.411,470
864.529,477
864.646,494
864.764,476
864.881,457
864.999,482
865.116,474
865.233,455
865.351,490
865.468,462
865.586,464
865.703,474
865.821,503
865.938,459
866.056,490
866.173,452
866.29,472
866.408,479
866.525,461
866.643,471
866.76,463
866.878,484
866.995,477
867.112,462
867.23,478
867.347,456
867.465,474
867.582,477
867.699,473
867.817,463
867.934,468
868.051,461
868.169,469
868.286,470
868.404,483
868.521,479
868.638,458
868.756,461
868.873,477
868.99,482
869.108,479
869.225,484
869.342,498
869.46,489
869.577,478
869.694,466
869.812,472
869.929,478
870.046,467
870.164,486
870.281,476
870.398,474
870.516,470
870.633,482
870.75,480
870.867,489
870.985,484
871.102,487
871.219,486
871.337,485
871.454,491
871.571,492
871.688,488
871.806,488
871.923,485
872.04,487
872.157,472
872.275,475
872.392,483
872.509,494
872.626,493
872.744,510
872.861,486
872.978,479
873.095,471
873.213,487
873.33,483
873.447,480
873.564,485
873.681,479
873.799,468
873.916,480
874.033,480
874.15,488
874.267,464
874.385,462
874.502,469
874.619,483
874.736,487
874.853,499
874.97,474
875.088,471
875.205,487
875.322,484
875.439,479
875.556,484
875.673,500
875.791,476
875.908,496
876.025,468
876.142,468
876.259,484
876.376,494
876.493,478
876.61,484
876.728,474
876.845,486
876.962,477
877.079,493
877.196,474
877.313,469
877.43,463
877.547,477
877.664,464
877.781,476
877.898,480
878.016,493
878.133,476
878.25,475
878.367,476
878.484,495
878.601,464
878.718,463
878.835,452
878.952,468
879.069,462
879.186,479
879.303,481
879.42,460
879.537,464
879.654,469
879.771,471
879.888,464
880.005,450
880.122,477
880.239,485
880.356,482
880.473,440
880.59,467
880.707,449
880.824,463
880.941,439
881.058,447
881.175,468
881.292,453
881.409,456
881.526,451
881.643,448
881.76,475
881.877,471
881.994,455
882.111,465
882.228,468
882.345,469
882.462,467
882.579,456
882.696,472
882.812,462
882.929,462
883.046,463
883.163,474
883.28,455
883.397,481
883.514,456
883.631,463
883.748,468
883.865,466
883.982,467
884.098,469
884.215,482
884.332,484
884.449,464
884.566,473
884.683,476
884.8,479
884.916,473
885.033,505
885.15,515
885.267,512
885.384,505
885.501,489
885.617,507
885.734,490
885.851,513
885.968,525
886.085,499
886.202,511
886.318,504
886.435,495
886.552,505
886.669,504
886.786,478
886.902,499
887.019,489
887.136,514
887.253,494
887.369,504
887.486,498
887.603,481
887.72,482
887.837,473
887.953,471
888.07,486
888.187,478
888.304,477
888.42,476
888.537,470
888.654,463
888.77,470
888.887,460
889.004,462
889.121,460
889.237,457
889.354,458
889.471,460
889.587,445
889.704,470
889.821,453
889.938,457
890.054,456
890.171,462
890.288,454
890.404,459
890.521,474
890.638,480
890.754,455
890.871,466
890.988,452
891.104,466
891.221,459
891.337,484
891.454,472
891.571,458
891.687,453
891.804,458
891.921,468
892.037,478
892.154,472
892.27,483
892.387,470
892.504,457
892.62,456
892.737,458
892.854,458
892.97,476
893.087,464
893.203,474
893.32,466
893.436,467
893.553,440
893.67,482
893.786,458
893.903,466
894.019,449
894.136,466
894.252,446
894.369,447
894.485,448
894.602,469
894.718,463
894.835,476
894.951,445
895.068,444
895.184,444
895.301,486
895.417,466
895.534,479
895.65,472
895.767,468
895.883,465
896.0,465
896.116,439
896.233,468
896.349,478
896.466,468
896.582,476
896.699,475
896.815,459
896.932,474
897.048,461
897.165,456
897.281,463
897.397,464
897.514,454
897.63,472
897.747,447
897.863,480
897.979,471
898.096,474
898.212,467
898.329,460
898.445,469
898.561,477
898.678,481
898.794,476
898.911,457
899.027,468
899.143,460
899.26,468
899.376,481
899.492,481
899.609,459
899.725,485
899.842,457
899.958,474
900.074,474
900.191,470
900.307,462
900.423,478
900.539,455
900.656,462
900.772,462
900.888,476
901.005,468
901.121,457
901.237,441
901.354,478
901.47,469
901.586,495
901.703,463
901.819,488
901.935,485
902.051,459
902.168,489
902.284,475
902.4,473
902.516,478
902.633,481
902.749,468
902.865,483
902.981,497
903.098,484
903.214,499
903.33,493
903.446,506
903.562,492
903.679,485
903.795,482
903.911,482
904.027,488
904.143,481
904.26,471
904.376,501
904.492,484
904.608,479
904.724,499
904.841,480
904.957,464
905.073,469
905.189,470
905.305,484
905.421,459
905.538,470
905.654,466
905.77,463
905.886,468
906.002,446
906.118,460
906.234,478
906.35,460
906.466,454
906.583,467
906.699,472
906.815,469
906.931,464
907.047,457
907.163,467
907.279,453
907.395,478
907.511,446
907.627,458
907.743,445
907.859,480
907.976,459
908.092,474
908.208,451
908.324,479
908.44,453
908.556,472
908.672,452
908.788,453
908.904,459
909.02,459
909.136,462
909.252,478
909.368,473
909.484,465
909.6,458
909.716,453
909.832,461
909.948,475
910.064,457
910.18,457
910.296,460
910.412,473
910.528,471
910.644,474
910.76,475
910.875,461
910.991,458
911.107,457
911.223,462
911.339,464
911.455,454
911.571,465
911.687,485
911.803,475
911.919,455
912.035,470
912.151,467
912.267,457
912.382,464
912.498,452
912.614,479
912.73,479
912.846,449
792.446,813
792.565,834
792.684,833
792.803,857
792.922,825
793.041,739
793.16,740
793.279,782
793.398,772
793.518,740
793.637,722
793.756,718
793.875,735
793.994,710
794.113,720
794.232,684
794.351,666
794.47,683
794.589,703
794.708,686
794.827,674
794.946,697
795.066,657
795.185,675
795.304,658
795.423,661
795.542,648
795.661,637
795.78,630
795.899,642
796.018,654
796.137,670
796.256,609
796.375,644
796.494,646
796.613,631
796.732,637
796.851,627
796.97,638
797.089,624
797.208,623
797.327,601
797.446,610
797.565,617
797.684,595
797.803,615
797.922,585
798.041,582
798.16,585
798.279,598
798.398,589
798.517,584
798.636,581
798.755,597
798.874,587
798.993,584
799.112,581
799.231,600
799.35,589
799.469,595
799.588,593
799.707,557
799.826,558
799.945,576
800.064,558
800.183,575
800.302,570
800.421,575
800.54,584
800.659,585
800.778,572
800.897,585
801.016,575
801.135,557
801.254,579
801.373,566
801.492,538
801.611,570
801.729,578
801.848,579
801.967,559
802.086,584
802.205,564
802.324,549
802.443,559
802.562,553
802.681,562
802.8,542
802.919,557
803.038,577
803.157,577
803.276,564
803.394,554
803.513,535
803.632,551
803.751,537
803.87,536
803.989,553
804.108,570
804.227,555
804.346,566
804.465,559
804.583,537
804.702,545
804.821,548
804.94,554
805.059,540
805.178,551
805.297,551
805.416,562
805.535,547
805.653,533
805.772,565
805.891,548
806.01,560
806.129,582
806.248,531
806.367,561
806.485,543
806.604,573
806.723,550
806.842,545
806.961,567
807.08,539
807.198,558
807.317,544
807.436,548
807.555,523
807.674,549
807.793,545
807.912,552
808.03,562
808.149,558
808.268,542
808.387,548
808.506,558
808.624,568
808.743,537
808.862,540
808.981,555
809.1,543
809.219,562
809.337,571
809.456,553
809.575,544
809.694,576
809.812,549
809.931,553
810.05,533
810.169,541
810.288,550
810.406,508
810.525,560
810.644,567
810.763,562
810.882,524
811.0,542
811.119,565
811.238,561
811.357,536
811.475,549
811.594,565
811.713,564
811.832,560
811.95,563
812.069,554
812.188,570
812.307,569
812.425,581
812.544,549
812.663,557
812.782,561
812.9,550
813.019,521
813.138,564
813.257,564
813.375,560
813.494,568
813.613,555
813.731,548
813.85,538
813.969,552
814.088,550
814.206,527
814.325,545
814.444,537
814.562,520
814.681,556
814.8,545
814.918,551
815.037,541
815.156,560
815.274,536
815.393,514
815.512,520
815.631,549
815.749,508
815.868,536
815.987,521
816.105,523
816.224,552
816.343,544
816.461,554
816.58,543
816.698,552
816.817,551
816.936,547
817.055,540
817.173,530
817.292,555
817.41,527
817.529,519
817.648,530
817.766,521
817.885,504
818.004,530
818.122,520
818.241,519
818.359,532
818.478,519
818.597,494
818.715,512
818.834,507
818.953,491
819.071,508
819.19,514
819.308,519
819.427,488
819.546,467
819.664,499
819.783,492
819.901,474
820.02,499
820.138,510
820.257,510
820.376,500
820.494,495
820.613,499
820.731,487
820.85,479
820.969,490
821.087,483
821.206,468
821.324,491
821.443,471
821.561,508
821.68,472
821.798,486
821.917,458
822.035,503
822.154,484
822.273,494
822.391,495
822.51,453
822.628,481
822.747,495
822.865,475
822.984,473
823.102,469
823.221,480
823.339,487
823.458,475
823.576,485
823.695,481
823.813,476
823.932,477
824.05,481
824.169,500
824.287,468
824.406,501
824.524,490
824.643,495
824.761,469
824.88,479
824.998,459
825.117,487
825.235,462
825.354,467
825.472,473
825.591,484
825.709,478
825.828,494
825.946,489
826.064,482
826.183,474
826.301,480
826.42,472
826.538,474
826.657,467
826.775,463
826.894,484
827.012,475
827.13,464
827.249,497
827.367,472
827.486,466
827.604,474
827.723,467
827.841,469
827.959,481
828.078,450
828.196,469
828.315,455
828.433,458
828.552,459
828.67,466
828.788,466
828.907,466
829.025,473
829.143,455
829.262,482
829.38,453
829.499,444
829.617,477
829.735,459
829.854,463
829.972,458
830.091,474
830.209,466
830.327,443
830.446,481
830.564,478
830.682,478
830.801,442
830.919,481
831.037,483
831.156,479
831.274,488
831.392,467
831.511,456
831.629,472
831.747,462
831.866,475
831.984,464
832.102,479
832.221,469
832.339,456
832.457,461
832.576,462
832.694,463
832.812,457
832.93,453
833.049,466
833.167,481
833.285,466
833.404,494
833.522,448
833.64,480
833.759,468
833.877,474
833.995,475
834.113,474
834.232,483
834.35,466
834.468,475
834.586,461
834.705,477
834.823,488
834.941,467
835.059,462
835.178,477
835.296,478
835.414,477
835.532,478
835.651,480
835.769,459
835.887,466
836.005,460
836.124,471
836.242,459
836.36,479
836.478,453
836.596,453
836.715,490
836.833,469
836.951,465
837.069,465
837.188,464
837.306,466
837.424,476
837.542,479
837.66,468
837.779,483
837.897,488
838.015,472
838.133,499
838.251,463
838.369,463
838.487,468
838.606,464
838.724,462
838.842,455
838.96,464
839.078,477
839.196,447
839.315,482
839.433,476
839.551,468
839.669,477
839.787,483
839.905,478
840.023,484
840.142,484
840.26,482
840.378,470
840.496,480
840.614,488
840.732,474
840.85,467
840.968,468
841.087,467
841.205,482
841.323,487
841.441,488
841.559,475
841.677,500
841.795,466
841.913,470
842.031,483
842.149,489
842.267,478
842.385,488
842.504,473
842.622,476
842.74,469
842.858,468
842.976,474
843.094,475
843.212,480
843.33,484
843.448,490
843.566,484
843.684,483
843.802,481
843.92,470
844.038,473
844.156,479
844.274,471
844.392,474
844.51,488
844.628,473
844.746,487
844.864,468
844.982,509
845.1,490
845.218,482
845.336,444
845.454,501
845.572,479
845.69,478
845.808,459
845.926,482
846.044,479
846.162,475
846.28,481
846.398,454
846.516,492
846.634,487
846.752,477
846.87,469
846.988,464
847.106,482
847.224,493
847.342,489
847.46,473
847.578,482
847.696,482
847.814,496
847.932,494
848.05,482
848.168,484
848.285,485
848.403,497
848.521,483
848.639,483
848.757,492
848.875,471
848.993,491
849.111,490
849.229,484
849.347,488
849.465,484
849.582,475
849.7,477
849.818,479
849.936,492
850.054,481
850.172,492
850.29,485
850.408,489
850.525,490
850.643,506
850.761,487
850.879,482
850.997,486
851.115,492
851.233,490
851.35,489
851.468,499
851.586,489
851.704,489
851.822,469
851.94,486
852.057,473
852.175,496
852.293,496
852.411,493
852.529,480
852.647,515
852.764,506
852.882,491
853.0,491
853.118,489
853.236,481
853.353,474
853.471,462
853.589,481
853.707,491
853.824,473
853.942,485
854.06,470
854.178,474
854.296,483
854.413,480
854.531,476
854.649,485
854.767,484
854.884,488
855.002,469
855.12,491
855.238,483
855.355,482
855.473,466
855.591,481
855.708,486
855.826,484
855.944,469
856.062,479
856.179,479
856.297,474
856.415,487
856.532,469
856.65,488
856.768,499
856.886,491
857.003,504
857.121,466
857.239,487
857.356,486
857.474,493
857.592,486
857.709,472
857.827,487
857.945,496
858.062,477
858.18,479
858.298,489
858.415,491
858.533,468
858.651,469
858.768,490
858.886,477
859.003,486
859.121,473
859.239,480
859.356,463
859.474,475
859.592,481
859.709,481
859.827,481
859.944,463
860.062,463
860.18,472
860.297,481
860.415,466
860.532,487
860.65,473
860.768,479
860.885,458
861.003,484
861.12,464
861.238,484
861.356,462
861.473,466
861.591,493
861.708,458
861.826,489
861.943,477
862.061,464
862.178,462
862.296,448
862.414,476
862.531,454
862.649,476
862.766,466
862.884,483
863.001,482
863.119,462
863.236,481
863.354,449
863.471,476
863.589,479
863.706,469
863.824,473
863.941,461
864.059,473
864.176,489
864.294,476
864.411,477
864.529,459
864.646,470
864.764,467
864.881,474
864.999,475
865.116,444
865.233,473
865.351,473
865.468,473
865.586,464
865.703,452
865.821,474
865.938,469
866.056,455
866.173,484
866.29,459
866.408,476
866.525,467
866.643,468
866.76,478
866.878,485
866.995,469
867.112,471
867.23,473
867.347,473
867.465,470
867.582,472
867.699,483
867.817,477
867.934,463
868.051,456
868.169,452
868.286,465
868.404,467
868.521,484
868.638,456
868.756,453
868.873,478
868.99,462
869.108,478
869.225,486
869.342,465
869.46,484
869.577,489
869.694,489
869.812,471
869.929,478
870.046,468
870.164,478
870.281,488
870.398,484
870.516,497
870.633,476
870.75,473
870.867,473
870.985,478
871.102,496
871.219,484
871.337,498
871.454,483
871.571,493
871.688,476
871.806,485
871.923,494
872.04,493
872.157,470
872.275,487
872.392,468
872.509,493
872.626,476
872.744,481
872.861,479
872.978,480
873.095,485
873.213,484
873.33,487
873.447,484
873.564,478
873.681,481
873.799,457
873.916,499
874.033,463
874.15,467
874.267,497
874.385,478
874.502,487
874.619,470
874.736,469
874.853,480
874.97,486
875.088,484
875.205,484
875.322,472
875.439,475
875.556,488
875.673,495
875.791,489
875.908,467
876.025,482
876.142,490
876.259,445
876.376,487
876.493,480
876.61,490
876.728,455
876.845,479
876.962,480
877.079,451
877.196,476
877.313,486
877.43,466
877.547,483
877.664,455
877.781,493
877.898,483
878.016,488
878.133,491
878.25,469
878.367,455
878.484,456
878.601,487
878.718,486
878.835,465
878.952,469
879.069,460
879.186,449
879.303,459
879.42,457
879.537,475
879.654,468
879.771,464
879.888,438
880.005,473
880.122,467
880.239,450
880.356,463
880.473,482
880.59,457
880.707,488
880.824,473
880.941,471
881.058,471
881.175,454
881.292,494
881.409,485
881.526,460
881.643,462
881.76,469
881.877,468
881.994,473
882.111,461
882.228,458
882.345,442
882.462,472
882.579,467
882.696,456
882.812,514
882.929,454
883.046,472
883.163,463
883.28,472
883.397,459
883.514,463
883.631,472
883.748,474
883.865,463
883.982,458
884.098,470
884.215,445
884.332,487
884.449,476
884.566,494
884.683,486
884.8,488
884.916,503
885.033,487
885.15,511
885.267,497
885.384,522
885.501,484
885.617,516
885.734,506
885.851,505
885.968,514
886.085,503
886.202,508
886.318,503
886.435,494
886.552,494
886.669,499
886.786,502
886.902,502
887.019,490
887.136,475
887.253,494
887.369,466
887.486,501
887.603,468
887.72,467
887.837,472
887.953,479
888.07,478
888.187,474
888.304,478
888.42,469
888.537,473
888.654,456
888.77,462
888.887,485
889.004,466
889.121,459
889.237,472
889.354,473
889.471,460
889.587,450
889.704,456
889.821,457
889.938,448
890.054,450
890.171,473
890.288,466
890.404,462
890.521,463
890.638,457
890.754,474
890.871,456
890.988,473
891.104,451
891.221,442
891.337,462
891.454,469
891.571,468
891.687,461
891.804,469
891.921,470
892.037,468
892.154,472
892.27,462
892.387,448
892.504,444
892.62,466
892.737,462
892.854,459
892.97,475
893.087,468
893.203,457
893.32,465
893.436,457
893.553,466
893.67,457
893.786,470
893.903,471
894.019,485
894.136,451
894.252,477
894.369,466
894.485,468
894.602,463
894.718,475
894.835,460
894.951,458
895.068,467
895.184,442
895.301,472
895.417,468
895.534,459
895.65,455
895.767,452
895.883,457
896.0,460
896.116,473
896.233,461
896.349,458
896.466,455
896.582,463
896.699,463
896.815,456
896.932,478
897.048,469
897.165,466
897.281,466
897.397,462
897.514,453
897.63,455
897.747,456
897.863,473
897.979,480
898.096,452
898.212,468
898.329,472
898.445,474
898.561,463
898.678,465
898.794,465
898.911,459
899.027,463
899.143,468
899.26,461
899.376,469
899.492,447
899.609,458
899.725,473
899.842,462
899.958,465
900.074,482
900.191,463
900.307,456
900.423,463
900.539,463
900.656,482
900.772,472
900.888,457
901.005,486
901.121,469
901.237,461
901.354,471
901.47,485
901.586,467
901.703,486
901.819,478
901.935,464
902.051,492
902.168,478
902.284,488
902.4,484
902.516,478
902.633,496
902.749,474
902.865,508
902.981,486
903.098,465
903.214,477
903.33,487
903.446,467
903.562,469
903.679,498
903.795,485
903.911,471
904.027,506
904.143,487
904.26,481
904.376,455
904.492,495
904.608,472
904.724,484
904.841,479
904.957,490
905.073,476
905.189,466
905.305,464
905.421,495
905.538,480
905.654,466
905.77,481
905.886,490
906.002,455
906.118,476
906.234,446
906.35,458
906.466,470
906.583,460
906.699,457
906.815,457
906.931,452
907.047,477
907.163,447
907.279,475
907.395,466
907.511,473
907.627,456
907.743,487
907.859,478
907.976,456
908.092,460
908.208,462
908.324,450
908.44,477
908.556,470
908.672,477
908.788,463
908.904,488
909.02,441
909.136,483
909.252,459
909.368,482
909.484,461
909.6,466
909.716,463
909.832,463
909.948,460
910.064,470
910.18,464
910.296,470
910.412,466
910.528,475
910.644,482
910.76,486
910.875,438
910.991,442
911.107,478
911.223,474
911.339,480
911.455,444
911.571,470
911.687,483
911.803,469
911.919,457
912.035,462
912.151,462
912.267,473
912.382,474
912.498,465
912.614,452
912.73,460
912.846,465
