792.446,538
792.565,578
792.684,605
792.803,600
792.922,581
793.041,537
793.16,526
793.279,546
793.398,538
793.518,518
793.637,527
793.756,568
793.875,551
793.994,509
794.113,546
794.232,523
794.351,534
794.47,515
794.589,512
794.708,519
794.827,503
794.946,508
795.066,528
795.185,529
795.304,548
795.423,509
795.542,541
795.661,499
795.78,517
795.899,513
796.018,506
796.137,507
796.256,511
796.375,503
796.494,531
796.613,511
796.732,530
796.851,509
796.97,534
797.089,483
797.208,493
797.327,519
797.446,519
797.565,501
797.684,502
797.803,512
797.922,496
798.041,504
798.16,521
798.279,478
798.398,497
798.517,502
798.636,496
798.755,478
798.874,505
798.993,496
799.112,504
799.231,500
799.35,495
799.469,495
799.588,529
799.707,493
799.826,518
799.945,495
800.064,508
800.183,482
800.302,516
800.421,499
800.54,518
800.659,497
800.778,489
800.897,489
801.016,514
801.135,503
801.254,474
801.373,491
801.492,478
801.611,498
801.729,502
801.848,490
801.967,506
802.086,510
802.205,500
802.324,493
802.443,489
802.562,449
802.681,492
802.8,486
802.919,517
803.038,466
803.157,502
803.276,474
803.394,487
803.513,481
803.632,484
803.751,496
803.87,493
803.989,509
804.108,497
804.227,475
804.346,508
804.465,501
804.583,496
804.702,501
804.821,480
804.94,484
805.059,487
805.178,494
805.297,492
805.416,476
805.535,479
805.653,478
805.772,487
805.891,483
806.01,510
806.129,486
806.248,488
806.367,479
806.485,491
806.604,485
806.723,489
806.842,475
806.961,492
807.08,475
807.198,493
807.317,490
807.436,492
807.555,472
807.674,514
807.793,483
807.912,497
808.03,500
808.149,497
808.268,506
808.387,503
808.506,477
808.624,476
808.743,486
808.862,480
808.981,467
809.1,507
809.219,482
809.337,482
809.456,485
809.575,484
809.694,490
809.812,472
809.931,480
810.05,514
810.169,481
810.288,471
810.406,504
810.525,491
810.644,509
810.763,506
810.882,471
811.0,495
811.119,500
811.238,472
811.357,478
811.475,489
811.594,476
811.713,482
811.832,466
811.95,496
812.069,463
812.188,493
812.307,478
812.425,511
812.544,483
812.663,473
812.782,474
812.9,493
813.019,469
813.138,481
813.257,474
813.375,483
813.494,493
813.613,475
813.731,472
813.85,485
813.969,471
814.088,494
814.206,494
814.325,487
814.444,469
814.562,497
814.681,474
814.8,486
814.918,488
815.037,487
815.156,472
815.274,478
815.393,466
815.512,471
815.631,479
815.749,483
815.868,498
815.987,491
816.105,453
816.224,494
816.343,473
816.461,476
816.58,480
816.698,482
816.817,482
816.936,479
817.055,478
817.173,481
817.292,482
817.41,487
817.529,468
817.648,477
817.766,483
817.885,475
818.004,470
818.122,485
818.241,454
818.359,465
818.478,461
818.597,461
818.715,471
818.834,467
818.953,458
819.071,479
819.19,469
819.308,475
819.427,482
819.546,478
819.664,477
819.783,474
819.901,461
820.02,467
820.138,476
820.257,476
820.376,464
820.494,462
820.613,466
820.731,469
820.85,457
820.969,470
821.087,441
821.206,456
821.324,457
821.443,453
821.561,453
821.68,457
821.798,455
821.917,452
822.035,484
822.154,454
822.273,428
822.391,469
822.51,447
822.628,485
822.747,458
822.865,453
822.984,453
823.102,460
823.221,446
823.339,458
823.458,450
823.576,481
823.695,474
823.813,455
823.932,441
824.05,451
824.169,480
824.287,441
824.406,471
824.524,459
824.643,465
824.761,465
824.88,453
824.998,448
825.117,437
825.235,454
825.354,439
825.472,483
825.591,467
825.709,454
825.828,455
825.946,438
826.064,453
826.183,453
826.301,458
826.42,461
826.538,471
826.657,444
826.775,444
826.894,444
827.012,431
827.13,448
827.249,448
827.367,435
827.486,459
827.604,464
827.723,471
827.841,448
827.959,448
828.078,448
828.196,438
828.315,452
828.433,443
828.552,448
828.67,446
828.788,461
828.907,440
829.025,443
829.143,466
829.262,451
829.38,440
829.499,457
829.617,444
829.735,453
829.854,445
829.972,459
830.091,451
830.209,465
830.327,462
830.446,445
830.564,445
830.682,490
830.801,443
830.919,462
831.037,449
831.156,431
831.274,448
831.392,445
831.511,450
831.629,444
831.747,446
831.866,453
831.984,455
832.102,463
832.221,441
832.339,441
832.457,450
832.576,462
832.694,422
832.812,465
832.93,445
833.049,456
833.167,451
833.285,453
833.404,436
833.522,458
833.64,444
833.759,448
833.877,447
833.995,437
834.113,448
834.232,460
834.35,451
834.468,450
834.586,444
834.705,439
834.823,431
834.941,469
835.059,445
835.178,457
835.296,457
835.414,444
835.532,435
835.651,464
835.769,437
835.887,463
836.005,439
836.124,444
836.242,444
836.36,464
836.478,450
836.596,456
836.715,441
836.833,464
836.951,456
837.069,443
837.188,444
837.306,449
837.424,444
837.542,444
837.66,454
837.779,442
837.897,450
838.015,452
838.133,449
838.251,441
838.369,459
838.487,466
838.606,460
838.724,450
838.842,437
838.96,440
839.078,470
839.196,442
839.315,442
839.433,437
839.551,431
839.669,457
839.787,450
839.905,446
840.023,453
840.142,444
840.26,437
840.378,447
840.496,443
840.614,456
840.732,435
840.85,457
840.968,445
841.087,438
841.205,445
841.323,452
841.441,459
841.559,433
841.677,438
841.795,449
841.913,436
842.031,439
842.149,457
842.267,444
842.385,449
842.504,437
842.622,448
842.74,454
842.858,448
842.976,466
843.094,451
843.212,451
843.33,434
843.448,467
843.566,451
843.684,431
843.802,433
843.92,453
844.038,478
844.156,451
844.274,443
844.392,460
844.51,444
844.628,448
844.746,422
844.864,466
844.982,448
845.1,448
845.218,445
845.336,463
845.454,449
845.572,458
845.69,448
845.808,465
845.926,436
846.044,442
846.162,441
846.28,452
846.398,445
846.516,455
846.634,443
846.752,475
846.87,441
846.988,460
847.106,449
847.224,436
847.342,463
847.46,431
847.578,430
847.696,450
847.814,464
847.932,449
848.05,442
848.168,464
848.285,451
848.403,440
848.521,449
848.639,451
848.757,432
848.875,447
848.993,432
849.111,474
849.229,434
849.347,443
849.465,441
849.582,460
849.7,447
849.818,473
849.936,425
850.054,471
850.172,432
850.29,467
850.408,441
850.525,448
850.643,463
850.761,466
850.879,437
850.997,459
851.115,459
851.233,476
851.35,452
851.468,458
851.586,466
851.704,443
851.822,442
851.94,460
852.057,451
852.175,431
852.293,441
852.411,439
852.529,442
852.647,455
852.764,447
852.882,464
853.0,425
853.118,451
853.236,427
853.353,444
853.471,441
853.589,448
853.707,456
853.824,460
853.942,448
854.06,457
854.178,438
854.296,448
854.413,457
854.531,443
854.649,449
854.767,450
854.884,452
855.002,444
855.12,449
855.238,455
855.355,446
855.473,455
855.591,458
855.708,434
855.826,439
855.944,441
856.062,429
856.179,441
856.297,424
856.415,454
856.532,433
856.65,451
856.768,435
856.886,464
857.003,427
857.121,446
857.239,441
857.356,442
857.474,437
857.592,423
857.709,452
857.827,434
857.945,438
858.062,442
858.18,432
858.298,440
858.415,454
858.533,449
858.651,443
858.768,446
858.886,461
859.003,440
859.121,450
859.239,455
859.356,430
859.474,461
859.592,460
859.709,464
859.827,446
859.944,438
860.062,461
860.18,456
860.297,444
860.415,455
860.532,437
860.65,455
860.768,444
860.885,431
861.003,416
861.12,445
861.238,439
861.356,458
861.473,445
861.591,458
861.708,450
861.826,461
861.943,441
862.061,463
862.178,436
862.296,426
862.414,443
862.531,447
862.649,451
862.766,445
862.884,457
863.001,465
863.119,432
863.236,461
863.354,443
863.471,453
863.589,457
863.706,442
863.824,435
863.941,458
864.059,436
864.176,452
864.294,438
864.411,440
864.529,442
864.646,423
864.764,424
864.881,448
864.999,425
865.116,431
865.233,443
865.351,449
865.468,437
865.586,458
865.703,439
865.821,452
865.938,442
866.056,438
866.173,444
866.29,442
866.408,445
866.525,454
866.643,435
866.76,443
866.878,455
866.995,452
867.112,436
867.23,445
867.347,440
867.465,460
867.582,441
867.699,457
867.817,431
867.934,445
868.051,430
868.169,453
868.286,454
868.404,451
868.521,452
868.638,447
868.756,452
868.873,435
868.99,455
869.108,462
869.225,437
869.342,453
869.46,432
869.577,442
869.694,471
869.812,453
869.929,435
870.046,465
870.164,444
870.281,445
870.398,456
870.516,429
870.633,440
870.75,439
870.867,453
870.985,439
871.102,434
871.219,452
871.337,447
871.454,461
871.571,450
871.688,462
871.806,451
871.923,470
872.04,464
872.157,444
872.275,449
872.392,460
872.509,448
872.626,450
872.744,444
872.861,452
872.978,445
873.095,451
873.213,439
873.33,424
873.447,447
873.564,451
873.681,443
873.799,464
873.916,450
874.033,445
874.15,457
874.267,458
874.385,439
874.502,460
874.619,461
874.736,456
874.853,438
874.97,431
875.088,459
875.205,442
875.322,427
875.439,454
875.556,448
875.673,424
875.791,433
875.908,457
876.025,463
876.142,446
876.259,452
876.376,453
876.493,427
876.61,456
876.728,452
876.845,446
876.962,431
877.079,431
877.196,449
877.313,427
877.43,441
877.547,448
877.664,439
877.781,452
877.898,436
878.016,460
878.133,448
878.25,464
878.367,467
878.484,460
878.601,444
878.718,437
878.835,453
878.952,441
879.069,456
879.186,457
879.303,441
879.42,451
879.537,426
879.654,445
879.771,460
879.888,452
880.005,439
880.122,452
880.239,436
880.356,457
880.473,428
880.59,445
880.707,413
880.824,454
880.941,437
881.058,455
881.175,441
881.292,453
881.409,453
881.526,433
881.643,438
881.76,446
881.877,438
881.994,441
882.111,437
882.228,440
882.345,436
882.462,429
882.579,448
882.696,436
882.812,434
882.929,455
883.046,431
883.163,457
883.28,442
883.397,451
883.514,454
883.631,432
883.748,436
883.865,441
883.982,440
884.098,454
884.215,444
884.332,434
884.449,455
884.566,445
884.683,444
884.8,444
884.916,443
885.033,465
885.15,442
885.267,470
885.384,455
885.501,459
885.617,462
885.734,450
885.851,446
885.968,444
886.085,455
886.202,445
886.318,460
886.435,447
886.552,452
886.669,459
886.786,460
886.902,455
887.019,446
887.136,455
887.253,446
887.369,448
887.486,445
887.603,443
887.72,443
887.837,454
887.953,443
888.07,454
888.187,434
888.304,456
888.42,441
888.537,448
888.654,451
888.77,434
888.887,446
889.004,459
889.121,457
889.237,444
889.354,437
889.471,435
889.587,443
889.704,428
889.821,434
889.938,442
890.054,443
890.171,460
890.288,457
890.404,448
890.521,438
890.638,449
890.754,441
890.871,454
890.988,446
891.104,446
891.221,437
891.337,460
891.454,440
891.571,431
891.687,447
891.804,448
891.921,432
892.037,455
892.154,441
892.27,454
892.387,438
892.504,463
892.62,441
892.737,443
892.854,439
892.97,454
893.087,441
893.203,459
893.32,439
893.436,461
893.553,453
893.67,476
893.786,453
893.903,431
894.019,439
894.136,445
894.252,449
894.369,453
894.485,430
894.602,462
894.718,430
894.835,451
894.951,435
895.068,467
895.184,446
895.301,437
895.417,442
895.534,451
895.65,449
895.767,443
895.883,450
896.0,460
896.116,456
896.233,443
896.349,439
896.466,459
896.582,435
896.699,447
896.815,463
896.932,460
897.048,449
897.165,466
897.281,433
897.397,445
897.514,451
897.63,455
897.747,461
897.863,460
897.979,448
898.096,434
898.212,459
898.329,466
898.445,461
898.561,455
898.678,450
898.794,454
898.911,459
899.027,460
899.143,437
899.26,453
899.376,434
899.492,467
899.609,451
899.725,454
899.842,462
899.958,468
900.074,438
900.191,454
900.307,432
900.423,455
900.539,460
900.656,444
900.772,472
900.888,450
901.005,456
901.121,439
901.237,452
901.354,465
901.47,450
901.586,476
901.703,450
901.819,456
901.935,449
902.051,451
902.168,437
902.284,458
902.4,456
902.516,452
902.633,443
902.749,465
902.865,463
902.981,449
903.098,448
903.214,461
903.33,464
903.446,467
903.562,454
903.679,454
903.795,436
903.911,462
904.027,457
904.143,466
904.26,458
904.376,451
904.492,461
904.608,470
904.724,457
904.841,447
904.957,425
905.073,470
905.189,457
905.305,450
905.421,454
905.538,456
905.654,438
905.77,438
905.886,465
906.002,460
906.118,440
906.234,468
906.35,452
906.466,446
906.583,435
906.699,482
906.815,434
906.931,451
907.047,455
907.163,457
907.279,435
907.395,470
907.511,447
907.627,468
907.743,469
907.859,464
907.976,445
908.092,452
908.208,433
908.324,456
908.44,439
908.556,472
908.672,453
908.788,464
908.904,458
909.02,469
909.136,460
909.252,462
909.368,451
909.484,463
909.6,428
909.716,472
909.832,451
909.948,444
910.064,462
910.18,435
910.296,443
910.412,447
910.528,439
910.644,457
910.76,462
910.875,454
910.991,475
911.107,473
911.223,451
911.339,455
911.455,466
911.571,461
911.687,457
911.803,464
911.919,454
912.035,443
912.151,446
912.267,462
912.382,463
912.498,433
912.614,443
912.73,451
912.846,465
792.446,589
792.565,585
792.684,634
792.803,588
792.922,559
793.041,551
793.16,556
793.279,575
793.398,546
793.518,555
793.637,527
793.756,541
793.875,559
793.994,555
794.113,539
794.232,524
794.351,543
794.47,545
794.589,572
794.708,528
794.827,539
794.946,540
795.066,544
795.185,532
795.304,531
795.423,535
795.542,541
795.661,549
795.78,494
795.899,543
796.018,515
796.137,520
796.256,514
796.375,523
796.494,532
796.613,525
796.732,513
796.851,502
796.97,503
797.089,511
797.208,511
797.327,515
797.446,505
797.565,522
797.684,529
797.803,530
797.922,516
798.041,506
798.16,505
798.279,491
798.398,509
798.517,508
798.636,509
798.755,501
798.874,507
798.993,489
799.112,490
799.231,481
799.35,507
799.469,507
799.588,505
799.707,491
799.826,524
799.945,511
800.064,488
800.183,513
800.302,488
800.421,489
800.54,492
800.659,519
800.778,513
800.897,496
801.016,485
801.135,496
801.254,489
801.373,514
801.492,497
801.611,494
801.729,485
801.848,494
801.967,477
802.086,484
802.205,504
802.324,489
802.443,481
802.562,484
802.681,500
802.8,501
802.919,500
803.038,508
803.157,475
803.276,491
803.394,502
803.513,495
803.632,510
803.751,503
803.87,496
803.989,499
804.108,482
804.227,501
804.346,481
804.465,501
804.583,490
804.702,514
804.821,488
804.94,484
805.059,489
805.178,489
805.297,482
805.416,495
805.535,501
805.653,502
805.772,483
805.891,497
806.01,500
806.129,492
806.248,482
806.367,505
806.485,495
806.604,505
806.723,487
806.842,499
806.961,493
807.08,476
807.198,493
807.317,483
807.436,499
807.555,473
807.674,502
807.793,495
807.912,481
808.03,482
808.149,476
808.268,498
808.387,501
808.506,499
808.624,497
808.743,496
808.862,495
808.981,487
809.1,507
809.219,479
809.337,474
809.456,495
809.575,496
809.694,507
809.812,488
809.931,488
810.05,490
810.169,499
810.288,482
810.406,471
810.525,488
810.644,495
810.763,497
810.882,485
811.0,491
811.119,498
811.238,475
811.357,499
811.475,493
811.594,497
811.713,506
811.832,507
811.95,501
812.069,509
812.188,491
812.307,467
812.425,496
812.544,506
812.663,496
812.782,514
812.9,484
813.019,503
813.138,489
813.257,502
813.375,501
813.494,501
813.613,483
813.731,475
813.85,479
813.969,483
814.088,477
814.206,480
814.325,486
814.444,484
814.562,491
814.681,482
814.8,504
814.918,497
815.037,487
815.156,499
815.274,491
815.393,473
815.512,485
815.631,493
815.749,484
815.868,498
815.987,480
816.105,489
816.224,473
816.343,476
816.461,498
816.58,485
816.698,466
816.817,468
816.936,481
817.055,495
817.173,503
817.292,496
817.41,503
817.529,488
817.648,495
817.766,474
817.885,493
818.004,485
818.122,476
818.241,471
818.359,477
818.478,467
818.597,485
818.715,497
818.834,466
818.953,468
819.071,491
819.19,480
819.308,474
819.427,450
819.546,459
819.664,451
819.783,474
819.901,481
820.02,478
820.138,476
820.257,472
820.376,475
820.494,463
820.613,465
820.731,469
820.85,479
820.969,477
821.087,483
821.206,471
821.324,463
821.443,491
821.561,450
821.68,453
821.798,476
821.917,460
822.035,457
822.154,478
822.273,492
822.391,465
822.51,471
822.628,458
822.747,450
822.865,478
822.984,462
823.102,435
823.221,458
823.339,475
823.458,471
823.576,449
823.695,463
823.813,440
823.932,462
824.05,458
824.169,468
824.287,464
824.406,461
824.524,456
824.643,457
824.761,460
824.88,466
824.998,444
825.117,459
825.235,470
825.354,476
825.472,463
825.591,457
825.709,448
825.828,445
825.946,447
826.064,432
826.183,452
826.301,478
826.42,471
826.538,449
826.657,451
826.775,459
826.894,465
827.012,454
827.13,465
827.249,451
827.367,463
827.486,456
827.604,443
827.723,454
827.841,459
827.959,470
828.078,438
828.196,468
828.315,447
828.433,460
828.552,459
828.67,440
828.788,457
828.907,469
829.025,449
829.143,454
829.262,449
829.38,446
829.499,462
829.617,451
829.735,442
829.854,421
829.972,472
830.091,452
830.209,472
830.327,451
830.446,428
830.564,444
830.682,474
830.801,442
830.919,456
831.037,457
831.156,462
831.274,464
831.392,461
831.511,459
831.629,464
831.747,466
831.866,434
831.984,444
832.102,461
832.221,448
832.339,451
832.457,446
832.576,443
832.694,445
832.812,450
832.93,452
833.049,458
833.167,455
833.285,451
833.404,457
833.522,452
833.64,451
833.759,454
833.877,464
833.995,448
834.113,452
834.232,473
834.35,453
834.468,439
834.586,460
834.705,442
834.823,442
834.941,443
835.059,477
835.178,443
835.296,452
835.414,449
835.532,453
835.651,457
835.769,441
835.887,457
836.005,430
836.124,461
836.242,444
836.36,446
836.478,457
836.596,459
836.715,457
836.833,456
836.951,451
837.069,454
837.188,434
837.306,441
837.424,451
837.542,445
837.66,462
837.779,455
837.897,446
838.015,448
838.133,457
838.251,451
838.369,473
838.487,435
838.606,449
838.724,449
838.842,442
838.96,477
839.078,423
839.196,449
839.315,461
839.433,454
839.551,452
839.669,438
839.787,461
839.905,441
840.023,450
840.142,451
840.26,464
840.378,448
840.496,434
840.614,452
840.732,455
840.85,456
840.968,452
841.087,459
841.205,435
841.323,452
841.441,464
841.559,452
841.677,452
841.795,465
841.913,441
842.031,452
842.149,469
842.267,458
842.385,451
842.504,466
842.622,445
842.74,409
842.858,454
842.976,447
843.094,432
843.212,443
843.33,464
843.448,431
843.566,433
843.684,449
843.802,443
843.92,483
844.038,456
844.156,440
844.274,437
844.392,451
844.51,446
844.628,436
844.746,463
844.864,456
844.982,440
845.1,475
845.218,446
845.336,452
845.454,475
845.572,431
845.69,445
845.808,443
845.926,454
846.044,453
846.162,454
846.28,463
846.398,445
846.516,452
846.634,440
846.752,446
846.87,458
846.988,459
847.106,470
847.224,422
847.342,449
847.46,467
847.578,445
847.696,450
847.814,445
847.932,448
848.05,481
848.168,446
848.285,466
848.403,441
848.521,445
848.639,468
848.757,464
848.875,458
848.993,467
849.111,453
849.229,448
849.347,438
849.465,460
849.582,441
849.7,443
849.818,469
849.936,465
850.054,473
850.172,455
850.29,447
850.408,460
850.525,471
850.643,472
850.761,454
850.879,475
850.997,462
851.115,457
851.233,457
851.35,446
851.468,447
851.586,457
851.704,456
851.822,479
851.94,455
852.057,448
852.175,447
852.293,452
852.411,448
852.529,481
852.647,454
852.764,459
852.882,445
853.0,474
853.118,441
853.236,458
853.353,441
853.471,433
853.589,435
853.707,446
853.824,443
853.942,430
854.06,438
854.178,440
854.296,454
854.413,441
854.531,451
854.649,449
854.767,446
854.884,437
855.002,419
855.12,433
855.238,417
855.355,459
855.473,471
855.591,473
855.708,446
855.826,428
855.944,465
856.062,446
856.179,444
856.297,451
856.415,445
856.532,465
856.65,438
856.768,434
856.886,450
857.003,429
857.121,449
857.239,448
857.356,451
857.474,442
857.592,438
857.709,470
857.827,455
857.945,449
858.062,445
858.18,452
858.298,466
858.415,456
858.533,437
858.651,451
858.768,443
858.886,462
859.003,465
859.121,446
859.239,450
859.356,449
859.474,452
859.592,430
859.709,446
859.827,454
859.944,446
860.062,469
860.18,431
860.297,456
860.415,452
860.532,438
860.65,446
860.768,453
860.885,420
861.003,440
861.12,439
861.238,456
861.356,437
861.473,449
861.591,442
861.708,444
861.826,441
861.943,446
862.061,454
862.178,465
862.296,434
862.414,436
862.531,444
862.649,430
862.766,450
862.884,435
863.001,424
863.119,452
863.236,453
863.354,450
863.471,449
863.589,449
863.706,442
863.824,446
863.941,448
864.059,446
864.176,441
864.294,442
864.411,453
864.529,446
864.646,443
864.764,429
864.881,453
864.999,454
865.116,445
865.233,448
865.351,437
865.468,439
865.586,464
865.703,441
865.821,431
865.938,447
866.056,464
866.173,440
866.29,437
866.408,430
866.525,454
866.643,466
866.76,453
866.878,449
866.995,444
867.112,428
867.23,433
867.347,452
867.465,427
867.582,437
867.699,436
867.817,446
867.934,441
868.051,445
868.169,439
868.286,459
868.404,446
868.521,429
868.638,445
868.756,432
868.873,447
868.99,444
869.108,460
869.225,432
869.342,454
869.46,453
869.577,453
869.694,457
869.812,441
869.929,445
870.046,460
870.164,456
870.281,450
870.398,431
870.516,462
870.633,467
870.75,448
870.867,435
870.985,446
871.102,470
871.219,449
871.337,452
871.454,473
871.571,461
871.688,435
871.806,455
871.923,433
872.04,445
872.157,448
872.275,454
872.392,457
872.509,453
872.626,450
872.744,451
872.861,430
872.978,449
873.095,467
873.213,465
873.33,447
873.447,461
873.564,451
873.681,472
873.799,447
873.916,445
874.033,427
874.15,445
874.267,466
874.385,451
874.502,442
874.619,474
874.736,455
874.853,459
874.97,445
875.088,452
875.205,439
875.322,430
875.439,453
875.556,443
875.673,446
875.791,445
875.908,433
876.025,444
876.142,438
876.259,445
876.376,457
876.493,462
876.61,455
876.728,455
876.845,468
876.962,438
877.079,464
877.196,467
877.313,443
877.43,454
877.547,449
877.664,454
877.781,445
877.898,454
878.016,442
878.133,457
878.25,427
878.367,439
878.484,457
878.601,441
878.718,443
878.835,441
878.952,442
879.069,438
879.186,461
879.303,447
879.42,440
879.537,461
879.654,454
879.771,441
879.888,435
880.005,434
880.122,450
880.239,447
880.356,441
880.473,440
880.59,457
880.707,453
880.824,437
880.941,439
881.058,444
881.175,441
881.292,453
881.409,444
881.526,452
881.643,439
881.76,436
881.877,426
881.994,443
882.111,447
882.228,440
882.345,446
882.462,438
882.579,434
882.696,456
882.812,462
882.929,435
883.046,436
883.163,443
883.28,455
883.397,436
883.514,444
883.631,452
883.748,444
883.865,435
883.982,466
884.098,455
884.215,437
884.332,443
884.449,460
884.566,435
884.683,472
884.8,476
884.916,474
885.033,446
885.15,453
885.267,444
885.384,474
885.501,458
885.617,440
885.734,464
885.851,454
885.968,477
886.085,466
886.202,443
886.318,446
886.435,449
886.552,461
886.669,442
886.786,447
886.902,459
887.019,458
887.136,445
887.253,437
887.369,442
887.486,475
887.603,462
887.72,458
887.837,454
887.953,450
888.07,447
888.187,451
888.304,459
888.42,459
888.537,453
888.654,459
888.77,458
888.887,452
889.004,460
889.121,446
889.237,467
889.354,462
889.471,435
889.587,442
889.704,468
889.821,453
889.938,439
890.054,437
890.171,439
890.288,464
890.404,433
890.521,437
890.638,454
890.754,457
890.871,440
890.988,451
891.104,453
891.221,438
891.337,427
891.454,438
891.571,432
891.687,468
891.804,448
891.921,463
892.037,469
892.154,443
892.27,439
892.387,468
892.504,442
892.62,453
892.737,451
892.854,446
892.97,442
893.087,440
893.203,453
893.32,466
893.436,464
893.553,455
893.67,444
893.786,457
893.903,446
894.019,467
894.136,462
894.252,455
894.369,452
894.485,436
894.602,446
894.718,450
894.835,443
894.951,448
895.068,461
895.184,449
895.301,435
895.417,445
895.534,449
895.65,470
895.767,458
895.883,449
896.0,428
896.116,460
896.233,455
896.349,449
896.466,458
896.582,468
896.699,448
896.815,461
896.932,438
897.048,453
897.165,443
897.281,462
897.397,442
897.514,450
897.63,465
897.747,456
897.863,453
897.979,454
898.096,459
898.212,442
898.329,438
898.445,463
898.561,454
898.678,462
898.794,440
898.911,447
899.027,450
899.143,455
899.26,462
899.376,454
899.492,450
899.609,464
899.725,452
899.842,451
899.958,464
900.074,451
900.191,461
900.307,437
900.423,476
900.539,469
900.656,456
900.772,445
900.888,450
901.005,458
901.121,459
901.237,463
901.354,452
901.47,456
901.586,482
901.703,470
901.819,458
901.935,461
902.051,468
902.168,462
902.284,463
902.4,446
902.516,460
902.633,465
902.749,463
902.865,473
902.981,460
903.098,463
903.214,449
903.33,464
903.446,461
903.562,459
903.679,435
903.795,456
903.911,464
904.027,465
904.143,458
904.26,443
904.376,437
904.492,456
904.608,438
904.724,459
904.841,454
904.957,477
905.073,449
905.189,444
905.305,462
905.421,459
905.538,443
905.654,458
905.77,456
905.886,449
906.002,453
906.118,466
906.234,444
906.35,461
906.466,456
906.583,468
906.699,463
906.815,449
906.931,453
907.047,469
907.163,445
907.279,467
907.395,464
907.511,463
907.627,451
907.743,453
907.859,453
907.976,460
908.092,444
908.208,449
908.324,478
908.44,464
908.556,472
908.672,454
908.788,455
908.904,452
909.02,453
909.136,471
909.252,461
909.368,463
909.484,479
909.6,457
909.716,454
909.832,458
909.948,452
910.064,449
910.18,455
910.296,478
910.412,464
910.528,449
910.644,447
910.76,459
910.875,459
910.991,470
911.107,456
911.223,448
911.339,452
911.455,445
911.571,463
911.687,491
911.803,461
911.919,450
912.035,456
912.151,465
912.267,457
912.382,450
912.498,451
912.614,469
912.73,457
912.846,455
792.446,590
792.565,592
792.684,627
792.803,627
792.922,580
793.041,535
793.16,556
793.279,551
793.398,551
793.518,564
793.637,551
793.756,578
793.875,576
793.994,564
794.113,517
794.232,536
794.351,535
794.47,539
794.589,532
794.708,558
794.827,519
794.946,526
795.066,544
795.185,539
795.304,568
795.423,539
795.542,538
795.661,526
795.78,521
795.899,518
796.018,496
796.137,548
796.256,517
796.375,522
796.494,516
796.613,512
796.732,504
796.851,526
796.97,532
797.089,506
797.208,513
797.327,517
797.446,506
797.565,510
797.684,510
797.803,527
797.922,513
798.041,524
798.16,519
798.279,513
798.398,501
798.517,518
798.636,514
798.755,503
798.874,491
798.993,522
799.112,525
799.231,501
799.35,497
799.469,487
799.588,512
799.707,511
799.826,520
799.945,509
800.064,511
800.183,510
800.302,504
800.421,505
800.54,509
800.659,496
800.778,510
800.897,492
801.016,490
801.135,491
801.254,506
801.373,493
801.492,491
801.611,508
801.729,508
801.848,495
801.967,488
802.086,507
802.205,474
802.324,485
802.443,503
802.562,499
802.681,513
802.8,491
802.919,497
803.038,501
803.157,508
803.276,493
803.394,485
803.513,494
803.632,501
803.751,502
803.87,495
803.989,499
804.108,498
804.227,510
804.346,475
804.465,501
804.583,500
804.702,490
804.821,500
804.94,507
805.059,495
805.178,487
805.297,484
805.416,490
805.535,493
805.653,527
805.772,470
805.891,493
806.01,482
806.129,493
806.248,486
806.367,520
806.485,482
806.604,502
806.723,509
806.842,483
806.961,503
807.08,496
807.198,513
807.317,496
807.436,492
807.555,497
807.674,497
807.793,475
807.912,483
808.03,506
808.149,494
808.268,487
808.387,501
808.506,493
808.624,498
808.743,501
808.862,478
808.981,525
809.1,515
809.219,509
809.337,484
809.456,482
809.575,515
809.694,494
809.812,491
809.931,516
810.05,484
810.169,487
810.288,493
810.406,505
810.525,483
810.644,511
810.763,499
810.882,517
811.0,497
811.119,501
811.238,503
811.357,496
811.475,485
811.594,506
811.713,524
811.832,503
811.95,499
812.069,486
812.188,500
812.307,501
812.425,491
812.544,486
812.663,491
812.782,492
812.9,489
813.019,503
813.138,497
813.257,484
813.375,478
813.494,524
813.613,503
813.731,502
813.85,497
813.969,493
814.088,477
814.206,493
814.325,489
814.444,489
814.562,469
814.681,494
814.8,481
814.918,487
815.037,493
815.156,499
815.274,478
815.393,482
815.512,485
815.631,482
815.749,465
815.868,479
815.987,492
816.105,488
816.224,474
816.343,496
816.461,485
816.58,497
816.698,478
816.817,478
816.936,488
817.055,487
817.173,474
817.292,493
817.41,476
817.529,488
817.648,486
817.766,513
817.885,491
818.004,507
818.122,471
818.241,477
818.359,477
818.478,487
818.597,477
818.715,474
818.834,463
818.953,475
819.071,468
819.19,461
819.308,456
819.427,468
819.546,465
819.664,464
819.783,456
819.901,472
820.02,500
820.138,472
820.257,476
820.376,466
820.494,460
820.613,464
820.731,473
820.85,474
820.969,472
821.087,454
821.206,464
821.324,469
821.443,456
821.561,484
821.68,469
821.798,466
821.917,460
822.035,465
822.154,462
822.273,460
822.391,443
822.51,467
822.628,469
822.747,465
822.865,453
822.984,470
823.102,459
823.221,450
823.339,468
823.458,466
823.576,470
823.695,469
823.813,438
823.932,473
824.05,485
824.169,463
824.287,465
824.406,448
824.524,459
824.643,454
824.761,479
824.88,470
824.998,474
825.117,470
825.235,463
825.354,462
825.472,452
825.591,481
825.709,453
825.828,461
825.946,461
826.064,455
826.183,471
826.301,456
826.42,444
826.538,466
826.657,449
826.775,466
826.894,444
827.012,446
827.13,459
827.249,469
827.367,462
827.486,470
827.604,438
827.723,465
827.841,454
827.959,457
828.078,466
828.196,453
828.315,446
828.433,465
828.552,438
828.67,443
828.788,436
828.907,445
829.025,459
829.143,447
829.262,466
829.38,441
829.499,444
829.617,460
829.735,437
829.854,439
829.972,456
830.091,435
830.209,454
830.327,457
830.446,447
830.564,465
830.682,464
830.801,446
830.919,454
831.037,464
831.156,458
831.274,458
831.392,445
831.511,453
831.629,445
831.747,452
831.866,452
831.984,445
832.102,472
832.221,464
832.339,446
832.457,456
832.576,458
832.694,445
832.812,457
832.93,468
833.049,432
833.167,465
833.285,460
833.404,458
833.522,451
833.64,451
833.759,437
833.877,459
833.995,445
834.113,439
834.232,451
834.35,443
834.468,449
834.586,454
834.705,437
834.823,446
834.941,446
835.059,453
835.178,475
835.296,436
835.414,453
835.532,469
835.651,451
835.769,435
835.887,468
836.005,437
836.124,440
836.242,476
836.36,445
836.478,453
836.596,436
836.715,454
836.833,457
836.951,452
837.069,437
837.188,447
837.306,455
837.424,445
837.542,439
837.66,429
837.779,450
837.897,448
838.015,457
838.133,455
838.251,441
838.369,439
838.487,445
838.606,432
838.724,437
838.842,447
838.96,449
839.078,473
839.196,443
839.315,450
839.433,451
839.551,445
839.669,442
839.787,454
839.905,454
840.023,436
840.142,460
840.26,459
840.378,440
840.496,452
840.614,444
840.732,458
840.85,452
840.968,456
841.087,469
841.205,469
841.323,453
841.441,454
841.559,455
841.677,433
841.795,450
841.913,461
842.031,457
842.149,455
842.267,454
842.385,441
842.504,465
842.622,440
842.74,429
842.858,451
842.976,456
843.094,464
843.212,450
843.33,439
843.448,448
843.566,448
843.684,455
843.802,457
843.92,425
844.038,450
844.156,441
844.274,448
844.392,450
844.51,477
844.628,462
844.746,465
844.864,464
844.982,472
845.1,448
845.218,448
845.336,468
845.454,442
845.572,449
845.69,452
845.808,452
845.926,456
846.044,449
846.162,460
846.28,435
846.398,442
846.516,451
846.634,467
846.752,460
846.87,448
846.988,459
847.106,458
847.224,444
847.342,447
847.46,436
847.578,452
847.696,456
847.814,461
847.932,451
848.05,452
848.168,453
848.285,444
848.403,446
848.521,452
848.639,471
848.757,451
848.875,457
848.993,457
849.111,458
849.229,465
849.347,452
849.465,470
849.582,460
849.7,446
849.818,468
849.936,459
850.054,469
850.172,470
850.29,470
850.408,468
850.525,465
850.643,467
850.761,444
850.879,466
850.997,445
851.115,476
851.233,446
851.35,448
851.468,465
851.586,456
851.704,454
851.822,458
851.94,449
852.057,460
852.175,462
852.293,466
852.411,471
852.529,434
852.647,446
852.764,457
852.882,439
853.0,468
853.118,439
853.236,451
853.353,452
853.471,446
853.589,433
853.707,462
853.824,435
853.942,450
854.06,445
854.178,447
854.296,436
854.413,454
854.531,449
854.649,453
854.767,451
854.884,465
855.002,461
855.12,440
855.238,436
855.355,444
855.473,439
855.591,462
855.708,442
855.826,461
855.944,445
856.062,457
856.179,451
856.297,450
856.415,465
856.532,449
856.65,456
856.768,441
856.886,431
857.003,459
857.121,448
857.239,436
857.356,428
857.474,452
857.592,451
857.709,439
857.827,465
857.945,455
858.062,445
858.18,441
858.298,443
858.415,455
858.533,455
858.651,445
858.768,459
858.886,450
859.003,438
859.121,453
859.239,469
859.356,460
859.474,440
859.592,471
859.709,451
859.827,429
859.944,454
860.062,452
860.18,456
860.297,453
860.415,439
860.532,451
860.65,424
860.768,446
860.885,442
861.003,445
861.12,445
861.238,437
861.356,436
861.473,443
861.591,445
861.708,457
861.826,454
861.943,451
862.061,439
862.178,449
862.296,462
862.414,449
862.531,453
862.649,454
862.766,442
862.884,455
863.001,438
863.119,458
863.236,446
863.354,461
863.471,441
863.589,436
863.706,454
863.824,454
863.941,445
864.059,454
864.176,440
864.294,438
864.411,450
864.529,442
864.646,459
864.764,455
864.881,443
864.999,462
865.116,447
865.233,450
865.351,438
865.468,450
865.586,452
865.703,451
865.821,463
865.938,452
866.056,446
866.173,440
866.29,429
866.408,450
866.525,434
866.643,459
866.76,456
866.878,451
866.995,468
867.112,440
867.23,458
867.347,456
867.465,451
867.582,465
867.699,455
867.817,456
867.934,453
868.051,454
868.169,455
868.286,434
868.404,440
868.521,450
868.638,459
868.756,446
868.873,443
868.99,463
869.108,453
869.225,459
869.342,452
869.46,445
869.577,441
869.694,441
869.812,462
869.929,453
870.046,453
870.164,455
870.281,460
870.398,440
870.516,461
870.633,459
870.75,454
870.867,438
870.985,435
871.102,445
871.219,470
871.337,447
871.454,436
871.571,452
871.688,420
871.806,463
871.923,464
872.04,444
872.157,450
872.275,454
872.392,430
872.509,447
872.626,441
872.744,444
872.861,430
872.978,447
873.095,444
873.213,457
873.33,450
873.447,455
873.564,444
873.681,456
873.799,463
873.916,440
874.033,474
874.15,440
874.267,444
874.385,439
874.502,437
874.619,446
874.736,443
874.853,453
874.97,479
875.088,445
875.205,442
875.322,450
875.439,437
875.556,455
875.673,433
875.791,460
875.908,441
876.025,458
876.142,455
876.259,444
876.376,470
876.493,441
876.61,447
876.728,447
876.845,454
876.962,455
877.079,439
877.196,444
877.313,451
877.43,455
877.547,448
877.664,445
877.781,448
877.898,463
878.016,439
878.133,453
878.25,440
878.367,461
878.484,459
878.601,440
878.718,459
878.835,456
878.952,446
879.069,444
879.186,435
879.303,460
879.42,444
879.537,438
879.654,439
879.771,451
879.888,443
880.005,446
880.122,427
880.239,456
880.356,465
880.473,449
880.59,448
880.707,449
880.824,436
880.941,449
881.058,448
881.175,441
881.292,449
881.409,451
881.526,471
881.643,449
881.76,447
881.877,449
881.994,472
882.111,443
882.228,448
882.345,455
882.462,422
882.579,449
882.696,471
882.812,451
882.929,444
883.046,440
883.163,478
883.28,475
883.397,459
883.514,451
883.631,446
883.748,451
883.865,456
883.982,434
884.098,436
884.215,466
884.332,457
884.449,455
884.566,455
884.683,437
884.8,454
884.916,461
885.033,447
885.15,457
885.267,451
885.384,455
885.501,432
885.617,459
885.734,470
885.851,465
885.968,452
886.085,465
886.202,470
886.318,453
886.435,459
886.552,458
886.669,445
886.786,470
886.902,447
887.019,457
887.136,472
887.253,455
887.369,445
887.486,460
887.603,471
887.72,461
887.837,473
887.953,462
888.07,453
888.187,442
888.304,451
888.42,432
888.537,455
888.654,449
888.77,460
888.887,445
889.004,455
889.121,476
889.237,452
889.354,467
889.471,456
889.587,458
889.704,458
889.821,477
889.938,451
890.054,447
890.171,458
890.288,460
890.404,454
890.521,453
890.638,441
890.754,465
890.871,455
890.988,454
891.104,449
891.221,454
891.337,442
891.454,464
891.571,434
891.687,448
891.804,455
891.921,448
892.037,462
892.154,446
892.27,454
892.387,481
892.504,454
892.62,455
892.737,436
892.854,441
892.97,456
893.087,449
893.203,454
893.32,468
893.436,438
893.553,460
893.67,469
893.786,468
893.903,447
894.019,458
894.136,458
894.252,464
894.369,469
894.485,475
894.602,451
894.718,453
894.835,456
894.951,467
895.068,447
895.184,439
895.301,472
895.417,432
895.534,454
895.65,441
895.767,468
895.883,474
896.0,441
896.116,474
896.233,444
896.349,455
896.466,460
896.582,454
896.699,457
896.815,460
896.932,457
897.048,468
897.165,466
897.281,444
897.397,444
897.514,443
897.63,455
897.747,460
897.863,450
897.979,452
898.096,449
898.212,445
898.329,469
898.445,441
898.561,446
898.678,477
898.794,466
898.911,446
899.027,447
899.143,447
899.26,463
899.376,475
899.492,454
899.609,447
899.725,461
899.842,450
899.958,464
900.074,453
900.191,468
900.307,454
900.423,433
900.539,460
900.656,441
900.772,463
900.888,467
901.005,460
901.121,465
901.237,471
901.354,460
901.47,476
901.586,457
901.703,459
901.819,452
901.935,469
902.051,453
902.168,440
902.284,462
902.4,459
902.516,458
902.633,447
902.749,476
902.865,453
902.981,461
903.098,454
903.214,464
903.33,478
903.446,454
903.562,465
903.679,454
903.795,461
903.911,455
904.027,463
904.143,433
904.26,467
904.376,454
904.492,468
904.608,452
904.724,441
904.841,456
904.957,458
905.073,462
905.189,468
905.305,447
905.421,453
905.538,468
905.654,469
905.77,462
905.886,480
906.002,455
906.118,469
906.234,473
906.35,448
906.466,438
906.583,475
906.699,456
906.815,469
906.931,476
907.047,450
907.163,467
907.279,469
907.395,458
907.511,442
907.627,457
907.743,459
907.859,476
907.976,467
908.092,464
908.208,459
908.324,455
908.44,473
908.556,456
908.672,477
908.788,441
908.904,469
909.02,462
909.136,437
909.252,447
909.368,478
909.484,462
909.6,460
909.716,446
909.832,463
909.948,443
910.064,459
910.18,472
910.296,461
910.412,464
910.528,456
910.644,476
910.76,473
910.875,468
910.991,457
911.107,468
911.223,471
911.339,455
911.455,472
911.571,464
911.687,459
911.803,472
911.919,479
912.035,458
912.151,463
912.267,451
912.382,456
912.498,440
912.614,448
912.73,468
912.846,463
