792.44574,1524
792.56488,1504
792.68396,1520
792.80304,1496
792.92218,1514
793.041199,1454
793.160339,1467
793.279419,1483
793.398499,1469
793.517578,1504
793.636658,1507
793.755737,1436
793.874817,1467
793.993896,1498
794.112976,1430
794.232056,1457
794.351074,1450
794.470215,1451
794.589233,1454
794.708313,1433
794.827393,1457
794.946411,1441
795.065552,1438
795.18457,1412
795.303589,1471
795.422668,1477
795.541687,1451
795.660767,1455
795.779846,1436
795.898865,1451
796.017883,1417
796.136963,1414
796.255981,1431
796.375061,1404
796.49408,1439
796.613037,1437
796.732117,1458
796.851135,1401
796.970154,1444
797.089233,1430
797.208191,1448
797.327271,1442
797.446228,1407
797.565186,1426
797.684265,1428
797.803223,1413
797.922241,1403
798.04126,1413
798.160278,1452
798.279297,1453
798.398315,1420
798.517273,1388
798.636292,1435
798.75531,1423
798.874268,1435
798.993286,1418
799.112244,1401
799.231323,1409
799.350281,1428
799.469238,1421
799.588257,1377
799.707153,1407
799.826111,1410
799.945129,1403
800.064087,1435
800.183044,1398
800.302063,1378
800.421021,1437
800.539978,1413
800.658936,1424
800.777893,1382
800.896912,1428
801.015747,1428
801.134705,1388
801.253723,1402
801.37262,1368
801.491638,1418
801.610535,1401
801.729492,1351
801.84845,1436
801.967407,1388
802.086243,1408
802.205261,1396
802.324158,1413
802.443115,1394
802.562073,1389
802.680969,1427
802.799927,1459
802.918762,1404
803.037659,1401
803.156677,1396
803.275574,1410
803.39447,1399
803.513428,1393
803.632263,1364
803.751221,1404
803.870117,1404
803.989014,1347
804.107971,1426
804.226746,1405
804.345642,1420
804.4646,1381
804.583496,1362
804.702393,1413
804.821228,1410
804.940125,1360
805.059021,1350
805.177917,1394
805.296814,1377
805.415649,1387
805.534546,1427
805.653442,1386
805.772278,1399
805.891113,1399
806.01001,1390
806.128906,1374
806.247742,1347
806.366577,1404
806.485413,1412
806.604309,1413
806.723145,1403
806.84198,1395
806.960876,1381
807.079712,1379
807.198486,1381
807.317383,1430
807.436218,1381
807.554993,1404
807.673889,1399
807.792725,1388
807.91156,1403
808.030396,1371
808.14917,1358
808.268005,1364
808.386841,1391
808.505676,1377
808.624451,1364
808.743286,1382
808.862122,1395
808.980896,1368
809.099731,1374
809.218506,1383
809.337341,1356
809.456116,1426
809.57489,1380
809.693726,1397
809.8125,1335
809.931274,1351
810.050049,1402
810.168884,1361
810.287659,1416
810.406372,1369
810.525269,1388
810.643982,1374
810.762756,1393
810.881531,1381
811.000305,1361
811.11908,1351
811.237854,1368
811.356567,1367
811.475403,1359
811.594116,1336
811.71283,1401
811.831604,1343
811.950378,1401
812.069153,1360
812.187927,1379
812.30658,1376
812.425415,1353
812.544128,1368
812.662781,1395
812.781616,1356
812.900269,1358
813.019043,1354
813.137756,1352
813.256531,1374
813.375244,1361
813.493896,1364
813.612671,1369
813.731384,1369
813.850037,1386
813.96875,1367
814.087524,1374
814.206238,1347
814.324951,1363
814.443604,1368
814.562256,1405
814.68103,1343
814.799683,1375
814.918335,1362
815.037109,1383
815.155762,1349
815.274475,1368
815.393188,1375
815.511841,1363
815.630554,1336
815.749146,1337
815.867859,1327
815.986572,1346
816.105164,1359
816.223877,1328
816.342529,1352
816.461182,1290
816.579895,1384
816.698486,1348
816.817139,1363
816.935791,1326
817.054504,1328
817.173096,1349
817.291748,1347
817.4104,1363
817.529053,1352
817.647644,1347
817.766235,1351
817.884949,1340
818.00354,1347
818.122192,1341
818.240845,1327
818.359436,1361
818.478088,1349
818.59668,1358
818.715271,1309
818.833923,1323
818.952515,1346
819.071106,1295
819.189758,1346
819.30835,1332
819.426941,1316
819.545532,1328
819.664124,1285
819.782715,1301
819.901306,1343
820.019897,1332
820.138489,1326
820.25708,1288
820.375671,1344
820.494202,1296
820.612732,1316
820.731384,1313
820.849915,1288
820.968506,1294
821.087097,1300
821.205627,1311
821.324158,1304
821.442749,1288
821.561279,1337
821.679871,1287
821.798401,1323
821.916931,1314
822.035461,1341
822.154053,1315
822.272583,1310
822.391174,1320
822.509583,1309
822.628174,1267
822.746704,1272
822.865234,1330
822.983765,1261
823.102295,1296
823.220825,1287
823.339294,1263
823.457825,1337
823.576355,1292
823.694824,1296
823.813354,1287
823.931885,1279
824.050354,1312
824.168884,1269
824.287354,1284
824.405823,1260
824.524353,1282
824.642822,1317
824.761353,1269
824.879822,1277
824.998291,1268
825.116699,1328
825.235291,1256
825.353699,1289
825.472168,1299
825.590637,1278
825.709106,1313
825.827576,1329
825.946045,1304
826.064453,1297
826.182983,1291
826.301392,1258
826.4198,1248
826.53833,1277
826.656738,1276
826.775208,1291
826.893677,1287
827.012024,1306
827.130493,1301
827.248962,1261
827.36731,1269
827.485779,1272
827.604248,1301
827.722595,1286
827.841064,1310
827.959412,1315
828.077942,1228
828.196289,1288
828.314636,1241
828.433105,1284
828.551514,1294
828.669861,1272
828.78833,1287
828.906677,1277
829.025085,1250
829.143433,1297
829.261841,1273
829.38031,1278
829.498657,1282
829.617004,1285
829.735413,1289
829.85376,1252
829.972107,1285
830.090515,1298
830.208862,1286
830.327209,1262
830.445557,1257
830.563904,1298
830.682312,1278
830.800659,1274
830.919006,1235
831.037354,1275
831.155701,1274
831.274048,1267
831.392395,1277
831.51062,1292
831.629028,1279
831.747314,1271
831.865662,1244
831.984009,1316
832.102356,1273
832.220642,1275
832.338928,1263
832.457275,1267
832.575623,1279
832.693909,1261
832.812134,1276
832.930481,1275
833.048828,1280
833.167114,1293
833.2854,1252
833.403687,1231
833.521973,1292
833.640259,1250
833.758545,1263
833.876831,1290
833.995056,1280
834.113281,1258
834.231628,1254
834.349915,1271
834.468201,1238
834.586426,1278
834.704651,1298
834.822998,1277
834.941162,1269
835.059448,1247
835.177673,1249
835.295959,1255
835.414246,1198
835.53241,1264
835.650635,1255
835.768921,1236
835.887146,1282
836.005371,1259
836.123596,1282
836.241821,1242
836.360046,1228
836.478271,1267
836.596497,1266
836.714722,1255
836.832886,1253
836.95105,1266
837.069336,1262
837.1875,1226
837.305725,1317
837.423889,1230
837.542053,1267
837.660339,1224
837.778503,1228
837.896667,1258
838.014832,1237
838.132996,1256
838.25116,1248
838.369385,1241
838.487488,1252
838.605713,1263
838.723877,1280
838.84198,1272
838.960205,1289
839.078308,1236
839.196472,1250
839.314636,1223
839.4328,1266
839.550964,1240
839.669067,1247
839.787231,1245
839.905396,1213
840.023499,1256
840.141602,1248
840.259766,1229
840.377869,1221
840.495972,1253
840.614136,1238
840.732239,1270
840.850342,1254
840.968445,1265
841.086548,1262
841.204651,1286
841.322754,1263
841.440918,1228
841.55896,1245
841.677002,1261
841.795166,1247
841.913208,1254
842.031311,1272
842.149353,1231
842.267456,1235
842.385498,1247
842.503601,1215
842.621643,1204
842.739746,1241
842.857788,1257
842.97583,1240
843.093933,1286
843.211975,1245
843.330017,1241
843.44812,1247
843.566101,1240
843.684204,1285
843.802246,1228
843.920227,1242
844.038269,1265
844.156311,1278
844.274292,1208
844.392395,1237
844.510376,1235
844.628357,1218
844.74646,1218
844.864441,1175
844.982422,1212
845.100403,1286
845.218384,1235
845.336426,1220
845.454468,1263
845.572449,1269
845.69043,1261
845.808411,1262
845.926453,1254
846.044373,1217
846.162354,1225
846.280396,1258
846.398315,1253
846.516296,1228
846.634216,1208
846.752197,1233
846.870178,1257
846.988098,1246
847.106079,1229
847.22406,1204
847.34198,1249
847.4599,1270
847.577881,1240
847.695801,1231
847.813782,1229
847.931641,1243
848.049561,1244
848.167603,1234
848.285461,1246
848.403381,1249
848.521362,1237
848.639221,1236
848.75708,1230
848.875,1236
848.99292,1250
849.110901,1246
849.22876,1256
849.34668,1184
849.464539,1236
849.582458,1241
849.700317,1254
849.818176,1214
849.936096,1225
850.053955,1232
850.171875,1239
850.289673,1270
850.407593,1212
850.525452,1268
850.643311,1266
850.761169,1221
850.878967,1190
850.996887,1230
851.114746,1262
851.232544,1234
851.350403,1228
851.468262,1235
851.58606,1251
851.703979,1219
851.821777,1267
851.939636,1248
852.057434,1228
852.175232,1214
852.293091,1232
852.410889,1260
852.528687,1245
852.646545,1279
852.764343,1266
852.88208,1294
852.999939,1263
853.117676,1233
853.235535,1299
853.353271,1289
853.471069,1222
853.588928,1240
853.706604,1257
853.824402,1198
853.9422,1249
854.059998,1240
854.177734,1283
854.295532,1230
854.413269,1226
854.531006,1278
854.648804,1254
854.766541,1272
854.884277,1235
855.002014,1208
855.119751,1237
855.237549,1263
855.355225,1261
855.473022,1224
855.590698,1228
855.708435,1235
855.826172,1223
855.943848,1247
856.061646,1261
856.179321,1237
856.296997,1245
856.414795,1262
856.53241,1237
856.650085,1248
856.767822,1264
856.885559,1283
857.003174,1237
857.120911,1289
857.238586,1260
857.356201,1256
857.473938,1234
857.591614,1242
857.709351,1260
857.826965,1285
857.944641,1257
858.062317,1265
858.179993,1265
858.297668,1286
858.415283,1230
858.532959,1223
858.650574,1238
858.768188,1267
858.885803,1232
859.003479,1286
859.121094,1248
859.23877,1291
859.356384,1254
859.473999,1235
859.591675,1241
859.709229,1249
859.826843,1260
859.944458,1229
860.062012,1295
860.179626,1256
860.297302,1288
860.414856,1234
860.532471,1241
860.650024,1209
860.767639,1260
860.885193,1258
861.002808,1218
861.120361,1296
861.237976,1267
861.35553,1249
861.473022,1240
861.590698,1255
861.708191,1292
861.825745,1213
861.943298,1276
862.060852,1243
862.178406,1265
862.295959,1271
862.413513,1256
862.531006,1213
862.64856,1265
862.766113,1278
862.883667,1279
863.00116,1270
863.118713,1226
863.236206,1278
863.353699,1263
863.471252,1274
863.588745,1287
863.706177,1240
863.82373,1288
863.941162,1266
864.058716,1275
864.176208,1255
864.29364,1285
864.411194,1255
864.528687,1266
864.646118,1264
864.763611,1232
864.881042,1265
864.998535,1219
865.116028,1297
865.233459,1242
865.350891,1264
865.468384,1288
865.585754,1261
865.703308,1247
865.820679,1280
865.938171,1280
866.055542,1244
866.173035,1242
866.290466,1261
866.407837,1262
866.52533,1286
866.6427,1298
866.760071,1283
866.877563,1299
866.994934,1220
867.112305,1251
867.229736,1258
867.347107,1297
867.464539,1315
867.58197,1254
867.699341,1268
867.81665,1260
867.934082,1271
868.051453,1265
868.168823,1251
868.286194,1266
868.403564,1275
868.520935,1279
868.638306,1295
868.755676,1263
868.872986,1249
868.990295,1285
869.107727,1258
869.225037,1279
869.342346,1270
869.459717,1276
869.577026,1247
869.694336,1300
869.811707,1234
869.929016,1267
870.046326,1237
870.163635,1260
870.280945,1286
870.398254,1269
870.515564,1308
870.632812,1263
870.750183,1295
870.867432,1301
870.984741,1280
871.102051,1278
871.219299,1269
871.336609,1261
871.453918,1328
871.571106,1254
871.688416,1262
871.805664,1248
871.922852,1282
872.040222,1261
872.157471,1333
872.274719,1236
872.391968,1261
872.509155,1269
872.626465,1262
872.743652,1312
872.860962,1247
872.978149,1264
873.095337,1263
873.212646,1292
873.329834,1266
873.44696,1267
873.564209,1256
873.681396,1251
873.798645,1270
873.915894,1308
874.03302,1291
874.150208,1280
874.267456,1286
874.384583,1266
874.501831,1276
874.618958,1249
874.736145,1257
874.853333,1250
874.970459,1303
875.087646,1236
875.204834,1248
875.32196,1264
875.439148,1274
875.556274,1293
875.673401,1257
875.790527,1263
875.907715,1282
876.024841,1295
876.141968,1288
876.259094,1307
876.376282,1285
876.493347,1279
876.610474,1296
876.7276,1288
876.844727,1287
876.961853,1259
877.078918,1261
877.195984,1289
877.313171,1298
877.430237,1265
877.547302,1267
877.664368,1261
877.781433,1273
877.898499,1296
878.015625,1256
878.13269,1284
878.249695,1288
878.366821,1270
878.483887,1250
878.600952,1280
878.717957,1275
878.834961,1295
878.952087,1276
879.069092,1290
879.186157,1295
879.303162,1291
879.420227,1310
879.537231,1292
879.654236,1253
879.77124,1311
879.888306,1281
880.005249,1270
880.122314,1279
880.239319,1272
880.356323,1272
880.473328,1295
880.590271,1288
880.707275,1263
880.824341,1295
880.941284,1303
881.058228,1299
881.175232,1312
881.292236,1299
881.40918,1304
881.526123,1291
881.643066,1251
881.760071,1300
881.877014,1322
881.993958,1267
882.11084,1275
882.227783,1285
882.344727,1296
882.46167,1327
882.578613,1268
882.695618,1300
882.812439,1268
882.929382,1293
883.046326,1343
883.163208,1255
883.280151,1259
883.397034,1321
883.513916,1260
883.630798,1283
883.747742,1275
883.864563,1249
883.981506,1245
884.098389,1285
884.21521,1269
884.332153,1297
884.448975,1246
884.565796,1297
884.682678,1329
884.7995,1298
884.916443,1322
885.033264,1291
885.150085,1293
885.266968,1312
885.383789,1309
885.500671,1295
885.617493,1322
885.734314,1312
885.851196,1303
885.967896,1316
886.084717,1307
886.201599,1314
886.318359,1308
886.435181,1329
886.552002,1294
886.668762,1328
886.785645,1263
886.902344,1334
887.019165,1270
887.135925,1296
887.252747,1340
887.369446,1308
887.486267,1287
887.603027,1312
887.719788,1344
887.836548,1345
887.953247,1330
888.070068,1314
888.186829,1332
888.303528,1314
888.420288,1276
888.536987,1278
888.653687,1332
888.770447,1312
888.887146,1333
889.003967,1307
889.120667,1322
889.237305,1292
889.354065,1339
889.470703,1285
889.587463,1275
889.704163,1281
889.820862,1350
889.937561,1304
890.054199,1313
890.170837,1320
890.287598,1296
890.404236,1317
890.520874,1328
890.637634,1289
890.754211,1330
890.87085,1330
890.987549,1316
891.104187,1326
891.220886,1296
891.337463,1312
891.454102,1262
891.57074,1364
891.687378,1318
891.804077,1315
891.920654,1306
892.037231,1328
892.15387,1361
892.270447,1308
892.387085,1316
892.503723,1343
892.6203,1318
892.736877,1308
892.853516,1335
892.970032,1315
893.08667,1340
893.203186,1317
893.319763,1301
893.43634,1327
893.552917,1315
893.669556,1344
893.786011,1340
893.902588,1293
894.019165,1323
894.135681,1338
894.252197,1311
894.368835,1342
894.485291,1361
894.601868,1313
894.718384,1330
894.8349,1309
894.951355,1334
895.067932,1296
895.184448,1304
895.300964,1343
895.417419,1327
895.533936,1312
895.650452,1340
895.766907,1353
895.883423,1338
895.999878,1337
896.116333,1333
896.232849,1303
896.349304,1315
896.465759,1346
896.582214,1340
896.698669,1323
896.815125,1356
896.931641,1344
897.048035,1331
897.164551,1339
897.280884,1314
897.397339,1305
897.513794,1372
897.630249,1337
897.746582,1353
897.863098,1326
897.979431,1343
898.095886,1332
898.212341,1341
898.328674,1353
898.445129,1352
898.561462,1383
898.677795,1321
898.794312,1306
898.910645,1336
899.026978,1323
899.143433,1314
899.259766,1343
899.37616,1402
899.492493,1355
899.608765,1306
899.725159,1315
899.841553,1362
899.957947,1342
900.07428,1356
900.190552,1357
900.306946,1323
900.423157,1385
900.53949,1330
900.655884,1322
900.772156,1325
900.888489,1359
901.004822,1343
901.121033,1347
901.237366,1330
901.353699,1324
901.46991,1334
901.586304,1361
901.702515,1326
901.818787,1339
901.93512,1342
902.051331,1370
902.167603,1332
902.283875,1332
902.400085,1322
902.516418,1349
902.632629,1370
902.74884,1319
902.865112,1392
902.981384,1331
903.097595,1348
903.213867,1333
903.330017,1336
903.446289,1333
903.5625,1348
903.67865,1319
903.794922,1336
903.911072,1327
904.027344,1365
904.143494,1324
904.259705,1357
904.375916,1341
904.492065,1339
904.608215,1334
904.724426,1388
904.840576,1367
904.956726,1356
905.072876,1369
905.189087,1356
905.305176,1371
905.421387,1354
905.537537,1334
905.653687,1401
905.769775,1382
905.885925,1384
906.002014,1344
906.118164,1340
906.234314,1319
906.350403,1378
906.466492,1412
906.582642,1346
906.69873,1375
906.814758,1324
906.930908,1333
907.046936,1364
907.163086,1360
907.279175,1338
907.395264,1356
907.511353,1396
907.62738,1371
907.743408,1382
907.859497,1370
907.975525,1347
908.091553,1400
908.207703,1374
908.32373,1361
908.439758,1378
908.555786,1380
908.671814,1357
908.787842,1395
908.90387,1347
909.019775,1388
909.135864,1330
909.251892,1390
909.367859,1362
909.483826,1364
909.599854,1388
909.715881,1367
909.831848,1377
909.947815,1358
910.063782,1374
910.179749,1406
910.295776,1370
910.411743,1371
910.527649,1344
910.643616,1376
910.759583,1385
910.875488,1387
910.991455,1389
911.107361,1359
911.223267,1352
911.339294,1353
911.4552,1411
911.571106,1388
911.687073,1407
911.802979,1347
911.918823,1374
912.034729,1326
912.150635,1352
912.266602,1355
912.382446,1365
912.498352,1393
912.614197,1380
912.730103,1330
912.846008,1329
792.44574,1553
792.56488,1584
792.68396,1591
792.80304,1563
792.92218,1498
793.041199,1542
793.160339,1525
793.279419,1524
793.398499,1537
793.517578,1509
793.636658,1426
793.755737,1536
793.874817,1501
793.993896,1504
794.112976,1503
794.232056,1451
794.351074,1492
794.470215,1494
794.589233,1479
794.708313,1460
794.827393,1536
794.946411,1483
795.065552,1470
795.18457,1521
795.303589,1479
795.422668,1457
795.541687,1549
795.660767,1490
795.779846,1482
795.898865,1465
796.017883,1495
796.136963,1475
796.255981,1475
796.375061,1443
796.49408,1479
796.613037,1500
796.732117,1461
796.851135,1426
796.970154,1470
797.089233,1498
797.208191,1474
797.327271,1446
797.446228,1461
797.565186,1468
797.684265,1416
797.803223,1431
797.922241,1431
798.04126,1487
798.160278,1428
798.279297,1447
798.398315,1488
798.517273,1412
798.636292,1455
798.75531,1468
798.874268,1433
798.993286,1411
799.112244,1427
799.231323,1442
799.350281,1442
799.469238,1498
799.588257,1481
799.707153,1429
799.826111,1421
799.945129,1420
800.064087,1457
800.183044,1413
800.302063,1442
800.421021,1468
800.539978,1480
800.658936,1439
800.777893,1420
800.896912,1472
801.015747,1415
801.134705,1414
801.253723,1446
801.37262,1415
801.491638,1422
801.610535,1421
801.729492,1418
801.84845,1412
801.967407,1435
802.086243,1439
802.205261,1419
802.324158,1387
802.443115,1491
802.562073,1395
802.680969,1466
802.799927,1419
802.918762,1423
803.037659,1396
803.156677,1457
803.275574,1429
803.39447,1398
803.513428,1371
803.632263,1413
803.751221,1407
803.870117,1440
803.989014,1393
804.107971,1439
804.226746,1418
804.345642,1421
804.4646,1432
804.583496,1419
804.702393,1414
804.821228,1429
804.940125,1440
805.059021,1422
805.177917,1443
805.296814,1423
805.415649,1461
805.534546,1437
805.653442,1421
805.772278,1460
805.891113,1419
806.01001,1421
806.128906,1414
806.247742,1394
806.366577,1448
806.485413,1416
806.604309,1438
806.723145,1388
806.84198,1433
806.960876,1393
807.079712,1446
807.198486,1394
807.317383,1431
807.436218,1395
807.554993,1424
807.673889,1420
807.792725,1415
807.91156,1440
808.030396,1430
808.14917,1443
808.268005,1392
808.386841,1412
808.505676,1422
808.624451,1407
808.743286,1387
808.862122,1433
808.980896,1407
809.099731,1401
809.218506,1413
809.337341,1390
809.456116,1383
809.57489,1463
809.693726,1445
809.8125,1383
809.931274,1374
810.050049,1444
810.168884,1396
810.287659,1417
810.406372,1396
810.525269,1387
810.643982,1407
810.762756,1393
810.881531,2000
811.000305,2063
811.11908,2089
811.237854,2151
811.356567,3898
811.475403,1387
811.594116,1416
811.71283,1395
811.831604,1437
811.950378,1423
812.069153,1383
812.187927,1418
812.30658,1402
812.425415,1404
812.544128,1390
812.662781,1402
812.781616,1375
812.900269,1374
813.019043,1395
813.137756,1408
813.256531,1358
813.375244,1397
813.493896,1416
813.612671,1399
813.731384,1387
813.850037,1382
813.96875,1358
814.087524,1400
814.206238,1436
814.324951,1364
814.443604,1362
814.562256,1335
814.68103,1347
814.799683,1428
814.918335,1381
815.037109,1385
815.155762,1404
815.274475,1390
815.393188,1388
815.511841,1415
815.630554,1384
815.749146,1411
815.867859,1349
815.986572,1405
816.105164,1375
816.223877,1351
816.342529,1334
816.461182,1396
816.579895,1350
816.698486,1399
816.817139,1381
816.935791,1365
817.054504,1390
817.173096,1405
817.291748,1373
817.4104,1383
817.529053,1372
817.647644,1376
817.766235,1353
817.884949,1345
818.00354,1364
818.122192,1363
818.240845,1349
818.359436,1382
818.478088,1352
818.59668,1369
818.715271,1384
818.833923,1396
818.952515,1354
819.071106,1385
819.189758,1302
819.30835,1347
819.426941,1300
819.545532,1341
819.664124,1324
819.782715,1325
819.901306,1353
820.019897,1329
820.138489,1392
820.25708,1360
820.375671,1342
820.494202,1359
820.612732,1347
820.731384,1339
820.849915,1354
820.968506,1329
821.087097,1329
821.205627,1368
821.324158,1316
821.442749,1322
821.561279,1358
821.679871,1272
821.798401,1300
821.916931,1330
822.035461,1304
822.154053,1317
822.272583,1300
822.391174,1346
822.509583,1343
822.628174,1332
822.746704,1300
822.865234,1322
822.983765,1319
823.102295,1340
823.220825,1350
823.339294,1317
823.457825,1387
823.576355,1329
823.694824,1305
823.813354,1314
823.931885,1353
824.050354,1353
824.168884,1290
824.287354,1290
824.405823,1296
824.524353,1295
824.642822,1331
824.761353,1306
824.879822,1332
824.998291,1316
825.116699,1320
825.235291,1303
825.353699,1325
825.472168,1280
825.590637,1298
825.709106,1301
825.827576,1322
825.946045,1286
826.064453,1279
826.182983,1322
826.301392,1324
826.4198,1300
826.53833,1299
826.656738,1312
826.775208,1325
826.893677,1301
827.012024,1316
827.130493,1319
827.248962,1327
827.36731,1324
827.485779,1302
827.604248,1316
827.722595,1318
827.841064,1319
827.959412,1293
828.077942,1297
828.196289,1336
828.314636,1293
828.433105,1295
828.551514,1289
828.669861,1280
828.78833,1274
828.906677,1319
829.025085,1319
829.143433,1352
829.261841,1322
829.38031,1286
829.498657,1335
829.617004,1300
829.735413,1310
829.85376,1270
829.972107,1292
830.090515,1289
830.208862,1308
830.327209,1244
830.445557,1314
830.563904,1311
830.682312,1268
830.800659,1296
830.919006,1291
831.037354,1273
831.155701,1299
831.274048,1265
831.392395,1294
831.51062,1336
831.629028,1309
831.747314,1312
831.865662,1325
831.984009,1280
832.102356,1314
832.220642,1320
832.338928,1324
832.457275,1244
832.575623,1307
832.693909,1285
832.812134,1277
832.930481,1308
833.048828,1304
833.167114,1255
833.2854,1333
833.403687,1298
833.521973,1289
833.640259,1287
833.758545,1324
833.876831,1293
833.995056,1309
834.113281,1307
834.231628,1289
834.349915,1317
834.468201,1316
834.586426,1299
834.704651,1296
834.822998,1255
834.941162,1300
835.059448,1285
835.177673,1264
835.295959,1275
835.414246,1292
835.53241,1281
835.650635,1276
835.768921,1280
835.887146,1277
836.005371,1294
836.123596,1273
836.241821,1307
836.360046,1289
836.478271,1290
836.596497,1281
836.714722,1289
836.832886,1284
836.95105,1301
837.069336,1306
837.1875,1291
837.305725,1252
837.423889,1257
837.542053,1217
837.660339,1268
837.778503,1277
837.896667,1244
838.014832,1288
838.132996,1294
838.25116,1310
838.369385,1280
838.487488,1255
838.605713,1291
838.723877,1267
838.84198,1296
838.960205,1279
839.078308,1291
839.196472,1284
839.314636,1266
839.4328,1278
839.550964,1272
839.669067,1253
839.787231,1297
839.905396,1294
840.023499,1296
840.141602,1279
840.259766,1278
840.377869,1242
840.495972,1281
840.614136,1255
840.732239,1268
840.850342,1245
840.968445,1309
841.086548,1219
841.204651,1262
841.322754,1281
841.440918,1273
841.55896,1263
841.677002,1273
841.795166,1253
841.913208,1291
842.031311,1290
842.149353,1260
842.267456,1257
842.385498,1265
842.503601,1232
842.621643,1281
842.739746,1297
842.857788,1265
842.97583,1272
843.093933,1317
843.211975,1276
843.330017,1293
843.44812,1256
843.566101,1270
843.684204,1284
843.802246,1272
843.920227,1283
844.038269,1258
844.156311,1306
844.274292,1254
844.392395,1301
844.510376,1286
844.628357,1252
844.74646,1290
844.864441,1266
844.982422,1279
845.100403,1267
845.218384,1288
845.336426,1264
845.454468,1268
845.572449,1277
845.69043,1292
845.808411,1268
845.926453,1271
846.044373,1275
846.162354,1256
846.280396,1249
846.398315,1269
846.516296,1230
846.634216,1243
846.752197,1239
846.870178,1265
846.988098,1274
847.106079,1230
847.22406,1257
847.34198,1260
847.4599,1246
847.577881,1278
847.695801,1263
847.813782,1263
847.931641,1250
848.049561,1250
848.167603,1247
848.285461,1246
848.403381,1237
848.521362,1272
848.639221,1292
848.75708,1301
848.875,1268
848.99292,1260
849.110901,1247
849.22876,1222
849.34668,1274
849.464539,1282
849.582458,1252
849.700317,1253
849.818176,1292
849.936096,1271
850.053955,1261
850.171875,1258
850.289673,1291
850.407593,1260
850.525452,1263
850.643311,1289
850.761169,1243
850.878967,1243
850.996887,1287
851.114746,1250
851.232544,1293
851.350403,1242
851.468262,1281
851.58606,1216
851.703979,1239
851.821777,1302
851.939636,1307
852.057434,1259
852.175232,1318
852.293091,1272
852.410889,1278
852.528687,1275
852.646545,1285
852.764343,1285
852.88208,1274
852.999939,1263
853.117676,1247
853.235535,1294
853.353271,1256
853.471069,1258
853.588928,1265
853.706604,1251
853.824402,1297
853.9422,1303
854.059998,1248
854.177734,1252
854.295532,1290
854.413269,1261
854.531006,1252
854.648804,1253
854.766541,1292
854.884277,1238
855.002014,1310
855.119751,1257
855.237549,1315
855.355225,1297
855.473022,1298
855.590698,1245
855.708435,1279
855.826172,1236
855.943848,1290
856.061646,1308
856.179321,1275
856.296997,1281
856.414795,1279
856.53241,1285
856.650085,1270
856.767822,1286
856.885559,1255
857.003174,1273
857.120911,1319
857.238586,1302
857.356201,1276
857.473938,1277
857.591614,1283
857.709351,1270
857.826965,1289
857.944641,1280
858.062317,1279
858.179993,1283
858.297668,1262
858.415283,1259
858.532959,1296
858.650574,1273
858.768188,1260
858.885803,1281
859.003479,1237
859.121094,1274
859.23877,1259
859.356384,1271
859.473999,1316
859.591675,1296
859.709229,1304
859.826843,1310
859.944458,1271
860.062012,1265
860.179626,1268
860.297302,1294
860.414856,1250
860.532471,1249
860.650024,1288
860.767639,1327
860.885193,1262
861.002808,1313
861.120361,1333
861.237976,1290
861.35553,1286
861.473022,1307
861.590698,1283
861.708191,1311
861.825745,1271
861.943298,1269
862.060852,1279
862.178406,1266
862.295959,1290
862.413513,1290
862.531006,1284
862.64856,1282
862.766113,1278
862.883667,1269
863.00116,1325
863.118713,1325
863.236206,1261
863.353699,1279
863.471252,1271
863.588745,1265
863.706177,1240
863.82373,1256
863.941162,1266
864.058716,1274
864.176208,1315
864.29364,1274
864.411194,1288
864.528687,1262
864.646118,1329
864.763611,1297
864.881042,1280
864.998535,1285
865.116028,1276
865.233459,1297
865.350891,1309
865.468384,1282
865.585754,1300
865.703308,1353
865.820679,1293
865.938171,1279
866.055542,1287
866.173035,1339
866.290466,1277
866.407837,1311
866.52533,1283
866.6427,1304
866.760071,1295
866.877563,1301
866.994934,1284
867.112305,1293
867.229736,1281
867.347107,1304
867.464539,1274
867.58197,1280
867.699341,1271
867.81665,1303
867.934082,1319
868.051453,1267
868.168823,1309
868.286194,1284
868.403564,1274
868.520935,1275
868.638306,1280
868.755676,1318
868.872986,1297
868.990295,1333
869.107727,1279
869.225037,1296
869.342346,1272
869.459717,1286
869.577026,1286
869.694336,1297
869.811707,1316
869.929016,1310
870.046326,1283
870.163635,1327
870.280945,1283
870.398254,1316
870.515564,1292
870.632812,1316
870.750183,1340
870.867432,1267
870.984741,1318
871.102051,1315
871.219299,1272
871.336609,1253
871.453918,1290
871.571106,1287
871.688416,1291
871.805664,1252
871.922852,1264
872.040222,1276
872.157471,1279
872.274719,1318
872.391968,1307
872.509155,1291
872.626465,1282
872.743652,1281
872.860962,1273
872.978149,1268
873.095337,1303
873.212646,1272
873.329834,1294
873.44696,1253
873.564209,1338
873.681396,1304
873.798645,1292
873.915894,1287
874.03302,1299
874.150208,1288
874.267456,1284
874.384583,1305
874.501831,1337
874.618958,1270
874.736145,1311
874.853333,1301
874.970459,1284
875.087646,1316
875.204834,1259
875.32196,1277
875.439148,1302
875.556274,1268
875.673401,1323
875.790527,1269
875.907715,1344
876.024841,1312
876.141968,1310
876.259094,1300
876.376282,1321
876.493347,1326
876.610474,1301
876.7276,1306
876.844727,1304
876.961853,1301
877.078918,1297
877.195984,1330
877.313171,1346
877.430237,1312
877.547302,1308
877.664368,1320
877.781433,1339
877.898499,1321
878.015625,1311
878.13269,1292
878.249695,1305
878.366821,1312
878.483887,1321
878.600952,1304
878.717957,1308
878.834961,1331
878.952087,1286
879.069092,1322
879.186157,1345
879.303162,1298
879.420227,1322
879.537231,1297
879.654236,1335
879.77124,1314
879.888306,1323
880.005249,1326
880.122314,1264
880.239319,1363
880.356323,1299
880.473328,1293
880.590271,1321
880.707275,1321
880.824341,1323
880.941284,1326
881.058228,1303
881.175232,1300
881.292236,1324
881.40918,1332
881.526123,1332
881.643066,1332
881.760071,1311
881.877014,1309
881.993958,1318
882.11084,1342
882.227783,1292
882.344727,1324
882.46167,1314
882.578613,1288
882.695618,1309
882.812439,1309
882.929382,1320
883.046326,1300
883.163208,1309
883.280151,1336
883.397034,1292
883.513916,1321
883.630798,1316
883.747742,1340
883.864563,1290
883.981506,1320
884.098389,1300
884.21521,1323
884.332153,1352
884.448975,1359
884.565796,1309
884.682678,1329
884.7995,1297
884.916443,1359
885.033264,1291
885.150085,1345
885.266968,1330
885.383789,1331
885.500671,1357
885.617493,1322
885.734314,1337
885.851196,1332
885.967896,1380
886.084717,1281
886.201599,1357
886.318359,1306
886.435181,1375
886.552002,1342
886.668762,1306
886.785645,1351
886.902344,1304
887.019165,1377
887.135925,1336
887.252747,1362
887.369446,1338
887.486267,1344
887.603027,1313
887.719788,1352
887.836548,1303
887.953247,1352
888.070068,1347
888.186829,1360
888.303528,1354
888.420288,1349
888.536987,1335
888.653687,1310
888.770447,1333
888.887146,1358
889.003967,1348
889.120667,1358
889.237305,1346
889.354065,1365
889.470703,1321
889.587463,1341
889.704163,1380
889.820862,1334
889.937561,1386
890.054199,1359
890.170837,1356
890.287598,1308
890.404236,1339
890.520874,1370
890.637634,1354
890.754211,1353
890.87085,1314
890.987549,1326
891.104187,1303
891.220886,1365
891.337463,1354
891.454102,1387
891.57074,1346
891.687378,1360
891.804077,1371
891.920654,1333
892.037231,1351
892.15387,1361
892.270447,1351
892.387085,1368
892.503723,1350
892.6203,1331
892.736877,1334
892.853516,1362
892.970032,1329
893.08667,1356
893.203186,1386
893.319763,1359
893.43634,1356
893.552917,1364
893.669556,1370
893.786011,1374
893.902588,1335
894.019165,1369
894.135681,1409
894.252197,1361
894.368835,1378
894.485291,1359
894.601868,1384
894.718384,1347
894.8349,1383
894.951355,1360
895.067932,1363
895.184448,1404
895.300964,1369
895.417419,1352
895.533936,1401
895.650452,1368
895.766907,1364
895.883423,1367
895.999878,1365
896.116333,1373
896.232849,1362
896.349304,1362
896.465759,1347
896.582214,1370
896.698669,1371
896.815125,1360
896.931641,1392
897.048035,1397
897.164551,1369
897.280884,1383
897.397339,1325
897.513794,1378
897.630249,1380
897.746582,1390
897.863098,1373
897.979431,1365
898.095886,1386
898.212341,1424
898.328674,1361
898.445129,1393
898.561462,1338
898.677795,1398
898.794312,1353
898.910645,1403
899.026978,1373
899.143433,1372
899.259766,1353
899.37616,1359
899.492493,1361
899.608765,1388
899.725159,1364
899.841553,1382
899.957947,1379
900.07428,1397
900.190552,1356
900.306946,1330
900.423157,1393
900.53949,1391
900.655884,1338
900.772156,1325
900.888489,1422
901.004822,1351
901.121033,1389
901.237366,1351
901.353699,1398
901.46991,1390
901.586304,1373
901.702515,1349
901.818787,1382
901.93512,1402
902.051331,1377
902.167603,1379
902.283875,1358
902.400085,1378
902.516418,1385
902.632629,1366
902.74884,1388
902.865112,1383
902.981384,1385
903.097595,1426
903.213867,1398
903.330017,1379
903.446289,1429
903.5625,1344
903.67865,1369
903.794922,1369
903.911072,1387
904.027344,1372
904.143494,1390
904.259705,1398
904.375916,1352
904.492065,1407
904.608215,1399
904.724426,1394
904.840576,1387
904.956726,1378
905.072876,1356
905.189087,1373
905.305176,1372
905.421387,1415
905.537537,1366
905.653687,1387
905.769775,1411
905.885925,1400
906.002014,1362
906.118164,1462
906.234314,1388
906.350403,1376
906.466492,1391
906.582642,1375
906.69873,1407
906.814758,1387
906.930908,1420
907.046936,1386
907.163086,1380
907.279175,1389
907.395264,1406
907.511353,1425
907.62738,1366
907.743408,1378
907.859497,1445
907.975525,1394
908.091553,1367
908.207703,1371
908.32373,1418
908.439758,1404
908.555786,1404
908.671814,1417
908.787842,1405
908.90387,1421
909.019775,1401
909.135864,1378
909.251892,1429
909.367859,1405
909.483826,1416
909.599854,1395
909.715881,1411
909.831848,1372
909.947815,1408
910.063782,1406
910.179749,1398
910.295776,1422
910.411743,1408
910.527649,1399
910.643616,1411
910.759583,1419
910.875488,1399
910.991455,1401
911.107361,1424
911.223267,1413
911.339294,1418
911.4552,1433
911.571106,1425
911.687073,1420
911.802979,1416
911.918823,1463
912.034729,1415
912.150635,1450
912.266602,1408
912.382446,1398
912.498352,1393
912.614197,1401
912.730103,1422
912.846008,1366
792.44574,1573
792.56488,1564
792.68396,1592
792.80304,1556
792.92218,1529
793.041199,1541
793.160339,1510
793.279419,1555
793.398499,1540
793.517578,1514
793.636658,1533
793.755737,1524
793.874817,1543
793.993896,1541
794.112976,1511
794.232056,1519
794.351074,1557
794.470215,1509
794.589233,1538
794.708313,1507
794.827393,1496
794.946411,1498
795.065552,1492
795.18457,1551
795.303589,1510
795.422668,1482
795.541687,1521
795.660767,1508
795.779846,1485
795.898865,1447
796.017883,1491
796.136963,1480
796.255981,1486
796.375061,1480
796.49408,1458
796.613037,1506
796.732117,1499
796.851135,1501
796.970154,1451
797.089233,1477
797.208191,1486
797.327271,1446
797.446228,1463
797.565186,1484
797.684265,1472
797.803223,1460
797.922241,1444
798.04126,1479
798.160278,1447
798.279297,1448
798.398315,1457
798.517273,1475
798.636292,1465
798.75531,1434
798.874268,1460
798.993286,1499
799.112244,1484
799.231323,1486
799.350281,1504
799.469238,1500
799.588257,1462
799.707153,1473
799.826111,1472
799.945129,1507
800.064087,1413
800.183044,1483
800.302063,1389
800.421021,1485
800.539978,1418
800.658936,1453
800.777893,1450
800.896912,1442
801.015747,1514
801.134705,1432
801.253723,1481
801.37262,1425
801.491638,1460
801.610535,1464
801.729492,1498
801.84845,1450
801.967407,1475
802.086243,1417
802.205261,1430
802.324158,1448
802.443115,1427
802.562073,1423
802.680969,1432
802.799927,1431
802.918762,1448
803.037659,1450
803.156677,1451
803.275574,1465
803.39447,1398
803.513428,1453
803.632263,1430
803.751221,1402
803.870117,1467
803.989014,1459
804.107971,1444
804.226746,1456
804.345642,1426
804.4646,1495
804.583496,1437
804.702393,1451
804.821228,1479
804.940125,1421
805.059021,1439
805.177917,1428
805.296814,1440
805.415649,1443
805.534546,1433
805.653442,1443
805.772278,1466
805.891113,1448
806.01001,1419
806.128906,1455
806.247742,1452
806.366577,1405
806.485413,1459
806.604309,1420
806.723145,1418
806.84198,1454
806.960876,1398
807.079712,1481
807.198486,1422
807.317383,1449
807.436218,1460
807.554993,1458
807.673889,1440
807.792725,1426
807.91156,1407
808.030396,1447
808.14917,1440
808.268005,1419
808.386841,1439
808.505676,1394
808.624451,1435
808.743286,1441
808.862122,1428
808.980896,1406
809.099731,1408
809.218506,1435
809.337341,1405
809.456116,1413
809.57489,1458
809.693726,1433
809.8125,1407
809.931274,1432
810.050049,1410
810.168884,1426
810.287659,1436
810.406372,1410
810.525269,1403
810.643982,1390
810.762756,1398
810.881531,1421
811.000305,1393
811.11908,1423
811.237854,1438
811.356567,1441
811.475403,1371
811.594116,1390
811.71283,1450
811.831604,1425
811.950378,1398
812.069153,1388
812.187927,1426
812.30658,1391
812.425415,1396
812.544128,1379
812.662781,1377
812.781616,1418
812.900269,1364
813.019043,1417
813.137756,1393
813.256531,1429
813.375244,1418
813.493896,1377
813.612671,1430
813.731384,1412
813.850037,1411
813.96875,1382
814.087524,1414
814.206238,1377
814.324951,1384
814.443604,1430
814.562256,1392
814.68103,1374
814.799683,1386
814.918335,1370
815.037109,1378
815.155762,1419
815.274475,1419
815.393188,1378
815.511841,1393
815.630554,1383
815.749146,1369
815.867859,1399
815.986572,1417
816.105164,1371
816.223877,1377
816.342529,1363
816.461182,1350
816.579895,1366
816.698486,1385
816.817139,1420
816.935791,1381
817.054504,1390
817.173096,1383
817.291748,1369
817.4104,1414
817.529053,1345
817.647644,1384
817.766235,1429
817.884949,1369
818.00354,1368
818.122192,1350
818.240845,1369
818.359436,1383
818.478088,1363
818.59668,1344
818.715271,1401
818.833923,1338
818.952515,1354
819.071106,1418
819.189758,1390
819.30835,1337
819.426941,1352
819.545532,1364
819.664124,1342
819.782715,1344
819.901306,1389
820.019897,1326
820.138489,1362
820.25708,1382
820.375671,1344
820.494202,1324
820.612732,1358
820.731384,1337
820.849915,1337
820.968506,1335
821.087097,1330
821.205627,1340
821.324158,1327
821.442749,1376
821.561279,1340
821.679871,1332
821.798401,1358
821.916931,1328
822.035461,1353
822.154053,1321
822.272583,1328
822.391174,1366
822.509583,1361
822.628174,1340
822.746704,1383
822.865234,1334
822.983765,1347
823.102295,1336
823.220825,1306
823.339294,1309
823.457825,1358
823.576355,1346
823.694824,1308
823.813354,1368
823.931885,1324
824.050354,1327
824.168884,1296
824.287354,1346
824.405823,1302
824.524353,1348
824.642822,1331
824.761353,1325
824.879822,1326
824.998291,1301
825.116699,1312
825.235291,1333
825.353699,1331
825.472168,1365
825.590637,1295
825.709106,1350
825.827576,1343
825.946045,1339
826.064453,1312
826.182983,1329
826.301392,1320
826.4198,1310
826.53833,1294
826.656738,1376
826.775208,1339
826.893677,1323
827.012024,1319
827.130493,1344
827.248962,1325
827.36731,1381
827.485779,1295
827.604248,1329
827.722595,1270
827.841064,1314
827.959412,1351
828.077942,1309
828.196289,1325
828.314636,1312
828.433105,1316
828.551514,1347
828.669861,1328
828.78833,1307
828.906677,1306
829.025085,1324
829.143433,1318
829.261841,1318
829.38031,1365
829.498657,1308
829.617004,1318
829.735413,1303
829.85376,1333
829.972107,1298
830.090515,1311
830.208862,1312
830.327209,1272
830.445557,1311
830.563904,1323
830.682312,1327
830.800659,1311
830.919006,1302
831.037354,1294
831.155701,1289
831.274048,1345
831.392395,1310
831.51062,1294
831.629028,1266
831.747314,1325
831.865662,1298
831.984009,1282
832.102356,1338
832.220642,1302
832.338928,1333
832.457275,1309
832.575623,1295
832.693909,1331
832.812134,1325
832.930481,1277
833.048828,1287
833.167114,1329
833.2854,1334
833.403687,1289
833.521973,1287
833.640259,1270
833.758545,1317
833.876831,1329
833.995056,1290
834.113281,1283
834.231628,1291
834.349915,1297
834.468201,1303
834.586426,1307
834.704651,1309
834.822998,1246
834.941162,1273
835.059448,1272
835.177673,1310
835.295959,1342
835.414246,1281
835.53241,1339
835.650635,1305
835.768921,1270
835.887146,1275
836.005371,1297
836.123596,1292
836.241821,1288
836.360046,1268
836.478271,1300
836.596497,1330
836.714722,1291
836.832886,1259
836.95105,1308
837.069336,1289
837.1875,1317
837.305725,1324
837.423889,1292
837.542053,1293
837.660339,1294
837.778503,1321
837.896667,1300
838.014832,1345
838.132996,1252
838.25116,1317
838.369385,1307
838.487488,1298
838.605713,1282
838.723877,1327
838.84198,1311
838.960205,1307
839.078308,1294
839.196472,1308
839.314636,1285
839.4328,1305
839.550964,1313
839.669067,1287
839.787231,1276
839.905396,1295
840.023499,1268
840.141602,1286
840.259766,1311
840.377869,1273
840.495972,1287
840.614136,1314
840.732239,1288
840.850342,1335
840.968445,1256
841.086548,1308
841.204651,1299
841.322754,1264
841.440918,1261
841.55896,1297
841.677002,1297
841.795166,1306
841.913208,1257
842.031311,1298
842.149353,1308
842.267456,1289
842.385498,1298
842.503601,1275
842.621643,1263
842.739746,1268
842.857788,1259
842.97583,1298
843.093933,1285
843.211975,1290
843.330017,1318
843.44812,1252
843.566101,1291
843.684204,1318
843.802246,1260
843.920227,1259
844.038269,1269
844.156311,1276
844.274292,1284
844.392395,1294
844.510376,1293
844.628357,1260
844.74646,1257
844.864441,1311
844.982422,1264
845.100403,1308
845.218384,1269
845.336426,1277
845.454468,1278
845.572449,1276
845.69043,1290
845.808411,1264
845.926453,1255
846.044373,1294
846.162354,1275
846.280396,1288
846.398315,1258
846.516296,1297
846.634216,1294
846.752197,1269
846.870178,1303
846.988098,1282
847.106079,1290
847.22406,1309
847.34198,1272
847.4599,1233
847.577881,1261
847.695801,1301
847.813782,1280
847.931641,1273
848.049561,1315
848.167603,1284
848.285461,1269
848.403381,1261
848.521362,1287
848.639221,1259
848.75708,1248
848.875,1289
848.99292,1277
849.110901,1289
849.22876,1215
849.34668,1288
849.464539,1247
849.582458,1293
849.700317,1256
849.818176,1283
849.936096,1272
850.053955,1260
850.171875,1291
850.289673,1261
850.407593,1256
850.525452,1299
850.643311,1281
850.761169,1279
850.878967,1253
850.996887,1323
851.114746,1267
851.232544,1302
851.350403,1287
851.468262,1257
851.58606,1267
851.703979,1301
851.821777,1297
851.939636,1273
852.057434,1258
852.175232,1262
852.293091,1290
852.410889,1261
852.528687,1304
852.646545,1244
852.764343,1266
852.88208,1269
852.999939,1274
853.117676,1322
853.235535,1266
853.353271,1328
853.471069,1312
853.588928,1282
853.706604,1267
853.824402,1267
853.9422,1270
854.059998,1311
854.177734,1277
854.295532,1297
854.413269,1291
854.531006,1289
854.648804,1287
854.766541,1271
854.884277,1302
855.002014,1268
855.119751,1289
855.237549,1327
855.355225,1320
855.473022,1327
855.590698,1289
855.708435,1295
855.826172,1285
855.943848,1333
856.061646,1285
856.179321,1334
856.296997,1294
856.414795,1318
856.53241,1284
856.650085,1288
856.767822,1276
856.885559,1295
857.003174,1252
857.120911,1303
857.238586,1318
857.356201,1289
857.473938,1289
857.591614,1277
857.709351,1307
857.826965,1295
857.944641,1261
858.062317,1290
858.179993,1271
858.297668,1335
858.415283,1304
858.532959,1280
858.650574,1294
858.768188,1289
858.885803,1320
859.003479,1289
859.121094,1285
859.23877,1308
859.356384,1275
859.473999,1295
859.591675,1303
859.709229,1312
859.826843,1269
859.944458,1283
860.062012,1292
860.179626,1301
860.297302,1305
860.414856,1305
860.532471,1257
860.650024,1315
860.767639,1295
860.885193,1294
861.002808,1255
861.120361,1281
861.237976,1266
861.35553,1303
861.473022,1312
861.590698,1312
861.708191,1309
861.825745,1319
861.943298,1311
862.060852,1327
862.178406,1276
862.295959,1328
862.413513,1302
862.531006,1267
862.64856,1292
862.766113,1302
862.883667,1299
863.00116,1318
863.118713,1306
863.236206,1342
863.353699,1283
863.471252,1312
863.588745,1264
863.706177,1311
863.82373,1296
863.941162,1318
864.058716,1303
864.176208,1306
864.29364,1237
864.411194,1318
864.528687,1318
864.646118,1303
864.763611,1313
864.881042,1308
864.998535,1285
865.116028,1322
865.233459,1273
865.350891,1300
865.468384,1272
865.585754,1309
865.703308,1287
865.820679,1288
865.938171,1329
866.055542,1303
866.173035,1300
866.290466,1276
866.407837,1318
866.52533,1265
866.6427,1282
866.760071,1313
866.877563,1277
866.994934,1264
867.112305,1304
867.229736,1312
867.347107,1297
867.464539,1278
867.58197,1291
867.699341,1321
867.81665,1272
867.934082,1314
868.051453,1280
868.168823,1337
868.286194,1307
868.403564,1316
868.520935,1282
868.638306,1299
868.755676,1289
868.872986,1312
868.990295,1304
869.107727,1303
869.225037,1297
869.342346,1305
869.459717,1312
869.577026,1274
869.694336,1274
869.811707,1303
869.929016,1286
870.046326,1318
870.163635,1286
870.280945,1333
870.398254,1305
870.515564,1333
870.632812,1288
870.750183,1297
870.867432,1276
870.984741,1309
871.102051,1329
871.219299,1296
871.336609,1306
871.453918,1311
871.571106,1317
871.688416,1292
871.805664,1305
871.922852,1296
872.040222,1316
872.157471,1295
872.274719,1332
872.391968,1343
872.509155,1313
872.626465,1327
872.743652,1346
872.860962,1332
872.978149,1305
873.095337,1307
873.212646,1320
873.329834,1305
873.44696,1313
873.564209,1283
873.681396,1303
873.798645,1368
873.915894,1283
874.03302,1321
874.150208,1305
874.267456,1299
874.384583,1285
874.501831,1357
874.618958,1316
874.736145,1327
874.853333,1331
874.970459,1346
875.087646,1305
875.204834,1365
875.32196,1311
875.439148,1289
875.556274,1298
875.673401,1337
875.790527,1315
875.907715,1273
876.024841,1312
876.141968,1290
876.259094,1319
876.376282,1333
876.493347,1364
876.610474,1315
876.7276,1315
876.844727,1309
876.961853,1329
877.078918,1295
877.195984,1319
877.313171,1320
877.430237,1330
877.547302,1293
877.664368,1348
877.781433,1307
877.898499,1294
878.015625,1364
878.13269,1324
878.249695,1346
878.366821,1328
878.483887,1278
878.600952,1355
878.717957,1305
878.834961,1314
878.952087,1321
879.069092,1333
879.186157,1326
879.303162,1368
879.420227,1270
879.537231,1343
879.654236,1313
879.77124,1292
879.888306,1308
880.005249,1334
880.122314,1332
880.239319,1325
880.356323,1345
880.473328,1314
880.590271,1329
880.707275,1357
880.824341,1281
880.941284,1358
881.058228,1338
881.175232,1341
881.292236,1295
881.40918,1331
881.526123,1350
881.643066,1350
881.760071,1343
881.877014,1266
881.993958,1325
882.11084,1329
882.227783,1334
882.344727,1321
882.46167,1321
882.578613,1307
882.695618,1301
882.812439,1349
882.929382,1319
883.046326,1313
883.163208,1332
883.280151,1332
883.397034,1316
883.513916,1337
883.630798,1342
883.747742,1333
883.864563,1345
883.981506,1349
884.098389,1340
884.21521,1311
884.332153,1330
884.448975,1325
884.565796,1332
884.682678,1370
884.7995,1373
884.916443,1350
885.033264,1368
885.150085,1377
885.266968,1361
885.383789,1363
885.500671,1314
885.617493,1345
885.734314,1360
885.851196,1303
885.967896,1341
886.084717,1346
886.201599,1307
886.318359,1366
886.435181,1338
886.552002,1345
886.668762,1326
886.785645,1358
886.902344,1343
887.019165,1336
887.135925,1376
887.252747,1306
887.369446,1341
887.486267,1332
887.603027,1346
887.719788,1326
887.836548,1384
887.953247,1325
888.070068,1360
888.186829,1347
888.303528,1364
888.420288,1329
888.536987,1363
888.653687,1354
888.770447,1345
888.887146,1374
889.003967,1347
889.120667,1367
889.237305,1366
889.354065,1324
889.470703,1377
889.587463,1352
889.704163,1356
889.820862,1304
889.937561,1346
890.054199,1364
890.170837,1377
890.287598,1337
890.404236,1328
890.520874,1373
890.637634,1347
890.754211,1360
890.87085,1395
890.987549,1355
891.104187,1389
891.220886,1375
891.337463,1358
891.454102,1351
891.57074,1375
891.687378,1385
891.804077,1400
891.920654,1319
892.037231,1375
892.15387,1337
892.270447,1397
892.387085,1384
892.503723,1374
892.6203,1376
892.736877,1383
892.853516,1384
892.970032,1338
893.08667,1392
893.203186,1331
893.319763,1373
893.43634,1393
893.552917,1377
893.669556,1382
893.786011,1421
893.902588,1386
894.019165,1348
894.135681,1379
894.252197,1393
894.368835,1411
894.485291,1349
894.601868,1413
894.718384,1387
894.8349,1385
894.951355,1396
895.067932,1382
895.184448,1399
895.300964,1369
895.417419,1366
895.533936,1354
895.650452,1366
895.766907,1402
895.883423,1383
895.999878,1383
896.116333,1372
896.232849,1383
896.349304,1399
896.465759,1369
896.582214,1392
896.698669,1371
896.815125,1359
896.931641,1388
897.048035,1380
897.164551,1339
897.280884,1349
897.397339,1412
897.513794,1352
897.630249,1420
897.746582,1336
897.863098,1364
897.979431,1369
898.095886,1381
898.212341,1378
898.328674,1411
898.445129,1377
898.561462,1348
898.677795,1397
898.794312,1387
898.910645,1418
899.026978,1410
899.143433,1351
899.259766,1430
899.37616,1390
899.492493,1430
899.608765,1388
899.725159,1438
899.841553,1371
899.957947,1414
900.07428,1396
900.190552,1341
900.306946,1397
900.423157,1395
900.53949,1405
900.655884,1394
900.772156,1397
900.888489,1420
901.004822,1369
901.121033,1391
901.237366,1394
901.353699,1365
901.46991,1409
901.586304,1406
901.702515,1375
901.818787,1406
901.93512,1410
902.051331,1358
902.167603,1415
902.283875,1396
902.400085,1387
902.516418,1388
902.632629,1403
902.74884,1408
902.865112,1423
902.981384,1421
903.097595,1390
903.213867,1362
903.330017,1395
903.446289,1389
903.5625,1408
903.67865,1388
903.794922,1363
903.911072,1404
904.027344,1360
904.143494,1405
904.259705,1403
904.375916,1380
904.492065,1440
904.608215,1443
904.724426,1390
904.840576,1399
904.956726,1435
905.072876,1424
905.189087,1386
905.305176,1371
905.421387,1406
905.537537,1375
905.653687,1406
905.769775,1405
905.885925,1378
906.002014,1409
906.118164,1451
906.234314,1421
906.350403,1386
906.466492,1425
906.582642,1375
906.69873,1401
906.814758,1427
906.930908,1426
907.046936,1415
907.163086,1384
907.279175,1458
907.395264,1413
907.511353,1436
907.62738,1416
907.743408,1424
907.859497,1399
907.975525,1418
908.091553,1416
908.207703,1412
908.32373,1407
908.439758,1485
908.555786,1422
908.671814,1423
908.787842,1406
908.90387,1448
909.019775,1423
909.135864,1385
909.251892,1454
909.367859,1412
909.483826,1478
909.599854,1436
909.715881,1471
909.831848,1426
909.947815,1421
910.063782,1436
910.179749,1425
910.295776,1430
910.411743,1414
910.527649,1415
910.643616,1405
910.759583,1430
910.875488,1432
910.991455,1447
911.107361,1459
911.223267,1411
911.339294,1447
911.4552,1455
911.571106,1398
911.687073,1433
911.802979,1422
911.918823,1394
912.034729,1422
912.150635,1442
912.266602,1411
912.382446,1445
912.498352,1395
912.614197,1432
912.730103,1439
912.846008,1430
