792.44574,1548
792.56488,1579
792.68396,1564
792.80304,1536
792.92218,1459
793.041199,1476
793.160339,1542
793.279419,1490
793.398499,1517
793.517578,1473
793.636658,1494
793.755737,1495
793.874817,1523
793.993896,1473
794.112976,1488
794.232056,1455
794.351074,1491
794.470215,1484
794.589233,1478
794.708313,1431
794.827393,1494
794.946411,1500
795.065552,1500
795.18457,1514
795.303589,1488
795.422668,1447
795.541687,1503
795.660767,1434
795.779846,1454
795.898865,1451
796.017883,1476
796.136963,1440
796.255981,1499
796.375061,1462
796.49408,1418
796.613037,1465
796.732117,1465
796.851135,1429
796.970154,1459
797.089233,1436
797.208191,1460
797.327271,1473
797.446228,1467
797.565186,1465
797.684265,1432
797.803223,1423
797.922241,1449
798.04126,1452
798.160278,1399
798.279297,1442
798.398315,1401
798.517273,1455
798.636292,1430
798.75531,1455
798.874268,1439
798.993286,1453
799.112244,1401
799.231323,1461
799.350281,1437
799.469238,1449
799.588257,1434
799.707153,1448
799.826111,1420
799.945129,1414
800.064087,1454
800.183044,1413
800.302063,1456
800.421021,1430
800.539978,1362
800.658936,1438
800.777893,1397
800.896912,1439
801.015747,1418
801.134705,1391
801.253723,1451
801.37262,1410
801.491638,1428
801.610535,1423
801.729492,1397
801.84845,1403
801.967407,1390
802.086243,1447
802.205261,1436
802.324158,1369
802.443115,1438
802.562073,1426
802.680969,1423
802.799927,1380
802.918762,1385
803.037659,1434
803.156677,1378
803.275574,1421
803.39447,1438
803.513428,1413
803.632263,1419
803.751221,1420
803.870117,1423
803.989014,1439
804.107971,1353
804.226746,1413
804.345642,1400
804.4646,1466
804.583496,1416
804.702393,1440
804.821228,1426
804.940125,1425
805.059021,1402
805.177917,1367
805.296814,1415
805.415649,1377
805.534546,1405
805.653442,1395
805.772278,1401
805.891113,1408
806.01001,1390
806.128906,1395
806.247742,1446
806.366577,1372
806.485413,1398
806.604309,1441
806.723145,1414
806.84198,1401
806.960876,1430
807.079712,1403
807.198486,1432
807.317383,1437
807.436218,1460
807.554993,1393
807.673889,1419
807.792725,1397
807.91156,1365
808.030396,1430
808.14917,1381
808.268005,1387
808.386841,1400
808.505676,1385
808.624451,1364
808.743286,1438
808.862122,1337
808.980896,1391
809.099731,1381
809.218506,1386
809.337341,1378
809.456116,1403
809.57489,1389
809.693726,1430
809.8125,1376
809.931274,1412
810.050049,1417
810.168884,1388
810.287659,1380
810.406372,1358
810.525269,1399
810.643982,1375
810.762756,1356
810.881531,1387
811.000305,1348
811.11908,1385
811.237854,1337
811.356567,1373
811.475403,1419
811.594116,1381
811.71283,1381
811.831604,1399
811.950378,1398
812.069153,1398
812.187927,1395
812.30658,1382
812.425415,1384
812.544128,1344
812.662781,1369
812.781616,1366
812.900269,1347
813.019043,1365
813.137756,1373
813.256531,1370
813.375244,1405
813.493896,1342
813.612671,1352
813.731384,1417
813.850037,1371
813.96875,1383
814.087524,1345
814.206238,1381
814.324951,1378
814.443604,1366
814.562256,1364
814.68103,1396
814.799683,1392
814.918335,1406
815.037109,1387
815.155762,1330
815.274475,1359
815.393188,1381
815.511841,1370
815.630554,1362
815.749146,1343
815.867859,1348
815.986572,1386
816.105164,1377
816.223877,1390
816.342529,1376
816.461182,1313
816.579895,1416
816.698486,1328
816.817139,1361
816.935791,1357
817.054504,1394
817.173096,1344
817.291748,1346
817.4104,1367
817.529053,1366
817.647644,1306
817.766235,1329
817.884949,1343
818.00354,1335
818.122192,1342
818.240845,1357
818.359436,1363
818.478088,1345
818.59668,1376
818.715271,1321
818.833923,1342
818.952515,1377
819.071106,1350
819.189758,1343
819.30835,1333
819.426941,1364
819.545532,1322
819.664124,1332
819.782715,1342
819.901306,1356
820.019897,1304
820.138489,1330
820.25708,1393
820.375671,1305
820.494202,1331
820.612732,1344
820.731384,1339
820.849915,1323
820.968506,1314
821.087097,1299
821.205627,1319
821.324158,1316
821.442749,1305
821.561279,1341
821.679871,1323
821.798401,1322
821.916931,1299
822.035461,1297
822.154053,1319
822.272583,1340
822.391174,1356
822.509583,1316
822.628174,1317
822.746704,1338
822.865234,1283
822.983765,1286
823.102295,1317
823.220825,1295
823.339294,1310
823.457825,1311
823.576355,1316
823.694824,1292
823.813354,1330
823.931885,1308
824.050354,1285
824.168884,1309
824.287354,1324
824.405823,1312
824.524353,1323
824.642822,1324
824.761353,1357
824.879822,1308
824.998291,1268
825.116699,1290
825.235291,1289
825.353699,1320
825.472168,1306
825.590637,1308
825.709106,1326
825.827576,1297
825.946045,1285
826.064453,1306
826.182983,1286
826.301392,1302
826.4198,1259
826.53833,1320
826.656738,1317
826.775208,1282
826.893677,1325
827.012024,1313
827.130493,1290
827.248962,1300
827.36731,1271
827.485779,1325
827.604248,1272
827.722595,1316
827.841064,1288
827.959412,1300
828.077942,1290
828.196289,1290
828.314636,1264
828.433105,1281
828.551514,1324
828.669861,1318
828.78833,1257
828.906677,1272
829.025085,1267
829.143433,1290
829.261841,1235
829.38031,1292
829.498657,1267
829.617004,1281
829.735413,1257
829.85376,1298
829.972107,1262
830.090515,1269
830.208862,1289
830.327209,1277
830.445557,1246
830.563904,1275
830.682312,1288
830.800659,1298
830.919006,1296
831.037354,1253
831.155701,1285
831.274048,1309
831.392395,1310
831.51062,1289
831.629028,1292
831.747314,1303
831.865662,1240
831.984009,1278
832.102356,1294
832.220642,1278
832.338928,1279
832.457275,1279
832.575623,1277
832.693909,1235
832.812134,1300
832.930481,1309
833.048828,1265
833.167114,1266
833.2854,1290
833.403687,1293
833.521973,1257
833.640259,1289
833.758545,1258
833.876831,1264
833.995056,1270
834.113281,1288
834.231628,1250
834.349915,1269
834.468201,1269
834.586426,1279
834.704651,1274
834.822998,1279
834.941162,1310
835.059448,1271
835.177673,1300
835.295959,1268
835.414246,1289
835.53241,1292
835.650635,1251
835.768921,1268
835.887146,1244
836.005371,1306
836.123596,1289
836.241821,1254
836.360046,1291
836.478271,1224
836.596497,1302
836.714722,1293
836.832886,1269
836.95105,1269
837.069336,1338
837.1875,1263
837.305725,1297
837.423889,1266
837.542053,1307
837.660339,1300
837.778503,1246
837.896667,1274
838.014832,1278
838.132996,1270
838.25116,1273
838.369385,1271
838.487488,1274
838.605713,1269
838.723877,1271
838.84198,1274
838.960205,1291
839.078308,1249
839.196472,1258
839.314636,1305
839.4328,1277
839.550964,1222
839.669067,1228
839.787231,1258
839.905396,1272
840.023499,1276
840.141602,1263
840.259766,1308
840.377869,1222
840.495972,1231
840.614136,1259
840.732239,1294
840.850342,1280
840.968445,1253
841.086548,1227
841.204651,1304
841.322754,1264
841.440918,1280
841.55896,1261
841.677002,1255
841.795166,1256
841.913208,1262
842.031311,1264
842.149353,1277
842.267456,1239
842.385498,1275
842.503601,1256
842.621643,1284
842.739746,1264
842.857788,1241
842.97583,1295
843.093933,1261
843.211975,1242
843.330017,1264
843.44812,1251
843.566101,1303
843.684204,1283
843.802246,1234
843.920227,1261
844.038269,1271
844.156311,1298
844.274292,1233
844.392395,1271
844.510376,1245
844.628357,1265
844.74646,1263
844.864441,1253
844.982422,1237
845.100403,1219
845.218384,1229
845.336426,1247
845.454468,1302
845.572449,1264
845.69043,1286
845.808411,1255
845.926453,1270
846.044373,1308
846.162354,1251
846.280396,1216
846.398315,1234
846.516296,1256
846.634216,1290
846.752197,1263
846.870178,1253
846.988098,1260
847.106079,1222
847.22406,1283
847.34198,1240
847.4599,1231
847.577881,1248
847.695801,1234
847.813782,1247
847.931641,1235
848.049561,1292
848.167603,1237
848.285461,1287
848.403381,1259
848.521362,1256
848.639221,1262
848.75708,1250
848.875,1225
848.99292,1301
849.110901,1247
849.22876,1229
849.34668,1264
849.464539,1296
849.582458,1259
849.700317,1263
849.818176,1280
849.936096,1232
850.053955,1288
850.171875,1260
850.289673,1236
850.407593,1220
850.525452,1261
850.643311,1267
850.761169,1280
850.878967,1246
850.996887,1279
851.114746,1234
851.232544,1232
851.350403,1296
851.468262,1280
851.58606,1221
851.703979,1272
851.821777,1260
851.939636,1243
852.057434,1282
852.175232,1256
852.293091,1293
852.410889,1253
852.528687,1289
852.646545,1303
852.764343,1227
852.88208,1243
852.999939,1275
853.117676,1272
853.235535,1307
853.353271,1285
853.471069,1290
853.588928,1226
853.706604,1252
853.824402,1276
853.9422,1231
854.059998,1242
854.177734,1276
854.295532,1257
854.413269,1237
854.531006,1259
854.648804,1259
854.766541,1249
854.884277,1262
855.002014,1253
855.119751,1256
855.237549,1282
855.355225,1275
855.473022,1317
855.590698,1290
855.708435,1270
855.826172,1280
855.943848,1226
856.061646,1261
856.179321,1243
856.296997,1271
856.414795,1237
856.53241,1256
856.650085,1285
856.767822,1297
856.885559,1251
857.003174,1260
857.120911,1278
857.238586,1251
857.356201,1273
857.473938,1291
857.591614,1261
857.709351,1278
857.826965,1296
857.944641,1245
858.062317,1247
858.179993,1268
858.297668,1244
858.415283,1280
858.532959,1264
858.650574,1269
858.768188,1265
858.885803,1279
859.003479,1245
859.121094,1258
859.23877,1268
859.356384,1275
859.473999,1261
859.591675,1298
859.709229,1270
859.826843,1286
859.944458,1263
860.062012,1292
860.179626,1222
860.297302,1319
860.414856,1281
860.532471,1267
860.650024,1259
860.767639,1293
860.885193,1237
861.002808,1269
861.120361,1283
861.237976,1295
861.35553,1282
861.473022,1280
861.590698,1257
861.708191,1270
861.825745,1231
861.943298,1287
862.060852,1252
862.178406,1289
862.295959,1275
862.413513,1235
862.531006,1273
862.64856,1264
862.766113,1307
862.883667,1268
863.00116,1220
863.118713,1282
863.236206,1295
863.353699,1275
863.471252,1275
863.588745,1316
863.706177,1279
863.82373,1265
863.941162,1262
864.058716,1261
864.176208,1272
864.29364,1274
864.411194,1351
864.528687,1273
864.646118,1223
864.763611,1275
864.881042,1241
864.998535,1275
865.116028,1252
865.233459,1266
865.350891,1268
865.468384,1313
865.585754,1283
865.703308,1271
865.820679,1289
865.938171,1251
866.055542,1253
866.173035,1283
866.290466,1268
866.407837,1306
866.52533,1268
866.6427,1318
866.760071,1319
866.877563,1289
866.994934,1306
867.112305,1283
867.229736,1306
867.347107,1295
867.464539,1302
867.58197,1278
867.699341,1294
867.81665,1245
867.934082,1301
868.051453,1300
868.168823,1241
868.286194,1267
868.403564,1255
868.520935,1253
868.638306,1273
868.755676,1261
868.872986,1271
868.990295,1305
869.107727,1303
869.225037,1278
869.342346,1278
869.459717,1226
869.577026,1293
869.694336,1272
869.811707,1270
869.929016,1253
870.046326,1275
870.163635,1276
870.280945,1273
870.398254,1302
870.515564,1284
870.632812,1266
870.750183,1267
870.867432,1275
870.984741,1250
871.102051,1270
871.219299,1254
871.336609,1298
871.453918,1280
871.571106,1286
871.688416,1268
871.805664,1279
871.922852,1255
872.040222,1268
872.157471,1308
872.274719,1302
872.391968,1322
872.509155,1283
872.626465,1274
872.743652,1281
872.860962,1303
872.978149,1295
873.095337,1268
873.212646,1303
873.329834,1282
873.44696,1331
873.564209,1301
873.681396,1267
873.798645,1264
873.915894,1332
874.03302,1278
874.150208,1315
874.267456,1237
874.384583,1261
874.501831,1249
874.618958,1275
874.736145,1283
874.853333,1308
874.970459,1311
875.087646,1275
875.204834,1288
875.32196,1253
875.439148,1234
875.556274,1293
875.673401,1283
875.790527,1271
875.907715,1326
876.024841,1285
876.141968,1301
876.259094,1296
876.376282,1287
876.493347,1274
876.610474,1249
876.7276,1326
876.844727,1230
876.961853,1297
877.078918,1277
877.195984,1315
877.313171,1280
877.430237,1313
877.547302,1288
877.664368,1294
877.781433,1302
877.898499,1327
878.015625,1272
878.13269,1283
878.249695,1299
878.366821,1265
878.483887,1273
878.600952,1318
878.717957,1290
878.834961,1291
878.952087,1334
879.069092,1314
879.186157,1305
879.303162,1289
879.420227,1285
879.537231,1312
879.654236,1280
879.77124,1323
879.888306,1255
880.005249,1254
880.122314,1307
880.239319,1290
880.356323,1275
880.473328,1302
880.590271,1263
880.707275,1317
880.824341,1311
880.941284,1286
881.058228,1296
881.175232,1262
881.292236,1303
881.40918,1268
881.526123,1311
881.643066,1270
881.760071,1306
881.877014,1309
881.993958,1317
882.11084,1297
882.227783,1336
882.344727,1277
882.46167,1308
882.578613,1278
882.695618,1307
882.812439,1330
882.929382,1301
883.046326,1338
883.163208,1269
883.280151,1277
883.397034,1275
883.513916,1318
883.630798,1302
883.747742,1309
883.864563,1305
883.981506,1284
884.098389,1300
884.21521,1339
884.332153,1274
884.448975,1309
884.565796,1322
884.682678,1301
884.7995,1295
884.916443,1313
885.033264,1316
885.150085,1304
885.266968,1312
885.383789,1334
885.500671,1328
885.617493,1304
885.734314,1294
885.851196,1315
885.967896,1345
886.084717,1309
886.201599,1356
886.318359,1322
886.435181,1326
886.552002,1335
886.668762,1286
886.785645,1325
886.902344,1327
887.019165,1311
887.135925,1318
887.252747,1350
887.369446,1347
887.486267,1336
887.603027,1318
887.719788,1300
887.836548,1295
887.953247,1310
888.070068,1299
888.186829,1329
888.303528,1309
888.420288,1349
888.536987,1300
888.653687,1298
888.770447,1354
888.887146,1344
889.003967,1344
889.120667,1345
889.237305,1309
889.354065,1330
889.470703,1271
889.587463,1319
889.704163,1338
889.820862,1313
889.937561,1325
890.054199,1350
890.170837,1320
890.287598,1280
890.404236,1298
890.520874,1349
890.637634,1326
890.754211,1355
890.87085,1342
890.987549,1317
891.104187,1380
891.220886,1334
891.337463,1336
891.454102,1358
891.57074,1364
891.687378,1365
891.804077,1356
891.920654,1354
892.037231,1308
892.15387,1368
892.270447,1292
892.387085,1329
892.503723,1343
892.6203,1334
892.736877,1321
892.853516,1329
892.970032,1361
893.08667,1329
893.203186,1352
893.319763,1346
893.43634,1315
893.552917,1326
893.669556,1310
893.786011,1367
893.902588,1332
894.019165,1307
894.135681,1299
894.252197,1365
894.368835,1358
894.485291,1378
894.601868,1341
894.718384,1361
894.8349,1393
894.951355,1320
895.067932,1311
895.184448,1346
895.300964,1351
895.417419,1350
895.533936,1348
895.650452,1329
895.766907,1373
895.883423,1342
895.999878,1352
896.116333,1325
896.232849,1317
896.349304,1306
896.465759,1360
896.582214,1326
896.698669,1325
896.815125,1370
896.931641,1341
897.048035,1377
897.164551,1334
897.280884,1348
897.397339,1309
897.513794,1359
897.630249,1381
897.746582,1370
897.863098,1343
897.979431,1335
898.095886,1360
898.212341,1319
898.328674,1321
898.445129,1346
898.561462,1324
898.677795,1364
898.794312,1318
898.910645,1345
899.026978,1326
899.143433,1288
899.259766,1350
899.37616,1346
899.492493,1336
899.608765,1364
899.725159,1330
899.841553,1324
899.957947,1350
900.07428,1334
900.190552,1348
900.306946,1339
900.423157,1350
900.53949,1361
900.655884,1319
900.772156,1377
900.888489,1366
901.004822,1392
901.121033,1412
901.237366,1345
901.353699,1384
901.46991,1350
901.586304,1358
901.702515,1312
901.818787,1349
901.93512,1340
902.051331,1348
902.167603,1349
902.283875,1374
902.400085,1318
902.516418,1409
902.632629,1380
902.74884,1410
902.865112,1341
902.981384,1371
903.097595,1355
903.213867,1381
903.330017,1333
903.446289,1316
903.5625,1342
903.67865,1399
903.794922,1343
903.911072,1344
904.027344,1406
904.143494,1377
904.259705,1356
904.375916,1380
904.492065,1382
904.608215,1363
904.724426,1366
904.840576,1376
904.956726,1360
905.072876,1357
905.189087,1346
905.305176,1349
905.421387,1359
905.537537,1414
905.653687,1355
905.769775,1354
905.885925,1366
906.002014,1354
906.118164,1369
906.234314,1353
906.350403,1329
906.466492,1389
906.582642,1395
906.69873,1402
906.814758,1382
906.930908,1370
907.046936,1358
907.163086,1374
907.279175,1357
907.395264,1357
907.511353,1374
907.62738,1348
907.743408,1335
907.859497,1370
907.975525,1395
908.091553,1420
908.207703,1405
908.32373,1384
908.439758,1351
908.555786,1388
908.671814,1379
908.787842,1382
908.90387,1378
909.019775,1404
909.135864,1393
909.251892,1390
909.367859,1395
909.483826,1350
909.599854,1405
909.715881,1357
909.831848,1346
909.947815,1378
910.063782,1413
910.179749,1396
910.295776,1367
910.411743,1430
910.527649,1377
910.643616,1384
910.759583,1392
910.875488,1385
910.991455,1382
911.107361,1373
911.223267,1373
911.339294,1401
911.4552,1432
911.571106,1344
911.687073,1406
911.802979,1340
911.918823,1411
912.034729,1385
912.150635,1375
912.266602,1402
912.382446,1408
912.498352,1384
912.614197,1426
912.730103,1331
912.846008,1386
792.44574,1577
792.56488,1568
792.68396,1639
792.80304,1568
792.92218,1500
793.041199,1537
793.160339,1522
793.279419,1521
793.398499,1569
793.517578,1543
793.636658,1522
793.755737,1506
793.874817,1514
793.993896,1525
794.112976,1543
794.232056,1513
794.351074,1536
794.470215,1527
794.589233,1499
794.708313,1512
794.827393,1483
794.946411,1552
795.065552,1507
795.18457,1536
795.303589,1544
795.422668,1489
795.541687,1454
795.660767,1488
795.779846,1487
795.898865,1516
796.017883,1469
796.136963,1479
796.255981,1508
796.375061,1517
796.49408,1486
796.613037,1525
796.732117,1496
796.851135,1523
796.970154,1480
797.089233,1451
797.208191,1489
797.327271,1463
797.446228,1473
797.565186,1477
797.684265,1478
797.803223,1531
797.922241,1456
798.04126,1481
798.160278,1519
798.279297,1434
798.398315,1439
798.517273,1483
798.636292,1453
798.75531,1468
798.874268,1459
798.993286,1478
799.112244,1438
799.231323,1424
799.350281,1477
799.469238,1459
799.588257,1472
799.707153,1481
799.826111,1475
799.945129,1458
800.064087,1502
800.183044,1465
800.302063,1459
800.421021,1465
800.539978,1478
800.658936,1460
800.777893,1444
800.896912,1449
801.015747,1482
801.134705,1466
801.253723,1451
801.37262,1468
801.491638,1472
801.610535,1488
801.729492,1468
801.84845,1435
801.967407,1448
802.086243,1407
802.205261,1425
802.324158,1446
802.443115,1434
802.562073,1450
802.680969,1446
802.799927,1489
802.918762,1438
803.037659,1466
803.156677,1435
803.275574,1435
803.39447,1468
803.513428,1410
803.632263,1437
803.751221,1432
803.870117,1444
803.989014,1467
804.107971,1451
804.226746,1464
804.345642,1416
804.4646,1478
804.583496,1407
804.702393,1469
804.821228,1439
804.940125,1457
805.059021,1427
805.177917,1465
805.296814,1443
805.415649,1458
805.534546,1437
805.653442,1407
805.772278,1440
805.891113,1403
806.01001,1446
806.128906,1422
806.247742,1465
806.366577,1418
806.485413,1420
806.604309,1462
806.723145,1419
806.84198,1453
806.960876,1464
807.079712,1425
807.198486,1413
807.317383,1440
807.436218,1454
807.554993,1429
807.673889,1438
807.792725,1419
807.91156,1418
808.030396,1420
808.14917,1426
808.268005,1418
808.386841,1429
808.505676,1439
808.624451,1451
808.743286,1418
808.862122,1454
808.980896,1433
809.099731,1381
809.218506,1442
809.337341,1441
809.456116,1457
809.57489,1388
809.693726,1414
809.8125,1390
809.931274,1397
810.050049,1441
810.168884,1445
810.287659,1440
810.406372,1414
810.525269,1409
810.643982,1440
810.762756,1368
810.881531,1442
811.000305,1383
811.11908,1408
811.237854,1431
811.356567,1413
811.475403,1445
811.594116,1420
811.71283,1400
811.831604,1441
811.950378,1390
812.069153,1419
812.187927,1419
812.30658,1436
812.425415,1366
812.544128,1414
812.662781,1428
812.781616,1411
812.900269,1359
813.019043,1395
813.137756,1389
813.256531,1418
813.375244,1396
813.493896,1414
813.612671,1408
813.731384,1398
813.850037,1363
813.96875,1400
814.087524,1409
814.206238,1374
814.324951,1433
814.443604,1458
814.562256,1390
814.68103,1382
814.799683,1396
814.918335,1386
815.037109,1418
815.155762,1378
815.274475,1392
815.393188,1397
815.511841,1371
815.630554,1392
815.749146,1382
815.867859,1384
815.986572,1371
816.105164,1413
816.223877,1411
816.342529,1371
816.461182,1424
816.579895,1422
816.698486,1429
816.817139,1347
816.935791,1435
817.054504,1414
817.173096,1381
817.291748,1411
817.4104,1363
817.529053,1381
817.647644,1391
817.766235,1397
817.884949,1392
818.00354,1385
818.122192,1384
818.240845,1360
818.359436,1347
818.478088,1391
818.59668,1344
818.715271,1370
818.833923,1377
818.952515,1367
819.071106,1339
819.189758,1361
819.30835,1373
819.426941,1340
819.545532,1365
819.664124,1328
819.782715,1372
819.901306,1396
820.019897,1379
820.138489,1332
820.25708,1387
820.375671,1373
820.494202,1376
820.612732,1348
820.731384,1324
820.849915,1335
820.968506,1344
821.087097,1358
821.205627,1350
821.324158,1352
821.442749,1347
821.561279,1370
821.679871,1320
821.798401,1346
821.916931,1372
822.035461,1348
822.154053,1348
822.272583,1324
822.391174,1336
822.509583,1353
822.628174,1351
822.746704,1331
822.865234,1340
822.983765,1371
823.102295,1320
823.220825,1346
823.339294,1351
823.457825,1331
823.576355,1317
823.694824,1341
823.813354,1325
823.931885,1360
824.050354,1335
824.168884,1380
824.287354,1361
824.405823,1338
824.524353,1292
824.642822,1363
824.761353,1363
824.879822,1332
824.998291,1304
825.116699,1331
825.235291,1334
825.353699,1374
825.472168,1345
825.590637,1352
825.709106,1339
825.827576,1360
825.946045,1327
826.064453,1351
826.182983,1284
826.301392,1332
826.4198,1353
826.53833,1330
826.656738,1321
826.775208,1333
826.893677,1286
827.012024,1338
827.130493,1290
827.248962,1315
827.36731,1300
827.485779,1331
827.604248,1351
827.722595,1357
827.841064,1283
827.959412,1323
828.077942,1308
828.196289,1322
828.314636,1311
828.433105,1289
828.551514,1295
828.669861,1339
828.78833,1295
828.906677,1316
829.025085,1307
829.143433,1269
829.261841,1312
829.38031,1281
829.498657,1351
829.617004,1314
829.735413,1329
829.85376,1300
829.972107,1327
830.090515,1311
830.208862,1322
830.327209,1339
830.445557,1321
830.563904,1328
830.682312,1322
830.800659,1317
830.919006,1323
831.037354,1296
831.155701,1339
831.274048,1325
831.392395,1317
831.51062,1326
831.629028,1302
831.747314,1294
831.865662,1324
831.984009,1336
832.102356,1328
832.220642,1294
832.338928,1328
832.457275,1275
832.575623,1294
832.693909,1308
832.812134,1320
832.930481,1335
833.048828,1291
833.167114,1308
833.2854,1271
833.403687,1322
833.521973,1283
833.640259,1311
833.758545,1292
833.876831,1303
833.995056,1284
834.113281,1298
834.231628,1290
834.349915,1300
834.468201,1323
834.586426,1320
834.704651,1336
834.822998,1293
834.941162,1317
835.059448,1314
835.177673,1324
835.295959,1270
835.414246,1318
835.53241,1299
835.650635,1326
835.768921,1304
835.887146,1311
836.005371,1309
836.123596,1279
836.241821,1280
836.360046,1289
836.478271,1275
836.596497,1298
836.714722,1278
836.832886,1273
836.95105,1270
837.069336,1303
837.1875,1284
837.305725,1253
837.423889,1279
837.542053,1280
837.660339,1261
837.778503,1324
837.896667,1322
838.014832,1307
838.132996,1272
838.25116,1300
838.369385,1271
838.487488,1324
838.605713,1255
838.723877,1290
838.84198,1293
838.960205,1293
839.078308,1280
839.196472,1271
839.314636,1325
839.4328,1322
839.550964,1306
839.669067,1284
839.787231,1258
839.905396,1286
840.023499,1304
840.141602,1267
840.259766,1263
840.377869,1309
840.495972,1303
840.614136,1267
840.732239,1307
840.850342,1275
840.968445,1302
841.086548,1327
841.204651,1302
841.322754,1313
841.440918,1294
841.55896,1299
841.677002,1290
841.795166,1313
841.913208,1318
842.031311,1302
842.149353,1262
842.267456,1313
842.385498,1264
842.503601,1291
842.621643,1250
842.739746,1261
842.857788,1289
842.97583,1308
843.093933,1313
843.211975,1322
843.330017,1288
843.44812,1299
843.566101,1292
843.684204,1289
843.802246,1275
843.920227,1329
844.038269,1268
844.156311,1314
844.274292,1288
844.392395,1262
844.510376,1310
844.628357,1233
844.74646,1294
844.864441,1299
844.982422,1251
845.100403,1291
845.218384,1290
845.336426,1259
845.454468,1303
845.572449,1304
845.69043,1291
845.808411,1270
845.926453,1310
846.044373,1256
846.162354,1254
846.280396,1250
846.398315,1277
846.516296,1288
846.634216,1282
846.752197,1295
846.870178,1305
846.988098,1289
847.106079,1286
847.22406,1241
847.34198,1271
847.4599,1276
847.577881,1291
847.695801,1303
847.813782,1291
847.931641,1256
848.049561,1281
848.167603,1275
848.285461,1290
848.403381,1294
848.521362,1286
848.639221,1298
848.75708,1285
848.875,1266
848.99292,1278
849.110901,1302
849.22876,1272
849.34668,1293
849.464539,1264
849.582458,1273
849.700317,1262
849.818176,1265
849.936096,1284
850.053955,1268
850.171875,1286
850.289673,1240
850.407593,1284
850.525452,1271
850.643311,1274
850.761169,1275
850.878967,1284
850.996887,1317
851.114746,1271
851.232544,1281
851.350403,1310
851.468262,1271
851.58606,1300
851.703979,1293
851.821777,1302
851.939636,1276
852.057434,1271
852.175232,1343
852.293091,1250
852.410889,1309
852.528687,1265
852.646545,1279
852.764343,1300
852.88208,1315
852.999939,1273
853.117676,1302
853.235535,1305
853.353271,1280
853.471069,1250
853.588928,1283
853.706604,1251
853.824402,1288
853.9422,1299
854.059998,1277
854.177734,1291
854.295532,1293
854.413269,1270
854.531006,1367
854.648804,1250
854.766541,1287
854.884277,1288
855.002014,1314
855.119751,1302
855.237549,1258
855.355225,1293
855.473022,1295
855.590698,1285
855.708435,1251
855.826172,1288
855.943848,1301
856.061646,1311
856.179321,1289
856.296997,1326
856.414795,1288
856.53241,1279
856.650085,1300
856.767822,1261
856.885559,1314
857.003174,1310
857.120911,1284
857.238586,1263
857.356201,1290
857.473938,1286
857.591614,1296
857.709351,1278
857.826965,1327
857.944641,1277
858.062317,1313
858.179993,1255
858.297668,1265
858.415283,1274
858.532959,1290
858.650574,1298
858.768188,1254
858.885803,1278
859.003479,1281
859.121094,1284
859.23877,1288
859.356384,1294
859.473999,1292
859.591675,1283
859.709229,1253
859.826843,1308
859.944458,1297
860.062012,1303
860.179626,1281
860.297302,1275
860.414856,1312
860.532471,1302
860.650024,1310
860.767639,1280
860.885193,1313
861.002808,1261
861.120361,1299
861.237976,1316
861.35553,1312
861.473022,1292
861.590698,1250
861.708191,1272
861.825745,1277
861.943298,1279
862.060852,1323
862.178406,1327
862.295959,1287
862.413513,1296
862.531006,1279
862.64856,1337
862.766113,1287
862.883667,1287
863.00116,1281
863.118713,1306
863.236206,1289
863.353699,1278
863.471252,1294
863.588745,1303
863.706177,1290
863.82373,1323
863.941162,1287
864.058716,1311
864.176208,1267
864.29364,1314
864.411194,1271
864.528687,1297
864.646118,1311
864.763611,1303
864.881042,1310
864.998535,1282
865.116028,1344
865.233459,1285
865.350891,1313
865.468384,1309
865.585754,1286
865.703308,1316
865.820679,1276
865.938171,1313
866.055542,1267
866.173035,1301
866.290466,1258
866.407837,1308
866.52533,1258
866.6427,1334
866.760071,1286
866.877563,1251
866.994934,1306
867.112305,1313
867.229736,1348
867.347107,1267
867.464539,1296
867.58197,1353
867.699341,1306
867.81665,1286
867.934082,1298
868.051453,1298
868.168823,1299
868.286194,1303
868.403564,1307
868.520935,1283
868.638306,1333
868.755676,1329
868.872986,1332
868.990295,1289
869.107727,1299
869.225037,1353
869.342346,1292
869.459717,1322
869.577026,1297
869.694336,1313
869.811707,1286
869.929016,1309
870.046326,1303
870.163635,1306
870.280945,1298
870.398254,1279
870.515564,1291
870.632812,1296
870.750183,1317
870.867432,1317
870.984741,1320
871.102051,1335
871.219299,1303
871.336609,1337
871.453918,1306
871.571106,1285
871.688416,1317
871.805664,1312
871.922852,1269
872.040222,1297
872.157471,1297
872.274719,1338
872.391968,1313
872.509155,1308
872.626465,1326
872.743652,1286
872.860962,1290
872.978149,1350
873.095337,1313
873.212646,1305
873.329834,1280
873.44696,1326
873.564209,1348
873.681396,1366
873.798645,1297
873.915894,1285
874.03302,1312
874.150208,1321
874.267456,1334
874.384583,1271
874.501831,1301
874.618958,1323
874.736145,1300
874.853333,1299
874.970459,1287
875.087646,1333
875.204834,1310
875.32196,1288
875.439148,1291
875.556274,1289
875.673401,1324
875.790527,1314
875.907715,1286
876.024841,1304
876.141968,1306
876.259094,1300
876.376282,1333
876.493347,1300
876.610474,1348
876.7276,1322
876.844727,1308
876.961853,1308
877.078918,1308
877.195984,1312
877.313171,1331
877.430237,1337
877.547302,1339
877.664368,1334
877.781433,1309
877.898499,1293
878.015625,1313
878.13269,1332
878.249695,1309
878.366821,1336
878.483887,1322
878.600952,1353
878.717957,1345
878.834961,1376
878.952087,1324
879.069092,1350
879.186157,1329
879.303162,1319
879.420227,1305
879.537231,1366
879.654236,1268
879.77124,1320
879.888306,1307
880.005249,1281
880.122314,1345
880.239319,1315
880.356323,1335
880.473328,1335
880.590271,1356
880.707275,1338
880.824341,1339
880.941284,1335
881.058228,1289
881.175232,1365
881.292236,1319
881.40918,1317
881.526123,1322
881.643066,1357
881.760071,1310
881.877014,1338
881.993958,1340
882.11084,1311
882.227783,1333
882.344727,1320
882.46167,1349
882.578613,1303
882.695618,1356
882.812439,1320
882.929382,1320
883.046326,1328
883.163208,1361
883.280151,1347
883.397034,1323
883.513916,1328
883.630798,1335
883.747742,1321
883.864563,1325
883.981506,1323
884.098389,1361
884.21521,1333
884.332153,1326
884.448975,1338
884.565796,1331
884.682678,1323
884.7995,1370
884.916443,1323
885.033264,1388
885.150085,1331
885.266968,1334
885.383789,1287
885.500671,1352
885.617493,1358
885.734314,1372
885.851196,1351
885.967896,1386
886.084717,1312
886.201599,1356
886.318359,1363
886.435181,1348
886.552002,1351
886.668762,1350
886.785645,1340
886.902344,1377
887.019165,1365
887.135925,1354
887.252747,1335
887.369446,1348
887.486267,1362
887.603027,1355
887.719788,1367
887.836548,1362
887.953247,1332
888.070068,1335
888.186829,1419
888.303528,1404
888.420288,1340
888.536987,1338
888.653687,1337
888.770447,1367
888.887146,1317
889.003967,1327
889.120667,1362
889.237305,1321
889.354065,1359
889.470703,1340
889.587463,1341
889.704163,1364
889.820862,1383
889.937561,1348
890.054199,1368
890.170837,1376
890.287598,1351
890.404236,1338
890.520874,1378
890.637634,1352
890.754211,1380
890.87085,1328
890.987549,1361
891.104187,1359
891.220886,1395
891.337463,1348
891.454102,1375
891.57074,1358
891.687378,1349
891.804077,1367
891.920654,1328
892.037231,1382
892.15387,1351
892.270447,1357
892.387085,1364
892.503723,1372
892.6203,1378
892.736877,1394
892.853516,1309
892.970032,1330
893.08667,1383
893.203186,1315
893.319763,1358
893.43634,1373
893.552917,1411
893.669556,1354
893.786011,1410
893.902588,1373
894.019165,1345
894.135681,1355
894.252197,1386
894.368835,1367
894.485291,1360
894.601868,1373
894.718384,1385
894.8349,1361
894.951355,1385
895.067932,1363
895.184448,1382
895.300964,1399
895.417419,1396
895.533936,1387
895.650452,1385
895.766907,1359
895.883423,1375
895.999878,1350
896.116333,1376
896.232849,1341
896.349304,1376
896.465759,1373
896.582214,1360
896.698669,1386
896.815125,1387
896.931641,1394
897.048035,1346
897.164551,1339
897.280884,1380
897.397339,1393
897.513794,1346
897.630249,1437
897.746582,1382
897.863098,1369
897.979431,1378
898.095886,1371
898.212341,1325
898.328674,1383
898.445129,1360
898.561462,1359
898.677795,1340
898.794312,1400
898.910645,1357
899.026978,1406
899.143433,1397
899.259766,1419
899.37616,1380
899.492493,1356
899.608765,1403
899.725159,1370
899.841553,1396
899.957947,1377
900.07428,1384
900.190552,1349
900.306946,1411
900.423157,1436
900.53949,1358
900.655884,1456
900.772156,1397
900.888489,1405
901.004822,1358
901.121033,1363
901.237366,1380
901.353699,1380
901.46991,1404
901.586304,1425
901.702515,1375
901.818787,1399
901.93512,1390
902.051331,1407
902.167603,1396
902.283875,1374
902.400085,1396
902.516418,1380
902.632629,1394
902.74884,1429
902.865112,1403
902.981384,1377
903.097595,1399
903.213867,1412
903.330017,1398
903.446289,1385
903.5625,1388
903.67865,1396
903.794922,1360
903.911072,1368
904.027344,1370
904.143494,1402
904.259705,1427
904.375916,1354
904.492065,1414
904.608215,1389
904.724426,1438
904.840576,1410
904.956726,1395
905.072876,1423
905.189087,1408
905.305176,1410
905.421387,1400
905.537537,1410
905.653687,1400
905.769775,1442
905.885925,1433
906.002014,1417
906.118164,1427
906.234314,1372
906.350403,1425
906.466492,1382
906.582642,1433
906.69873,1425
906.814758,1384
906.930908,1435
907.046936,1361
907.163086,1422
907.279175,1412
907.395264,1409
907.511353,1395
907.62738,1447
907.743408,1410
907.859497,1408
907.975525,1445
908.091553,1390
908.207703,1405
908.32373,1403
908.439758,1425
908.555786,1393
908.671814,1418
908.787842,1412
908.90387,1434
909.019775,1410
909.135864,1416
909.251892,1405
909.367859,1409
909.483826,1406
909.599854,1404
909.715881,1389
909.831848,1405
909.947815,1401
910.063782,1433
910.179749,1404
910.295776,1400
910.411743,1420
910.527649,1423
910.643616,1412
910.759583,1449
910.875488,1395
910.991455,1420
911.107361,1427
911.223267,1444
911.339294,1419
911.4552,1400
911.571106,1438
911.687073,1386
911.802979,1442
911.918823,1412
912.034729,1419
912.150635,1419
912.266602,1391
912.382446,1388
912.498352,1403
912.614197,1433
912.730103,1431
912.846008,1404
792.44574,1617
792.56488,1633
792.68396,1618
792.80304,1594
792.92218,1558
793.041199,1544
793.160339,1549
793.279419,1502
793.398499,1600
793.517578,1566
793.636658,1568
793.755737,1567
793.874817,1575
793.993896,1541
794.112976,1539
794.232056,1545
794.351074,1547
794.470215,1498
794.589233,1545
794.708313,1548
794.827393,1515
794.946411,1523
795.065552,1527
795.18457,1470
795.303589,1474
795.422668,1515
795.541687,1498
795.660767,1530
795.779846,1503
795.898865,1501
796.017883,1528
796.136963,1515
796.255981,1524
796.375061,1494
796.49408,1502
796.613037,1493
796.732117,1477
796.851135,1494
796.970154,1508
797.089233,1461
797.208191,1418
797.327271,1471
797.446228,1504
797.565186,1465
797.684265,1502
797.803223,1489
797.922241,1500
798.04126,1488
798.160278,1492
798.279297,1494
798.398315,1491
798.517273,1479
798.636292,1449
798.75531,1520
798.874268,1534
798.993286,1474
799.112244,1492
799.231323,1481
799.350281,1499
799.469238,1477
799.588257,1507
799.707153,1510
799.826111,1483
799.945129,1471
800.064087,1460
800.183044,1490
800.302063,1441
800.421021,1463
800.539978,1492
800.658936,1489
800.777893,1451
800.896912,1511
801.015747,1464
801.134705,1457
801.253723,1445
801.37262,1448
801.491638,1458
801.610535,1458
801.729492,1427
801.84845,1448
801.967407,1467
802.086243,1480
802.205261,1471
802.324158,1481
802.443115,1523
802.562073,1468
802.680969,1457
802.799927,1440
802.918762,1466
803.037659,1461
803.156677,1490
803.275574,1465
803.39447,1501
803.513428,1465
803.632263,1471
803.751221,1510
803.870117,1488
803.989014,1485
804.107971,1458
804.226746,1480
804.345642,1453
804.4646,1424
804.583496,1449
804.702393,1500
804.821228,1432
804.940125,1470
805.059021,1460
805.177917,1452
805.296814,1441
805.415649,1443
805.534546,1512
805.653442,1439
805.772278,1469
805.891113,1474
806.01001,1507
806.128906,1430
806.247742,1469
806.366577,1469
806.485413,1450
806.604309,1461
806.723145,1454
806.84198,1448
806.960876,1455
807.079712,1458
807.198486,1465
807.317383,1455
807.436218,1478
807.554993,1428
807.673889,1444
807.792725,1437
807.91156,1439
808.030396,1446
808.14917,1394
808.268005,1430
808.386841,1430
808.505676,1436
808.624451,1465
808.743286,1445
808.862122,1415
808.980896,1436
809.099731,1414
809.218506,1444
809.337341,1459
809.456116,1457
809.57489,1450
809.693726,1439
809.8125,1476
809.931274,1424
810.050049,1418
810.168884,1436
810.287659,1478
810.406372,1416
810.525269,1406
810.643982,1423
810.762756,1407
810.881531,1441
811.000305,1442
811.11908,1428
811.237854,1430
811.356567,1443
811.475403,1448
811.594116,1397
811.71283,1472
811.831604,1394
811.950378,1451
812.069153,1452
812.187927,1415
812.30658,1427
812.425415,1414
812.544128,1416
812.662781,1394
812.781616,1393
812.900269,1440
813.019043,1408
813.137756,1396
813.256531,1435
813.375244,1420
813.493896,1416
813.612671,1430
813.731384,1429
813.850037,1412
813.96875,1392
814.087524,1438
814.206238,1406
814.324951,1385
814.443604,1385
814.562256,1371
814.68103,1420
814.799683,1392
814.918335,1431
815.037109,1399
815.155762,1414
815.274475,1419
815.393188,1405
815.511841,1433
815.630554,1439
815.749146,1444
815.867859,1365
815.986572,1384
816.105164,1426
816.223877,1393
816.342529,1428
816.461182,1410
816.579895,1405
816.698486,1377
816.817139,1402
816.935791,1398
817.054504,1411
817.173096,1396
817.291748,1373
817.4104,1420
817.529053,1379
817.647644,1428
817.766235,1367
817.884949,1349
818.00354,1433
818.122192,1418
818.240845,1373
818.359436,1384
818.478088,1386
818.59668,1366
818.715271,1410
818.833923,1355
818.952515,1360
819.071106,1387
819.189758,1371
819.30835,1384
819.426941,1368
819.545532,1390
819.664124,1431
819.782715,1389
819.901306,1382
820.019897,1369
820.138489,1368
820.25708,1397
820.375671,1400
820.494202,1386
820.612732,1335
820.731384,1357
820.849915,1377
820.968506,1367
821.087097,1357
821.205627,1353
821.324158,1370
821.442749,1317
821.561279,1342
821.679871,1355
821.798401,1333
821.916931,1375
822.035461,1326
822.154053,1353
822.272583,1330
822.391174,1393
822.509583,1353
822.628174,1362
822.746704,1335
822.865234,1359
822.983765,1349
823.102295,1371
823.220825,1343
823.339294,1358
823.457825,1347
823.576355,1364
823.694824,1370
823.813354,1331
823.931885,1350
824.050354,1365
824.168884,1366
824.287354,1340
824.405823,1352
824.524353,1339
824.642822,1348
824.761353,1332
824.879822,1352
824.998291,1332
825.116699,1345
825.235291,1369
825.353699,1339
825.472168,1348
825.590637,1316
825.709106,1356
825.827576,1309
825.946045,1300
826.064453,1367
826.182983,1314
826.301392,1356
826.4198,1339
826.53833,1337
826.656738,1311
826.775208,1311
826.893677,1385
827.012024,1328
827.130493,1343
827.248962,1346
827.36731,1344
827.485779,1381
827.604248,1361
827.722595,1322
827.841064,1336
827.959412,1350
828.077942,1360
828.196289,1297
828.314636,1354
828.433105,1301
828.551514,1345
828.669861,1310
828.78833,1375
828.906677,1334
829.025085,1353
829.143433,1358
829.261841,1317
829.38031,1319
829.498657,1316
829.617004,1330
829.735413,1325
829.85376,1326
829.972107,1303
830.090515,1343
830.208862,1308
830.327209,1337
830.445557,1305
830.563904,1304
830.682312,1337
830.800659,1290
830.919006,1317
831.037354,1237
831.155701,1353
831.274048,1310
831.392395,1312
831.51062,1362
831.629028,1361
831.747314,1306
831.865662,1343
831.984009,1355
832.102356,1354
832.220642,1315
832.338928,1286
832.457275,1372
832.575623,1307
832.693909,1326
832.812134,1297
832.930481,1314
833.048828,1290
833.167114,1311
833.2854,1315
833.403687,1338
833.521973,1345
833.640259,1321
833.758545,1334
833.876831,1316
833.995056,1288
834.113281,1345
834.231628,1314
834.349915,1294
834.468201,1323
834.586426,1340
834.704651,1313
834.822998,1309
834.941162,1331
835.059448,1334
835.177673,1289
835.295959,1333
835.414246,1340
835.53241,1295
835.650635,1288
835.768921,1316
835.887146,1313
836.005371,1275
836.123596,1304
836.241821,1331
836.360046,1293
836.478271,1328
836.596497,1276
836.714722,1339
836.832886,1319
836.95105,1316
837.069336,1361
837.1875,1308
837.305725,1323
837.423889,1332
837.542053,1311
837.660339,1321
837.778503,1300
837.896667,1285
838.014832,1300
838.132996,1300
838.25116,1291
838.369385,1264
838.487488,1301
838.605713,1269
838.723877,1341
838.84198,1320
838.960205,1295
839.078308,1308
839.196472,1291
839.314636,1310
839.4328,1278
839.550964,1296
839.669067,1305
839.787231,1302
839.905396,1296
840.023499,1320
840.141602,1306
840.259766,1325
840.377869,1310
840.495972,1294
840.614136,1291
840.732239,1278
840.850342,1318
840.968445,1357
841.086548,1258
841.204651,1309
841.322754,1303
841.440918,1294
841.55896,1346
841.677002,1268
841.795166,1295
841.913208,1278
842.031311,1279
842.149353,1280
842.267456,1298
842.385498,1325
842.503601,1294
842.621643,1298
842.739746,1329
842.857788,1289
842.97583,1275
843.093933,1303
843.211975,1289
843.330017,1322
843.44812,1285
843.566101,1284
843.684204,1287
843.802246,1333
843.920227,1308
844.038269,1314
844.156311,1309
844.274292,1325
844.392395,1292
844.510376,1298
844.628357,1284
844.74646,1293
844.864441,1259
844.982422,1248
845.100403,1307
845.218384,1278
845.336426,1318
845.454468,1281
845.572449,1272
845.69043,1273
845.808411,1304
845.926453,1319
846.044373,1325
846.162354,1300
846.280396,1308
846.398315,1288
846.516296,1311
846.634216,1284
846.752197,1295
846.870178,1297
846.988098,1269
847.106079,1325
847.22406,1281
847.34198,1293
847.4599,1273
847.577881,1286
847.695801,1316
847.813782,1274
847.931641,1291
848.049561,1291
848.167603,1303
848.285461,1311
848.403381,1300
848.521362,1275
848.639221,1300
848.75708,1289
848.875,1278
848.99292,1304
849.110901,1265
849.22876,1280
849.34668,1301
849.464539,1252
849.582458,1284
849.700317,1260
849.818176,1284
849.936096,1275
850.053955,1279
850.171875,1256
850.289673,1318
850.407593,1289
850.525452,1263
850.643311,1304
850.761169,1295
850.878967,1271
850.996887,1347
851.114746,1312
851.232544,1296
851.350403,1291
851.468262,1320
851.58606,1312
851.703979,1308
851.821777,1302
851.939636,1317
852.057434,1337
852.175232,1327
852.293091,1303
852.410889,1274
852.528687,1321
852.646545,1319
852.764343,1309
852.88208,1324
852.999939,1324
853.117676,1324
853.235535,1321
853.353271,1286
853.471069,1275
853.588928,1312
853.706604,1284
853.824402,1319
853.9422,1312
854.059998,1323
854.177734,1286
854.295532,1276
854.413269,1333
854.531006,1305
854.648804,1290
854.766541,1296
854.884277,1298
855.002014,1308
855.119751,1276
855.237549,1322
855.355225,1303
855.473022,1300
855.590698,1342
855.708435,1300
855.826172,1332
855.943848,1328
856.061646,1300
856.179321,1300
856.296997,1313
856.414795,1330
856.53241,1331
856.650085,1329
856.767822,1339
856.885559,1313
857.003174,1319
857.120911,1295
857.238586,1256
857.356201,1318
857.473938,1314
857.591614,1337
857.709351,1299
857.826965,1309
857.944641,1253
858.062317,1291
858.179993,1301
858.297668,1308
858.415283,1295
858.532959,1317
858.650574,1280
858.768188,1305
858.885803,1319
859.003479,1317
859.121094,1302
859.23877,1324
859.356384,1317
859.473999,1286
859.591675,1272
859.709229,1316
859.826843,1300
859.944458,1294
860.062012,1343
860.179626,1330
860.297302,1289
860.414856,1316
860.532471,1332
860.650024,1316
860.767639,1327
860.885193,1320
861.002808,1307
861.120361,1345
861.237976,1298
861.35553,1322
861.473022,1303
861.590698,1320
861.708191,1320
861.825745,1337
861.943298,1243
862.060852,1291
862.178406,1307
862.295959,1301
862.413513,1272
862.531006,1328
862.64856,1276
862.766113,1323
862.883667,1327
863.00116,1291
863.118713,1321
863.236206,1285
863.353699,1312
863.471252,1307
863.588745,1282
863.706177,1349
863.82373,1322
863.941162,1320
864.058716,1317
864.176208,1317
864.29364,1314
864.411194,1306
864.528687,1300
864.646118,1314
864.763611,1307
864.881042,1281
864.998535,1306
865.116028,1319
865.233459,1298
865.350891,1323
865.468384,1311
865.585754,1315
865.703308,1329
865.820679,1300
865.938171,1304
866.055542,1278
866.173035,1331
866.290466,1320
866.407837,1298
866.52533,1304
866.6427,1311
866.760071,1289
866.877563,1322
866.994934,1318
867.112305,1314
867.229736,1311
867.347107,1340
867.464539,1303
867.58197,1346
867.699341,1318
867.81665,1290
867.934082,1304
868.051453,1300
868.168823,1342
868.286194,1362
868.403564,1303
868.520935,1288
868.638306,1314
868.755676,1320
868.872986,1328
868.990295,1344
869.107727,1345
869.225037,1334
869.342346,1346
869.459717,1326
869.577026,1293
869.694336,1328
869.811707,1319
869.929016,1297
870.046326,1321
870.163635,1291
870.280945,1328
870.398254,1313
870.515564,1321
870.632812,1337
870.750183,1303
870.867432,1327
870.984741,1340
871.102051,1315
871.219299,1320
871.336609,1292
871.453918,1364
871.571106,1268
871.688416,1327
871.805664,1311
871.922852,1341
872.040222,1314
872.157471,1353
872.274719,1345
872.391968,1360
872.509155,1298
872.626465,1336
872.743652,1332
872.860962,1331
872.978149,1322
873.095337,1317
873.212646,1309
873.329834,1333
873.44696,1325
873.564209,1302
873.681396,1364
873.798645,1347
873.915894,1316
874.03302,1320
874.150208,1307
874.267456,1297
874.384583,1296
874.501831,1322
874.618958,1325
874.736145,1346
874.853333,1309
874.970459,1307
875.087646,1357
875.204834,1302
875.32196,1326
875.439148,1314
875.556274,1309
875.673401,1311
875.790527,1321
875.907715,1334
876.024841,1329
876.141968,1360
876.259094,1369
876.376282,1312
876.493347,1365
876.610474,1305
876.7276,1321
876.844727,1311
876.961853,1348
877.078918,1357
877.195984,1354
877.313171,1315
877.430237,1319
877.547302,1363
877.664368,1360
877.781433,1359
877.898499,1344
878.015625,1328
878.13269,1348
878.249695,1295
878.366821,1323
878.483887,1338
878.600952,1332
878.717957,1369
878.834961,1311
878.952087,1345
879.069092,1329
879.186157,1382
879.303162,1306
879.420227,1308
879.537231,1327
879.654236,1339
879.77124,1366
879.888306,1303
880.005249,1340
880.122314,1350
880.239319,1344
880.356323,1311
880.473328,1345
880.590271,1333
880.707275,1296
880.824341,1346
880.941284,1324
881.058228,1338
881.175232,1369
881.292236,1323
881.40918,1308
881.526123,1375
881.643066,1358
881.760071,1341
881.877014,1345
881.993958,1351
882.11084,1336
882.227783,1335
882.344727,1351
882.46167,1326
882.578613,1313
882.695618,1323
882.812439,1358
882.929382,1279
883.046326,1310
883.163208,1392
883.280151,1337
883.397034,1324
883.513916,1346
883.630798,1343
883.747742,1346
883.864563,1360
883.981506,1341
884.098389,1352
884.21521,1328
884.332153,1352
884.448975,1353
884.565796,1336
884.682678,1322
884.7995,1342
884.916443,1351
885.033264,1343
885.150085,1339
885.266968,1329
885.383789,1352
885.500671,1386
885.617493,1348
885.734314,1355
885.851196,1368
885.967896,1387
886.084717,1352
886.201599,1338
886.318359,1376
886.435181,1315
886.552002,1359
886.668762,1338
886.785645,1352
886.902344,1395
887.019165,1377
887.135925,1321
887.252747,1338
887.369446,1358
887.486267,1340
887.603027,1379
887.719788,1360
887.836548,1362
887.953247,1387
888.070068,1385
888.186829,1355
888.303528,1364
888.420288,1377
888.536987,1343
888.653687,1344
888.770447,1412
888.887146,1368
889.003967,1354
889.120667,1334
889.237305,1343
889.354065,1372
889.470703,1357
889.587463,1387
889.704163,1354
889.820862,1390
889.937561,1327
890.054199,1371
890.170837,1388
890.287598,1400
890.404236,1346
890.520874,1412
890.637634,1379
890.754211,1362
890.87085,1375
890.987549,1358
891.104187,1380
891.220886,1347
891.337463,1361
891.454102,1377
891.57074,1393
891.687378,1384
891.804077,1416
891.920654,1373
892.037231,1410
892.15387,1390
892.270447,1369
892.387085,1390
892.503723,1346
892.6203,1402
892.736877,1368
892.853516,1357
892.970032,1415
893.08667,1380
893.203186,1370
893.319763,1371
893.43634,1402
893.552917,1393
893.669556,1398
893.786011,1366
893.902588,1389
894.019165,1379
894.135681,1392
894.252197,1380
894.368835,1367
894.485291,1375
894.601868,1395
894.718384,1428
894.8349,1353
894.951355,1363
895.067932,1399
895.184448,1392
895.300964,1371
895.417419,1392
895.533936,1343
895.650452,1402
895.766907,1375
895.883423,1398
895.999878,1373
896.116333,1419
896.232849,1405
896.349304,1379
896.465759,1417
896.582214,1390
896.698669,1407
896.815125,1394
896.931641,1380
897.048035,1389
897.164551,1388
897.280884,1362
897.397339,1366
897.513794,1385
897.630249,1436
897.746582,1377
897.863098,1420
897.979431,1443
898.095886,1401
898.212341,1377
898.328674,1387
898.445129,1406
898.561462,1392
898.677795,1382
898.794312,1359
898.910645,1388
899.026978,1396
899.143433,1400
899.259766,1387
899.37616,1401
899.492493,1356
899.608765,1391
899.725159,1384
899.841553,1376
899.957947,1367
900.07428,1421
900.190552,1401
900.306946,1399
900.423157,1426
900.53949,1388
900.655884,1383
900.772156,1392
900.888489,1432
901.004822,1425
901.121033,1356
901.237366,1430
901.353699,1370
901.46991,1410
901.586304,1359
901.702515,1398
901.818787,1400
901.93512,1405
902.051331,1397
902.167603,1383
902.283875,1411
902.400085,1407
902.516418,1394
902.632629,1392
902.74884,1396
902.865112,1401
902.981384,1390
903.097595,1407
903.213867,1402
903.330017,1417
903.446289,1411
903.5625,1390
903.67865,1376
903.794922,1444
903.911072,1455
904.027344,1376
904.143494,1422
904.259705,1374
904.375916,1422
904.492065,1441
904.608215,1443
904.724426,1404
904.840576,1388
904.956726,1388
905.072876,1427
905.189087,1424
905.305176,1412
905.421387,1437
905.537537,1358
905.653687,1394
905.769775,1391
905.885925,1432
906.002014,1392
906.118164,1391
906.234314,1429
906.350403,1421
906.466492,1391
906.582642,1433
906.69873,1466
906.814758,1411
906.930908,1401
907.046936,1465
907.163086,1478
907.279175,1410
907.395264,1434
907.511353,1398
907.62738,1422
907.743408,1440
907.859497,1430
907.975525,1423
908.091553,1446
908.207703,1416
908.32373,1487
908.439758,1445
908.555786,1416
908.671814,1418
908.787842,1412
908.90387,1455
909.019775,1444
909.135864,1445
909.251892,1436
909.367859,1452
909.483826,1422
909.599854,1445
909.715881,1451
909.831848,1444
909.947815,1411
910.063782,1406
910.179749,1428
910.295776,1408
910.411743,1456
910.527649,1445
910.643616,1421
910.759583,1463
910.875488,1408
910.991455,1448
911.107361,1469
911.223267,1471
911.339294,1406
911.4552,1454
911.571106,1440
911.687073,1438
911.802979,1456
911.918823,1417
912.034729,1447
912.150635,1382
912.266602,1455
912.382446,1452
912.498352,1440
912.614197,1426
912.730103,1386
912.846008,1415
