792.446,619
792.565,630
792.684,666
792.803,633
792.922,591
793.041,590
793.16,606
793.279,631
793.398,623
793.518,586
793.637,588
793.756,584
793.875,622
793.994,624
794.113,593
794.232,583
794.351,594
794.47,594
794.589,586
794.708,571
794.827,590
794.946,577
795.066,591
795.185,593
795.304,562
795.423,581
795.542,577
795.661,567
795.78,579
795.899,553
796.018,559
796.137,571
796.256,586
796.375,570
796.494,577
796.613,584
796.732,565
796.851,583
796.97,566
797.089,558
797.208,563
797.327,561
797.446,584
797.565,586
797.684,568
797.803,531
797.922,564
798.041,576
798.16,570
798.279,551
798.398,572
798.517,572
798.636,568
798.755,580
798.874,558
798.993,565
799.112,557
799.231,575
799.35,588
799.469,564
799.588,584
799.707,566
799.826,568
799.945,561
800.064,565
800.183,548
800.302,563
800.421,565
800.54,553
800.659,561
800.778,585
800.897,550
801.016,594
801.135,589
801.254,596
801.373,575
801.492,570
801.611,582
801.729,593
801.848,570
801.967,550
802.086,587
802.205,574
802.324,564
802.443,589
802.562,586
802.681,565
802.8,590
802.919,591
803.038,574
803.157,590
803.276,591
803.394,597
803.513,577
803.632,600
803.751,583
803.87,599
803.989,594
804.108,576
804.227,581
804.346,581
804.465,603
804.583,579
804.702,607
804.821,600
804.94,583
805.059,601
805.178,586
805.297,576
805.416,589
805.535,601
805.653,603
805.772,581
805.891,590
806.01,616
806.129,618
806.248,606
806.367,599
806.485,571
806.604,591
806.723,601
806.842,604
806.961,586
807.08,590
807.198,613
807.317,602
807.436,617
807.555,608
807.674,591
807.793,603
807.912,621
808.03,577
808.149,590
808.268,625
808.387,620
808.506,599
808.624,593
808.743,609
808.862,622
808.981,613
809.1,585
809.219,609
809.337,629
809.456,622
809.575,603
809.694,603
809.812,603
809.931,605
810.05,608
810.169,622
810.288,608
810.406,605
810.525,603
810.644,621
810.763,613
810.882,633
811.0,603
811.119,637
811.238,623
811.357,637
811.475,602
811.594,622
811.713,634
811.832,635
811.95,618
812.069,613
812.188,620
812.307,608
812.425,599
812.544,611
812.663,622
812.782,624
812.9,617
813.019,607
813.138,638
813.257,613
813.375,596
813.494,625
813.613,652
813.731,604
813.85,642
813.969,609
814.088,625
814.206,612
814.325,624
814.444,592
814.562,594
814.681,637
814.8,609
814.918,612
815.037,604
815.156,595
815.274,622
815.393,598
815.512,604
815.631,585
815.749,605
815.868,604
815.987,610
816.105,612
816.224,588
816.343,613
816.461,583
816.58,615
816.698,609
816.817,612
816.936,592
817.055,608
817.173,591
817.292,597
817.41,603
817.529,585
817.648,575
817.766,585
817.885,583
818.004,583
818.122,557
818.241,547
818.359,553
818.478,561
818.597,523
818.715,530
818.834,527
818.953,529
819.071,504
819.19,527
819.308,481
819.427,512
819.546,512
819.664,485
819.783,506
819.901,480
820.02,506
820.138,504
820.257,483
820.376,486
820.494,497
820.613,485
820.731,484
820.85,471
820.969,500
821.087,474
821.206,496
821.324,487
821.443,474
821.561,464
821.68,479
821.798,472
821.917,481
822.035,492
822.154,499
822.273,478
822.391,520
822.51,505
822.628,488
822.747,471
822.865,473
822.984,466
823.102,475
823.221,473
823.339,483
823.458,487
823.576,480
823.695,478
823.813,473
823.932,474
824.05,469
824.169,491
824.287,501
824.406,482
824.524,474
824.643,477
824.761,511
824.88,496
824.998,492
825.117,465
825.235,484
825.354,484
825.472,486
825.591,465
825.709,475
825.828,476
825.946,471
826.064,490
826.183,470
826.301,474
826.42,461
826.538,478
826.657,456
826.775,462
826.894,473
827.012,466
827.13,473
827.249,480
827.367,459
827.486,464
827.604,441
827.723,463
827.841,451
827.959,470
828.078,452
828.196,455
828.315,485
828.433,450
828.552,464
828.67,453
828.788,453
828.907,470
829.025,459
829.143,453
829.262,455
829.38,454
829.499,476
829.617,463
829.735,458
829.854,458
829.972,464
830.091,464
830.209,450
830.327,446
830.446,468
830.564,451
830.682,470
830.801,462
830.919,450
831.037,445
831.156,445
831.274,453
831.392,447
831.511,455
831.629,473
831.747,447
831.866,450
831.984,456
832.102,449
832.221,443
832.339,469
832.457,422
832.576,444
832.694,459
832.812,446
832.93,451
833.049,470
833.167,436
833.285,470
833.404,438
833.522,475
833.64,464
833.759,459
833.877,445
833.995,442
834.113,455
834.232,450
834.35,431
834.468,456
834.586,456
834.705,459
834.823,459
834.941,426
835.059,448
835.178,457
835.296,448
835.414,458
835.532,460
835.651,478
835.769,452
835.887,450
836.005,474
836.124,458
836.242,457
836.36,458
836.478,447
836.596,470
836.715,469
836.833,473
836.951,477
837.069,482
837.188,441
837.306,467
837.424,461
837.542,488
837.66,456
837.779,464
837.897,457
838.015,482
838.133,476
838.251,485
838.369,481
838.487,465
838.606,2042
838.724,2720
838.842,421
838.96,458
839.078,479
839.196,478
839.315,460
839.433,470
839.551,463
839.669,450
839.787,445
839.905,460
840.023,466
840.142,469
840.26,456
840.378,477
840.496,467
840.614,463
840.732,470
840.85,464
840.968,466
841.087,471
841.205,458
841.323,453
841.441,443
841.559,484
841.677,465
841.795,463
841.913,451
842.031,434
842.149,468
842.267,448
842.385,446
842.504,459
842.622,455
842.74,445
842.858,434
842.976,452
843.094,436
843.212,457
843.33,421
843.448,456
843.566,440
843.684,450
843.802,419
843.92,444
844.038,464
844.156,454
844.274,453
844.392,454
844.51,424
844.628,456
844.746,439
844.864,428
844.982,442
845.1,446
845.218,438
845.336,448
845.454,449
845.572,462
845.69,450
845.808,437
845.926,427
846.044,451
846.162,451
846.28,455
846.398,423
846.516,430
846.634,449
846.752,449
846.87,450
846.988,444
847.106,451
847.224,444
847.342,420
847.46,441
847.578,464
847.696,440
847.814,454
847.932,444
848.05,432
848.168,433
848.285,459
848.403,458
848.521,449
848.639,455
848.757,441
848.875,452
848.993,441
849.111,442
849.229,447
849.347,437
849.465,440
849.582,455
849.7,440
849.818,452
849.936,446
850.054,467
850.172,438
850.29,444
850.408,413
850.525,444
850.643,440
850.761,443
850.879,431
850.997,461
851.115,419
851.233,429
851.35,450
851.468,458
851.586,437
851.704,442
851.822,435
851.94,446
852.057,462
852.175,436
852.293,433
852.411,438
852.529,443
852.647,442
852.764,437
852.882,459
853.0,433
853.118,446
853.236,440
853.353,459
853.471,444
853.589,459
853.707,446
853.824,468
853.942,441
854.06,430
854.178,451
854.296,447
854.413,454
854.531,457
854.649,423
854.767,459
854.884,455
855.002,465
855.12,440
855.238,455
855.355,431
855.473,456
855.591,439
855.708,441
855.826,440
855.944,460
856.062,450
856.179,469
856.297,436
856.415,453
856.532,427
856.65,467
856.768,464
856.886,454
857.003,439
857.121,465
857.239,462
857.356,444
857.474,460
857.592,458
857.709,457
857.827,471
857.945,430
858.062,456
858.18,453
858.298,434
858.415,431
858.533,442
858.651,447
858.768,454
858.886,445
859.003,456
859.121,430
859.239,448
859.356,430
859.474,439
859.592,445
859.709,454
859.827,449
859.944,447
860.062,446
860.18,445
860.297,447
860.415,446
860.532,449
860.65,436
860.768,422
860.885,440
861.003,432
861.12,444
861.238,440
861.356,462
861.473,430
861.591,415
861.708,444
861.826,425
861.943,433
862.061,449
862.178,437
862.296,434
862.414,444
862.531,441
862.649,464
862.766,459
862.884,440
863.001,454
863.119,434
863.236,447
863.354,451
863.471,450
863.589,447
863.706,451
863.824,424
863.941,443
864.059,444
864.176,445
864.294,453
864.411,442
864.529,441
864.646,467
864.764,453
864.881,435
864.999,453
865.116,458
865.233,454
865.351,449
865.468,442
865.586,455
865.703,430
865.821,456
865.938,436
866.056,456
866.173,443
866.29,466
866.408,438
866.525,459
866.643,449
866.76,454
866.878,436
866.995,469
867.112,435
867.23,441
867.347,455
867.465,471
867.582,459
867.699,454
867.817,448
867.934,448
868.051,440
868.169,451
868.286,439
868.404,442
868.521,452
868.638,448
868.756,459
868.873,439
868.99,434
869.108,433
869.225,443
869.342,464
869.46,454
869.577,452
869.694,459
869.812,439
869.929,451
870.046,457
870.164,454
870.281,458
870.398,453
870.516,441
870.633,437
870.75,452
870.867,435
870.985,437
871.102,443
871.219,431
871.337,426
871.454,458
871.571,443
871.688,439
871.806,449
871.923,453
872.04,451
872.157,438
872.275,433
872.392,436
872.509,440
872.626,441
872.744,439
872.861,447
872.978,424
873.095,459
873.213,452
873.33,451
873.447,443
873.564,446
873.681,458
873.799,450
873.916,439
874.033,433
874.15,441
874.267,451
874.385,446
874.502,453
874.619,437
874.736,441
874.853,443
874.97,456
875.088,439
875.205,453
875.322,443
875.439,445
875.556,442
875.673,445
875.791,443
875.908,435
876.025,438
876.142,451
876.259,425
876.376,449
876.493,434
876.61,449
876.728,447
876.845,452
876.962,444
877.079,449
877.196,450
877.313,434
877.43,444
877.547,440
877.664,437
877.781,451
877.898,448
878.016,456
878.133,434
878.25,444
878.367,445
878.484,449
878.601,438
878.718,448
878.835,435
878.952,456
879.069,443
879.186,444
879.303,447
879.42,458
879.537,458
879.654,443
879.771,439
879.888,440
880.005,440
880.122,436
880.239,457
880.356,445
880.473,429
880.59,441
880.707,466
880.824,433
880.941,438
881.058,464
881.175,450
881.292,443
881.409,438
881.526,434
881.643,439
881.76,439
881.877,455
881.994,455
882.111,447
882.228,449
882.345,431
882.462,441
882.579,448
882.696,421
882.812,442
882.929,463
883.046,463
883.163,460
883.28,453
883.397,448
883.514,459
883.631,454
883.748,444
883.865,429
883.982,427
884.098,435
884.215,452
884.332,456
884.449,423
884.566,464
884.683,470
884.8,470
884.916,440
885.033,462
885.15,442
885.267,466
885.384,434
885.501,465
885.617,447
885.734,466
885.851,438
885.968,443
886.085,433
886.202,451
886.318,440
886.435,444
886.552,470
886.669,447
886.786,434
886.902,460
887.019,463
887.136,461
887.253,456
887.369,472
887.486,454
887.603,442
887.72,441
887.837,456
887.953,451
888.07,461
888.187,450
888.304,459
888.42,450
888.537,432
888.654,447
888.77,446
888.887,428
889.004,441
889.121,451
889.237,466
889.354,434
889.471,467
889.587,450
889.704,465
889.821,439
889.938,460
890.054,439
890.171,449
890.288,446
890.404,454
890.521,435
890.638,454
890.754,441
890.871,447
890.988,469
891.104,460
891.221,455
891.337,454
891.454,445
891.571,464
891.687,442
891.804,457
891.921,454
892.037,456
892.154,451
892.27,450
892.387,464
892.504,457
892.62,446
892.737,455
892.854,451
892.97,467
893.087,451
893.203,446
893.32,463
893.436,444
893.553,443
893.67,443
893.786,440
893.903,458
894.019,453
894.136,461
894.252,451
894.369,465
894.485,441
894.602,467
894.718,470
894.835,454
894.951,473
895.068,454
895.184,456
895.301,471
895.417,446
895.534,470
895.65,436
895.767,454
895.883,454
896.0,465
896.116,454
896.233,476
896.349,455
896.466,453
896.582,445
896.699,433
896.815,440
896.932,457
897.048,448
897.165,459
897.281,457
897.397,454
897.514,466
897.63,469
897.747,444
897.863,468
897.979,456
898.096,457
898.212,467
898.329,452
898.445,461
898.561,453
898.678,442
898.794,462
898.911,457
899.027,450
899.143,453
899.26,443
899.376,452
899.492,464
899.609,441
899.725,456
899.842,453
899.958,448
900.074,450
900.191,429
900.307,456
900.423,444
900.539,472
900.656,463
900.772,445
900.888,476
901.005,458
901.121,475
901.237,436
901.354,470
901.47,435
901.586,468
901.703,459
901.819,451
901.935,446
902.051,470
902.168,461
902.284,464
902.4,466
902.516,441
902.633,449
902.749,471
902.865,463
902.981,457
903.098,445
903.214,456
903.33,463
903.446,453
903.562,475
903.679,449
903.795,459
903.911,472
904.027,441
904.143,452
904.26,465
904.376,455
904.492,464
904.608,472
904.724,469
904.841,450
904.957,454
905.073,463
905.189,455
905.305,491
905.421,466
905.538,489
905.654,449
905.77,472
905.886,463
906.002,451
906.118,466
906.234,470
906.35,459
906.466,459
906.583,461
906.699,457
906.815,458
906.931,467
907.047,462
907.163,477
907.279,458
907.395,464
907.511,474
907.627,467
907.743,457
907.859,465
907.976,447
908.092,458
908.208,464
908.324,465
908.44,455
908.556,466
908.672,464
908.788,471
908.904,455
909.02,458
909.136,469
909.252,462
909.368,453
909.484,468
909.6,459
909.716,479
909.832,473
909.948,484
910.064,465
910.18,476
910.296,453
910.412,478
910.528,465
910.644,460
910.76,463
910.875,473
910.991,461
911.107,469
911.223,467
911.339,467
911.455,465
911.571,463
911.687,457
911.803,457
911.919,480
912.035,478
912.151,459
912.267,469
912.382,456
912.498,462
912.614,450
912.73,469
912.846,438
792.446,619
792.565,682
792.684,687
792.803,645
792.922,618
793.041,604
793.16,626
793.279,624
793.398,595
793.518,584
793.637,574
793.756,609
793.875,614
793.994,631
794.113,605
794.232,589
794.351,587
794.47,591
794.589,569
794.708,574
794.827,613
794.946,592
795.066,600
795.185,571
795.304,594
795.423,561
795.542,575
795.661,604
795.78,566
795.899,569
796.018,563
796.137,603
796.256,601
796.375,587
796.494,575
796.613,587
796.732,576
796.851,557
796.97,576
797.089,562
797.208,565
797.327,567
797.446,584
797.565,581
797.684,571
797.803,583
797.922,564
798.041,585
798.16,586
798.279,565
798.398,574
798.517,553
798.636,555
798.755,565
798.874,575
798.993,592
799.112,569
799.231,569
799.35,584
799.469,576
799.588,577
799.707,585
799.826,565
799.945,563
800.064,586
800.183,560
800.302,575
800.421,558
800.54,564
800.659,579
800.778,581
800.897,601
801.016,580
801.135,572
801.254,589
801.373,564
801.492,599
801.611,567
801.729,573
801.848,583
801.967,595
802.086,574
802.205,578
802.324,574
802.443,555
802.562,585
802.681,578
802.8,563
802.919,579
803.038,584
803.157,586
803.276,594
803.394,583
803.513,586
803.632,599
803.751,592
803.87,595
803.989,583
804.108,587
804.227,594
804.346,587
804.465,569
804.583,613
804.702,603
804.821,586
804.94,584
805.059,601
805.178,587
805.297,609
805.416,606
805.535,601
805.653,628
805.772,599
805.891,621
806.01,626
806.129,607
806.248,597
806.367,606
806.485,602
806.604,595
806.723,584
806.842,586
806.961,627
807.08,597
807.198,579
807.317,619
807.436,639
807.555,596
807.674,610
807.793,627
807.912,601
808.03,610
808.149,597
808.268,619
808.387,627
808.506,615
808.624,632
808.743,630
808.862,626
808.981,637
809.1,629
809.219,630
809.337,624
809.456,627
809.575,619
809.694,624
809.812,604
809.931,640
810.05,637
810.169,610
810.288,629
810.406,614
810.525,617
810.644,622
810.763,607
810.882,625
811.0,647
811.119,611
811.238,618
811.357,634
811.475,626
811.594,621
811.713,598
811.832,628
811.95,651
812.069,622
812.188,629
812.307,607
812.425,644
812.544,617
812.663,616
812.782,633
812.9,647
813.019,631
813.138,614
813.257,643
813.375,619
813.494,635
813.613,608
813.731,616
813.85,628
813.969,615
814.088,637
814.206,631
814.325,639
814.444,614
814.562,616
814.681,625
814.8,616
814.918,635
815.037,601
815.156,624
815.274,605
815.393,598
815.512,615
815.631,601
815.749,597
815.868,601
815.987,590
816.105,622
816.224,587
816.343,593
816.461,636
816.58,599
816.698,626
816.817,639
816.936,620
817.055,608
817.173,597
817.292,624
817.41,618
817.529,561
817.648,572
817.766,569
817.885,583
818.004,563
818.122,592
818.241,532
818.359,559
818.478,538
818.597,532
818.715,557
818.834,535
818.953,506
819.071,500
819.19,522
819.308,509
819.427,500
819.546,496
819.664,509
819.783,490
819.901,506
820.02,507
820.138,508
820.257,477
820.376,491
820.494,500
820.613,509
820.731,490
820.85,507
820.969,490
821.087,478
821.206,496
821.324,475
821.443,456
821.561,478
821.68,497
821.798,496
821.917,474
822.035,487
822.154,478
822.273,488
822.391,489
822.51,480
822.628,463
822.747,464
822.865,478
822.984,474
823.102,492
823.221,468
823.339,475
823.458,460
823.576,475
823.695,476
823.813,480
823.932,488
824.05,476
824.169,496
824.287,470
824.406,469
824.524,477
824.643,479
824.761,472
824.88,474
824.998,474
825.117,488
825.235,485
825.354,480
825.472,490
825.591,462
825.709,470
825.828,472
825.946,459
826.064,463
826.183,479
826.301,490
826.42,458
826.538,478
826.657,474
826.775,466
826.894,465
827.012,469
827.13,458
827.249,459
827.367,471
827.486,456
827.604,455
827.723,456
827.841,448
827.959,456
828.078,458
828.196,461
828.315,454
828.433,441
828.552,466
828.67,449
828.788,452
828.907,464
829.025,486
829.143,468
829.262,448
829.38,459
829.499,449
829.617,460
829.735,457
829.854,467
829.972,453
830.091,443
830.209,451
830.327,448
830.446,469
830.564,456
830.682,466
830.801,459
830.919,478
831.037,462
831.156,454
831.274,452
831.392,455
831.511,462
831.629,447
831.747,461
831.866,450
831.984,459
832.102,458
832.221,435
832.339,450
832.457,465
832.576,444
832.694,454
832.812,456
832.93,481
833.049,465
833.167,436
833.285,464
833.404,454
833.522,457
833.64,465
833.759,454
833.877,448
833.995,450
834.113,467
834.232,460
834.35,453
834.468,440
834.586,430
834.705,439
834.823,467
834.941,450
835.059,472
835.178,451
835.296,456
835.414,449
835.532,451
835.651,456
835.769,468
835.887,465
836.005,459
836.124,477
836.242,482
836.36,458
836.478,468
836.596,463
836.715,444
836.833,460
836.951,463
837.069,457
837.188,459
837.306,475
837.424,488
837.542,481
837.66,465
837.779,444
837.897,470
838.015,472
838.133,478
838.251,487
838.369,475
838.487,459
838.606,485
838.724,473
838.842,481
838.96,466
839.078,459
839.196,491
839.315,483
839.433,476
839.551,481
839.669,442
839.787,453
839.905,469
840.023,456
840.142,461
840.26,454
840.378,467
840.496,472
840.614,441
840.732,452
840.85,455
840.968,451
841.087,457
841.205,452
841.323,453
841.441,467
841.559,473
841.677,482
841.795,457
841.913,455
842.031,460
842.149,442
842.267,474
842.385,459
842.504,458
842.622,445
842.74,452
842.858,437
842.976,442
843.094,434
843.212,452
843.33,460
843.448,457
843.566,454
843.684,420
843.802,443
843.92,463
844.038,454
844.156,441
844.274,463
844.392,431
844.51,452
844.628,436
844.746,447
844.864,443
844.982,439
845.1,458
845.218,450
845.336,454
845.454,445
845.572,458
845.69,431
845.808,447
845.926,439
846.044,463
846.162,426
846.28,430
846.398,417
846.516,447
846.634,437
846.752,439
846.87,455
846.988,432
847.106,454
847.224,445
847.342,448
847.46,477
847.578,419
847.696,426
847.814,441
847.932,440
848.05,451
848.168,454
848.285,453
848.403,462
848.521,431
848.639,449
848.757,429
848.875,453
848.993,449
849.111,436
849.229,449
849.347,448
849.465,441
849.582,448
849.7,445
849.818,443
849.936,442
850.054,452
850.172,420
850.29,440
850.408,440
850.525,459
850.643,426
850.761,448
850.879,448
850.997,445
851.115,433
851.233,446
851.35,449
851.468,443
851.586,459
851.704,418
851.822,453
851.94,454
852.057,451
852.175,458
852.293,430
852.411,456
852.529,444
852.647,445
852.764,448
852.882,458
853.0,441
853.118,437
853.236,446
853.353,458
853.471,446
853.589,453
853.707,451
853.824,449
853.942,439
854.06,446
854.178,464
854.296,462
854.413,437
854.531,444
854.649,451
854.767,430
854.884,421
855.002,452
855.12,440
855.238,456
855.355,454
855.473,450
855.591,445
855.708,444
855.826,441
855.944,460
856.062,449
856.179,448
856.297,445
856.415,470
856.532,450
856.65,453
856.768,436
856.886,468
857.003,455
857.121,436
857.239,444
857.356,437
857.474,448
857.592,444
857.709,448
857.827,446
857.945,451
858.062,467
858.18,453
858.298,453
858.415,444
858.533,449
858.651,439
858.768,452
858.886,441
859.003,445
859.121,449
859.239,444
859.356,441
859.474,458
859.592,432
859.709,459
859.827,443
859.944,447
860.062,451
860.18,446
860.297,458
860.415,436
860.532,455
860.65,446
860.768,430
860.885,425
861.003,444
861.12,439
861.238,450
861.356,466
861.473,440
861.591,448
861.708,446
861.826,447
861.943,431
862.061,450
862.178,442
862.296,424
862.414,455
862.531,463
862.649,442
862.766,444
862.884,437
863.001,461
863.119,438
863.236,472
863.354,451
863.471,445
863.589,446
863.706,453
863.824,456
863.941,444
864.059,445
864.176,446
864.294,453
864.411,450
864.529,444
864.646,455
864.764,443
864.881,452
864.999,444
865.116,459
865.233,444
865.351,453
865.468,444
865.586,447
865.703,460
865.821,445
865.938,459
866.056,445
866.173,452
866.29,456
866.408,437
866.525,476
866.643,449
866.76,466
866.878,441
866.995,443
867.112,437
867.23,456
867.347,421
867.465,471
867.582,444
867.699,444
867.817,461
867.934,456
868.051,452
868.169,458
868.286,461
868.404,436
868.521,445
868.638,464
868.756,433
868.873,452
868.99,458
869.108,457
869.225,450
869.342,448
869.46,444
869.577,447
869.694,432
869.812,444
869.929,438
870.046,459
870.164,456
870.281,449
870.398,442
870.516,426
870.633,453
870.75,455
870.867,431
870.985,455
871.102,439
871.219,439
871.337,454
871.454,449
871.571,437
871.688,445
871.806,452
871.923,460
872.04,443
872.157,443
872.275,451
872.392,446
872.509,459
872.626,451
872.744,428
872.861,455
872.978,446
873.095,451
873.213,452
873.33,448
873.447,433
873.564,469
873.681,464
873.799,436
873.916,439
874.033,437
874.15,451
874.267,448
874.385,439
874.502,439
874.619,436
874.736,440
874.853,436
874.97,448
875.088,442
875.205,453
875.322,446
875.439,445
875.556,450
875.673,472
875.791,433
875.908,441
876.025,426
876.142,450
876.259,450
876.376,471
876.493,462
876.61,460
876.728,441
876.845,473
876.962,442
877.079,459
877.196,462
877.313,446
877.43,439
877.547,456
877.664,438
877.781,442
877.898,434
878.016,454
878.133,445
878.25,459
878.367,428
878.484,439
878.601,420
878.718,436
878.835,474
878.952,429
879.069,450
879.186,450
879.303,430
879.42,461
879.537,453
879.654,447
879.771,455
879.888,449
880.005,455
880.122,459
880.239,444
880.356,435
880.473,453
880.59,437
880.707,439
880.824,446
880.941,449
881.058,430
881.175,453
881.292,473
881.409,466
881.526,452
881.643,435
881.76,453
881.877,446
881.994,460
882.111,439
882.228,438
882.345,445
882.462,447
882.579,460
882.696,456
882.812,440
882.929,455
883.046,429
883.163,437
883.28,438
883.397,445
883.514,452
883.631,466
883.748,442
883.865,438
883.982,428
884.098,463
884.215,431
884.332,452
884.449,439
884.566,466
884.683,436
884.8,450
884.916,450
885.033,459
885.15,441
885.267,463
885.384,459
885.501,459
885.617,451
885.734,449
885.851,454
885.968,445
886.085,454
886.202,449
886.318,451
886.435,458
886.552,448
886.669,447
886.786,451
886.902,443
887.019,461
887.136,449
887.253,467
887.369,484
887.486,455
887.603,466
887.72,440
887.837,445
887.953,464
888.07,465
888.187,465
888.304,472
888.42,445
888.537,446
888.654,448
888.77,441
888.887,453
889.004,450
889.121,460
889.237,454
889.354,454
889.471,464
889.587,442
889.704,442
889.821,449
889.938,469
890.054,452
890.171,449
890.288,436
890.404,458
890.521,470
890.638,446
890.754,442
890.871,483
890.988,436
891.104,467
891.221,459
891.337,449
891.454,463
891.571,447
891.687,455
891.804,462
891.921,457
892.037,444
892.154,461
892.27,474
892.387,455
892.504,455
892.62,468
892.737,469
892.854,471
892.97,466
893.087,455
893.203,451
893.32,453
893.436,439
893.553,441
893.67,456
893.786,464
893.903,470
894.019,441
894.136,470
894.252,464
894.369,449
894.485,469
894.602,457
894.718,460
894.835,472
894.951,442
895.068,470
895.184,475
895.301,448
895.417,455
895.534,472
895.65,454
895.767,452
895.883,445
896.0,447
896.116,435
896.233,454
896.349,459
896.466,466
896.582,452
896.699,443
896.815,453
896.932,477
897.048,458
897.165,467
897.281,439
897.397,441
897.514,464
897.63,465
897.747,439
897.863,460
897.979,453
898.096,463
898.212,460
898.329,459
898.445,450
898.561,469
898.678,458
898.794,474
898.911,432
899.027,462
899.143,438
899.26,468
899.376,449
899.492,457
899.609,463
899.725,467
899.842,471
899.958,459
900.074,438
900.191,489
900.307,468
900.423,449
900.539,448
900.656,476
900.772,459
900.888,454
901.005,450
901.121,467
901.237,463
901.354,463
901.47,461
901.586,463
901.703,445
901.819,479
901.935,454
902.051,454
902.168,460
902.284,474
902.4,448
902.516,449
902.633,458
902.749,457
902.865,454
902.981,441
903.098,465
903.214,457
903.33,448
903.446,442
903.562,444
903.679,468
903.795,466
903.911,472
904.027,463
904.143,475
904.26,466
904.376,466
904.492,464
904.608,469
904.724,472
904.841,469
904.957,475
905.073,471
905.189,473
905.305,460
905.421,433
905.538,467
905.654,461
905.77,470
905.886,482
906.002,464
906.118,460
906.234,467
906.35,459
906.466,473
906.583,450
906.699,482
906.815,468
906.931,449
907.047,456
907.163,478
907.279,448
907.395,475
907.511,444
907.627,487
907.743,471
907.859,477
907.976,445
908.092,471
908.208,485
908.324,471
908.44,446
908.556,475
908.672,443
908.788,484
908.904,462
909.02,461
909.136,460
909.252,466
909.368,457
909.484,467
909.6,475
909.716,465
909.832,460
909.948,457
910.064,462
910.18,465
910.296,454
910.412,477
910.528,482
910.644,466
910.76,452
910.875,470
910.991,450
911.107,451
911.223,448
911.339,449
911.455,453
911.571,473
911.687,486
911.803,466
911.919,458
912.035,466
912.151,473
912.267,457
912.382,454
912.498,465
912.614,460
912.73,474
912.846,462
792.446,629
792.565,646
792.684,668
792.803,638
792.922,608
793.041,584
793.16,613
793.279,596
793.398,585
793.518,604
793.637,606
793.756,585
793.875,601
793.994,608
794.113,616
794.232,604
794.351,584
794.47,573
794.589,592
794.708,594
794.827,593
794.946,593
795.066,599
795.185,604
795.304,574
795.423,600
795.542,577
795.661,571
795.78,596
795.899,566
796.018,585
796.137,569
796.256,585
796.375,575
796.494,585
796.613,572
796.732,584
796.851,586
796.97,564
797.089,578
797.208,568
797.327,530
797.446,566
797.565,561
797.684,570
797.803,577
797.922,599
798.041,573
798.16,577
798.279,577
798.398,586
798.517,560
798.636,587
798.755,537
798.874,574
798.993,554
799.112,576
799.231,572
799.35,579
799.469,567
799.588,582
799.707,552
799.826,564
799.945,574
800.064,592
800.183,583
800.302,593
800.421,560
800.54,580
800.659,583
800.778,585
800.897,581
801.016,563
801.135,578
801.254,570
801.373,564
801.492,578
801.611,580
801.729,576
801.848,599
801.967,559
802.086,574
802.205,580
802.324,582
802.443,585
802.562,584
802.681,580
802.8,603
802.919,569
803.038,578
803.157,604
803.276,600
803.394,569
803.513,600
803.632,600
803.751,599
803.87,612
803.989,605
804.108,598
804.227,586
804.346,614
804.465,583
804.583,584
804.702,598
804.821,599
804.94,585
805.059,600
805.178,612
805.297,608
805.416,576
805.535,604
805.653,584
805.772,605
805.891,604
806.01,617
806.129,604
806.248,604
806.367,580
806.485,621
806.604,620
806.723,610
806.842,582
806.961,614
807.08,626
807.198,603
807.317,626
807.436,609
807.555,602
807.674,615
807.793,610
807.912,621
808.03,615
808.149,582
808.268,629
808.387,627
808.506,634
808.624,641
808.743,595
808.862,664
808.981,622
809.1,628
809.219,624
809.337,615
809.456,613
809.575,635
809.694,595
809.812,629
809.931,639
810.05,624
810.169,629
810.288,628
810.406,633
810.525,626
810.644,617
810.763,645
810.882,597
811.0,644
811.119,618
811.238,631
811.357,614
811.475,606
811.594,609
811.713,629
811.832,635
811.95,639
812.069,625
812.188,633
812.307,609
812.425,634
812.544,636
812.663,622
812.782,634
812.9,624
813.019,628
813.138,634
813.257,647
813.375,620
813.494,659
813.613,615
813.731,620
813.85,609
813.969,623
814.088,618
814.206,635
814.325,635
814.444,626
814.562,623
814.681,602
814.8,605
814.918,616
815.037,632
815.156,627
815.274,621
815.393,594
815.512,588
815.631,598
815.749,621
815.868,600
815.987,607
816.105,604
816.224,635
816.343,585
816.461,625
816.58,610
816.698,615
816.817,619
816.936,593
817.055,629
817.173,607
817.292,607
817.41,597
817.529,578
817.648,601
817.766,563
817.885,565
818.004,577
818.122,576
818.241,557
818.359,564
818.478,532
818.597,547
818.715,502
818.834,537
818.953,531
819.071,516
819.19,517
819.308,511
819.427,486
819.546,494
819.664,516
819.783,489
819.901,511
820.02,494
820.138,483
820.257,487
820.376,493
820.494,504
820.613,500
820.731,468
820.85,494
820.969,484
821.087,501
821.206,489
821.324,487
821.443,478
821.561,478
821.68,500
821.798,494
821.917,484
822.035,481
822.154,479
822.273,504
822.391,505
822.51,477
822.628,498
822.747,482
822.865,474
822.984,500
823.102,502
823.221,465
823.339,470
823.458,485
823.576,497
823.695,477
823.813,479
823.932,471
824.05,470
824.169,485
824.287,493
824.406,502
824.524,487
824.643,468
824.761,493
824.88,480
824.998,476
825.117,489
825.235,481
825.354,466
825.472,471
825.591,486
825.709,505
825.828,479
825.946,466
826.064,484
826.183,471
826.301,475
826.42,485
826.538,457
826.657,470
826.775,464
826.894,466
827.012,456
827.13,471
827.249,464
827.367,467
827.486,466
827.604,457
827.723,458
827.841,474
827.959,459
828.078,482
828.196,463
828.315,460
828.433,472
828.552,473
828.67,467
828.788,469
828.907,468
829.025,456
829.143,447
829.262,473
829.38,466
829.499,458
829.617,474
829.735,460
829.854,447
829.972,470
830.091,456
830.209,458
830.327,454
830.446,444
830.564,464
830.682,476
830.801,451
830.919,454
831.037,455
831.156,465
831.274,441
831.392,448
831.511,460
831.629,464
831.747,450
831.866,442
831.984,462
832.102,473
832.221,451
832.339,448
832.457,440
832.576,459
832.694,463
832.812,465
832.93,456
833.049,441
833.167,468
833.285,443
833.404,448
833.522,447
833.64,454
833.759,445
833.877,439
833.995,468
834.113,481
834.232,482
834.35,447
834.468,455
834.586,458
834.705,458
834.823,457
834.941,469
835.059,442
835.178,452
835.296,436
835.414,463
835.532,460
835.651,454
835.769,450
835.887,475
836.005,469
836.124,463
836.242,447
836.36,477
836.478,455
836.596,462
836.715,468
836.833,463
836.951,466
837.069,483
837.188,476
837.306,469
837.424,459
837.542,464
837.66,492
837.779,481
837.897,481
838.015,462
838.133,467
838.251,481
838.369,471
838.487,476
838.606,477
838.724,478
838.842,456
838.96,470
839.078,471
839.196,465
839.315,461
839.433,478
839.551,452
839.669,479
839.787,451
839.905,466
840.023,481
840.142,470
840.26,484
840.378,449
840.496,468
840.614,478
840.732,460
840.85,473
840.968,460
841.087,478
841.205,449
841.323,471
841.441,448
841.559,466
841.677,456
841.795,464
841.913,442
842.031,474
842.149,456
842.267,449
842.385,449
842.504,445
842.622,453
842.74,443
842.858,463
842.976,445
843.094,441
843.212,451
843.33,449
843.448,449
843.566,434
843.684,469
843.802,449
843.92,447
844.038,467
844.156,454
844.274,454
844.392,451
844.51,448
844.628,470
844.746,445
844.864,441
844.982,438
845.1,470
845.218,456
845.336,462
845.454,465
845.572,452
845.69,450
845.808,454
845.926,459
846.044,414
846.162,444
846.28,440
846.398,434
846.516,460
846.634,470
846.752,439
846.87,457
846.988,453
847.106,449
847.224,450
847.342,448
847.46,443
847.578,445
847.696,451
847.814,469
847.932,445
848.05,443
848.168,435
848.285,449
848.403,447
848.521,451
848.639,468
848.757,446
848.875,456
848.993,445
849.111,445
849.229,433
849.347,463
849.465,441
849.582,448
849.7,439
849.818,444
849.936,448
850.054,441
850.172,438
850.29,437
850.408,434
850.525,462
850.643,442
850.761,436
850.879,455
850.997,454
851.115,442
851.233,441
851.35,438
851.468,468
851.586,466
851.704,457
851.822,432
851.94,464
852.057,436
852.175,444
852.293,467
852.411,450
852.529,443
852.647,446
852.764,446
852.882,454
853.0,457
853.118,442
853.236,450
853.353,445
853.471,452
853.589,462
853.707,454
853.824,449
853.942,459
854.06,455
854.178,456
854.296,461
854.413,465
854.531,451
854.649,448
854.767,448
854.884,438
855.002,443
855.12,429
855.238,439
855.355,452
855.473,460
855.591,468
855.708,471
855.826,433
855.944,458
856.062,459
856.179,447
856.297,445
856.415,460
856.532,429
856.65,478
856.768,467
856.886,456
857.003,451
857.121,462
857.239,437
857.356,473
857.474,440
857.592,463
857.709,460
857.827,447
857.945,453
858.062,448
858.18,452
858.298,441
858.415,463
858.533,474
858.651,473
858.768,455
858.886,454
859.003,445
859.121,429
859.239,462
859.356,435
859.474,455
859.592,452
859.709,461
859.827,456
859.944,447
860.062,462
860.18,453
860.297,454
860.415,453
860.532,432
860.65,449
860.768,453
860.885,453
861.003,442
861.12,450
861.238,441
861.356,439
861.473,432
861.591,450
861.708,459
861.826,456
861.943,457
862.061,451
862.178,455
862.296,461
862.414,459
862.531,447
862.649,472
862.766,463
862.884,442
863.001,451
863.119,447
863.236,457
863.354,454
863.471,452
863.589,452
863.706,461
863.824,456
863.941,447
864.059,445
864.176,442
864.294,444
864.411,441
864.529,463
864.646,457
864.764,453
864.881,440
864.999,429
865.116,465
865.233,450
865.351,441
865.468,458
865.586,466
865.703,439
865.821,452
865.938,435
866.056,455
866.173,440
866.29,450
866.408,474
866.525,443
866.643,454
866.76,467
866.878,443
866.995,451
867.112,466
867.23,456
867.347,458
867.465,444
867.582,454
867.699,451
867.817,449
867.934,462
868.051,433
868.169,460
868.286,449
868.404,460
868.521,440
868.638,456
868.756,458
868.873,452
868.99,467
869.108,468
869.225,448
869.342,440
869.46,442
869.577,454
869.694,450
869.812,452
869.929,450
870.046,462
870.164,456
870.281,448
870.398,449
870.516,458
870.633,457
870.75,461
870.867,426
870.985,453
871.102,445
871.219,456
871.337,455
871.454,435
871.571,463
871.688,455
871.806,451
871.923,463
872.04,439
872.157,448
872.275,438
872.392,449
872.509,447
872.626,450
872.744,428
872.861,472
872.978,460
873.095,476
873.213,442
873.33,448
873.447,450
873.564,446
873.681,438
873.799,454
873.916,456
874.033,467
874.15,449
874.267,442
874.385,453
874.502,468
874.619,431
874.736,449
874.853,434
874.97,450
875.088,427
875.205,461
875.322,472
875.439,443
875.556,467
875.673,469
875.791,473
875.908,443
876.025,436
876.142,455
876.259,450
876.376,451
876.493,442
876.61,452
876.728,459
876.845,448
876.962,456
877.079,445
877.196,452
877.313,440
877.43,466
877.547,449
877.664,454
877.781,456
877.898,440
878.016,452
878.133,434
878.25,461
878.367,436
878.484,460
878.601,440
878.718,462
878.835,451
878.952,443
879.069,436
879.186,454
879.303,463
879.42,454
879.537,459
879.654,450
879.771,462
879.888,448
880.005,446
880.122,468
880.239,443
880.356,448
880.473,443
880.59,448
880.707,444
880.824,458
880.941,450
881.058,464
881.175,442
881.292,458
881.409,445
881.526,452
881.643,461
881.76,462
881.877,445
881.994,459
882.111,448
882.228,446
882.345,457
882.462,453
882.579,435
882.696,442
882.812,449
882.929,463
883.046,442
883.163,449
883.28,440
883.397,448
883.514,465
883.631,430
883.748,465
883.865,435
883.982,448
884.098,465
884.215,451
884.332,453
884.449,457
884.566,461
884.683,448
884.8,461
884.916,447
885.033,449
885.15,451
885.267,460
885.384,446
885.501,470
885.617,449
885.734,448
885.851,440
885.968,475
886.085,466
886.202,446
886.318,449
886.435,449
886.552,467
886.669,443
886.786,458
886.902,455
887.019,461
887.136,479
887.253,461
887.369,467
887.486,479
887.603,460
887.72,440
887.837,453
887.953,446
888.07,451
888.187,459
888.304,458
888.42,458
888.537,467
888.654,448
888.77,467
888.887,453
889.004,470
889.121,442
889.237,453
889.354,463
889.471,462
889.587,450
889.704,457
889.821,461
889.938,453
890.054,456
890.171,457
890.288,453
890.404,452
890.521,461
890.638,451
890.754,468
890.871,457
890.988,465
891.104,473
891.221,442
891.337,463
891.454,440
891.571,457
891.687,444
891.804,455
891.921,455
892.037,448
892.154,477
892.27,475
892.387,471
892.504,462
892.62,459
892.737,464
892.854,453
892.97,467
893.087,468
893.203,458
893.32,463
893.436,445
893.553,454
893.67,463
893.786,458
893.903,472
894.019,449
894.136,457
894.252,475
894.369,458
894.485,440
894.602,455
894.718,465
894.835,475
894.951,476
895.068,448
895.184,452
895.301,462
895.417,454
895.534,476
895.65,474
895.767,472
895.883,440
896.0,483
896.116,459
896.233,465
896.349,447
896.466,487
896.582,458
896.699,471
896.815,464
896.932,463
897.048,458
897.165,456
897.281,472
897.397,467
897.514,453
897.63,437
897.747,465
897.863,448
897.979,448
898.096,476
898.212,449
898.329,483
898.445,449
898.561,470
898.678,466
898.794,468
898.911,459
899.027,451
899.143,461
899.26,465
899.376,432
899.492,473
899.609,453
899.725,467
899.842,450
899.958,474
900.074,464
900.191,452
900.307,466
900.423,463
900.539,469
900.656,464
900.772,465
900.888,482
901.005,461
901.121,472
901.237,457
901.354,472
901.47,457
901.586,463
901.703,448
901.819,471
901.935,454
902.051,454
902.168,450
902.284,473
902.4,487
902.516,466
902.633,458
902.749,462
902.865,469
902.981,471
903.098,458
903.214,454
903.33,455
903.446,478
903.562,465
903.679,477
903.795,456
903.911,461
904.027,463
904.143,459
904.26,447
904.376,482
904.492,455
904.608,472
904.724,447
904.841,473
904.957,467
905.073,477
905.189,451
905.305,466
905.421,457
905.538,486
905.654,453
905.77,472
905.886,459
906.002,501
906.118,468
906.234,485
906.35,452
906.466,453
906.583,454
906.699,480
906.815,448
906.931,493
907.047,478
907.163,467
907.279,486
907.395,451
907.511,474
907.627,469
907.743,487
907.859,480
907.976,474
908.092,464
908.208,483
908.324,459
908.44,465
908.556,466
908.672,439
908.788,478
908.904,486
909.02,483
909.136,489
909.252,483
909.368,468
909.484,499
909.6,458
909.716,499
909.832,489
909.948,455
910.064,464
910.18,467
910.296,460
910.412,467
910.528,464
910.644,450
910.76,466
910.875,477
910.991,455
911.107,476
911.223,455
911.339,471
911.455,463
911.571,477
911.687,459
911.803,468
911.919,464
912.035,481
912.151,461
912.267,471
912.382,459
912.498,476
912.614,460
912.73,504
912.846,438
