792.446,607
792.565,659
792.684,655
792.803,664
792.922,624
793.041,596
793.16,611
793.279,602
793.398,611
793.518,567
793.637,604
793.756,590
793.875,617
793.994,618
794.113,603
794.232,590
794.351,582
794.47,592
794.589,581
794.708,604
794.827,592
794.946,579
795.066,602
795.185,585
795.304,569
795.423,567
795.542,569
795.661,582
795.78,593
795.899,579
796.018,555
796.137,580
796.256,575
796.375,567
796.494,574
796.613,565
796.732,571
796.851,568
796.97,566
797.089,571
797.208,576
797.327,543
797.446,575
797.565,540
797.684,570
797.803,563
797.922,575
798.041,563
798.16,579
798.279,558
798.398,584
798.517,573
798.636,581
798.755,567
798.874,567
798.993,589
799.112,569
799.231,568
799.35,575
799.469,593
799.588,553
799.707,568
799.826,575
799.945,568
800.064,584
800.183,566
800.302,566
800.421,556
800.54,588
800.659,554
800.778,563
800.897,572
801.016,603
801.135,565
801.254,602
801.373,559
801.492,582
801.611,555
801.729,571
801.848,596
801.967,573
802.086,544
802.205,586
802.324,594
802.443,586
802.562,576
802.681,592
802.8,569
802.919,595
803.038,563
803.157,581
803.276,582
803.394,595
803.513,579
803.632,601
803.751,593
803.87,607
803.989,587
804.108,579
804.227,586
804.346,587
804.465,601
804.583,608
804.702,581
804.821,588
804.94,584
805.059,595
805.178,590
805.297,579
805.416,614
805.535,593
805.653,606
805.772,599
805.891,591
806.01,615
806.129,604
806.248,620
806.367,610
806.485,591
806.604,609
806.723,581
806.842,613
806.961,598
807.08,585
807.198,617
807.317,617
807.436,594
807.555,606
807.674,604
807.793,608
807.912,601
808.03,615
808.149,614
808.268,618
808.387,633
808.506,602
808.624,612
808.743,596
808.862,614
808.981,587
809.1,597
809.219,605
809.337,609
809.456,634
809.575,602
809.694,600
809.812,619
809.931,614
810.05,644
810.169,625
810.288,631
810.406,629
810.525,623
810.644,611
810.763,617
810.882,569
811.0,629
811.119,617
811.238,611
811.357,630
811.475,625
811.594,633
811.713,618
811.832,614
811.95,622
812.069,610
812.188,633
812.307,619
812.425,622
812.544,633
812.663,643
812.782,608
812.9,625
813.019,636
813.138,603
813.257,627
813.375,625
813.494,615
813.613,632
813.731,610
813.85,630
813.969,622
814.088,617
814.206,602
814.325,630
814.444,619
814.562,600
814.681,598
814.8,619
814.918,615
815.037,611
815.156,619
815.274,614
815.393,600
815.512,614
815.631,591
815.749,620
815.868,598
815.987,581
816.105,601
816.224,585
816.343,595
816.461,599
816.58,577
816.698,613
816.817,599
816.936,603
817.055,620
817.173,608
817.292,609
817.41,595
817.529,600
817.648,606
817.766,575
817.885,577
818.004,541
818.122,545
818.241,545
818.359,546
818.478,529
818.597,556
818.715,509
818.834,519
818.953,505
819.071,525
819.19,484
819.308,496
819.427,501
819.546,490
819.664,510
819.783,503
819.901,497
820.02,502
820.138,499
820.257,495
820.376,504
820.494,493
820.613,498
820.731,495
820.85,488
820.969,483
821.087,486
821.206,505
821.324,501
821.443,490
821.561,481
821.68,505
821.798,476
821.917,479
822.035,476
822.154,477
822.273,476
822.391,477
822.51,459
822.628,487
822.747,453
822.865,456
822.984,483
823.102,461
823.221,480
823.339,464
823.458,482
823.576,484
823.695,468
823.813,467
823.932,477
824.05,480
824.169,472
824.287,474
824.406,479
824.524,483
824.643,472
824.761,454
824.88,473
824.998,482
825.117,461
825.235,478
825.354,498
825.472,488
825.591,474
825.709,471
825.828,461
825.946,463
826.064,457
826.183,462
826.301,482
826.42,474
826.538,461
826.657,460
826.775,469
826.894,460
827.012,468
827.13,465
827.249,447
827.367,468
827.486,462
827.604,467
827.723,464
827.841,473
827.959,461
828.078,476
828.196,454
828.315,455
828.433,460
828.552,456
828.67,454
828.788,466
828.907,476
829.025,463
829.143,457
829.262,444
829.38,461
829.499,456
829.617,425
829.735,450
829.854,442
829.972,470
830.091,468
830.209,447
830.327,455
830.446,459
830.564,437
830.682,459
830.801,432
830.919,459
831.037,439
831.156,447
831.274,452
831.392,440
831.511,442
831.629,457
831.747,455
831.866,459
831.984,436
832.102,467
832.221,456
832.339,451
832.457,451
832.576,451
832.694,469
832.812,457
832.93,470
833.049,441
833.167,434
833.285,455
833.404,433
833.522,462
833.64,449
833.759,438
833.877,452
833.995,442
834.113,449
834.232,451
834.35,443
834.468,454
834.586,459
834.705,461
834.823,472
834.941,473
835.059,430
835.178,457
835.296,449
835.414,450
835.532,469
835.651,450
835.769,463
835.887,459
836.005,466
836.124,456
836.242,440
836.36,471
836.478,473
836.596,483
836.715,467
836.833,488
836.951,461
837.069,453
837.188,456
837.306,476
837.424,487
837.542,456
837.66,458
837.779,473
837.897,467
838.015,476
838.133,454
838.251,478
838.369,478
838.487,470
838.606,479
838.724,474
838.842,471
838.96,454
839.078,472
839.196,468
839.315,465
839.433,468
839.551,463
839.669,457
839.787,458
839.905,454
840.023,466
840.142,483
840.26,463
840.378,457
840.496,462
840.614,456
840.732,465
840.85,467
840.968,449
841.087,476
841.205,457
841.323,470
841.441,464
841.559,429
841.677,432
841.795,449
841.913,460
842.031,456
842.149,460
842.267,442
842.385,451
842.504,469
842.622,449
842.74,435
842.858,447
842.976,439
843.094,455
843.212,434
843.33,444
843.448,447
843.566,451
843.684,441
843.802,450
843.92,462
844.038,434
844.156,450
844.274,440
844.392,432
844.51,465
844.628,450
844.746,442
844.864,456
844.982,448
845.1,454
845.218,445
845.336,431
845.454,431
845.572,461
845.69,436
845.808,438
845.926,433
846.044,454
846.162,431
846.28,430
846.398,444
846.516,451
846.634,448
846.752,437
846.87,421
846.988,443
847.106,447
847.224,442
847.342,446
847.46,450
847.578,440
847.696,457
847.814,441
847.932,443
848.05,426
848.168,443
848.285,466
848.403,456
848.521,469
848.639,432
848.757,430
848.875,469
848.993,458
849.111,426
849.229,429
849.347,453
849.465,426
849.582,438
849.7,439
849.818,440
849.936,434
850.054,445
850.172,445
850.29,444
850.408,437
850.525,450
850.643,433
850.761,452
850.879,433
850.997,433
851.115,458
851.233,438
851.35,444
851.468,435
851.586,428
851.704,437
851.822,445
851.94,444
852.057,443
852.175,427
852.293,432
852.411,454
852.529,439
852.647,439
852.764,441
852.882,452
853.0,447
853.118,452
853.236,439
853.353,431
853.471,442
853.589,460
853.707,440
853.824,430
853.942,458
854.06,455
854.178,449
854.296,442
854.413,442
854.531,476
854.649,446
854.767,445
854.884,446
855.002,455
855.12,459
855.238,453
855.355,451
855.473,446
855.591,448
855.708,454
855.826,452
855.944,435
856.062,465
856.179,449
856.297,437
856.415,459
856.532,460
856.65,455
856.768,449
856.886,455
857.003,459
857.121,443
857.239,462
857.356,452
857.474,440
857.592,443
857.709,441
857.827,443
857.945,450
858.062,457
858.18,446
858.298,451
858.415,467
858.533,448
858.651,438
858.768,462
858.886,450
859.003,431
859.121,452
859.239,461
859.356,468
859.474,459
859.592,446
859.709,456
859.827,443
859.944,426
860.062,457
860.18,455
860.297,448
860.415,446
860.532,448
860.65,445
860.768,429
860.885,446
861.003,431
861.12,447
861.238,432
861.356,475
861.473,432
861.591,449
861.708,433
861.826,448
861.943,450
862.061,441
862.178,443
862.296,429
862.414,445
862.531,451
862.649,436
862.766,461
862.884,452
863.001,431
863.119,462
863.236,461
863.354,429
863.471,435
863.589,447
863.706,455
863.824,427
863.941,451
864.059,450
864.176,450
864.294,442
864.411,440
864.529,452
864.646,447
864.764,444
864.881,444
864.999,434
865.116,445
865.233,447
865.351,452
865.468,448
865.586,453
865.703,455
865.821,449
865.938,449
866.056,455
866.173,459
866.29,429
866.408,456
866.525,450
866.643,436
866.76,440
866.878,445
866.995,468
867.112,445
867.23,443
867.347,445
867.465,451
867.582,432
867.699,450
867.817,456
867.934,447
868.051,460
868.169,443
868.286,441
868.404,446
868.521,426
868.638,453
868.756,455
868.873,456
868.99,448
869.108,445
869.225,453
869.342,459
869.46,439
869.577,461
869.694,428
869.812,451
869.929,432
870.046,462
870.164,453
870.281,444
870.398,447
870.516,455
870.633,430
870.75,459
870.867,446
870.985,466
871.102,439
871.219,450
871.337,461
871.454,457
871.571,457
871.688,439
871.806,444
871.923,448
872.04,437
872.157,448
872.275,448
872.392,469
872.509,461
872.626,449
872.744,432
872.861,448
872.978,439
873.095,451
873.213,460
873.33,452
873.447,449
873.564,451
873.681,448
873.799,453
873.916,445
874.033,453
874.15,464
874.267,433
874.385,436
874.502,434
874.619,454
874.736,469
874.853,449
874.97,433
875.088,448
875.205,439
875.322,421
875.439,463
875.556,438
875.673,440
875.791,448
875.908,428
876.025,451
876.142,451
876.259,444
876.376,450
876.493,439
876.61,456
876.728,445
876.845,433
876.962,451
877.079,461
877.196,441
877.313,452
877.43,437
877.547,452
877.664,432
877.781,441
877.898,435
878.016,462
878.133,448
878.25,456
878.367,451
878.484,458
878.601,446
878.718,457
878.835,425
878.952,441
879.069,435
879.186,451
879.303,443
879.42,439
879.537,454
879.654,453
879.771,451
879.888,436
880.005,445
880.122,456
880.239,437
880.356,446
880.473,427
880.59,445
880.707,441
880.824,453
880.941,453
881.058,446
881.175,448
881.292,450
881.409,443
881.526,452
881.643,444
881.76,449
881.877,454
881.994,433
882.111,444
882.228,443
882.345,456
882.462,457
882.579,429
882.696,472
882.812,449
882.929,458
883.046,440
883.163,451
883.28,436
883.397,452
883.514,457
883.631,446
883.748,458
883.865,451
883.982,453
884.098,435
884.215,448
884.332,454
884.449,452
884.566,463
884.683,427
884.8,462
884.916,445
885.033,458
885.15,454
885.267,455
885.384,456
885.501,446
885.617,462
885.734,447
885.851,452
885.968,478
886.085,449
886.202,481
886.318,456
886.435,461
886.552,451
886.669,445
886.786,465
886.902,451
887.019,447
887.136,444
887.253,468
887.369,441
887.486,430
887.603,458
887.72,451
887.837,455
887.953,433
888.07,444
888.187,453
888.304,453
888.42,457
888.537,458
888.654,447
888.77,489
888.887,458
889.004,463
889.121,463
889.237,468
889.354,435
889.471,442
889.587,443
889.704,462
889.821,446
889.938,459
890.054,436
890.171,450
890.288,442
890.404,465
890.521,459
890.638,456
890.754,457
890.871,450
890.988,461
891.104,442
891.221,468
891.337,461
891.454,455
891.571,435
891.687,431
891.804,458
891.921,440
892.037,468
892.154,474
892.27,462
892.387,458
892.504,443
892.62,457
892.737,463
892.854,453
892.97,480
893.087,435
893.203,442
893.32,435
893.436,452
893.553,457
893.67,451
893.786,458
893.903,450
894.019,472
894.136,469
894.252,459
894.369,463
894.485,463
894.602,452
894.718,438
894.835,471
894.951,462
895.068,453
895.184,452
895.301,450
895.417,465
895.534,473
895.65,461
895.767,444
895.883,463
896.0,429
896.116,460
896.233,451
896.349,456
896.466,439
896.582,451
896.699,466
896.815,464
896.932,464
897.048,464
897.165,448
897.281,445
897.397,447
897.514,448
897.63,475
897.747,457
897.863,461
897.979,445
898.096,470
898.212,424
898.329,451
898.445,458
898.561,472
898.678,446
898.794,446
898.911,444
899.027,459
899.143,469
899.26,463
899.376,443
899.492,453
899.609,444
899.725,468
899.842,468
899.958,439
900.074,452
900.191,463
900.307,436
900.423,476
900.539,480
900.656,472
900.772,455
900.888,460
901.005,451
901.121,469
901.237,443
901.354,463
901.47,467
901.586,460
901.703,460
901.819,471
901.935,474
902.051,455
902.168,446
902.284,459
902.4,460
902.516,456
902.633,458
902.749,468
902.865,455
902.981,443
903.098,461
903.214,481
903.33,465
903.446,459
903.562,459
903.679,461
903.795,465
903.911,468
904.027,453
904.143,459
904.26,469
904.376,456
904.492,456
904.608,468
904.724,466
904.841,468
904.957,461
905.073,439
905.189,473
905.305,460
905.421,484
905.538,454
905.654,468
905.77,451
905.886,474
906.002,462
906.118,461
906.234,475
906.35,460
906.466,483
906.583,457
906.699,448
906.815,464
906.931,456
907.047,447
907.163,463
907.279,466
907.395,479
907.511,475
907.627,448
907.743,459
907.859,456
907.976,442
908.092,465
908.208,470
908.324,465
908.44,480
908.556,481
908.672,451
908.788,460
908.904,451
909.02,468
909.136,461
909.252,469
909.368,458
909.484,480
909.6,441
909.716,469
909.832,459
909.948,449
910.064,458
910.18,466
910.296,462
910.412,457
910.528,471
910.644,471
910.76,459
910.875,482
910.991,488
911.107,460
911.223,462
911.339,472
911.455,454
911.571,454
911.687,456
911.803,482
911.919,459
912.035,463
912.151,477
912.267,465
912.382,454
912.498,473
912.614,469
912.73,457
912.846,461
792.446,623
792.565,639
792.684,689
792.803,639
792.922,596
793.041,605
793.16,616
793.279,625
793.398,622
793.518,592
793.637,591
793.756,600
793.875,614
793.994,608
794.113,617
794.232,568
794.351,621
794.47,591
794.589,594
794.708,581
794.827,577
794.946,564
795.066,617
795.185,590
795.304,590
795.423,600
795.542,589
795.661,585
795.78,610
795.899,609
796.018,588
796.137,570
796.256,612
796.375,578
796.494,596
796.613,560
796.732,590
796.851,573
796.97,556
797.089,562
797.208,584
797.327,565
797.446,567
797.565,566
797.684,563
797.803,556
797.922,560
798.041,568
798.16,573
798.279,576
798.398,588
798.517,549
798.636,555
798.755,558
798.874,580
798.993,579
799.112,589
799.231,554
799.35,577
799.469,575
799.588,573
799.707,563
799.826,565
799.945,580
800.064,583
800.183,572
800.302,554
800.421,579
800.54,589
800.659,580
800.778,582
800.897,561
801.016,577
801.135,577
801.254,554
801.373,563
801.492,569
801.611,562
801.729,590
801.848,572
801.967,587
802.086,598
802.205,574
802.324,600
802.443,609
802.562,592
802.681,593
802.8,589
802.919,595
803.038,581
803.157,592
803.276,587
803.394,617
803.513,579
803.632,587
803.751,607
803.87,611
803.989,561
804.108,597
804.227,602
804.346,573
804.465,597
804.583,602
804.702,585
804.821,594
804.94,611
805.059,588
805.178,571
805.297,599
805.416,593
805.535,596
805.653,593
805.772,597
805.891,613
806.01,587
806.129,585
806.248,616
806.367,614
806.485,604
806.604,599
806.723,593
806.842,628
806.961,610
807.08,602
807.198,617
807.317,587
807.436,623
807.555,595
807.674,616
807.793,587
807.912,612
808.03,613
808.149,638
808.268,595
808.387,639
808.506,617
808.624,613
808.743,619
808.862,591
808.981,631
809.1,592
809.219,593
809.337,617
809.456,627
809.575,620
809.694,625
809.812,639
809.931,617
810.05,639
810.169,613
810.288,638
810.406,618
810.525,621
810.644,638
810.763,626
810.882,616
811.0,616
811.119,614
811.238,615
811.357,624
811.475,611
811.594,608
811.713,625
811.832,597
811.95,625
812.069,626
812.188,635
812.307,603
812.425,641
812.544,620
812.663,628
812.782,604
812.9,629
813.019,616
813.138,632
813.257,613
813.375,644
813.494,616
813.613,648
813.731,621
813.85,646
813.969,644
814.088,633
814.206,595
814.325,632
814.444,618
814.562,607
814.681,621
814.8,616
814.918,629
815.037,598
815.156,595
815.274,608
815.393,629
815.512,585
815.631,580
815.749,620
815.868,609
815.987,596
816.105,587
816.224,634
816.343,599
816.461,607
816.58,590
816.698,603
816.817,626
816.936,625
817.055,620
817.173,620
817.292,590
817.41,607
817.529,601
817.648,614
817.766,574
817.885,555
818.004,571
818.122,584
818.241,548
818.359,557
818.478,520
818.597,552
818.715,525
818.834,540
818.953,519
819.071,505
819.19,515
819.308,517
819.427,508
819.546,483
819.664,487
819.783,496
819.901,499
820.02,498
820.138,521
820.257,514
820.376,485
820.494,505
820.613,482
820.731,485
820.85,487
820.969,486
821.087,491
821.206,479
821.324,506
821.443,476
821.561,469
821.68,472
821.798,491
821.917,481
822.035,469
822.154,477
822.273,472
822.391,465
822.51,478
822.628,471
822.747,478
822.865,483
822.984,469
823.102,471
823.221,492
823.339,455
823.458,480
823.576,478
823.695,470
823.813,484
823.932,479
824.05,494
824.169,483
824.287,501
824.406,503
824.524,485
824.643,483
824.761,482
824.88,478
824.998,487
825.117,476
825.235,467
825.354,482
825.472,496
825.591,482
825.709,494
825.828,481
825.946,482
826.064,475
826.183,477
826.301,454
826.42,488
826.538,462
826.657,461
826.775,459
826.894,478
827.012,447
827.13,502
827.249,438
827.367,481
827.486,455
827.604,485
827.723,463
827.841,463
827.959,463
828.078,460
828.196,448
828.315,478
828.433,466
828.552,461
828.67,464
828.788,441
828.907,454
829.025,477
829.143,454
829.262,468
829.38,461
829.499,471
829.617,464
829.735,471
829.854,423
829.972,474
830.091,443
830.209,460
830.327,449
830.446,437
830.564,465
830.682,462
830.801,456
830.919,464
831.037,475
831.156,465
831.274,437
831.392,453
831.511,451
831.629,458
831.747,462
831.866,444
831.984,426
832.102,452
832.221,454
832.339,450
832.457,442
832.576,472
832.694,466
832.812,463
832.93,466
833.049,432
833.167,450
833.285,451
833.404,472
833.522,469
833.64,461
833.759,470
833.877,456
833.995,455
834.113,446
834.232,473
834.35,448
834.468,449
834.586,425
834.705,461
834.823,459
834.941,462
835.059,472
835.178,447
835.296,479
835.414,458
835.532,455
835.651,451
835.769,452
835.887,457
836.005,450
836.124,445
836.242,464
836.36,450
836.478,469
836.596,454
836.715,462
836.833,445
836.951,483
837.069,482
837.188,463
837.306,481
837.424,483
837.542,478
837.66,482
837.779,472
837.897,469
838.015,468
838.133,467
838.251,486
838.369,465
838.487,481
838.606,467
838.724,460
838.842,461
838.96,466
839.078,463
839.196,464
839.315,460
839.433,469
839.551,473
839.669,466
839.787,444
839.905,477
840.023,458
840.142,488
840.26,471
840.378,456
840.496,454
840.614,459
840.732,453
840.85,448
840.968,456
841.087,453
841.205,452
841.323,467
841.441,460
841.559,456
841.677,463
841.795,443
841.913,444
842.031,464
842.149,456
842.267,447
842.385,460
842.504,457
842.622,452
842.74,450
842.858,443
842.976,459
843.094,447
843.212,463
843.33,449
843.448,473
843.566,422
843.684,445
843.802,425
843.92,434
844.038,451
844.156,480
844.274,471
844.392,444
844.51,429
844.628,430
844.746,453
844.864,451
844.982,437
845.1,466
845.218,449
845.336,445
845.454,430
845.572,449
845.69,450
845.808,460
845.926,436
846.044,466
846.162,460
846.28,444
846.398,447
846.516,460
846.634,445
846.752,470
846.87,455
846.988,458
847.106,460
847.224,451
847.342,447
847.46,440
847.578,453
847.696,439
847.814,442
847.932,450
848.05,462
848.168,471
848.285,436
848.403,447
848.521,450
848.639,445
848.757,428
848.875,457
848.993,454
849.111,447
849.229,453
849.347,461
849.465,436
849.582,444
849.7,433
849.818,451
849.936,424
850.054,449
850.172,430
850.29,447
850.408,449
850.525,443
850.643,446
850.761,450
850.879,456
850.997,425
851.115,442
851.233,453
851.35,456
851.468,453
851.586,451
851.704,444
851.822,449
851.94,456
852.057,451
852.175,454
852.293,435
852.411,470
852.529,434
852.647,464
852.764,444
852.882,465
853.0,424
853.118,468
853.236,447
853.353,456
853.471,454
853.589,439
853.707,438
853.824,439
853.942,442
854.06,453
854.178,432
854.296,451
854.413,449
854.531,447
854.649,453
854.767,441
854.884,451
855.002,448
855.12,441
855.238,436
855.355,441
855.473,453
855.591,459
855.708,468
855.826,446
855.944,460
856.062,432
856.179,462
856.297,448
856.415,444
856.532,438
856.65,469
856.768,453
856.886,445
857.003,447
857.121,448
857.239,448
857.356,457
857.474,435
857.592,461
857.709,456
857.827,429
857.945,453
858.062,461
858.18,464
858.298,453
858.415,458
858.533,445
858.651,438
858.768,452
858.886,446
859.003,462
859.121,431
859.239,441
859.356,439
859.474,442
859.592,447
859.709,448
859.827,441
859.944,453
860.062,455
860.18,460
860.297,451
860.415,451
860.532,435
860.65,442
860.768,424
860.885,458
861.003,441
861.12,439
861.238,437
861.356,436
861.473,432
861.591,457
861.708,432
861.826,449
861.943,437
862.061,444
862.178,441
862.296,429
862.414,431
862.531,447
862.649,457
862.766,469
862.884,450
863.001,444
863.119,443
863.236,455
863.354,452
863.471,440
863.589,470
863.706,455
863.824,454
863.941,467
864.059,457
864.176,463
864.294,441
864.411,450
864.529,443
864.646,458
864.764,438
864.881,446
864.999,471
865.116,451
865.233,454
865.351,446
865.468,455
865.586,460
865.703,443
865.821,446
865.938,463
866.056,469
866.173,457
866.29,463
866.408,448
866.525,463
866.643,463
866.76,450
866.878,440
866.995,426
867.112,451
867.23,442
867.347,453
867.465,464
867.582,450
867.699,448
867.817,434
867.934,453
868.051,445
868.169,451
868.286,441
868.404,460
868.521,446
868.638,459
868.756,447
868.873,430
868.99,448
869.108,462
869.225,458
869.342,463
869.46,442
869.577,460
869.694,458
869.812,455
869.929,459
870.046,471
870.164,446
870.281,466
870.398,461
870.516,446
870.633,464
870.75,440
870.867,451
870.985,462
871.102,462
871.219,454
871.337,445
871.454,458
871.571,464
871.688,447
871.806,455
871.923,459
872.04,455
872.157,447
872.275,446
872.392,446
872.509,435
872.626,444
872.744,457
872.861,463
872.978,441
873.095,442
873.213,441
873.33,430
873.447,433
873.564,443
873.681,439
873.799,450
873.916,430
874.033,467
874.15,445
874.267,443
874.385,451
874.502,455
874.619,442
874.736,462
874.853,440
874.97,447
875.088,449
875.205,453
875.322,426
875.439,459
875.556,484
875.673,445
875.791,446
875.908,438
876.025,437
876.142,460
876.259,458
876.376,442
876.493,448
876.61,458
876.728,448
876.845,431
876.962,429
877.079,461
877.196,446
877.313,445
877.43,461
877.547,450
877.664,440
877.781,446
877.898,451
878.016,433
878.133,445
878.25,458
878.367,470
878.484,444
878.601,446
878.718,456
878.835,454
878.952,455
879.069,454
879.186,441
879.303,438
879.42,450
879.537,451
879.654,460
879.771,452
879.888,431
880.005,441
880.122,460
880.239,466
880.356,462
880.473,454
880.59,470
880.707,443
880.824,463
880.941,439
881.058,446
881.175,449
881.292,455
881.409,453
881.526,467
881.643,450
881.76,459
881.877,423
881.994,464
882.111,431
882.228,464
882.345,449
882.462,454
882.579,463
882.696,466
882.812,444
882.929,464
883.046,455
883.163,447
883.28,452
883.397,460
883.514,445
883.631,436
883.748,452
883.865,455
883.982,446
884.098,447
884.215,455
884.332,442
884.449,463
884.566,455
884.683,443
884.8,471
884.916,441
885.033,453
885.15,453
885.267,440
885.384,458
885.501,460
885.617,447
885.734,465
885.851,459
885.968,456
886.085,456
886.202,470
886.318,466
886.435,456
886.552,438
886.669,458
886.786,446
886.902,460
887.019,453
887.136,448
887.253,460
887.369,451
887.486,431
887.603,459
887.72,444
887.837,458
887.953,449
888.07,460
888.187,454
888.304,474
888.42,448
888.537,448
888.654,451
888.77,453
888.887,451
889.004,463
889.121,442
889.237,458
889.354,446
889.471,469
889.587,462
889.704,471
889.821,457
889.938,450
890.054,438
890.171,466
890.288,439
890.404,444
890.521,457
890.638,458
890.754,452
890.871,449
890.988,435
891.104,467
891.221,446
891.337,474
891.454,448
891.571,454
891.687,444
891.804,462
891.921,462
892.037,464
892.154,446
892.27,451
892.387,443
892.504,468
892.62,457
892.737,461
892.854,442
892.97,456
893.087,464
893.203,483
893.32,450
893.436,450
893.553,448
893.67,470
893.786,443
893.903,466
894.019,452
894.136,464
894.252,473
894.369,483
894.485,442
894.602,453
894.718,469
894.835,460
894.951,457
895.068,460
895.184,458
895.301,444
895.417,447
895.534,469
895.65,458
895.767,460
895.883,445
896.0,454
896.116,462
896.233,453
896.349,456
896.466,451
896.582,464
896.699,438
896.815,457
896.932,469
897.048,445
897.165,462
897.281,466
897.397,449
897.514,434
897.63,460
897.747,460
897.863,452
897.979,454
898.096,473
898.212,457
898.329,467
898.445,476
898.561,458
898.678,430
898.794,467
898.911,472
899.027,455
899.143,466
899.26,473
899.376,461
899.492,477
899.609,466
899.725,459
899.842,457
899.958,448
900.074,464
900.191,473
900.307,473
900.423,460
900.539,468
900.656,451
900.772,451
900.888,467
901.005,454
901.121,454
901.237,463
901.354,479
901.47,454
901.586,452
901.703,464
901.819,469
901.935,462
902.051,464
902.168,445
902.284,468
902.4,450
902.516,476
902.633,444
902.749,483
902.865,453
902.981,495
903.098,453
903.214,460
903.33,458
903.446,474
903.562,438
903.679,477
903.795,456
903.911,460
904.027,464
904.143,484
904.26,463
904.376,476
904.492,454
904.608,454
904.724,444
904.841,459
904.957,455
905.073,443
905.189,455
905.305,465
905.421,470
905.538,472
905.654,454
905.77,464
905.886,448
906.002,456
906.118,455
906.234,466
906.35,471
906.466,460
906.583,450
906.699,474
906.815,466
906.931,455
907.047,492
907.163,468
907.279,464
907.395,450
907.511,455
907.627,493
907.743,484
907.859,456
907.976,455
908.092,460
908.208,468
908.324,471
908.44,466
908.556,462
908.672,451
908.788,462
908.904,466
909.02,467
909.136,470
909.252,460
909.368,460
909.484,447
909.6,452
909.716,470
909.832,444
909.948,486
910.064,465
910.18,461
910.296,457
910.412,466
910.528,463
910.644,462
910.76,452
910.875,478
910.991,468
911.107,484
911.223,455
911.339,462
911.455,457
911.571,464
911.687,465
911.803,471
911.919,470
912.035,475
912.151,469
912.267,466
912.382,474
912.498,463
912.614,451
912.73,464
912.846,477
792.446,619
792.565,657
792.684,684
792.803,653
792.922,623
793.041,605
793.16,612
793.279,643
793.398,585
793.518,599
793.637,587
793.756,590
793.875,616
793.994,605
794.113,576
794.232,591
794.351,571
794.47,584
794.589,594
794.708,592
794.827,586
794.946,581
795.066,595
795.185,575
795.304,563
795.423,572
795.542,599
795.661,600
795.78,566
795.899,573
796.018,570
796.137,560
796.256,570
796.375,577
796.494,563
796.613,561
796.732,573
796.851,576
796.97,580
797.089,551
797.208,563
797.327,580
797.446,574
797.565,575
797.684,582
797.803,557
797.922,578
798.041,602
798.16,582
798.279,569
798.398,602
798.517,553
798.636,588
798.755,569
798.874,564
798.993,587
799.112,551
799.231,564
799.35,566
799.469,563
799.588,590
799.707,568
799.826,554
799.945,559
800.064,575
800.183,582
800.302,557
800.421,586
800.54,584
800.659,583
800.778,562
800.897,603
801.016,568
801.135,589
801.254,584
801.373,579
801.492,595
801.611,590
801.729,589
801.848,584
801.967,573
802.086,599
802.205,565
802.324,611
802.443,603
802.562,580
802.681,579
802.8,579
802.919,582
803.038,562
803.157,598
803.276,616
803.394,577
803.513,592
803.632,565
803.751,585
803.87,578
803.989,583
804.108,584
804.227,598
804.346,616
804.465,591
804.583,600
804.702,593
804.821,630
804.94,570
805.059,616
805.178,587
805.297,613
805.416,580
805.535,618
805.653,611
805.772,571
805.891,589
806.01,587
806.129,620
806.248,612
806.367,630
806.485,605
806.604,610
806.723,581
806.842,593
806.961,614
807.08,622
807.198,594
807.317,610
807.436,599
807.555,601
807.674,606
807.793,636
807.912,596
808.03,618
808.149,622
808.268,612
808.387,623
808.506,604
808.624,619
808.743,646
808.862,617
808.981,645
809.1,617
809.219,631
809.337,613
809.456,613
809.575,612
809.694,632
809.812,608
809.931,594
810.05,629
810.169,610
810.288,604
810.406,622
810.525,605
810.644,631
810.763,629
810.882,623
811.0,632
811.119,623
811.238,610
811.357,625
811.475,621
811.594,609
811.713,615
811.832,626
811.95,628
812.069,638
812.188,614
812.307,631
812.425,624
812.544,613
812.663,628
812.782,618
812.9,627
813.019,607
813.138,611
813.257,630
813.375,635
813.494,628
813.613,626
813.731,608
813.85,613
813.969,624
814.088,638
814.206,649
814.325,633
814.444,616
814.562,617
814.681,608
814.8,618
814.918,613
815.037,606
815.156,614
815.274,609
815.393,599
815.512,615
815.631,586
815.749,578
815.868,573
815.987,612
816.105,603
816.224,627
816.343,593
816.461,630
816.58,619
816.698,595
816.817,613
816.936,616
817.055,620
817.173,608
817.292,615
817.41,588
817.529,599
817.648,592
817.766,588
817.885,580
818.004,576
818.122,529
818.241,539
818.359,586
818.478,532
818.597,568
818.715,535
818.834,527
818.953,528
819.071,522
819.19,499
819.308,503
819.427,519
819.546,495
819.664,490
819.783,506
819.901,501
820.02,508
820.138,522
820.257,498
820.376,514
820.494,486
820.613,496
820.731,490
820.85,495
820.969,483
821.087,492
821.206,505
821.324,464
821.443,489
821.561,486
821.68,479
821.798,490
821.917,489
822.035,491
822.154,468
822.273,484
822.391,474
822.51,478
822.628,489
822.747,480
822.865,495
822.984,475
823.102,479
823.221,469
823.339,506
823.458,478
823.576,484
823.695,494
823.813,487
823.932,481
824.05,496
824.169,484
824.287,502
824.406,491
824.524,480
824.643,474
824.761,508
824.88,495
824.998,472
825.117,495
825.235,482
825.354,484
825.472,467
825.591,473
825.709,478
825.828,490
825.946,465
826.064,476
826.183,472
826.301,464
826.42,458
826.538,470
826.657,475
826.775,457
826.894,465
827.012,472
827.13,468
827.249,444
827.367,485
827.486,465
827.604,457
827.723,474
827.841,467
827.959,489
828.078,466
828.196,467
828.315,483
828.433,444
828.552,471
828.67,467
828.788,449
828.907,447
829.025,455
829.143,454
829.262,472
829.38,459
829.499,451
829.617,468
829.735,460
829.854,459
829.972,454
830.091,462
830.209,478
830.327,450
830.446,452
830.564,453
830.682,471
830.801,459
830.919,444
831.037,455
831.156,464
831.274,459
831.392,468
831.511,471
831.629,464
831.747,455
831.866,454
831.984,481
832.102,437
832.221,461
832.339,453
832.457,470
832.576,488
832.694,469
832.812,467
832.93,473
833.049,439
833.167,449
833.285,448
833.404,449
833.522,449
833.64,452
833.759,455
833.877,460
833.995,441
834.113,470
834.232,459
834.35,461
834.468,451
834.586,463
834.705,459
834.823,452
834.941,448
835.059,452
835.178,467
835.296,476
835.414,445
835.532,460
835.651,448
835.769,438
835.887,455
836.005,461
836.124,464
836.242,468
836.36,472
836.478,461
836.596,474
836.715,470
836.833,482
836.951,455
837.069,475
837.188,468
837.306,459
837.424,475
837.542,469
837.66,458
837.779,463
837.897,486
838.015,479
838.133,455
838.251,474
838.369,468
838.487,468
838.606,465
838.724,451
838.842,472
838.96,452
839.078,447
839.196,482
839.315,483
839.433,477
839.551,481
839.669,482
839.787,476
839.905,484
840.023,475
840.142,466
840.26,466
840.378,477
840.496,475
840.614,456
840.732,457
840.85,475
840.968,441
841.087,454
841.205,469
841.323,450
841.441,468
841.559,458
841.677,459
841.795,454
841.913,446
842.031,468
842.149,446
842.267,451
842.385,456
842.504,465
842.622,453
842.74,450
842.858,456
842.976,456
843.094,443
843.212,455
843.33,449
843.448,438
843.566,439
843.684,473
843.802,436
843.92,447
844.038,464
844.156,456
844.274,449
844.392,442
844.51,459
844.628,458
844.746,438
844.864,445
844.982,452
845.1,434
845.218,447
845.336,455
845.454,456
845.572,440
845.69,444
845.808,440
845.926,458
846.044,455
846.162,444
846.28,452
846.398,457
846.516,466
846.634,463
846.752,437
846.87,450
846.988,456
847.106,441
847.224,444
847.342,466
847.46,440
847.578,447
847.696,447
847.814,453
847.932,459
848.05,464
848.168,454
848.285,458
848.403,438
848.521,434
848.639,478
848.757,441
848.875,437
848.993,447
849.111,447
849.229,442
849.347,437
849.465,444
849.582,457
849.7,451
849.818,471
849.936,432
850.054,459
850.172,454
850.29,434
850.408,452
850.525,445
850.643,453
850.761,455
850.879,455
850.997,441
851.115,453
851.233,458
851.35,459
851.468,455
851.586,426
851.704,431
851.822,448
851.94,418
852.057,438
852.175,437
852.293,460
852.411,441
852.529,448
852.647,444
852.764,466
852.882,454
853.0,441
853.118,463
853.236,466
853.353,450
853.471,419
853.589,459
853.707,440
853.824,465
853.942,443
854.06,442
854.178,472
854.296,430
854.413,443
854.531,454
854.649,435
854.767,438
854.884,447
855.002,451
855.12,464
855.238,448
855.355,446
855.473,444
855.591,459
855.708,446
855.826,447
855.944,478
856.062,462
856.179,453
856.297,467
856.415,450
856.532,448
856.65,453
856.768,442
856.886,450
857.003,465
857.121,445
857.239,460
857.356,450
857.474,451
857.592,450
857.709,478
857.827,446
857.945,448
858.062,431
858.18,454
858.298,464
858.415,449
858.533,433
858.651,460
858.768,432
858.886,451
859.003,430
859.121,459
859.239,466
859.356,468
859.474,457
859.592,438
859.709,462
859.827,451
859.944,463
860.062,443
860.18,437
860.297,457
860.415,460
860.532,472
860.65,464
860.768,441
860.885,471
861.003,450
861.12,449
861.238,449
861.356,467
861.473,445
861.591,446
861.708,442
861.826,445
861.943,453
862.061,454
862.178,450
862.296,457
862.414,430
862.531,448
862.649,464
862.766,449
862.884,437
863.001,454
863.119,451
863.236,437
863.354,456
863.471,445
863.589,461
863.706,459
863.824,447
863.941,441
864.059,465
864.176,442
864.294,457
864.411,470
864.529,449
864.646,438
864.764,445
864.881,451
864.999,444
865.116,430
865.233,441
865.351,444
865.468,461
865.586,463
865.703,442
865.821,448
865.938,449
866.056,450
866.173,456
866.29,472
866.408,424
866.525,450
866.643,446
866.76,457
866.878,454
866.995,467
867.112,446
867.23,441
867.347,459
867.465,466
867.582,451
867.699,460
867.817,443
867.934,451
868.051,459
868.169,469
868.286,463
868.404,428
868.521,451
868.638,426
868.756,450
868.873,449
868.99,444
869.108,471
869.225,466
869.342,430
869.46,464
869.577,457
869.694,450
869.812,459
869.929,455
870.046,439
870.164,446
870.281,473
870.398,443
870.516,431
870.633,456
870.75,450
870.867,446
870.985,443
871.102,466
871.219,447
871.337,466
871.454,445
871.571,458
871.688,450
871.806,433
871.923,454
872.04,476
872.157,451
872.275,444
872.392,436
872.509,455
872.626,443
872.744,454
872.861,439
872.978,444
873.095,457
873.213,439
873.33,442
873.447,440
873.564,448
873.681,448
873.799,468
873.916,446
874.033,430
874.15,451
874.267,448
874.385,461
874.502,447
874.619,452
874.736,450
874.853,457
874.97,452
875.088,454
875.205,433
875.322,445
875.439,444
875.556,452
875.673,453
875.791,451
875.908,435
876.025,465
876.142,456
876.259,461
876.376,469
876.493,458
876.61,438
876.728,438
876.845,462
876.962,453
877.079,449
877.196,453
877.313,445
877.43,445
877.547,444
877.664,462
877.781,466
877.898,451
878.016,436
878.133,459
878.25,469
878.367,444
878.484,456
878.601,446
878.718,440
878.835,455
878.952,441
879.069,463
879.186,437
879.303,451
879.42,435
879.537,448
879.654,436
879.771,437
879.888,440
880.005,435
880.122,458
880.239,461
880.356,439
880.473,467
880.59,455
880.707,463
880.824,461
880.941,464
881.058,439
881.175,461
881.292,453
881.409,447
881.526,445
881.643,439
881.76,463
881.877,447
881.994,445
882.111,462
882.228,438
882.345,467
882.462,432
882.579,440
882.696,457
882.812,447
882.929,455
883.046,459
883.163,467
883.28,432
883.397,452
883.514,445
883.631,451
883.748,457
883.865,456
883.982,458
884.098,471
884.215,445
884.332,448
884.449,457
884.566,475
884.683,473
884.8,433
884.916,468
885.033,442
885.15,436
885.267,453
885.384,451
885.501,451
885.617,460
885.734,467
885.851,477
885.968,463
886.085,434
886.202,459
886.318,452
886.435,466
886.552,472
886.669,446
886.786,444
886.902,456
887.019,468
887.136,468
887.253,464
887.369,470
887.486,451
887.603,459
887.72,449
887.837,474
887.953,455
888.07,455
888.187,474
888.304,451
888.42,465
888.537,445
888.654,455
888.77,457
888.887,446
889.004,459
889.121,452
889.237,447
889.354,457
889.471,437
889.587,453
889.704,467
889.821,449
889.938,463
890.054,452
890.171,467
890.288,459
890.404,469
890.521,455
890.638,461
890.754,463
890.871,451
890.988,453
891.104,458
891.221,459
891.337,471
891.454,453
891.571,440
891.687,462
891.804,480
891.921,456
892.037,471
892.154,459
892.27,468
892.387,461
892.504,452
892.62,474
892.737,444
892.854,455
892.97,438
893.087,461
893.203,457
893.32,469
893.436,448
893.553,442
893.67,483
893.786,452
893.903,449
894.019,471
894.136,452
894.252,480
894.369,452
894.485,460
894.602,456
894.718,445
894.835,479
894.951,450
895.068,446
895.184,460
895.301,468
895.417,458
895.534,451
895.65,462
895.767,461
895.883,459
896.0,470
896.116,442
896.233,455
896.349,459
896.466,442
896.582,447
896.699,446
896.815,454
896.932,455
897.048,468
897.165,470
897.281,456
897.397,442
897.514,462
897.63,465
897.747,464
897.863,442
897.979,439
898.096,469
898.212,465
898.329,457
898.445,455
898.561,467
898.678,446
898.794,454
898.911,436
899.027,481
899.143,426
899.26,462
899.376,459
899.492,455
899.609,490
899.725,458
899.842,451
899.958,461
900.074,468
900.191,466
900.307,458
900.423,454
900.539,469
900.656,438
900.772,472
900.888,457
901.005,467
901.121,462
901.237,468
901.354,459
901.47,468
901.586,466
901.703,495
901.819,461
901.935,459
902.051,467
902.168,468
902.284,468
902.4,478
902.516,467
902.633,483
902.749,458
902.865,466
902.981,467
903.098,459
903.214,442
903.33,466
903.446,490
903.562,465
903.679,446
903.795,461
903.911,462
904.027,457
904.143,445
904.26,478
904.376,445
904.492,469
904.608,454
904.724,482
904.841,454
904.957,475
905.073,461
905.189,469
905.305,481
905.421,459
905.538,483
905.654,472
905.77,463
905.886,467
906.002,459
906.118,457
906.234,458
906.35,486
906.466,458
906.583,471
906.699,457
906.815,473
906.931,465
907.047,484
907.163,467
907.279,462
907.395,465
907.511,470
907.627,461
907.743,468
907.859,463
907.976,461
908.092,470
908.208,447
908.324,485
908.44,477
908.556,470
908.672,484
908.788,458
908.904,450
909.02,446
909.136,461
909.252,462
909.368,476
909.484,457
909.6,463
909.716,476
909.832,482
909.948,467
910.064,484
910.18,459
910.296,466
910.412,469
910.528,476
910.644,464
910.76,464
910.875,469
910.991,463
911.107,480
911.223,467
911.339,470
911.455,476
911.571,460
911.687,459
911.803,470
911.919,462
912.035,460
912.151,459
912.267,462
912.382,466
912.498,456
912.614,474
912.73,470
912.846,467
