792.446,329
792.565,350
792.684,387
792.803,362
792.922,325
793.041,304
793.16,312
793.279,345
793.398,335
793.518,318
793.637,318
793.756,321
793.875,343
793.994,341
794.113,322
794.232,318
794.351,320
794.47,322
794.589,312
794.708,314
794.827,321
794.946,340
795.066,315
795.185,340
795.304,320
795.423,317
795.542,325
795.661,323
795.78,326
795.899,319
796.018,327
796.137,330
796.256,303
796.375,327
796.494,334
796.613,313
796.732,331
796.851,332
796.97,321
797.089,333
797.208,327
797.327,314
797.446,322
797.565,326
797.684,325
797.803,312
797.922,313
798.041,325
798.16,333
798.279,321
798.398,312
798.517,320
798.636,312
798.755,320
798.874,334
798.993,324
799.112,311
799.231,320
799.35,323
799.469,318
799.588,323
799.707,329
799.826,314
799.945,308
800.064,333
800.183,311
800.302,327
800.421,309
800.54,324
800.659,316
800.778,322
800.897,309
801.016,323
801.135,314
801.254,304
801.373,326
801.492,324
801.611,325
801.729,318
801.848,313
801.967,320
802.086,317
802.205,331
802.324,328
802.443,324
802.562,320
802.681,313
802.8,331
802.919,321
803.038,330
803.157,307
803.276,309
803.394,315
803.513,307
803.632,335
803.751,302
803.87,325
803.989,320
804.108,315
804.227,326
804.346,308
804.465,329
804.583,313
804.702,317
804.821,332
804.94,320
805.059,312
805.178,323
805.297,316
805.416,317
805.535,317
805.653,314
805.772,301
805.891,322
806.01,312
806.129,317
806.248,315
806.367,322
806.485,324
806.604,319
806.723,326
806.842,327
806.961,313
807.08,322
807.198,321
807.317,329
807.436,313
807.555,336
807.674,326
807.793,328
807.912,327
808.03,320
808.149,319
808.268,319
808.387,325
808.506,331
808.624,313
808.743,333
808.862,314
808.981,328
809.1,320
809.219,319
809.337,307
809.456,312
809.575,315
809.694,317
809.812,327
809.931,320
810.05,315
810.169,317
810.288,309
810.406,309
810.525,313
810.644,312
810.763,321
810.882,320
811.0,333
811.119,303
811.238,312
811.357,332
811.475,300
811.594,334
811.713,309
811.832,317
811.95,321
812.069,325
812.188,331
812.307,321
812.425,320
812.544,328
812.663,318
812.782,324
812.9,305
813.019,326
813.138,320
813.257,314
813.375,323
813.494,329
813.613,319
813.731,313
813.85,315
813.969,313
814.088,316
814.206,320
814.325,322
814.444,314
814.562,306
814.681,327
814.8,316
814.918,307
815.037,311
815.156,324
815.274,326
815.393,320
815.512,308
815.631,322
815.749,309
815.868,316
815.987,319
816.105,325
816.224,314
816.343,326
816.461,324
816.58,309
816.698,316
816.817,314
816.936,318
817.055,318
817.173,320
817.292,310
817.41,323
817.529,309
817.648,309
817.766,320
817.885,329
818.004,313
818.122,314
818.241,329
818.359,328
818.478,309
818.597,323
818.715,308
818.834,321
818.953,321
819.071,308
819.19,323
819.308,320
819.427,311
819.546,316
819.664,315
819.783,320
819.901,311
820.02,317
820.138,311
820.257,315
820.376,313
820.494,322
820.613,312
820.731,316
820.85,321
820.969,314
821.087,318
821.206,314
821.324,324
821.443,312
821.561,314
821.68,327
821.798,319
821.917,301
822.035,313
822.154,317
822.273,313
822.391,325
822.51,329
822.628,312
822.747,314
822.865,309
822.984,324
823.102,316
823.221,314
823.339,321
823.458,320
823.576,315
823.695,317
823.813,315
823.932,319
824.05,313
824.169,318
824.287,312
824.406,312
824.524,316
824.643,321
824.761,320
824.88,316
824.998,333
825.117,322
825.235,320
825.354,307
825.472,318
825.591,317
825.709,315
825.828,317
825.946,321
826.064,321
826.183,316
826.301,319
826.42,320
826.538,320
826.657,316
826.775,323
826.894,316
827.012,307
827.13,327
827.249,324
827.367,328
827.486,318
827.604,310
827.723,310
827.841,307
827.959,311
828.078,312
828.196,316
828.315,321
828.433,319
828.552,317
828.67,323
828.788,320
828.907,312
829.025,321
829.143,323
829.262,302
829.38,305
829.499,318
829.617,320
829.735,316
829.854,329
829.972,316
830.091,318
830.209,317
830.327,314
830.446,309
830.564,315
830.682,317
830.801,302
830.919,305
831.037,314
831.156,321
831.274,322
831.392,314
831.511,316
831.629,306
831.747,316
831.866,311
831.984,317
832.102,321
832.221,314
832.339,310
832.457,318
832.576,314
832.694,325
832.812,314
832.93,317
833.049,322
833.167,325
833.285,321
833.404,311
833.522,320
833.64,318
833.759,312
833.877,320
833.995,319
834.113,323
834.232,323
834.35,308
834.468,321
834.586,303
834.705,327
834.823,318
834.941,312
835.059,316
835.178,323
835.296,314
835.414,297
835.532,310
835.651,320
835.769,310
835.887,313
836.005,306
836.124,304
836.242,308
836.36,315
836.478,320
836.596,307
836.715,317
836.833,310
836.951,318
837.069,298
837.188,310
837.306,312
837.424,317
837.542,316
837.66,317
837.779,321
837.897,325
838.015,319
838.133,318
838.251,319
838.369,328
838.487,314
838.606,318
838.724,316
838.842,307
838.96,318
839.078,315
839.196,311
839.315,304
839.433,309
839.551,302
839.669,324
839.787,314
839.905,317
840.023,312
840.142,316
840.26,306
840.378,321
840.496,319
840.614,312
840.732,328
840.85,313
840.968,321
841.087,312
841.205,313
841.323,314
841.441,314
841.559,315
841.677,323
841.795,302
841.913,313
842.031,316
842.149,325
842.267,323
842.385,308
842.504,314
842.622,318
842.74,306
842.858,332
842.976,306
843.094,315
843.212,305
843.33,312
843.448,319
843.566,323
843.684,318
843.802,316
843.92,318
844.038,301
844.156,306
844.274,312
844.392,300
844.51,322
844.628,332
844.746,311
844.864,323
844.982,326
845.1,316
845.218,328
845.336,310
845.454,309
845.572,302
845.69,317
845.808,317
845.926,317
846.044,313
846.162,312
846.28,311
846.398,332
846.516,307
846.634,328
846.752,329
846.87,304
846.988,310
847.106,316
847.224,313
847.342,316
847.46,314
847.578,334
847.696,298
847.814,302
847.932,310
848.05,322
848.168,317
848.285,317
848.403,309
848.521,302
848.639,313
848.757,315
848.875,317
848.993,316
849.111,311
849.229,322
849.347,327
849.465,310
849.582,314
849.7,317
849.818,320
849.936,313
850.054,302
850.172,313
850.29,303
850.408,314
850.525,314
850.643,320
850.761,319
850.879,298
850.997,301
851.115,317
851.233,324
851.35,320
851.468,316
851.586,321
851.704,328
851.822,319
851.94,322
852.057,318
852.175,321
852.293,319
852.411,305
852.529,307
852.647,311
852.764,315
852.882,311
853.0,302
853.118,313
853.236,311
853.353,317
853.471,310
853.589,307
853.707,312
853.824,308
853.942,322
854.06,310
854.178,301
854.296,317
854.413,307
854.531,314
854.649,327
854.767,311
854.884,318
855.002,320
855.12,324
855.238,331
855.355,317
855.473,301
855.591,315
855.708,320
855.826,321
855.944,305
856.062,323
856.179,304
856.297,326
856.415,324
856.532,328
856.65,308
856.768,322
856.886,308
857.003,309
857.121,326
857.239,311
857.356,307
857.474,315
857.592,307
857.709,315
857.827,314
857.945,322
858.062,318
858.18,314
858.298,311
858.415,321
858.533,318
858.651,322
858.768,311
858.886,317
859.003,311
859.121,321
859.239,311
859.356,304
859.474,315
859.592,316
859.709,331
859.827,315
859.944,305
860.062,310
860.18,305
860.297,319
860.415,307
860.532,311
860.65,308
860.768,316
860.885,303
861.003,308
861.12,318
861.238,308
861.356,321
861.473,307
861.591,303
861.708,319
861.826,303
861.943,312
862.061,317
862.178,314
862.296,318
862.414,307
862.531,318
862.649,315
862.766,316
862.884,328
863.001,310
863.119,314
863.236,310
863.354,322
863.471,317
863.589,322
863.706,309
863.824,317
863.941,324
864.059,319
864.176,313
864.294,310
864.411,315
864.529,317
864.646,315
864.764,316
864.881,294
864.999,307
865.116,320
865.233,324
865.351,322
865.468,321
865.586,316
865.703,333
865.821,315
865.938,319
866.056,306
866.173,315
866.29,308
866.408,314
866.525,317
866.643,320
866.76,309
866.878,319
866.995,301
867.112,324
867.23,315
867.347,323
867.465,334
867.582,317
867.699,314
867.817,319
867.934,314
868.051,318
868.169,305
868.286,324
868.404,321
868.521,315
868.638,315
868.756,310
868.873,336
868.99,316
869.108,311
869.225,322
869.342,315
869.46,311
869.577,323
869.694,298
869.812,307
869.929,304
870.046,298
870.164,307
870.281,314
870.398,308
870.516,311
870.633,317
870.75,307
870.867,320
870.985,319
871.102,316
871.219,312
871.337,313
871.454,320
871.571,336
871.688,313
871.806,318
871.923,307
872.04,322
872.157,310
872.275,320
872.392,321
872.509,312
872.626,303
872.744,310
872.861,323
872.978,313
873.095,306
873.213,314
873.33,312
873.447,311
873.564,308
873.681,312
873.799,312
873.916,313
874.033,304
874.15,319
874.267,321
874.385,317
874.502,310
874.619,317
874.736,319
874.853,319
874.97,313
875.088,324
875.205,312
875.322,307
875.439,317
875.556,309
875.673,315
875.791,316
875.908,317
876.025,317
876.142,298
876.259,316
876.376,313
876.493,318
876.61,309
876.728,315
876.845,297
876.962,320
877.079,301
877.196,312
877.313,309
877.43,318
877.547,326
877.664,314
877.781,329
877.898,307
878.016,318
878.133,321
878.25,317
878.367,317
878.484,306
878.601,316
878.718,315
878.835,308
878.952,322
879.069,300
879.186,317
879.303,312
879.42,311
879.537,321
879.654,309
879.771,320
879.888,323
880.005,309
880.122,312
880.239,322
880.356,319
880.473,316
880.59,299
880.707,321
880.824,308
880.941,314
881.058,306
881.175,313
881.292,318
881.409,313
881.526,316
881.643,315
881.76,310
881.877,327
881.994,325
882.111,306
882.228,312
882.345,304
882.462,323
882.579,320
882.696,328
882.812,320
882.929,314
883.046,320
883.163,309
883.28,309
883.397,310
883.514,317
883.631,314
883.748,318
883.865,324
883.982,321
884.098,323
884.215,327
884.332,303
884.449,314
884.566,316
884.683,318
884.8,315
884.916,312
885.033,312
885.15,306
885.267,319
885.384,320
885.501,301
885.617,317
885.734,312
885.851,311
885.968,317
886.085,307
886.202,316
886.318,304
886.435,314
886.552,323
886.669,310
886.786,304
886.902,306
887.019,310
887.136,317
887.253,316
887.369,316
887.486,324
887.603,320
887.72,321
887.837,328
887.953,319
888.07,316
888.187,325
888.304,316
888.42,299
888.537,327
888.654,314
888.77,322
888.887,321
889.004,321
889.121,314
889.237,315
889.354,314
889.471,309
889.587,320
889.704,312
889.821,313
889.938,315
890.054,333
890.171,306
890.288,310
890.404,310
890.521,314
890.638,304
890.754,319
890.871,309
890.988,313
891.104,303
891.221,319
891.337,321
891.454,322
891.571,309
891.687,309
891.804,305
891.921,307
892.037,313
892.154,313
892.27,304
892.387,307
892.504,320
892.62,316
892.737,299
892.854,321
892.97,323
893.087,330
893.203,305
893.32,324
893.436,320
893.553,306
893.67,300
893.786,315
893.903,314
894.019,312
894.136,305
894.252,324
894.369,309
894.485,314
894.602,300
894.718,323
894.835,320
894.951,316
895.068,322
895.184,310
895.301,314
895.417,317
895.534,324
895.65,322
895.767,306
895.883,310
896.0,316
896.116,320
896.233,318
896.349,314
896.466,312
896.582,320
896.699,297
896.815,313
896.932,305
897.048,315
897.165,313
897.281,317
897.397,310
897.514,313
897.63,325
897.747,309
897.863,314
897.979,319
898.096,305
898.212,325
898.329,305
898.445,319
898.561,321
898.678,303
898.794,318
898.911,305
899.027,310
899.143,315
899.26,315
899.376,309
899.492,307
899.609,335
899.725,309
899.842,314
899.958,309
900.074,311
900.191,315
900.307,310
900.423,313
900.539,314
900.656,306
900.772,312
900.888,331
901.005,313
901.121,302
901.237,320
901.354,328
901.47,317
901.586,313
901.703,310
901.819,337
901.935,317
902.051,329
902.168,315
902.284,317
902.4,308
902.516,316
902.633,311
902.749,303
902.865,323
902.981,311
903.098,331
903.214,316
903.33,320
903.446,317
903.562,316
903.679,306
903.795,335
903.911,308
904.027,328
904.143,320
904.26,329
904.376,320
904.492,315
904.608,322
904.724,315
904.841,308
904.957,305
905.073,307
905.189,324
905.305,313
905.421,306
905.538,315
905.654,313
905.77,313
905.886,313
906.002,320
906.118,320
906.234,314
906.35,303
906.466,298
906.583,311
906.699,301
906.815,312
906.931,320
907.047,324
907.163,335
907.279,316
907.395,308
907.511,319
907.627,314
907.743,328
907.859,318
907.976,324
908.092,308
908.208,322
908.324,315
908.44,322
908.556,323
908.672,315
908.788,319
908.904,316
909.02,302
909.136,315
909.252,319
909.368,315
909.484,310
909.6,305
909.716,317
909.832,314
909.948,326
910.064,315
910.18,310
910.296,316
910.412,314
910.528,319
910.644,310
910.76,331
910.875,328
910.991,318
911.107,320
911.223,322
911.339,311
911.455,317
911.571,326
911.687,303
911.803,304
911.919,327
912.035,311
912.151,304
912.267,328
912.382,306
912.498,328
912.614,309
912.73,308
912.846,323
792.446,327
792.565,346
792.684,402
792.803,375
792.922,332
793.041,323
793.16,294
793.279,330
793.398,345
793.518,317
793.637,324
793.756,333
793.875,345
793.994,336
794.113,336
794.232,321
794.351,334
794.47,329
794.589,327
794.708,311
794.827,332
794.946,330
795.066,327
795.185,341
795.304,322
795.423,333
795.542,318
795.661,327
795.78,319
795.899,329
796.018,330
796.137,327
796.256,317
796.375,329
796.494,328
796.613,332
796.732,327
796.851,332
796.97,334
797.089,330
797.208,333
797.327,321
797.446,320
797.565,320
797.684,319
797.803,323
797.922,333
798.041,331
798.16,337
798.279,315
798.398,323
798.517,323
798.636,332
798.755,317
798.874,320
798.993,327
799.112,332
799.231,312
799.35,349
799.469,328
799.588,333
799.707,334
799.826,318
799.945,316
800.064,327
800.183,330
800.302,325
800.421,305
800.54,320
800.659,319
800.778,330
800.897,324
801.016,313
801.135,316
801.254,329
801.373,305
801.492,315
801.611,312
801.729,316
801.848,313
801.967,325
802.086,324
802.205,324
802.324,326
802.443,320
802.562,329
802.681,329
802.8,318
802.919,318
803.038,316
803.157,334
803.276,318
803.394,312
803.513,316
803.632,326
803.751,323
803.87,334
803.989,315
804.108,328
804.227,306
804.346,336
804.465,315
804.583,327
804.702,311
804.821,337
804.94,331
805.059,323
805.178,319
805.297,324
805.416,316
805.535,333
805.653,329
805.772,322
805.891,312
806.01,320
806.129,327
806.248,342
806.367,311
806.485,323
806.604,302
806.723,339
806.842,319
806.961,312
807.08,327
807.198,301
807.317,312
807.436,323
807.555,321
807.674,312
807.793,319
807.912,320
808.03,324
808.149,328
808.268,320
808.387,337
808.506,320
808.624,311
808.743,311
808.862,315
808.981,316
809.1,326
809.219,299
809.337,317
809.456,319
809.575,309
809.694,328
809.812,328
809.931,313
810.05,318
810.169,315
810.288,322
810.406,311
810.525,328
810.644,324
810.763,314
810.882,306
811.0,320
811.119,316
811.238,309
811.357,330
811.475,321
811.594,326
811.713,323
811.832,315
811.95,318
812.069,317
812.188,316
812.307,330
812.425,320
812.544,316
812.663,334
812.782,305
812.9,324
813.019,325
813.138,315
813.257,331
813.375,318
813.494,325
813.613,314
813.731,321
813.85,318
813.969,324
814.088,337
814.206,310
814.325,320
814.444,317
814.562,327
814.681,321
814.8,312
814.918,323
815.037,329
815.156,314
815.274,315
815.393,316
815.512,325
815.631,315
815.749,318
815.868,329
815.987,330
816.105,307
816.224,323
816.343,317
816.461,319
816.58,315
816.698,323
816.817,321
816.936,324
817.055,304
817.173,311
817.292,326
817.41,328
817.529,316
817.648,319
817.766,314
817.885,318
818.004,311
818.122,304
818.241,308
818.359,315
818.478,318
818.597,318
818.715,312
818.834,320
818.953,317
819.071,328
819.19,340
819.308,316
819.427,313
819.546,320
819.664,312
819.783,325
819.901,310
820.02,324
820.138,310
820.257,325
820.376,325
820.494,342
820.613,316
820.731,320
820.85,312
820.969,321
821.087,309
821.206,319
821.324,320
821.443,319
821.561,310
821.68,330
821.798,319
821.917,324
822.035,310
822.154,323
822.273,322
822.391,308
822.51,329
822.628,310
822.747,319
822.865,323
822.984,316
823.102,316
823.221,310
823.339,329
823.458,317
823.576,325
823.695,305
823.813,329
823.932,318
824.05,323
824.169,321
824.287,313
824.406,321
824.524,325
824.643,320
824.761,323
824.88,319
824.998,308
825.117,309
825.235,323
825.354,329
825.472,318
825.591,325
825.709,319
825.828,313
825.946,315
826.064,325
826.183,306
826.301,332
826.42,316
826.538,310
826.657,314
826.775,305
826.894,309
827.012,310
827.13,320
827.249,309
827.367,315
827.486,307
827.604,316
827.723,309
827.841,322
827.959,319
828.078,319
828.196,326
828.315,317
828.433,325
828.552,320
828.67,314
828.788,316
828.907,316
829.025,315
829.143,311
829.262,310
829.38,323
829.499,323
829.617,327
829.735,325
829.854,315
829.972,318
830.091,298
830.209,337
830.327,319
830.446,317
830.564,313
830.682,318
830.801,313
830.919,318
831.037,297
831.156,327
831.274,311
831.392,322
831.511,323
831.629,313
831.747,308
831.866,316
831.984,320
832.102,324
832.221,311
832.339,321
832.457,311
832.576,319
832.694,310
832.812,309
832.93,323
833.049,314
833.167,312
833.285,323
833.404,323
833.522,329
833.64,309
833.759,313
833.877,311
833.995,316
834.113,309
834.232,323
834.35,313
834.468,333
834.586,314
834.705,320
834.823,302
834.941,340
835.059,314
835.178,326
835.296,300
835.414,326
835.532,316
835.651,312
835.769,325
835.887,314
836.005,311
836.124,318
836.242,314
836.36,320
836.478,319
836.596,333
836.715,330
836.833,329
836.951,306
837.069,314
837.188,316
837.306,324
837.424,318
837.542,321
837.66,330
837.779,314
837.897,313
838.015,326
838.133,313
838.251,315
838.369,316
838.487,324
838.606,292
838.724,315
838.842,318
838.96,316
839.078,304
839.196,326
839.315,303
839.433,310
839.551,327
839.669,322
839.787,314
839.905,317
840.023,313
840.142,320
840.26,308
840.378,305
840.496,317
840.614,325
840.732,309
840.85,308
840.968,314
841.087,318
841.205,316
841.323,318
841.441,312
841.559,319
841.677,318
841.795,327
841.913,321
842.031,335
842.149,313
842.267,329
842.385,307
842.504,304
842.622,312
842.74,323
842.858,332
842.976,330
843.094,320
843.212,316
843.33,304
843.448,317
843.566,315
843.684,305
843.802,319
843.92,321
844.038,319
844.156,333
844.274,322
844.392,322
844.51,312
844.628,313
844.746,316
844.864,312
844.982,314
845.1,315
845.218,309
845.336,324
845.454,312
845.572,318
845.69,306
845.808,322
845.926,303
846.044,312
846.162,313
846.28,313
846.398,333
846.516,306
846.634,318
846.752,332
846.87,318
846.988,329
847.106,330
847.224,321
847.342,313
847.46,318
847.578,321
847.696,321
847.814,313
847.932,317
848.05,311
848.168,331
848.285,309
848.403,310
848.521,313
848.639,322
848.757,306
848.875,327
848.993,319
849.111,321
849.229,318
849.347,311
849.465,318
849.582,313
849.7,314
849.818,318
849.936,324
850.054,320
850.172,314
850.29,319
850.408,308
850.525,320
850.643,324
850.761,303
850.879,316
850.997,305
851.115,319
851.233,317
851.35,313
851.468,327
851.586,303
851.704,332
851.822,310
851.94,324
852.057,310
852.175,315
852.293,313
852.411,318
852.529,311
852.647,331
852.764,327
852.882,325
853.0,314
853.118,321
853.236,301
853.353,319
853.471,305
853.589,325
853.707,317
853.824,324
853.942,323
854.06,314
854.178,306
854.296,320
854.413,308
854.531,316
854.649,312
854.767,314
854.884,313
855.002,316
855.12,314
855.238,316
855.355,309
855.473,318
855.591,299
855.708,324
855.826,318
855.944,315
856.062,318
856.179,303
856.297,326
856.415,323
856.532,327
856.65,313
856.768,316
856.886,313
857.003,305
857.121,327
857.239,314
857.356,339
857.474,303
857.592,324
857.709,310
857.827,323
857.945,313
858.062,321
858.18,326
858.298,324
858.415,299
858.533,312
858.651,312
858.768,333
858.886,315
859.003,318
859.121,320
859.239,312
859.356,316
859.474,318
859.592,319
859.709,313
859.827,314
859.944,314
860.062,321
860.18,318
860.297,329
860.415,321
860.532,320
860.65,328
860.768,315
860.885,339
861.003,316
861.12,314
861.238,309
861.356,317
861.473,317
861.591,300
861.708,314
861.826,329
861.943,311
862.061,329
862.178,306
862.296,318
862.414,312
862.531,318
862.649,320
862.766,315
862.884,323
863.001,307
863.119,321
863.236,326
863.354,301
863.471,310
863.589,303
863.706,322
863.824,314
863.941,309
864.059,322
864.176,315
864.294,310
864.411,325
864.529,308
864.646,321
864.764,316
864.881,322
864.999,315
865.116,324
865.233,330
865.351,321
865.468,302
865.586,309
865.703,311
865.821,312
865.938,324
866.056,320
866.173,313
866.29,322
866.408,321
866.525,321
866.643,324
866.76,308
866.878,308
866.995,327
867.112,310
867.23,320
867.347,326
867.465,317
867.582,306
867.699,312
867.817,312
867.934,303
868.051,311
868.169,329
868.286,302
868.404,309
868.521,312
868.638,316
868.756,319
868.873,320
868.99,314
869.108,315
869.225,309
869.342,321
869.46,329
869.577,316
869.694,311
869.812,326
869.929,321
870.046,314
870.164,312
870.281,316
870.398,314
870.516,331
870.633,321
870.75,327
870.867,316
870.985,321
871.102,334
871.219,322
871.337,320
871.454,324
871.571,311
871.688,330
871.806,304
871.923,307
872.04,308
872.157,320
872.275,310
872.392,320
872.509,318
872.626,337
872.744,310
872.861,312
872.978,307
873.095,310
873.213,306
873.33,321
873.447,318
873.564,320
873.681,310
873.799,329
873.916,310
874.033,317
874.15,309
874.267,316
874.385,326
874.502,312
874.619,320
874.736,307
874.853,317
874.97,300
875.088,310
875.205,329
875.322,320
875.439,323
875.556,316
875.673,321
875.791,325
875.908,322
876.025,323
876.142,314
876.259,298
876.376,329
876.493,314
876.61,306
876.728,317
876.845,309
876.962,325
877.079,315
877.196,308
877.313,315
877.43,301
877.547,332
877.664,310
877.781,301
877.898,321
878.016,311
878.133,309
878.25,326
878.367,315
878.484,310
878.601,323
878.718,318
878.835,327
878.952,313
879.069,300
879.186,311
879.303,316
879.42,317
879.537,325
879.654,322
879.771,305
879.888,314
880.005,316
880.122,313
880.239,310
880.356,324
880.473,320
880.59,313
880.707,309
880.824,316
880.941,301
881.058,332
881.175,327
881.292,312
881.409,316
881.526,309
881.643,317
881.76,332
881.877,301
881.994,321
882.111,311
882.228,327
882.345,328
882.462,308
882.579,323
882.696,315
882.812,312
882.929,333
883.046,312
883.163,317
883.28,301
883.397,326
883.514,323
883.631,321
883.748,314
883.865,291
883.982,307
884.098,319
884.215,307
884.332,324
884.449,322
884.566,320
884.683,317
884.8,322
884.916,312
885.033,310
885.15,315
885.267,326
885.384,313
885.501,322
885.617,316
885.734,335
885.851,314
885.968,308
886.085,317
886.202,313
886.318,325
886.435,305
886.552,301
886.669,318
886.786,306
886.902,310
887.019,303
887.136,321
887.253,312
887.369,320
887.486,311
887.603,319
887.72,308
887.837,318
887.953,313
888.07,312
888.187,327
888.304,302
888.42,318
888.537,325
888.654,305
888.77,330
888.887,305
889.004,312
889.121,318
889.237,317
889.354,309
889.471,318
889.587,311
889.704,312
889.821,312
889.938,327
890.054,321
890.171,306
890.288,316
890.404,321
890.521,309
890.638,309
890.754,317
890.871,311
890.988,307
891.104,317
891.221,313
891.337,313
891.454,322
891.571,314
891.687,325
891.804,311
891.921,310
892.037,328
892.154,300
892.27,311
892.387,300
892.504,323
892.62,308
892.737,318
892.854,316
892.97,319
893.087,315
893.203,305
893.32,300
893.436,328
893.553,310
893.67,312
893.786,308
893.903,321
894.019,315
894.136,322
894.252,307
894.369,311
894.485,320
894.602,326
894.718,303
894.835,317
894.951,310
895.068,317
895.184,315
895.301,317
895.417,314
895.534,330
895.65,314
895.767,313
895.883,303
896.0,309
896.116,304
896.233,316
896.349,312
896.466,331
896.582,319
896.699,310
896.815,308
896.932,324
897.048,309
897.165,321
897.281,325
897.397,321
897.514,315
897.63,311
897.747,322
897.863,322
897.979,320
898.096,320
898.212,314
898.329,331
898.445,307
898.561,318
898.678,324
898.794,321
898.911,317
899.027,317
899.143,319
899.26,309
899.376,311
899.492,320
899.609,325
899.725,324
899.842,321
899.958,330
900.074,314
900.191,312
900.307,324
900.423,319
900.539,306
900.656,314
900.772,317
900.888,316
901.005,308
901.121,324
901.237,318
901.354,319
901.47,319
901.586,312
901.703,311
901.819,316
901.935,311
902.051,320
902.168,312
902.284,319
902.4,317
902.516,322
902.633,318
902.749,324
902.865,316
902.981,322
903.098,323
903.214,328
903.33,304
903.446,313
903.562,312
903.679,306
903.795,324
903.911,315
904.027,320
904.143,323
904.26,320
904.376,320
904.492,316
904.608,321
904.724,322
904.841,319
904.957,321
905.073,315
905.189,311
905.305,313
905.421,313
905.538,324
905.654,313
905.77,306
905.886,331
906.002,320
906.118,326
906.234,334
906.35,302
906.466,327
906.583,324
906.699,318
906.815,324
906.931,320
907.047,318
907.163,318
907.279,310
907.395,320
907.511,316
907.627,319
907.743,315
907.859,317
907.976,318
908.092,314
908.208,327
908.324,328
908.44,322
908.556,317
908.672,324
908.788,325
908.904,308
909.02,322
909.136,313
909.252,328
909.368,319
909.484,321
909.6,314
909.716,321
909.832,304
909.948,314
910.064,326
910.18,321
910.296,331
910.412,326
910.528,327
910.644,323
910.76,327
910.875,318
910.991,307
911.107,329
911.223,301
911.339,327
911.455,313
911.571,309
911.687,314
911.803,302
911.919,314
912.035,315
912.151,318
912.267,330
912.382,326
912.498,318
912.614,316
912.73,319
912.846,319
792.446,315
792.565,353
792.684,399
792.803,382
792.922,327
793.041,316
793.16,320
793.279,340
793.398,325
793.518,301
793.637,320
793.756,326
793.875,340
793.994,344
794.113,328
794.232,335
794.351,320
794.47,330
794.589,329
794.708,322
794.827,305
794.946,334
795.066,325
795.185,346
795.304,325
795.423,324
795.542,325
795.661,341
795.78,333
795.899,337
796.018,318
796.137,323
796.256,327
796.375,340
796.494,338
796.613,330
796.732,336
796.851,331
796.97,315
797.089,338
797.208,328
797.327,310
797.446,317
797.565,334
797.684,337
797.803,325
797.922,320
798.041,323
798.16,321
798.279,325
798.398,330
798.517,338
798.636,322
798.755,319
798.874,324
798.993,329
799.112,334
799.231,311
799.35,331
799.469,327
799.588,322
799.707,322
799.826,314
799.945,312
800.064,321
800.183,324
800.302,325
800.421,316
800.54,332
800.659,327
800.778,315
800.897,326
801.016,335
801.135,330
801.254,330
801.373,307
801.492,327
801.611,326
801.729,333
801.848,315
801.967,318
802.086,312
802.205,306
802.324,338
802.443,323
802.562,327
802.681,317
802.8,318
802.919,310
803.038,342
803.157,312
803.276,330
803.394,318
803.513,326
803.632,325
803.751,308
803.87,323
803.989,334
804.108,313
804.227,328
804.346,306
804.465,331
804.583,335
804.702,329
804.821,336
804.94,307
805.059,314
805.178,324
805.297,318
805.416,329
805.535,319
805.653,333
805.772,327
805.891,312
806.01,323
806.129,328
806.248,330
806.367,313
806.485,331
806.604,313
806.723,329
806.842,326
806.961,318
807.08,324
807.198,323
807.317,325
807.436,325
807.555,330
807.674,309
807.793,319
807.912,324
808.03,326
808.149,328
808.268,319
808.387,331
808.506,318
808.624,305
808.743,323
808.862,321
808.981,325
809.1,330
809.219,316
809.337,327
809.456,317
809.575,325
809.694,336
809.812,333
809.931,322
810.05,329
810.169,316
810.288,308
810.406,314
810.525,312
810.644,324
810.763,326
810.882,312
811.0,327
811.119,319
811.238,321
811.357,322
811.475,322
811.594,311
811.713,322
811.832,331
811.95,324
812.069,318
812.188,325
812.307,332
812.425,325
812.544,326
812.663,319
812.782,335
812.9,328
813.019,329
813.138,317
813.257,334
813.375,311
813.494,329
813.613,331
813.731,310
813.85,309
813.969,319
814.088,314
814.206,328
814.325,318
814.444,314
814.562,337
814.681,318
814.8,321
814.918,322
815.037,319
815.156,312
815.274,315
815.393,323
815.512,319
815.631,324
815.749,307
815.868,325
815.987,323
816.105,305
816.224,331
816.343,332
816.461,312
816.58,324
816.698,309
816.817,335
816.936,315
817.055,328
817.173,306
817.292,322
817.41,323
817.529,325
817.648,322
817.766,333
817.885,320
818.004,317
818.122,317
818.241,303
818.359,328
818.478,299
818.597,324
818.715,321
818.834,315
818.953,322
819.071,319
819.19,318
819.308,320
819.427,310
819.546,312
819.664,319
819.783,314
819.901,334
820.02,309
820.138,329
820.257,307
820.376,329
820.494,330
820.613,326
820.731,327
820.85,308
820.969,312
821.087,320
821.206,320
821.324,308
821.443,295
821.561,324
821.68,329
821.798,327
821.917,318
822.035,315
822.154,325
822.273,317
822.391,311
822.51,314
822.628,326
822.747,316
822.865,338
822.984,319
823.102,322
823.221,325
823.339,320
823.458,312
823.576,320
823.695,324
823.813,311
823.932,326
824.05,309
824.169,322
824.287,304
824.406,322
824.524,325
824.643,335
824.761,318
824.88,308
824.998,330
825.117,318
825.235,301
825.354,322
825.472,325
825.591,325
825.709,334
825.828,318
825.946,310
826.064,303
826.183,316
826.301,319
826.42,319
826.538,322
826.657,315
826.775,321
826.894,311
827.012,307
827.13,310
827.249,314
827.367,319
827.486,326
827.604,319
827.723,306
827.841,322
827.959,324
828.078,321
828.196,320
828.315,311
828.433,325
828.552,314
828.67,320
828.788,320
828.907,320
829.025,322
829.143,311
829.262,317
829.38,304
829.499,315
829.617,319
829.735,308
829.854,322
829.972,328
830.091,321
830.209,313
830.327,312
830.446,335
830.564,313
830.682,320
830.801,315
830.919,316
831.037,336
831.156,304
831.274,314
831.392,325
831.511,311
831.629,315
831.747,326
831.866,306
831.984,327
832.102,310
832.221,330
832.339,319
832.457,307
832.576,332
832.694,309
832.812,318
832.93,318
833.049,310
833.167,299
833.285,329
833.404,313
833.522,324
833.64,322
833.759,315
833.877,317
833.995,324
834.113,327
834.232,305
834.35,318
834.468,302
834.586,318
834.705,320
834.823,317
834.941,312
835.059,319
835.178,314
835.296,324
835.414,316
835.532,320
835.651,318
835.769,324
835.887,322
836.005,324
836.124,319
836.242,311
836.36,311
836.478,332
836.596,317
836.715,304
836.833,319
836.951,318
837.069,318
837.188,319
837.306,322
837.424,325
837.542,324
837.66,314
837.779,304
837.897,328
838.015,311
838.133,321
838.251,307
838.369,320
838.487,315
838.606,318
838.724,317
838.842,312
838.96,307
839.078,317
839.196,311
839.315,318
839.433,322
839.551,314
839.669,305
839.787,312
839.905,316
840.023,316
840.142,320
840.26,331
840.378,317
840.496,335
840.614,315
840.732,323
840.85,317
840.968,315
841.087,320
841.205,313
841.323,328
841.441,320
841.559,317
841.677,315
841.795,303
841.913,315
842.031,326
842.149,322
842.267,323
842.385,322
842.504,313
842.622,325
842.74,308
842.858,326
842.976,318
843.094,305
843.212,308
843.33,322
843.448,303
843.566,311
843.684,315
843.802,313
843.92,303
844.038,308
844.156,319
844.274,322
844.392,318
844.51,312
844.628,330
844.746,318
844.864,319
844.982,326
845.1,320
845.218,324
845.336,323
845.454,333
845.572,319
845.69,322
845.808,324
845.926,323
846.044,313
846.162,313
846.28,312
846.398,321
846.516,324
846.634,313
846.752,311
846.87,324
846.988,315
847.106,317
847.224,314
847.342,325
847.46,298
847.578,323
847.696,332
847.814,330
847.932,326
848.05,315
848.168,319
848.285,329
848.403,322
848.521,320
848.639,310
848.757,320
848.875,333
848.993,319
849.111,316
849.229,328
849.347,307
849.465,312
849.582,317
849.7,321
849.818,313
849.936,313
850.054,314
850.172,309
850.29,317
850.408,325
850.525,316
850.643,313
850.761,326
850.879,314
850.997,314
851.115,323
851.233,322
851.35,325
851.468,303
851.586,330
851.704,327
851.822,323
851.94,304
852.057,313
852.175,320
852.293,312
852.411,314
852.529,311
852.647,326
852.764,308
852.882,324
853.0,320
853.118,300
853.236,318
853.353,315
853.471,315
853.589,316
853.707,322
853.824,322
853.942,300
854.06,325
854.178,328
854.296,308
854.413,318
854.531,311
854.649,321
854.767,335
854.884,315
855.002,316
855.12,322
855.238,309
855.355,320
855.473,310
855.591,324
855.708,318
855.826,324
855.944,317
856.062,317
856.179,317
856.297,307
856.415,316
856.532,316
856.65,316
856.768,330
856.886,313
857.003,329
857.121,313
857.239,311
857.356,321
857.474,314
857.592,324
857.709,313
857.827,323
857.945,321
858.062,305
858.18,319
858.298,309
858.415,314
858.533,324
858.651,318
858.768,313
858.886,302
859.003,319
859.121,317
859.239,317
859.356,324
859.474,307
859.592,313
859.709,319
859.827,308
859.944,320
860.062,317
860.18,321
860.297,320
860.415,310
860.532,328
860.65,303
860.768,319
860.885,312
861.003,310
861.12,318
861.238,314
861.356,308
861.473,331
861.591,309
861.708,315
861.826,314
861.943,324
862.061,299
862.178,328
862.296,302
862.414,312
862.531,314
862.649,315
862.766,310
862.884,316
863.001,321
863.119,324
863.236,312
863.354,313
863.471,325
863.589,312
863.706,323
863.824,329
863.941,315
864.059,335
864.176,315
864.294,320
864.411,320
864.529,312
864.646,324
864.764,313
864.881,305
864.999,314
865.116,312
865.233,321
865.351,310
865.468,315
865.586,325
865.703,318
865.821,322
865.938,314
866.056,317
866.173,307
866.29,309
866.408,316
866.525,311
866.643,320
866.76,313
866.878,325
866.995,326
867.112,335
867.23,305
867.347,313
867.465,311
867.582,305
867.699,308
867.817,316
867.934,318
868.051,316
868.169,312
868.286,313
868.404,305
868.521,319
868.638,302
868.756,320
868.873,325
868.99,327
869.108,312
869.225,316
869.342,316
869.46,335
869.577,314
869.694,314
869.812,309
869.929,323
870.046,319
870.164,322
870.281,312
870.398,313
870.516,310
870.633,327
870.75,323
870.867,318
870.985,312
871.102,328
871.219,310
871.337,325
871.454,317
871.571,311
871.688,312
871.806,320
871.923,319
872.04,314
872.157,321
872.275,318
872.392,303
872.509,319
872.626,313
872.744,316
872.861,314
872.978,306
873.095,305
873.213,313
873.33,318
873.447,314
873.564,314
873.681,319
873.799,317
873.916,323
874.033,313
874.15,328
874.267,313
874.385,328
874.502,308
874.619,333
874.736,315
874.853,324
874.97,316
875.088,313
875.205,330
875.322,320
875.439,318
875.556,329
875.673,304
875.791,315
875.908,316
876.025,304
876.142,315
876.259,309
876.376,328
876.493,315
876.61,312
876.728,310
876.845,306
876.962,331
877.079,316
877.196,313
877.313,311
877.43,323
877.547,312
877.664,339
877.781,305
877.898,321
878.016,314
878.133,320
878.25,307
878.367,326
878.484,314
878.601,311
878.718,321
878.835,319
878.952,314
879.069,326
879.186,313
879.303,317
879.42,314
879.537,316
879.654,305
879.771,306
879.888,319
880.005,324
880.122,331
880.239,329
880.356,320
880.473,315
880.59,316
880.707,314
880.824,330
880.941,330
881.058,322
881.175,311
881.292,310
881.409,328
881.526,338
881.643,323
881.76,313
881.877,319
881.994,308
882.111,328
882.228,322
882.345,309
882.462,318
882.579,320
882.696,317
882.812,320
882.929,312
883.046,324
883.163,309
883.28,321
883.397,314
883.514,315
883.631,325
883.748,339
883.865,309
883.982,324
884.098,324
884.215,319
884.332,327
884.449,333
884.566,321
884.683,308
884.8,306
884.916,308
885.033,301
885.15,311
885.267,301
885.384,314
885.501,312
885.617,318
885.734,317
885.851,329
885.968,319
886.085,326
886.202,307
886.318,319
886.435,306
886.552,317
886.669,303
886.786,312
886.902,320
887.019,319
887.136,316
887.253,320
887.369,331
887.486,310
887.603,320
887.72,307
887.837,315
887.953,318
888.07,313
888.187,313
888.304,321
888.42,316
888.537,308
888.654,312
888.77,316
888.887,319
889.004,322
889.121,328
889.237,317
889.354,320
889.471,319
889.587,310
889.704,317
889.821,317
889.938,315
890.054,319
890.171,310
890.288,321
890.404,310
890.521,317
890.638,313
890.754,325
890.871,319
890.988,319
891.104,321
891.221,302
891.337,315
891.454,326
891.571,323
891.687,324
891.804,308
891.921,305
892.037,314
892.154,332
892.27,324
892.387,315
892.504,326
892.62,315
892.737,322
892.854,318
892.97,312
893.087,325
893.203,317
893.32,323
893.436,313
893.553,310
893.67,310
893.786,325
893.903,322
894.019,308
894.136,313
894.252,322
894.369,316
894.485,332
894.602,322
894.718,316
894.835,316
894.951,318
895.068,320
895.184,311
895.301,320
895.417,311
895.534,301
895.65,320
895.767,321
895.883,324
896.0,336
896.116,312
896.233,326
896.349,316
896.466,307
896.582,336
896.699,313
896.815,309
896.932,308
897.048,322
897.165,309
897.281,324
897.397,315
897.514,319
897.63,315
897.747,323
897.863,320
897.979,320
898.096,319
898.212,303
898.329,315
898.445,305
898.561,306
898.678,317
898.794,309
898.911,330
899.027,321
899.143,319
899.26,314
899.376,326
899.492,319
899.609,311
899.725,326
899.842,318
899.958,316
900.074,324
900.191,306
900.307,311
900.423,322
900.539,320
900.656,305
900.772,306
900.888,317
901.005,330
901.121,318
901.237,320
901.354,311
901.47,324
901.586,321
901.703,306
901.819,316
901.935,306
902.051,314
902.168,344
902.284,310
902.4,320
902.516,314
902.633,320
902.749,318
902.865,321
902.981,316
903.098,318
903.214,317
903.33,322
903.446,303
903.562,339
903.679,319
903.795,326
903.911,326
904.027,331
904.143,314
904.26,308
904.376,318
904.492,328
904.608,307
904.724,319
904.841,315
904.957,315
905.073,317
905.189,330
905.305,316
905.421,320
905.538,314
905.654,321
905.77,292
905.886,310
906.002,307
906.118,318
906.234,302
906.35,328
906.466,321
906.583,331
906.699,323
906.815,311
906.931,308
907.047,315
907.163,314
907.279,316
907.395,324
907.511,310
907.627,311
907.743,307
907.859,311
907.976,309
908.092,323
908.208,327
908.324,305
908.44,331
908.556,305
908.672,324
908.788,321
908.904,309
909.02,311
909.136,314
909.252,312
909.368,319
909.484,308
909.6,323
909.716,319
909.832,326
909.948,325
910.064,318
910.18,309
910.296,313
910.412,320
910.528,309
910.644,313
910.76,323
910.875,317
910.991,320
911.107,322
911.223,305
911.339,330
911.455,325
911.571,313
911.687,322
911.803,321
911.919,323
912.035,308
912.151,323
912.267,314
912.382,316
912.498,312
912.614,322
912.73,327
912.846,329
