792.446,337
792.565,377
792.684,425
792.803,388
792.922,344
793.041,332
793.16,343
793.279,353
793.398,356
793.518,328
793.637,322
793.756,361
793.875,353
793.994,362
794.113,340
794.232,338
794.351,330
794.47,334
794.589,347
794.708,342
794.827,339
794.946,343
795.066,346
795.185,332
795.304,342
795.423,337
795.542,331
795.661,337
795.78,330
795.899,337
796.018,327
796.137,338
796.256,336
796.375,335
796.494,347
796.613,331
796.732,339
796.851,338
796.97,336
797.089,321
797.208,327
797.327,316
797.446,324
797.565,335
797.684,343
797.803,337
797.922,322
798.041,334
798.16,333
798.279,318
798.398,325
798.517,324
798.636,321
798.755,334
798.874,342
798.993,323
799.112,329
799.231,333
799.35,335
799.469,319
799.588,322
799.707,320
799.826,314
799.945,334
800.064,333
800.183,325
800.302,332
800.421,322
800.54,321
800.659,326
800.778,319
800.897,336
801.016,333
801.135,332
801.254,319
801.373,332
801.492,315
801.611,315
801.729,330
801.848,330
801.967,328
802.086,330
802.205,327
802.324,332
802.443,319
802.562,322
802.681,329
802.8,322
802.919,319
803.038,339
803.157,325
803.276,327
803.394,322
803.513,324
803.632,322
803.751,318
803.87,335
803.989,331
804.108,326
804.227,321
804.346,321
804.465,320
804.583,322
804.702,327
804.821,322
804.94,334
805.059,327
805.178,326
805.297,330
805.416,340
805.535,331
805.653,307
805.772,330
805.891,342
806.01,326
806.129,318
806.248,327
806.367,329
806.485,333
806.604,323
806.723,336
806.842,319
806.961,330
807.08,331
807.198,338
807.317,325
807.436,316
807.555,324
807.674,323
807.793,318
807.912,324
808.03,318
808.149,328
808.268,326
808.387,320
808.506,320
808.624,331
808.743,325
808.862,311
808.981,328
809.1,326
809.219,323
809.337,324
809.456,334
809.575,334
809.694,333
809.812,327
809.931,323
810.05,335
810.169,328
810.288,325
810.406,337
810.525,329
810.644,317
810.763,327
810.882,311
811.0,323
811.119,332
811.238,330
811.357,337
811.475,314
811.594,315
811.713,330
811.832,312
811.95,329
812.069,328
812.188,325
812.307,312
812.425,324
812.544,332
812.663,330
812.782,327
812.9,322
813.019,325
813.138,327
813.257,327
813.375,330
813.494,330
813.613,329
813.731,315
813.85,327
813.969,320
814.088,325
814.206,321
814.325,325
814.444,330
814.562,325
814.681,325
814.8,321
814.918,332
815.037,321
815.156,323
815.274,331
815.393,325
815.512,314
815.631,317
815.749,330
815.868,308
815.987,328
816.105,317
816.224,325
816.343,317
816.461,329
816.58,320
816.698,322
816.817,317
816.936,331
817.055,335
817.173,331
817.292,320
817.41,312
817.529,331
817.648,319
817.766,324
817.885,326
818.004,311
818.122,320
818.241,321
818.359,328
818.478,336
818.597,307
818.715,336
818.834,336
818.953,315
819.071,329
819.19,314
819.308,323
819.427,313
819.546,317
819.664,317
819.783,324
819.901,316
820.02,320
820.138,320
820.257,319
820.376,319
820.494,319
820.613,322
820.731,326
820.85,330
820.969,322
821.087,326
821.206,315
821.324,315
821.443,334
821.561,316
821.68,331
821.798,314
821.917,325
822.035,312
822.154,313
822.273,313
822.391,313
822.51,334
822.628,308
822.747,321
822.865,324
822.984,333
823.102,305
823.221,308
823.339,322
823.458,319
823.576,321
823.695,307
823.813,313
823.932,324
824.05,317
824.169,320
824.287,324
824.406,311
824.524,323
824.643,316
824.761,309
824.88,330
824.998,306
825.117,325
825.235,324
825.354,319
825.472,310
825.591,313
825.709,306
825.828,313
825.946,321
826.064,313
826.183,324
826.301,315
826.42,306
826.538,323
826.657,308
826.775,322
826.894,320
827.012,318
827.13,321
827.249,317
827.367,314
827.486,314
827.604,327
827.723,325
827.841,327
827.959,311
828.078,319
828.196,309
828.315,318
828.433,316
828.552,302
828.67,321
828.788,311
828.907,318
829.025,318
829.143,310
829.262,319
829.38,326
829.499,325
829.617,312
829.735,329
829.854,297
829.972,329
830.091,330
830.209,319
830.327,314
830.446,315
830.564,301
830.682,326
830.801,315
830.919,316
831.037,327
831.156,324
831.274,312
831.392,313
831.511,323
831.629,328
831.747,322
831.866,317
831.984,317
832.102,325
832.221,304
832.339,313
832.457,321
832.576,314
832.694,328
832.812,316
832.93,328
833.049,325
833.167,317
833.285,314
833.404,298
833.522,316
833.64,330
833.759,315
833.877,312
833.995,322
834.113,324
834.232,328
834.35,314
834.468,321
834.586,316
834.705,314
834.823,315
834.941,312
835.059,325
835.178,317
835.296,307
835.414,312
835.532,329
835.651,318
835.769,319
835.887,313
836.005,325
836.124,313
836.242,325
836.36,327
836.478,315
836.596,323
836.715,308
836.833,320
836.951,316
837.069,313
837.188,329
837.306,299
837.424,326
837.542,318
837.66,317
837.779,303
837.897,316
838.015,325
838.133,312
838.251,319
838.369,316
838.487,330
838.606,297
838.724,329
838.842,323
838.96,309
839.078,319
839.196,317
839.315,318
839.433,326
839.551,313
839.669,321
839.787,323
839.905,320
840.023,308
840.142,322
840.26,317
840.378,320
840.496,307
840.614,324
840.732,325
840.85,323
840.968,315
841.087,317
841.205,311
841.323,324
841.441,319
841.559,314
841.677,327
841.795,318
841.913,323
842.031,317
842.149,315
842.267,324
842.385,331
842.504,316
842.622,314
842.74,323
842.858,319
842.976,331
843.094,316
843.212,318
843.33,320
843.448,319
843.566,320
843.684,318
843.802,330
843.92,319
844.038,319
844.156,324
844.274,310
844.392,332
844.51,326
844.628,325
844.746,328
844.864,322
844.982,313
845.1,310
845.218,304
845.336,320
845.454,317
845.572,339
845.69,326
845.808,300
845.926,325
846.044,315
846.162,320
846.28,317
846.398,317
846.516,326
846.634,310
846.752,322
846.87,320
846.988,321
847.106,322
847.224,318
847.342,343
847.46,319
847.578,326
847.696,322
847.814,315
847.932,331
848.05,322
848.168,319
848.285,337
848.403,319
848.521,317
848.639,320
848.757,313
848.875,322
848.993,322
849.111,316
849.229,332
849.347,320
849.465,323
849.582,332
849.7,311
849.818,309
849.936,314
850.054,308
850.172,327
850.29,305
850.408,330
850.525,325
850.643,327
850.761,321
850.879,312
850.997,316
851.115,323
851.233,306
851.35,313
851.468,312
851.586,316
851.704,331
851.822,322
851.94,322
852.057,307
852.175,321
852.293,310
852.411,332
852.529,328
852.647,312
852.764,330
852.882,334
853.0,317
853.118,318
853.236,319
853.353,310
853.471,321
853.589,321
853.707,317
853.824,308
853.942,314
854.06,332
854.178,311
854.296,295
854.413,317
854.531,316
854.649,323
854.767,328
854.884,321
855.002,328
855.12,308
855.238,324
855.355,317
855.473,325
855.591,314
855.708,319
855.826,315
855.944,334
856.062,315
856.179,330
856.297,317
856.415,329
856.532,322
856.65,314
856.768,318
856.886,312
857.003,325
857.121,315
857.239,334
857.356,327
857.474,316
857.592,310
857.709,330
857.827,314
857.945,310
858.062,320
858.18,320
858.298,323
858.415,325
858.533,322
858.651,317
858.768,305
858.886,318
859.003,321
859.121,317
859.239,320
859.356,322
859.474,326
859.592,324
859.709,313
859.827,332
859.944,316
860.062,333
860.18,317
860.297,311
860.415,302
860.532,321
860.65,317
860.768,318
860.885,319
861.003,321
861.12,324
861.238,319
861.356,317
861.473,321
861.591,313
861.708,310
861.826,326
861.943,323
862.061,312
862.178,321
862.296,314
862.414,319
862.531,326
862.649,313
862.766,323
862.884,318
863.001,313
863.119,318
863.236,325
863.354,321
863.471,318
863.589,313
863.706,320
863.824,324
863.941,316
864.059,323
864.176,317
864.294,300
864.411,319
864.529,324
864.646,308
864.764,318
864.881,310
864.999,321
865.116,322
865.233,320
865.351,321
865.468,315
865.586,305
865.703,314
865.821,310
865.938,319
866.056,316
866.173,313
866.29,327
866.408,319
866.525,320
866.643,297
866.76,327
866.878,320
866.995,308
867.112,324
867.23,328
867.347,320
867.465,318
867.582,312
867.699,309
867.817,308
867.934,318
868.051,307
868.169,309
868.286,308
868.404,314
868.521,319
868.638,321
868.756,318
868.873,316
868.99,327
869.108,322
869.225,330
869.342,320
869.46,314
869.577,325
869.694,311
869.812,319
869.929,307
870.046,322
870.164,324
870.281,310
870.398,313
870.516,324
870.633,312
870.75,313
870.867,318
870.985,328
871.102,317
871.219,320
871.337,329
871.454,325
871.571,305
871.688,302
871.806,317
871.923,317
872.04,318
872.157,315
872.275,310
872.392,316
872.509,316
872.626,311
872.744,304
872.861,321
872.978,328
873.095,320
873.213,319
873.33,314
873.447,321
873.564,315
873.681,329
873.799,323
873.916,322
874.033,324
874.15,307
874.267,306
874.385,326
874.502,318
874.619,316
874.736,308
874.853,310
874.97,321
875.088,329
875.205,313
875.322,319
875.439,318
875.556,324
875.673,310
875.791,307
875.908,317
876.025,314
876.142,315
876.259,322
876.376,309
876.493,323
876.61,324
876.728,317
876.845,323
876.962,324
877.079,316
877.196,321
877.313,330
877.43,316
877.547,317
877.664,325
877.781,308
877.898,326
878.016,312
878.133,309
878.25,317
878.367,311
878.484,316
878.601,302
878.718,311
878.835,319
878.952,310
879.069,320
879.186,309
879.303,325
879.42,310
879.537,316
879.654,330
879.771,330
879.888,323
880.005,325
880.122,316
880.239,319
880.356,322
880.473,321
880.59,321
880.707,318
880.824,317
880.941,332
881.058,309
881.175,333
881.292,320
881.409,312
881.526,333
881.643,317
881.76,314
881.877,317
881.994,311
882.111,311
882.228,311
882.345,322
882.462,329
882.579,325
882.696,315
882.812,320
882.929,321
883.046,311
883.163,314
883.28,315
883.397,310
883.514,323
883.631,319
883.748,319
883.865,310
883.982,325
884.098,322
884.215,320
884.332,319
884.449,316
884.566,326
884.683,319
884.8,330
884.916,326
885.033,308
885.15,306
885.267,322
885.384,320
885.501,319
885.617,323
885.734,311
885.851,330
885.968,326
886.085,318
886.202,320
886.318,321
886.435,317
886.552,334
886.669,328
886.786,317
886.902,315
887.019,325
887.136,328
887.253,329
887.369,327
887.486,312
887.603,321
887.72,327
887.837,313
887.953,335
888.07,321
888.187,306
888.304,315
888.42,325
888.537,313
888.654,327
888.77,305
888.887,339
889.004,303
889.121,315
889.237,315
889.354,305
889.471,313
889.587,332
889.704,311
889.821,326
889.938,329
890.054,313
890.171,307
890.288,309
890.404,308
890.521,318
890.638,313
890.754,320
890.871,307
890.988,321
891.104,317
891.221,318
891.337,330
891.454,306
891.571,320
891.687,318
891.804,303
891.921,335
892.037,317
892.154,324
892.27,325
892.387,316
892.504,315
892.62,312
892.737,316
892.854,310
892.97,320
893.087,315
893.203,319
893.32,304
893.436,324
893.553,308
893.67,315
893.786,319
893.903,307
894.019,318
894.136,318
894.252,312
894.369,311
894.485,326
894.602,310
894.718,318
894.835,316
894.951,321
895.068,315
895.184,316
895.301,325
895.417,302
895.534,313
895.65,314
895.767,314
895.883,323
896.0,327
896.116,319
896.233,325
896.349,298
896.466,305
896.582,325
896.699,326
896.815,307
896.932,309
897.048,324
897.165,304
897.281,314
897.397,324
897.514,323
897.63,315
897.747,319
897.863,322
897.979,322
898.096,312
898.212,308
898.329,315
898.445,305
898.561,314
898.678,308
898.794,305
898.911,315
899.027,329
899.143,318
899.26,311
899.376,305
899.492,316
899.609,317
899.725,319
899.842,314
899.958,302
900.074,322
900.191,326
900.307,310
900.423,320
900.539,329
900.656,317
900.772,316
900.888,314
901.005,328
901.121,313
901.237,312
901.354,313
901.47,319
901.586,311
901.703,311
901.819,325
901.935,311
902.051,315
902.168,330
902.284,317
902.4,320
902.516,311
902.633,327
902.749,317
902.865,328
902.981,315
903.098,325
903.214,313
903.33,319
903.446,314
903.562,328
903.679,301
903.795,317
903.911,319
904.027,302
904.143,312
904.26,306
904.376,305
904.492,313
904.608,309
904.724,321
904.841,319
904.957,317
905.073,320
905.189,322
905.305,317
905.421,309
905.538,318
905.654,313
905.77,321
905.886,317
906.002,309
906.118,322
906.234,319
906.35,321
906.466,306
906.583,326
906.699,308
906.815,324
906.931,310
907.047,311
907.163,308
907.279,307
907.395,329
907.511,320
907.627,322
907.743,322
907.859,319
907.976,310
908.092,311
908.208,317
908.324,324
908.44,317
908.556,314
908.672,318
908.788,303
908.904,306
909.02,321
909.136,324
909.252,305
909.368,328
909.484,309
909.6,315
909.716,315
909.832,327
909.948,305
910.064,308
910.18,324
910.296,317
910.412,318
910.528,319
910.644,303
910.76,309
910.875,323
910.991,309
911.107,313
911.223,318
911.339,308
911.455,319
911.571,324
911.687,330
911.803,322
911.919,311
912.035,304
912.151,329
912.267,303
912.382,307
912.498,314
912.614,312
912.73,320
912.846,318
792.446,326
792.565,363
792.684,413
792.803,389
792.922,346
793.041,325
793.16,330
793.279,364
793.398,345
793.518,327
793.637,327
793.756,349
793.875,353
793.994,359
794.113,350
794.232,341
794.351,343
794.47,344
794.589,328
794.708,338
794.827,332
794.946,328
795.066,355
795.185,353
795.304,347
795.423,333
795.542,335
795.661,336
795.78,337
795.899,329
796.018,349
796.137,330
796.256,330
796.375,348
796.494,334
796.613,325
796.732,349
796.851,329
796.97,334
797.089,333
797.208,329
797.327,324
797.446,322
797.565,334
797.684,329
797.803,323
797.922,319
798.041,322
798.16,324
798.279,331
798.398,329
798.517,330
798.636,330
798.755,319
798.874,326
798.993,332
799.112,328
799.231,333
799.35,348
799.469,329
799.588,331
799.707,331
799.826,323
799.945,333
800.064,336
800.183,338
800.302,328
800.421,340
800.54,335
800.659,334
800.778,328
800.897,310
801.016,327
801.135,326
801.254,324
801.373,322
801.492,330
801.611,323
801.729,326
801.848,335
801.967,324
802.086,323
802.205,316
802.324,323
802.443,313
802.562,323
802.681,325
802.8,327
802.919,332
803.038,317
803.157,322
803.276,327
803.394,319
803.513,339
803.632,327
803.751,333
803.87,322
803.989,330
804.108,333
804.227,322
804.346,330
804.465,325
804.583,319
804.702,328
804.821,314
804.94,332
805.059,335
805.178,312
805.297,320
805.416,329
805.535,319
805.653,321
805.772,327
805.891,322
806.01,324
806.129,332
806.248,325
806.367,327
806.485,312
806.604,338
806.723,329
806.842,319
806.961,311
807.08,327
807.198,310
807.317,324
807.436,331
807.555,318
807.674,340
807.793,320
807.912,323
808.03,333
808.149,317
808.268,342
808.387,319
808.506,314
808.624,323
808.743,326
808.862,334
808.981,321
809.1,327
809.219,320
809.337,324
809.456,326
809.575,328
809.694,324
809.812,326
809.931,344
810.05,313
810.169,321
810.288,328
810.406,314
810.525,323
810.644,332
810.763,330
810.882,312
811.0,324
811.119,330
811.238,324
811.357,333
811.475,313
811.594,324
811.713,317
811.832,335
811.95,328
812.069,332
812.188,331
812.307,320
812.425,335
812.544,315
812.663,322
812.782,339
812.9,323
813.019,328
813.138,312
813.257,317
813.375,325
813.494,316
813.613,316
813.731,317
813.85,341
813.969,321
814.088,325
814.206,319
814.325,333
814.444,323
814.562,323
814.681,317
814.8,330
814.918,340
815.037,329
815.156,329
815.274,319
815.393,326
815.512,325
815.631,325
815.749,322
815.868,320
815.987,338
816.105,325
816.224,317
816.343,321
816.461,326
816.58,324
816.698,329
816.817,324
816.936,327
817.055,325
817.173,319
817.292,322
817.41,333
817.529,330
817.648,322
817.766,323
817.885,320
818.004,325
818.122,327
818.241,322
818.359,321
818.478,326
818.597,325
818.715,326
818.834,308
818.953,319
819.071,303
819.19,328
819.308,323
819.427,315
819.546,313
819.664,320
819.783,311
819.901,316
820.02,333
820.138,310
820.257,341
820.376,296
820.494,314
820.613,331
820.731,323
820.85,320
820.969,317
821.087,312
821.206,319
821.324,331
821.443,302
821.561,321
821.68,330
821.798,326
821.917,329
822.035,317
822.154,333
822.273,320
822.391,302
822.51,330
822.628,314
822.747,313
822.865,320
822.984,319
823.102,316
823.221,325
823.339,320
823.458,314
823.576,325
823.695,325
823.813,316
823.932,321
824.05,304
824.169,321
824.287,313
824.406,342
824.524,322
824.643,320
824.761,316
824.88,316
824.998,318
825.117,323
825.235,324
825.354,321
825.472,314
825.591,322
825.709,312
825.828,322
825.946,311
826.064,314
826.183,323
826.301,310
826.42,305
826.538,334
826.657,308
826.775,325
826.894,322
827.012,328
827.13,311
827.249,324
827.367,319
827.486,323
827.604,308
827.723,311
827.841,323
827.959,322
828.078,330
828.196,312
828.315,323
828.433,322
828.552,317
828.67,316
828.788,328
828.907,325
829.025,325
829.143,322
829.262,324
829.38,315
829.499,323
829.617,330
829.735,327
829.854,321
829.972,316
830.091,320
830.209,310
830.327,306
830.446,312
830.564,310
830.682,304
830.801,318
830.919,315
831.037,311
831.156,308
831.274,323
831.392,317
831.511,319
831.629,316
831.747,323
831.866,314
831.984,329
832.102,323
832.221,315
832.339,315
832.457,324
832.576,312
832.694,315
832.812,312
832.93,322
833.049,306
833.167,326
833.285,315
833.404,313
833.522,308
833.64,306
833.759,319
833.877,313
833.995,316
834.113,314
834.232,325
834.35,311
834.468,315
834.586,315
834.705,311
834.823,322
834.941,314
835.059,311
835.178,323
835.296,312
835.414,318
835.532,342
835.651,322
835.769,324
835.887,329
836.005,323
836.124,317
836.242,308
836.36,333
836.478,318
836.596,322
836.715,312
836.833,325
836.951,318
837.069,324
837.188,318
837.306,322
837.424,317
837.542,310
837.66,314
837.779,310
837.897,306
838.015,320
838.133,316
838.251,332
838.369,321
838.487,332
838.606,310
838.724,308
838.842,311
838.96,318
839.078,323
839.196,327
839.315,321
839.433,322
839.551,335
839.669,318
839.787,315
839.905,312
840.023,324
840.142,310
840.26,315
840.378,315
840.496,317
840.614,321
840.732,314
840.85,320
840.968,332
841.087,327
841.205,325
841.323,325
841.441,322
841.559,320
841.677,315
841.795,321
841.913,322
842.031,334
842.149,311
842.267,321
842.385,331
842.504,322
842.622,325
842.74,316
842.858,318
842.976,318
843.094,314
843.212,314
843.33,321
843.448,320
843.566,324
843.684,325
843.802,322
843.92,332
844.038,320
844.156,314
844.274,324
844.392,321
844.51,329
844.628,323
844.746,312
844.864,322
844.982,329
845.1,319
845.218,318
845.336,326
845.454,322
845.572,309
845.69,327
845.808,317
845.926,311
846.044,307
846.162,329
846.28,320
846.398,309
846.516,322
846.634,322
846.752,322
846.87,328
846.988,317
847.106,313
847.224,331
847.342,324
847.46,326
847.578,330
847.696,328
847.814,318
847.932,324
848.05,325
848.168,331
848.285,323
848.403,334
848.521,333
848.639,318
848.757,324
848.875,300
848.993,332
849.111,324
849.229,327
849.347,318
849.465,317
849.582,311
849.7,330
849.818,325
849.936,314
850.054,319
850.172,330
850.29,328
850.408,330
850.525,325
850.643,312
850.761,326
850.879,323
850.997,307
851.115,315
851.233,313
851.35,323
851.468,322
851.586,329
851.704,316
851.822,321
851.94,325
852.057,330
852.175,329
852.293,318
852.411,323
852.529,319
852.647,312
852.764,322
852.882,316
853.0,319
853.118,316
853.236,332
853.353,316
853.471,324
853.589,319
853.707,313
853.824,316
853.942,316
854.06,322
854.178,336
854.296,314
854.413,319
854.531,330
854.649,310
854.767,336
854.884,312
855.002,326
855.12,318
855.238,326
855.355,310
855.473,329
855.591,323
855.708,328
855.826,332
855.944,315
856.062,320
856.179,315
856.297,318
856.415,319
856.532,323
856.65,309
856.768,309
856.886,330
857.003,322
857.121,313
857.239,313
857.356,322
857.474,320
857.592,316
857.709,326
857.827,321
857.945,332
858.062,316
858.18,319
858.298,324
858.415,323
858.533,323
858.651,322
858.768,308
858.886,320
859.003,321
859.121,316
859.239,312
859.356,326
859.474,317
859.592,328
859.709,330
859.827,325
859.944,330
860.062,318
860.18,316
860.297,320
860.415,319
860.532,333
860.65,322
860.768,325
860.885,316
861.003,318
861.12,322
861.238,323
861.356,317
861.473,320
861.591,323
861.708,315
861.826,305
861.943,313
862.061,316
862.178,324
862.296,302
862.414,319
862.531,302
862.649,331
862.766,324
862.884,318
863.001,312
863.119,319
863.236,322
863.354,322
863.471,322
863.589,309
863.706,322
863.824,327
863.941,321
864.059,310
864.176,319
864.294,317
864.411,313
864.529,315
864.646,310
864.764,311
864.881,316
864.999,326
865.116,326
865.233,327
865.351,330
865.468,316
865.586,310
865.703,324
865.821,318
865.938,315
866.056,324
866.173,322
866.29,313
866.408,310
866.525,319
866.643,325
866.76,322
866.878,311
866.995,310
867.112,299
867.23,311
867.347,314
867.465,315
867.582,311
867.699,314
867.817,311
867.934,317
868.051,306
868.169,318
868.286,314
868.404,318
868.521,321
868.638,322
868.756,302
868.873,316
868.99,309
869.108,332
869.225,334
869.342,316
869.46,321
869.577,331
869.694,317
869.812,319
869.929,325
870.046,321
870.164,317
870.281,313
870.398,300
870.516,326
870.633,320
870.75,318
870.867,328
870.985,305
871.102,319
871.219,315
871.337,324
871.454,319
871.571,320
871.688,310
871.806,315
871.923,326
872.04,309
872.157,313
872.275,323
872.392,331
872.509,311
872.626,313
872.744,327
872.861,324
872.978,314
873.095,319
873.213,326
873.33,316
873.447,308
873.564,311
873.681,328
873.799,325
873.916,307
874.033,321
874.15,328
874.267,318
874.385,322
874.502,318
874.619,318
874.736,322
874.853,311
874.97,326
875.088,326
875.205,303
875.322,326
875.439,317
875.556,326
875.673,332
875.791,316
875.908,314
876.025,321
876.142,314
876.259,324
876.376,317
876.493,332
876.61,314
876.728,300
876.845,317
876.962,316
877.079,312
877.196,330
877.313,314
877.43,328
877.547,316
877.664,324
877.781,326
877.898,320
878.016,307
878.133,309
878.25,317
878.367,305
878.484,320
878.601,324
878.718,310
878.835,316
878.952,305
879.069,319
879.186,309
879.303,319
879.42,309
879.537,328
879.654,316
879.771,308
879.888,323
880.005,316
880.122,310
880.239,326
880.356,316
880.473,307
880.59,313
880.707,318
880.824,312
880.941,310
881.058,326
881.175,320
881.292,309
881.409,314
881.526,324
881.643,308
881.76,303
881.877,309
881.994,323
882.111,320
882.228,301
882.345,323
882.462,322
882.579,315
882.696,328
882.812,304
882.929,305
883.046,332
883.163,321
883.28,316
883.397,312
883.514,321
883.631,299
883.748,301
883.865,310
883.982,315
884.098,333
884.215,324
884.332,308
884.449,307
884.566,314
884.683,316
884.8,321
884.916,329
885.033,310
885.15,318
885.267,315
885.384,329
885.501,321
885.617,324
885.734,321
885.851,317
885.968,320
886.085,329
886.202,318
886.318,304
886.435,320
886.552,325
886.669,302
886.786,320
886.902,323
887.019,321
887.136,314
887.253,335
887.369,307
887.486,320
887.603,318
887.72,320
887.837,326
887.953,319
888.07,335
888.187,312
888.304,318
888.42,312
888.537,313
888.654,324
888.77,319
888.887,313
889.004,324
889.121,323
889.237,314
889.354,318
889.471,326
889.587,318
889.704,319
889.821,318
889.938,311
890.054,310
890.171,317
890.288,325
890.404,332
890.521,316
890.638,311
890.754,315
890.871,325
890.988,317
891.104,329
891.221,321
891.337,308
891.454,326
891.571,318
891.687,300
891.804,310
891.921,304
892.037,318
892.154,314
892.27,307
892.387,307
892.504,326
892.62,323
892.737,317
892.854,315
892.97,312
893.087,333
893.203,319
893.32,329
893.436,306
893.553,319
893.67,308
893.786,319
893.903,317
894.019,320
894.136,315
894.252,318
894.369,309
894.485,315
894.602,315
894.718,308
894.835,319
894.951,315
895.068,315
895.184,319
895.301,311
895.417,313
895.534,326
895.65,311
895.767,305
895.883,312
896.0,322
896.116,305
896.233,302
896.349,321
896.466,307
896.582,324
896.699,324
896.815,314
896.932,311
897.048,312
897.165,310
897.281,314
897.397,314
897.514,310
897.63,320
897.747,325
897.863,307
897.979,319
898.096,313
898.212,320
898.329,316
898.445,325
898.561,319
898.678,325
898.794,330
898.911,318
899.027,323
899.143,311
899.26,317
899.376,317
899.492,322
899.609,317
899.725,299
899.842,316
899.958,314
900.074,316
900.191,318
900.307,308
900.423,315
900.539,311
900.656,309
900.772,317
900.888,313
901.005,312
901.121,319
901.237,310
901.354,321
901.47,312
901.586,310
901.703,317
901.819,308
901.935,320
902.051,302
902.168,333
902.284,312
902.4,313
902.516,319
902.633,317
902.749,327
902.865,324
902.981,317
903.098,311
903.214,318
903.33,326
903.446,317
903.562,326
903.679,307
903.795,313
903.911,319
904.027,313
904.143,322
904.26,316
904.376,305
904.492,325
904.608,331
904.724,309
904.841,323
904.957,322
905.073,299
905.189,319
905.305,308
905.421,314
905.538,319
905.654,312
905.77,321
905.886,318
906.002,317
906.118,328
906.234,315
906.35,300
906.466,317
906.583,318
906.699,318
906.815,325
906.931,314
907.047,310
907.163,314
907.279,316
907.395,313
907.511,313
907.627,327
907.743,312
907.859,318
907.976,317
908.092,314
908.208,330
908.324,329
908.44,330
908.556,316
908.672,327
908.788,308
908.904,313
909.02,322
909.136,320
909.252,312
909.368,312
909.484,312
909.6,332
909.716,316
909.832,304
909.948,323
910.064,315
910.18,306
910.296,311
910.412,306
910.528,326
910.644,315
910.76,321
910.875,320
910.991,320
911.107,311
911.223,312
911.339,318
911.455,320
911.571,318
911.687,325
911.803,310
911.919,315
912.035,309
912.151,312
912.267,327
912.382,303
912.498,303
912.614,330
912.73,314
912.846,325
792.446,332
792.565,381
792.684,419
792.803,395
792.922,333
793.041,331
793.16,331
793.279,351
793.398,334
793.518,348
793.637,329
793.756,341
793.875,344
793.994,356
794.113,335
794.232,320
794.351,336
794.47,343
794.589,337
794.708,339
794.827,332
794.946,340
795.066,344
795.185,353
795.304,337
795.423,327
795.542,346
795.661,337
795.78,334
795.899,334
796.018,338
796.137,318
796.256,342
796.375,332
796.494,331
796.613,346
796.732,329
796.851,315
796.97,327
797.089,324
797.208,340
797.327,331
797.446,332
797.565,339
797.684,324
797.803,329
797.922,348
798.041,325
798.16,328
798.279,322
798.398,336
798.517,337
798.636,335
798.755,319
798.874,335
798.993,332
799.112,335
799.231,330
799.35,330
799.469,335
799.588,331
799.707,327
799.826,325
799.945,328
800.064,327
800.183,329
800.302,340
800.421,332
800.54,319
800.659,324
800.778,343
800.897,334
801.016,338
801.135,329
801.254,329
801.373,321
801.492,325
801.611,331
801.729,326
801.848,333
801.967,326
802.086,327
802.205,322
802.324,330
802.443,319
802.562,331
802.681,349
802.8,331
802.919,340
803.038,340
803.157,321
803.276,332
803.394,330
803.513,331
803.632,333
803.751,310
803.87,344
803.989,321
804.108,343
804.227,330
804.346,330
804.465,340
804.583,323
804.702,318
804.821,335
804.94,314
805.059,350
805.178,335
805.297,337
805.416,316
805.535,320
805.653,323
805.772,327
805.891,315
806.01,321
806.129,312
806.248,327
806.367,322
806.485,310
806.604,332
806.723,312
806.842,315
806.961,337
807.08,312
807.198,327
807.317,315
807.436,332
807.555,330
807.674,324
807.793,333
807.912,314
808.03,329
808.149,309
808.268,319
808.387,328
808.506,335
808.624,328
808.743,321
808.862,326
808.981,310
809.1,327
809.219,320
809.337,317
809.456,313
809.575,328
809.694,323
809.812,330
809.931,333
810.05,324
810.169,340
810.288,318
810.406,330
810.525,334
810.644,316
810.763,329
810.882,314
811.0,323
811.119,335
811.238,341
811.357,328
811.475,328
811.594,322
811.713,344
811.832,331
811.95,328
812.069,319
812.188,318
812.307,327
812.425,318
812.544,330
812.663,325
812.782,329
812.9,327
813.019,321
813.138,328
813.257,318
813.375,319
813.494,315
813.613,333
813.731,322
813.85,339
813.969,315
814.088,316
814.206,310
814.325,340
814.444,321
814.562,333
814.681,317
814.8,311
814.918,332
815.037,332
815.156,320
815.274,319
815.393,328
815.512,325
815.631,316
815.749,324
815.868,330
815.987,321
816.105,318
816.224,319
816.343,334
816.461,321
816.58,320
816.698,340
816.817,314
816.936,322
817.055,330
817.173,318
817.292,302
817.41,332
817.529,328
817.648,327
817.766,330
817.885,326
818.004,343
818.122,326
818.241,326
818.359,328
818.478,317
818.597,335
818.715,314
818.834,330
818.953,305
819.071,333
819.19,327
819.308,316
819.427,328
819.546,333
819.664,324
819.783,326
819.901,317
820.02,328
820.138,301
820.257,325
820.376,331
820.494,316
820.613,315
820.731,335
820.85,323
820.969,319
821.087,333
821.206,325
821.324,326
821.443,314
821.561,323
821.68,320
821.798,333
821.917,325
822.035,323
822.154,316
822.273,301
822.391,333
822.51,321
822.628,328
822.747,307
822.865,311
822.984,322
823.102,322
823.221,310
823.339,310
823.458,322
823.576,328
823.695,324
823.813,314
823.932,329
824.05,326
824.169,311
824.287,317
824.406,315
824.524,331
824.643,335
824.761,314
824.88,326
824.998,330
825.117,304
825.235,325
825.354,327
825.472,322
825.591,321
825.709,313
825.828,310
825.946,331
826.064,324
826.183,317
826.301,319
826.42,326
826.538,318
826.657,313
826.775,306
826.894,337
827.012,311
827.13,317
827.249,312
827.367,314
827.486,316
827.604,332
827.723,302
827.841,330
827.959,320
828.078,321
828.196,323
828.315,319
828.433,312
828.552,321
828.67,305
828.788,325
828.907,330
829.025,325
829.143,319
829.262,324
829.38,318
829.499,322
829.617,305
829.735,323
829.854,309
829.972,308
830.091,310
830.209,327
830.327,313
830.446,318
830.564,327
830.682,335
830.801,322
830.919,319
831.037,322
831.156,316
831.274,326
831.392,314
831.511,323
831.629,319
831.747,323
831.866,314
831.984,315
832.102,332
832.221,307
832.339,331
832.457,331
832.576,329
832.694,313
832.812,322
832.93,319
833.049,328
833.167,311
833.285,307
833.404,312
833.522,327
833.64,315
833.759,313
833.877,318
833.995,320
834.113,316
834.232,320
834.35,318
834.468,308
834.586,314
834.705,304
834.823,319
834.941,325
835.059,317
835.178,319
835.296,312
835.414,305
835.532,317
835.651,308
835.769,312
835.887,330
836.005,312
836.124,321
836.242,323
836.36,313
836.478,324
836.596,320
836.715,306
836.833,321
836.951,311
837.069,317
837.188,321
837.306,319
837.424,310
837.542,320
837.66,330
837.779,325
837.897,317
838.015,321
838.133,312
838.251,318
838.369,327
838.487,317
838.606,328
838.724,329
838.842,313
838.96,307
839.078,315
839.196,320
839.315,320
839.433,316
839.551,320
839.669,335
839.787,309
839.905,314
840.023,334
840.142,312
840.26,320
840.378,326
840.496,326
840.614,327
840.732,322
840.85,319
840.968,313
841.087,333
841.205,314
841.323,317
841.441,320
841.559,328
841.677,327
841.795,329
841.913,307
842.031,327
842.149,315
842.267,331
842.385,324
842.504,318
842.622,305
842.74,316
842.858,320
842.976,322
843.094,311
843.212,330
843.33,322
843.448,322
843.566,314
843.684,320
843.802,302
843.92,328
844.038,318
844.156,310
844.274,317
844.392,313
844.51,326
844.628,326
844.746,324
844.864,321
844.982,315
845.1,324
845.218,314
845.336,318
845.454,318
845.572,324
845.69,322
845.808,327
845.926,327
846.044,338
846.162,316
846.28,327
846.398,314
846.516,310
846.634,321
846.752,318
846.87,319
846.988,323
847.106,335
847.224,325
847.342,320
847.46,338
847.578,322
847.696,315
847.814,311
847.932,329
848.05,339
848.168,303
848.285,334
848.403,317
848.521,315
848.639,313
848.757,324
848.875,324
848.993,322
849.111,326
849.229,324
849.347,319
849.465,331
849.582,343
849.7,316
849.818,325
849.936,317
850.054,325
850.172,313
850.29,320
850.408,321
850.525,308
850.643,323
850.761,314
850.879,317
850.997,331
851.115,321
851.233,324
851.35,303
851.468,325
851.586,311
851.704,323
851.822,312
851.94,322
852.057,315
852.175,330
852.293,314
852.411,321
852.529,331
852.647,311
852.764,320
852.882,331
853.0,306
853.118,330
853.236,318
853.353,331
853.471,319
853.589,315
853.707,314
853.824,317
853.942,317
854.06,315
854.178,308
854.296,317
854.413,322
854.531,319
854.649,330
854.767,319
854.884,326
855.002,311
855.12,313
855.238,315
855.355,324
855.473,312
855.591,323
855.708,341
855.826,324
855.944,321
856.062,311
856.179,312
856.297,312
856.415,310
856.532,329
856.65,322
856.768,326
856.886,325
857.003,311
857.121,324
857.239,332
857.356,327
857.474,321
857.592,320
857.709,318
857.827,306
857.945,322
858.062,312
858.18,320
858.298,326
858.415,321
858.533,319
858.651,318
858.768,330
858.886,329
859.003,321
859.121,313
859.239,320
859.356,315
859.474,320
859.592,320
859.709,310
859.827,302
859.944,311
860.062,316
860.18,325
860.297,316
860.415,312
860.532,317
860.65,325
860.768,315
860.885,326
861.003,322
861.12,317
861.238,316
861.356,323
861.473,328
861.591,330
861.708,308
861.826,320
861.943,333
862.061,332
862.178,319
862.296,312
862.414,316
862.531,314
862.649,313
862.766,315
862.884,319
863.001,324
863.119,315
863.236,316
863.354,324
863.471,316
863.589,311
863.706,318
863.824,322
863.941,307
864.059,318
864.176,313
864.294,325
864.411,318
864.529,321
864.646,318
864.764,321
864.881,327
864.999,303
865.116,323
865.233,309
865.351,313
865.468,316
865.586,323
865.703,319
865.821,327
865.938,321
866.056,320
866.173,306
866.29,334
866.408,305
866.525,315
866.643,306
866.76,317
866.878,316
866.995,314
867.112,323
867.23,332
867.347,318
867.465,339
867.582,312
867.699,316
867.817,313
867.934,321
868.051,328
868.169,329
868.286,317
868.404,316
868.521,308
868.638,319
868.756,318
868.873,322
868.99,319
869.108,325
869.225,315
869.342,335
869.46,306
869.577,334
869.694,320
869.812,305
869.929,310
870.046,306
870.164,314
870.281,327
870.398,302
870.516,323
870.633,305
870.75,327
870.867,318
870.985,319
871.102,311
871.219,323
871.337,323
871.454,320
871.571,329
871.688,323
871.806,321
871.923,329
872.04,303
872.157,320
872.275,318
872.392,323
872.509,325
872.626,308
872.744,320
872.861,313
872.978,330
873.095,323
873.213,311
873.33,316
873.447,309
873.564,326
873.681,318
873.799,319
873.916,322
874.033,318
874.15,318
874.267,313
874.385,320
874.502,325
874.619,312
874.736,318
874.853,322
874.97,332
875.088,321
875.205,319
875.322,317
875.439,310
875.556,319
875.673,311
875.791,311
875.908,325
876.025,310
876.142,327
876.259,318
876.376,335
876.493,325
876.61,307
876.728,317
876.845,319
876.962,316
877.079,326
877.196,313
877.313,316
877.43,311
877.547,309
877.664,313
877.781,320
877.898,309
878.016,322
878.133,312
878.25,315
878.367,318
878.484,319
878.601,303
878.718,331
878.835,304
878.952,311
879.069,314
879.186,325
879.303,307
879.42,326
879.537,301
879.654,312
879.771,319
879.888,319
880.005,318
880.122,321
880.239,320
880.356,325
880.473,311
880.59,329
880.707,312
880.824,308
880.941,320
881.058,311
881.175,308
881.292,320
881.409,312
881.526,310
881.643,322
881.76,335
881.877,312
881.994,324
882.111,314
882.228,318
882.345,305
882.462,321
882.579,298
882.696,314
882.812,319
882.929,333
883.046,318
883.163,324
883.28,324
883.397,311
883.514,323
883.631,327
883.748,314
883.865,314
883.982,306
884.098,321
884.215,323
884.332,321
884.449,308
884.566,308
884.683,320
884.8,310
884.916,316
885.033,315
885.15,315
885.267,325
885.384,319
885.501,326
885.617,318
885.734,328
885.851,323
885.968,331
886.085,317
886.202,309
886.318,320
886.435,319
886.552,327
886.669,315
886.786,328
886.902,312
887.019,324
887.136,323
887.253,323
887.369,341
887.486,314
887.603,317
887.72,317
887.837,323
887.953,300
888.07,337
888.187,325
888.304,312
888.42,323
888.537,326
888.654,317
888.77,336
888.887,315
889.004,311
889.121,317
889.237,318
889.354,308
889.471,309
889.587,295
889.704,332
889.821,316
889.938,323
890.054,311
890.171,303
890.288,308
890.404,321
890.521,320
890.638,325
890.754,320
890.871,318
890.988,323
891.104,306
891.221,306
891.337,330
891.454,318
891.571,321
891.687,321
891.804,321
891.921,318
892.037,323
892.154,311
892.27,319
892.387,321
892.504,322
892.62,304
892.737,318
892.854,304
892.97,303
893.087,319
893.203,315
893.32,309
893.436,322
893.553,304
893.67,317
893.786,327
893.903,332
894.019,316
894.136,323
894.252,307
894.369,335
894.485,315
894.602,321
894.718,300
894.835,319
894.951,320
895.068,330
895.184,322
895.301,316
895.417,317
895.534,327
895.65,323
895.767,328
895.883,326
896.0,315
896.116,327
896.233,311
896.349,317
896.466,310
896.582,318
896.699,330
896.815,307
896.932,318
897.048,300
897.165,318
897.281,312
897.397,316
897.514,334
897.63,318
897.747,325
897.863,314
897.979,302
898.096,325
898.212,314
898.329,319
898.445,341
898.561,317
898.678,319
898.794,318
898.911,318
899.027,320
899.143,304
899.26,322
899.376,312
899.492,316
899.609,331
899.725,328
899.842,310
899.958,315
900.074,299
900.191,316
900.307,300
900.423,326
900.539,323
900.656,320
900.772,325
900.888,325
901.005,317
901.121,323
901.237,316
901.354,325
901.47,326
901.586,325
901.703,317
901.819,318
901.935,305
902.051,311
902.168,324
902.284,309
902.4,301
902.516,317
902.633,326
902.749,327
902.865,319
902.981,324
903.098,312
903.214,327
903.33,323
903.446,325
903.562,301
903.679,326
903.795,317
903.911,323
904.027,317
904.143,320
904.26,312
904.376,323
904.492,315
904.608,319
904.724,305
904.841,318
904.957,312
905.073,313
905.189,322
905.305,318
905.421,317
905.538,302
905.654,318
905.77,322
905.886,316
906.002,315
906.118,314
906.234,322
906.35,310
906.466,320
906.583,316
906.699,306
906.815,315
906.931,327
907.047,313
907.163,320
907.279,309
907.395,309
907.511,304
907.627,312
907.743,322
907.859,321
907.976,326
908.092,319
908.208,308
908.324,318
908.44,317
908.556,319
908.672,314
908.788,308
908.904,306
909.02,315
909.136,314
909.252,312
909.368,311
909.484,312
909.6,315
909.716,317
909.832,315
909.948,323
910.064,326
910.18,312
910.296,316
910.412,314
910.528,322
910.644,321
910.76,302
910.875,316
910.991,316
911.107,306
911.223,317
911.339,320
911.455,317
911.571,319
911.687,318
911.803,318
911.919,298
912.035,322
912.151,304
912.267,311
912.382,308
912.498,320
912.614,319
912.73,322
912.846,314
