792.446,343
792.565,372
792.684,428
792.803,396
792.922,355
793.041,326
793.16,337
793.279,355
793.398,358
793.518,332
793.637,328
793.756,352
793.875,365
793.994,366
794.113,356
794.232,341
794.351,330
794.47,344
794.589,335
794.708,338
794.827,336
794.946,356
795.066,339
795.185,344
795.304,350
795.423,345
795.542,348
795.661,325
795.78,337
795.899,351
796.018,344
796.137,336
796.256,348
796.375,347
796.494,347
796.613,343
796.732,340
796.851,317
796.97,332
797.089,328
797.208,336
797.327,341
797.446,350
797.565,335
797.684,340
797.803,322
797.922,333
798.041,343
798.16,347
798.279,337
798.398,327
798.517,349
798.636,334
798.755,319
798.874,323
798.993,323
799.112,353
799.231,337
799.35,327
799.469,340
799.588,328
799.707,342
799.826,353
799.945,335
800.064,317
800.183,331
800.302,342
800.421,335
800.54,336
800.659,336
800.778,335
800.897,330
801.016,324
801.135,327
801.254,341
801.373,331
801.492,321
801.611,318
801.729,332
801.848,325
801.967,329
802.086,342
802.205,323
802.324,312
802.443,335
802.562,333
802.681,327
802.8,337
802.919,330
803.038,323
803.157,327
803.276,319
803.394,332
803.513,336
803.632,343
803.751,327
803.87,339
803.989,327
804.108,334
804.227,323
804.346,334
804.465,328
804.583,333
804.702,342
804.821,332
804.94,324
805.059,339
805.178,329
805.297,348
805.416,330
805.535,341
805.653,326
805.772,331
805.891,326
806.01,322
806.129,323
806.248,334
806.367,333
806.485,319
806.604,327
806.723,326
806.842,327
806.961,345
807.08,337
807.198,331
807.317,338
807.436,341
807.555,334
807.674,320
807.793,347
807.912,337
808.03,330
808.149,332
808.268,328
808.387,351
808.506,312
808.624,331
808.743,328
808.862,326
808.981,338
809.1,338
809.219,347
809.337,330
809.456,318
809.575,336
809.694,320
809.812,341
809.931,334
810.05,325
810.169,328
810.288,333
810.406,330
810.525,352
810.644,324
810.763,326
810.882,326
811.0,343
811.119,334
811.238,325
811.357,318
811.475,327
811.594,333
811.713,324
811.832,334
811.95,339
812.069,341
812.188,334
812.307,327
812.425,325
812.544,320
812.663,333
812.782,316
812.9,324
813.019,340
813.138,346
813.257,322
813.375,325
813.494,324
813.613,326
813.731,332
813.85,335
813.969,328
814.088,347
814.206,331
814.325,326
814.444,317
814.562,323
814.681,341
814.8,319
814.918,330
815.037,332
815.156,331
815.274,322
815.393,331
815.512,319
815.631,332
815.749,317
815.868,332
815.987,333
816.105,323
816.224,348
816.343,334
816.461,346
816.58,327
816.698,323
816.817,323
816.936,338
817.055,326
817.173,341
817.292,330
817.41,353
817.529,335
817.648,340
817.766,329
817.885,326
818.004,328
818.122,337
818.241,317
818.359,326
818.478,329
818.597,318
818.715,323
818.834,324
818.953,333
819.071,338
819.19,312
819.308,327
819.427,318
819.546,325
819.664,329
819.783,328
819.901,316
820.02,330
820.138,320
820.257,327
820.376,318
820.494,317
820.613,315
820.731,318
820.85,313
820.969,313
821.087,324
821.206,329
821.324,308
821.443,324
821.561,314
821.68,323
821.798,327
821.917,317
822.035,328
822.154,326
822.273,319
822.391,341
822.51,312
822.628,334
822.747,307
822.865,326
822.984,321
823.102,327
823.221,325
823.339,323
823.458,315
823.576,317
823.695,321
823.813,339
823.932,317
824.05,317
824.169,318
824.287,331
824.406,321
824.524,320
824.643,322
824.761,329
824.88,319
824.998,324
825.117,319
825.235,339
825.354,317
825.472,335
825.591,318
825.709,319
825.828,314
825.946,318
826.064,322
826.183,324
826.301,330
826.42,330
826.538,313
826.657,315
826.775,334
826.894,317
827.012,321
827.13,339
827.249,327
827.367,317
827.486,313
827.604,320
827.723,324
827.841,322
827.959,310
828.078,319
828.196,309
828.315,327
828.433,330
828.552,312
828.67,318
828.788,325
828.907,314
829.025,315
829.143,328
829.262,328
829.38,310
829.499,324
829.617,323
829.735,321
829.854,310
829.972,320
830.091,322
830.209,309
830.327,309
830.446,321
830.564,324
830.682,324
830.801,305
830.919,309
831.037,335
831.156,332
831.274,317
831.392,318
831.511,333
831.629,318
831.747,318
831.866,314
831.984,305
832.102,333
832.221,317
832.339,317
832.457,303
832.576,330
832.694,316
832.812,309
832.93,316
833.049,332
833.167,305
833.285,331
833.404,307
833.522,314
833.64,329
833.759,323
833.877,323
833.995,335
834.113,327
834.232,331
834.35,305
834.468,323
834.586,314
834.705,325
834.823,313
834.941,319
835.059,317
835.178,318
835.296,312
835.414,322
835.532,321
835.651,329
835.769,310
835.887,319
836.005,315
836.124,319
836.242,322
836.36,327
836.478,322
836.596,324
836.715,309
836.833,324
836.951,306
837.069,330
837.188,314
837.306,314
837.424,318
837.542,311
837.66,321
837.779,328
837.897,313
838.015,330
838.133,318
838.251,320
838.369,327
838.487,313
838.606,315
838.724,327
838.842,316
838.96,322
839.078,311
839.196,330
839.315,321
839.433,328
839.551,323
839.669,317
839.787,327
839.905,312
840.023,323
840.142,324
840.26,308
840.378,340
840.496,315
840.614,317
840.732,321
840.85,317
840.968,323
841.087,332
841.205,317
841.323,315
841.441,310
841.559,325
841.677,305
841.795,330
841.913,327
842.031,327
842.149,319
842.267,315
842.385,324
842.504,327
842.622,323
842.74,317
842.858,312
842.976,326
843.094,316
843.212,318
843.33,316
843.448,320
843.566,323
843.684,317
843.802,329
843.92,316
844.038,316
844.156,299
844.274,309
844.392,322
844.51,317
844.628,330
844.746,307
844.864,332
844.982,319
845.1,325
845.218,319
845.336,329
845.454,315
845.572,329
845.69,306
845.808,319
845.926,333
846.044,321
846.162,311
846.28,316
846.398,300
846.516,313
846.634,318
846.752,325
846.87,321
846.988,313
847.106,321
847.224,305
847.342,321
847.46,325
847.578,319
847.696,314
847.814,324
847.932,312
848.05,320
848.168,318
848.285,337
848.403,322
848.521,303
848.639,323
848.757,319
848.875,318
848.993,320
849.111,308
849.229,325
849.347,321
849.465,312
849.582,322
849.7,314
849.818,319
849.936,312
850.054,324
850.172,315
850.29,313
850.408,315
850.525,320
850.643,320
850.761,309
850.879,299
850.997,326
851.115,313
851.233,319
851.35,316
851.468,325
851.586,331
851.704,322
851.822,313
851.94,326
852.057,301
852.175,312
852.293,314
852.411,329
852.529,310
852.647,312
852.764,313
852.882,330
853.0,334
853.118,329
853.236,324
853.353,326
853.471,310
853.589,332
853.707,315
853.824,321
853.942,305
854.06,322
854.178,318
854.296,319
854.413,311
854.531,311
854.649,317
854.767,322
854.884,322
855.002,322
855.12,317
855.238,323
855.355,298
855.473,317
855.591,324
855.708,337
855.826,321
855.944,329
856.062,318
856.179,319
856.297,321
856.415,312
856.532,319
856.65,321
856.768,312
856.886,324
857.003,312
857.121,329
857.239,326
857.356,320
857.474,334
857.592,319
857.709,320
857.827,314
857.945,325
858.062,322
858.18,318
858.298,334
858.415,320
858.533,320
858.651,306
858.768,326
858.886,336
859.003,318
859.121,312
859.239,327
859.356,307
859.474,327
859.592,324
859.709,307
859.827,318
859.944,332
860.062,316
860.18,319
860.297,313
860.415,338
860.532,331
860.65,330
860.768,324
860.885,316
861.003,325
861.12,314
861.238,322
861.356,328
861.473,313
861.591,319
861.708,305
861.826,318
861.943,320
862.061,306
862.178,321
862.296,319
862.414,323
862.531,324
862.649,306
862.766,328
862.884,315
863.001,318
863.119,311
863.236,315
863.354,314
863.471,321
863.589,319
863.706,318
863.824,312
863.941,328
864.059,323
864.176,321
864.294,312
864.411,317
864.529,308
864.646,308
864.764,325
864.881,328
864.999,318
865.116,320
865.233,307
865.351,331
865.468,325
865.586,317
865.703,317
865.821,327
865.938,323
866.056,325
866.173,326
866.29,327
866.408,309
866.525,315
866.643,307
866.76,319
866.878,317
866.995,319
867.112,318
867.23,315
867.347,313
867.465,317
867.582,311
867.699,323
867.817,312
867.934,319
868.051,316
868.169,324
868.286,319
868.404,322
868.521,306
868.638,320
868.756,323
868.873,322
868.99,316
869.108,332
869.225,318
869.342,330
869.46,300
869.577,321
869.694,319
869.812,333
869.929,309
870.046,323
870.164,320
870.281,323
870.398,318
870.516,316
870.633,318
870.75,316
870.867,320
870.985,321
871.102,331
871.219,325
871.337,317
871.454,325
871.571,306
871.688,318
871.806,319
871.923,323
872.04,311
872.157,317
872.275,333
872.392,327
872.509,326
872.626,317
872.744,317
872.861,312
872.978,324
873.095,329
873.213,319
873.33,317
873.447,309
873.564,317
873.681,321
873.799,330
873.916,316
874.033,316
874.15,323
874.267,317
874.385,314
874.502,319
874.619,320
874.736,313
874.853,309
874.97,332
875.088,313
875.205,318
875.322,309
875.439,320
875.556,317
875.673,324
875.791,316
875.908,325
876.025,320
876.142,326
876.259,313
876.376,313
876.493,314
876.61,325
876.728,300
876.845,324
876.962,311
877.079,312
877.196,327
877.313,323
877.43,327
877.547,327
877.664,323
877.781,328
877.898,303
878.016,320
878.133,318
878.25,325
878.367,310
878.484,318
878.601,325
878.718,323
878.835,324
878.952,302
879.069,316
879.186,311
879.303,296
879.42,323
879.537,317
879.654,321
879.771,319
879.888,300
880.005,326
880.122,321
880.239,310
880.356,318
880.473,311
880.59,312
880.707,322
880.824,310
880.941,319
881.058,303
881.175,305
881.292,325
881.409,314
881.526,313
881.643,322
881.76,338
881.877,316
881.994,319
882.111,317
882.228,318
882.345,296
882.462,318
882.579,314
882.696,330
882.812,320
882.929,319
883.046,307
883.163,310
883.28,321
883.397,315
883.514,315
883.631,328
883.748,330
883.865,313
883.982,319
884.098,318
884.215,316
884.332,322
884.449,313
884.566,320
884.683,318
884.8,333
884.916,315
885.033,330
885.15,319
885.267,318
885.384,324
885.501,328
885.617,322
885.734,317
885.851,313
885.968,325
886.085,319
886.202,324
886.318,304
886.435,329
886.552,325
886.669,314
886.786,319
886.902,320
887.019,319
887.136,316
887.253,309
887.369,326
887.486,305
887.603,318
887.72,340
887.837,312
887.953,329
888.07,323
888.187,311
888.304,323
888.42,317
888.537,323
888.654,321
888.77,323
888.887,310
889.004,317
889.121,316
889.237,329
889.354,307
889.471,309
889.587,320
889.704,312
889.821,309
889.938,326
890.054,319
890.171,321
890.288,309
890.404,331
890.521,332
890.638,327
890.754,320
890.871,304
890.988,313
891.104,331
891.221,323
891.337,318
891.454,306
891.571,317
891.687,322
891.804,315
891.921,321
892.037,325
892.154,321
892.27,341
892.387,317
892.504,311
892.62,322
892.737,312
892.854,313
892.97,320
893.087,309
893.203,327
893.32,328
893.436,304
893.553,315
893.67,318
893.786,315
893.903,321
894.019,317
894.136,316
894.252,312
894.369,324
894.485,314
894.602,328
894.718,327
894.835,322
894.951,304
895.068,332
895.184,330
895.301,327
895.417,306
895.534,309
895.65,316
895.767,318
895.883,316
896.0,314
896.116,309
896.233,314
896.349,325
896.466,319
896.582,318
896.699,312
896.815,311
896.932,321
897.048,304
897.165,315
897.281,319
897.397,317
897.514,320
897.63,318
897.747,318
897.863,327
897.979,322
898.096,316
898.212,312
898.329,311
898.445,319
898.561,326
898.678,311
898.794,319
898.911,311
899.027,312
899.143,312
899.26,335
899.376,302
899.492,321
899.609,318
899.725,329
899.842,326
899.958,325
900.074,304
900.191,329
900.307,316
900.423,328
900.539,317
900.656,332
900.772,323
900.888,311
901.005,318
901.121,325
901.237,322
901.354,326
901.47,309
901.586,313
901.703,315
901.819,322
901.935,316
902.051,323
902.168,317
902.284,316
902.4,327
902.516,328
902.633,319
902.749,327
902.865,325
902.981,339
903.098,317
903.214,311
903.33,325
903.446,318
903.562,333
903.679,332
903.795,320
903.911,313
904.027,317
904.143,330
904.26,321
904.376,311
904.492,327
904.608,320
904.724,324
904.841,328
904.957,315
905.073,329
905.189,313
905.305,311
905.421,315
905.538,328
905.654,311
905.77,306
905.886,329
906.002,327
906.118,315
906.234,325
906.35,314
906.466,316
906.583,304
906.699,320
906.815,315
906.931,331
907.047,314
907.163,335
907.279,325
907.395,320
907.511,322
907.627,306
907.743,310
907.859,321
907.976,330
908.092,324
908.208,322
908.324,307
908.44,321
908.556,329
908.672,326
908.788,314
908.904,317
909.02,320
909.136,323
909.252,312
909.368,312
909.484,319
909.6,305
909.716,331
909.832,319
909.948,327
910.064,313
910.18,303
910.296,305
910.412,326
910.528,315
910.644,314
910.76,309
910.875,319
910.991,326
911.107,311
911.223,319
911.339,304
911.455,325
911.571,313
911.687,306
911.803,324
911.919,317
912.035,323
912.151,318
912.267,308
912.382,312
912.498,324
912.614,302
912.73,328
912.846,307
792.446,348
792.565,378
792.684,430
792.803,395
792.922,347
793.041,330
793.16,338
793.279,357
793.398,353
793.518,338
793.637,348
793.756,351
793.875,371
793.994,359
794.113,350
794.232,332
794.351,340
794.47,353
794.589,329
794.708,340
794.827,351
794.946,327
795.066,348
795.185,342
795.304,339
795.423,324
795.542,337
795.661,346
795.78,342
795.899,338
796.018,344
796.137,342
796.256,340
796.375,346
796.494,329
796.613,329
796.732,340
796.851,334
796.97,326
797.089,345
797.208,344
797.327,330
797.446,339
797.565,329
797.684,336
797.803,337
797.922,330
798.041,330
798.16,332
798.279,321
798.398,338
798.517,325
798.636,347
798.755,325
798.874,350
798.993,337
799.112,336
799.231,327
799.35,340
799.469,346
799.588,337
799.707,328
799.826,341
799.945,337
800.064,336
800.183,334
800.302,330
800.421,332
800.54,317
800.659,321
800.778,332
800.897,337
801.016,340
801.135,326
801.254,332
801.373,335
801.492,323
801.611,334
801.729,323
801.848,338
801.967,336
802.086,327
802.205,328
802.324,326
802.443,329
802.562,341
802.681,322
802.8,328
802.919,322
803.038,330
803.157,327
803.276,337
803.394,338
803.513,325
803.632,324
803.751,325
803.87,317
803.989,331
804.108,333
804.227,331
804.346,320
804.465,331
804.583,321
804.702,332
804.821,325
804.94,341
805.059,335
805.178,322
805.297,336
805.416,331
805.535,337
805.653,325
805.772,350
805.891,318
806.01,338
806.129,327
806.248,336
806.367,330
806.485,323
806.604,327
806.723,332
806.842,341
806.961,323
807.08,334
807.198,333
807.317,323
807.436,334
807.555,335
807.674,335
807.793,336
807.912,339
808.03,337
808.149,326
808.268,330
808.387,316
808.506,328
808.624,348
808.743,314
808.862,344
808.981,336
809.1,320
809.219,328
809.337,330
809.456,338
809.575,327
809.694,340
809.812,328
809.931,329
810.05,341
810.169,344
810.288,315
810.406,325
810.525,346
810.644,329
810.763,342
810.882,338
811.0,328
811.119,330
811.238,330
811.357,343
811.475,327
811.594,331
811.713,327
811.832,332
811.95,336
812.069,328
812.188,323
812.307,340
812.425,331
812.544,323
812.663,346
812.782,345
812.9,343
813.019,329
813.138,337
813.257,323
813.375,343
813.494,320
813.613,331
813.731,339
813.85,343
813.969,331
814.088,331
814.206,339
814.325,331
814.444,345
814.562,346
814.681,333
814.8,335
814.918,331
815.037,334
815.156,330
815.274,342
815.393,321
815.512,319
815.631,318
815.749,331
815.868,341
815.987,336
816.105,328
816.224,311
816.343,344
816.461,332
816.58,322
816.698,338
816.817,325
816.936,333
817.055,329
817.173,330
817.292,330
817.41,337
817.529,338
817.648,325
817.766,330
817.885,331
818.004,311
818.122,318
818.241,329
818.359,313
818.478,325
818.597,316
818.715,323
818.834,324
818.953,316
819.071,341
819.19,319
819.308,326
819.427,316
819.546,320
819.664,311
819.783,326
819.901,317
820.02,327
820.138,315
820.257,340
820.376,315
820.494,317
820.613,322
820.731,311
820.85,333
820.969,325
821.087,318
821.206,330
821.324,324
821.443,302
821.561,308
821.68,326
821.798,331
821.917,323
822.035,324
822.154,322
822.273,316
822.391,312
822.51,310
822.628,324
822.747,314
822.865,327
822.984,308
823.102,321
823.221,318
823.339,329
823.458,315
823.576,310
823.695,316
823.813,316
823.932,327
824.05,331
824.169,322
824.287,321
824.406,316
824.524,320
824.643,318
824.761,312
824.88,330
824.998,320
825.117,325
825.235,323
825.354,326
825.472,317
825.591,313
825.709,318
825.828,313
825.946,318
826.064,310
826.183,332
826.301,313
826.42,321
826.538,329
826.657,320
826.775,311
826.894,327
827.012,306
827.13,330
827.249,313
827.367,318
827.486,327
827.604,325
827.723,308
827.841,320
827.959,305
828.078,333
828.196,315
828.315,307
828.433,314
828.552,317
828.67,316
828.788,320
828.907,307
829.025,312
829.143,329
829.262,330
829.38,315
829.499,316
829.617,314
829.735,329
829.854,323
829.972,320
830.091,318
830.209,317
830.327,307
830.446,309
830.564,335
830.682,314
830.801,313
830.919,317
831.037,313
831.156,318
831.274,318
831.392,322
831.511,326
831.629,321
831.747,312
831.866,305
831.984,309
832.102,322
832.221,321
832.339,326
832.457,324
832.576,313
832.694,326
832.812,323
832.93,318
833.049,318
833.167,310
833.285,324
833.404,309
833.522,325
833.64,317
833.759,324
833.877,311
833.995,317
834.113,324
834.232,307
834.35,313
834.468,318
834.586,325
834.705,323
834.823,302
834.941,329
835.059,322
835.178,324
835.296,305
835.414,320
835.532,321
835.651,323
835.769,331
835.887,324
836.005,320
836.124,331
836.242,325
836.36,317
836.478,320
836.596,311
836.715,317
836.833,328
836.951,318
837.069,307
837.188,317
837.306,320
837.424,318
837.542,324
837.66,318
837.779,317
837.897,312
838.015,311
838.133,322
838.251,319
838.369,322
838.487,312
838.606,313
838.724,318
838.842,313
838.96,314
839.078,314
839.196,319
839.315,314
839.433,326
839.551,324
839.669,312
839.787,315
839.905,325
840.023,310
840.142,317
840.26,331
840.378,323
840.496,322
840.614,328
840.732,330
840.85,327
840.968,321
841.087,328
841.205,326
841.323,324
841.441,317
841.559,318
841.677,306
841.795,317
841.913,312
842.031,324
842.149,321
842.267,316
842.385,335
842.504,319
842.622,315
842.74,314
842.858,315
842.976,314
843.094,316
843.212,319
843.33,319
843.448,322
843.566,312
843.684,319
843.802,325
843.92,322
844.038,321
844.156,320
844.274,325
844.392,319
844.51,314
844.628,318
844.746,306
844.864,323
844.982,319
845.1,320
845.218,318
845.336,324
845.454,302
845.572,311
845.69,319
845.808,323
845.926,319
846.044,319
846.162,293
846.28,324
846.398,315
846.516,315
846.634,310
846.752,311
846.87,336
846.988,321
847.106,318
847.224,315
847.342,312
847.46,333
847.578,307
847.696,318
847.814,332
847.932,322
848.05,315
848.168,317
848.285,306
848.403,306
848.521,306
848.639,323
848.757,305
848.875,325
848.993,312
849.111,319
849.229,314
849.347,324
849.465,323
849.582,336
849.7,306
849.818,327
849.936,304
850.054,311
850.172,306
850.29,323
850.408,305
850.525,330
850.643,312
850.761,318
850.879,310
850.997,328
851.115,315
851.233,326
851.35,321
851.468,316
851.586,316
851.704,309
851.822,319
851.94,324
852.057,312
852.175,332
852.293,310
852.411,329
852.529,324
852.647,333
852.764,320
852.882,335
853.0,314
853.118,323
853.236,322
853.353,319
853.471,316
853.589,328
853.707,320
853.824,318
853.942,314
854.06,324
854.178,318
854.296,316
854.413,316
854.531,323
854.649,323
854.767,320
854.884,325
855.002,322
855.12,319
855.238,315
855.355,306
855.473,322
855.591,329
855.708,325
855.826,313
855.944,327
856.062,338
856.179,321
856.297,313
856.415,312
856.532,321
856.65,328
856.768,328
856.886,316
857.003,305
857.121,325
857.239,318
857.356,310
857.474,314
857.592,317
857.709,326
857.827,323
857.945,315
858.062,342
858.18,329
858.298,325
858.415,314
858.533,312
858.651,310
858.768,313
858.886,316
859.003,329
859.121,297
859.239,336
859.356,303
859.474,341
859.592,323
859.709,321
859.827,319
859.944,322
860.062,311
860.18,312
860.297,302
860.415,328
860.532,310
860.65,317
860.768,304
860.885,324
861.003,321
861.12,323
861.238,312
861.356,321
861.473,323
861.591,325
861.708,306
861.826,321
861.943,331
862.061,319
862.178,321
862.296,334
862.414,315
862.531,316
862.649,313
862.766,323
862.884,323
863.001,316
863.119,308
863.236,315
863.354,327
863.471,329
863.589,327
863.706,315
863.824,323
863.941,333
864.059,326
864.176,312
864.294,318
864.411,324
864.529,327
864.646,324
864.764,317
864.881,318
864.999,326
865.116,333
865.233,322
865.351,340
865.468,325
865.586,317
865.703,330
865.821,315
865.938,321
866.056,319
866.173,315
866.29,321
866.408,311
866.525,322
866.643,314
866.76,321
866.878,322
866.995,321
867.112,316
867.23,321
867.347,315
867.465,329
867.582,310
867.699,339
867.817,315
867.934,320
868.051,323
868.169,321
868.286,321
868.404,321
868.521,306
868.638,321
868.756,320
868.873,322
868.99,311
869.108,318
869.225,324
869.342,314
869.46,328
869.577,335
869.694,311
869.812,315
869.929,314
870.046,322
870.164,320
870.281,322
870.398,318
870.516,323
870.633,317
870.75,330
870.867,319
870.985,316
871.102,322
871.219,324
871.337,309
871.454,320
871.571,334
871.688,317
871.806,329
871.923,309
872.04,301
872.157,316
872.275,323
872.392,325
872.509,327
872.626,329
872.744,328
872.861,317
872.978,314
873.095,318
873.213,325
873.33,321
873.447,319
873.564,328
873.681,311
873.799,314
873.916,313
874.033,331
874.15,308
874.267,325
874.385,319
874.502,333
874.619,309
874.736,328
874.853,302
874.97,329
875.088,320
875.205,316
875.322,336
875.439,317
875.556,316
875.673,323
875.791,308
875.908,330
876.025,324
876.142,310
876.259,310
876.376,319
876.493,320
876.61,312
876.728,312
876.845,320
876.962,327
877.079,319
877.196,323
877.313,332
877.43,313
877.547,317
877.664,323
877.781,326
877.898,302
878.016,317
878.133,314
878.25,334
878.367,319
878.484,323
878.601,335
878.718,328
878.835,324
878.952,324
879.069,311
879.186,318
879.303,322
879.42,324
879.537,304
879.654,320
879.771,317
879.888,321
880.005,310
880.122,318
880.239,310
880.356,326
880.473,310
880.59,330
880.707,319
880.824,318
880.941,310
881.058,312
881.175,308
881.292,333
881.409,297
881.526,318
881.643,316
881.76,330
881.877,319
881.994,326
882.111,310
882.228,329
882.345,320
882.462,316
882.579,300
882.696,330
882.812,314
882.929,327
883.046,324
883.163,318
883.28,316
883.397,313
883.514,307
883.631,335
883.748,321
883.865,317
883.982,315
884.098,326
884.215,304
884.332,322
884.449,321
884.566,309
884.683,311
884.8,318
884.916,319
885.033,312
885.15,332
885.267,338
885.384,314
885.501,317
885.617,303
885.734,338
885.851,315
885.968,327
886.085,315
886.202,323
886.318,324
886.435,320
886.552,326
886.669,332
886.786,313
886.902,327
887.019,319
887.136,322
887.253,306
887.369,322
887.486,320
887.603,311
887.72,314
887.837,319
887.953,321
888.07,324
888.187,308
888.304,324
888.42,321
888.537,325
888.654,310
888.77,343
888.887,300
889.004,318
889.121,310
889.237,310
889.354,309
889.471,307
889.587,312
889.704,322
889.821,316
889.938,323
890.054,328
890.171,312
890.288,324
890.404,327
890.521,330
890.638,321
890.754,317
890.871,323
890.988,307
891.104,322
891.221,316
891.337,300
891.454,322
891.571,333
891.687,317
891.804,319
891.921,322
892.037,318
892.154,318
892.27,327
892.387,329
892.504,329
892.62,322
892.737,318
892.854,313
892.97,319
893.087,333
893.203,324
893.32,313
893.436,326
893.553,312
893.67,324
893.786,323
893.903,322
894.019,325
894.136,338
894.252,318
894.369,330
894.485,323
894.602,330
894.718,317
894.835,296
894.951,309
895.068,312
895.184,311
895.301,324
895.417,319
895.534,322
895.65,293
895.767,324
895.883,309
896.0,307
896.116,317
896.233,307
896.349,314
896.466,319
896.582,321
896.699,320
896.815,311
896.932,324
897.048,317
897.165,317
897.281,309
897.397,316
897.514,324
897.63,328
897.747,303
897.863,326
897.979,322
898.096,319
898.212,324
898.329,312
898.445,326
898.561,328
898.678,321
898.794,319
898.911,301
899.027,322
899.143,311
899.26,320
899.376,308
899.492,317
899.609,328
899.725,325
899.842,330
899.958,325
900.074,310
900.191,332
900.307,311
900.423,319
900.539,303
900.656,307
900.772,325
900.888,313
901.005,315
901.121,322
901.237,321
901.354,326
901.47,308
901.586,318
901.703,312
901.819,320
901.935,311
902.051,322
902.168,328
902.284,317
902.4,320
902.516,313
902.633,325
902.749,324
902.865,310
902.981,316
903.098,312
903.214,323
903.33,317
903.446,315
903.562,316
903.679,313
903.795,316
903.911,308
904.027,326
904.143,306
904.26,302
904.376,321
904.492,318
904.608,314
904.724,312
904.841,318
904.957,315
905.073,330
905.189,324
905.305,327
905.421,320
905.538,336
905.654,314
905.77,325
905.886,319
906.002,313
906.118,324
906.234,328
906.35,322
906.466,328
906.583,318
906.699,311
906.815,302
906.931,320
907.047,320
907.163,317
907.279,316
907.395,327
907.511,332
907.627,311
907.743,331
907.859,327
907.976,318
908.092,327
908.208,307
908.324,314
908.44,319
908.556,327
908.672,323
908.788,303
908.904,316
909.02,326
909.136,320
909.252,325
909.368,298
909.484,309
909.6,324
909.716,313
909.832,322
909.948,312
910.064,317
910.18,323
910.296,328
910.412,321
910.528,328
910.644,318
910.76,321
910.875,326
910.991,309
911.107,328
911.223,317
911.339,327
911.455,321
911.571,316
911.687,314
911.803,326
911.919,310
912.035,315
912.151,319
912.267,329
912.382,313
912.498,316
912.614,329
912.73,319
912.846,310
792.446,334
792.565,378
792.684,418
792.803,399
792.922,352
793.041,333
793.16,337
793.279,355
793.398,347
793.518,333
793.637,333
793.756,359
793.875,369
793.994,357
794.113,353
794.232,335
794.351,339
794.47,331
794.589,355
794.708,336
794.827,347
794.946,335
795.066,348
795.185,337
795.304,344
795.423,351
795.542,346
795.661,323
795.78,341
795.899,331
796.018,335
796.137,328
796.256,335
796.375,341
796.494,362
796.613,348
796.732,336
796.851,340
796.97,345
797.089,337
797.208,356
797.327,332
797.446,352
797.565,328
797.684,325
797.803,337
797.922,329
798.041,337
798.16,340
798.279,331
798.398,343
798.517,333
798.636,344
798.755,341
798.874,336
798.993,345
799.112,330
799.231,333
799.35,318
799.469,334
799.588,347
799.707,344
799.826,334
799.945,328
800.064,333
800.183,346
800.302,335
800.421,329
800.54,335
800.659,324
800.778,329
800.897,335
801.016,325
801.135,345
801.254,325
801.373,333
801.492,330
801.611,336
801.729,333
801.848,326
801.967,335
802.086,334
802.205,329
802.324,338
802.443,336
802.562,326
802.681,313
802.8,326
802.919,339
803.038,325
803.157,330
803.276,355
803.394,331
803.513,334
803.632,334
803.751,323
803.87,345
803.989,320
804.108,339
804.227,316
804.346,333
804.465,330
804.583,320
804.702,327
804.821,343
804.94,317
805.059,336
805.178,330
805.297,335
805.416,325
805.535,331
805.653,329
805.772,335
805.891,334
806.01,340
806.129,332
806.248,341
806.367,325
806.485,328
806.604,326
806.723,340
806.842,333
806.961,320
807.08,335
807.198,350
807.317,327
807.436,333
807.555,340
807.674,331
807.793,332
807.912,347
808.03,333
808.149,330
808.268,331
808.387,333
808.506,330
808.624,330
808.743,314
808.862,330
808.981,325
809.1,338
809.219,323
809.337,337
809.456,339
809.575,331
809.694,327
809.812,325
809.931,329
810.05,346
810.169,330
810.288,350
810.406,332
810.525,333
810.644,320
810.763,323
810.882,332
811.0,323
811.119,331
811.238,343
811.357,342
811.475,342
811.594,334
811.713,330
811.832,326
811.95,339
812.069,328
812.188,342
812.307,333
812.425,341
812.544,332
812.663,326
812.782,329
812.9,319
813.019,339
813.138,329
813.257,340
813.375,324
813.494,340
813.613,333
813.731,341
813.85,332
813.969,308
814.088,339
814.206,323
814.325,329
814.444,330
814.562,337
814.681,325
814.8,342
814.918,317
815.037,335
815.156,325
815.274,326
815.393,323
815.512,333
815.631,326
815.749,334
815.868,325
815.987,331
816.105,326
816.224,346
816.343,327
816.461,331
816.58,334
816.698,344
816.817,329
816.936,347
817.055,326
817.173,331
817.292,325
817.41,332
817.529,323
817.648,327
817.766,324
817.885,330
818.004,337
818.122,321
818.241,320
818.359,336
818.478,321
818.597,326
818.715,328
818.834,330
818.953,333
819.071,331
819.19,321
819.308,322
819.427,332
819.546,309
819.664,314
819.783,330
819.901,321
820.02,332
820.138,320
820.257,327
820.376,320
820.494,336
820.613,325
820.731,315
820.85,320
820.969,329
821.087,317
821.206,325
821.324,320
821.443,314
821.561,325
821.68,333
821.798,315
821.917,322
822.035,313
822.154,316
822.273,306
822.391,326
822.51,327
822.628,323
822.747,320
822.865,324
822.984,325
823.102,319
823.221,314
823.339,318
823.458,307
823.576,322
823.695,308
823.813,328
823.932,325
824.05,315
824.169,319
824.287,307
824.406,331
824.524,337
824.643,319
824.761,324
824.88,311
824.998,311
825.117,316
825.235,315
825.354,312
825.472,321
825.591,323
825.709,326
825.828,325
825.946,323
826.064,333
826.183,308
826.301,311
826.42,317
826.538,324
826.657,320
826.775,302
826.894,331
827.012,313
827.13,324
827.249,330
827.367,319
827.486,321
827.604,323
827.723,321
827.841,330
827.959,316
828.078,328
828.196,303
828.315,308
828.433,307
828.552,323
828.67,312
828.788,325
828.907,319
829.025,325
829.143,309
829.262,321
829.38,333
829.499,304
829.617,310
829.735,303
829.854,315
829.972,311
830.091,336
830.209,315
830.327,311
830.446,333
830.564,310
830.682,324
830.801,321
830.919,329
831.037,321
831.156,325
831.274,315
831.392,321
831.511,297
831.629,316
831.747,309
831.866,323
831.984,318
832.102,317
832.221,324
832.339,311
832.457,330
832.576,325
832.694,310
832.812,314
832.93,322
833.049,320
833.167,302
833.285,305
833.404,316
833.522,321
833.64,303
833.759,314
833.877,320
833.995,331
834.113,315
834.232,326
834.35,314
834.468,328
834.586,323
834.705,335
834.823,315
834.941,321
835.059,313
835.178,316
835.296,319
835.414,319
835.532,314
835.651,331
835.769,316
835.887,325
836.005,316
836.124,327
836.242,317
836.36,313
836.478,314
836.596,328
836.715,318
836.833,324
836.951,316
837.069,317
837.188,326
837.306,330
837.424,325
837.542,318
837.66,325
837.779,325
837.897,313
838.015,320
838.133,331
838.251,328
838.369,299
838.487,312
838.606,311
838.724,325
838.842,305
838.96,323
839.078,312
839.196,329
839.315,314
839.433,327
839.551,307
839.669,320
839.787,310
839.905,320
840.023,321
840.142,311
840.26,321
840.378,314
840.496,310
840.614,310
840.732,308
840.85,330
840.968,316
841.087,316
841.205,325
841.323,332
841.441,316
841.559,318
841.677,305
841.795,335
841.913,332
842.031,318
842.149,312
842.267,328
842.385,311
842.504,311
842.622,328
842.74,322
842.858,324
842.976,325
843.094,308
843.212,323
843.33,325
843.448,309
843.566,324
843.684,319
843.802,310
843.92,321
844.038,316
844.156,315
844.274,321
844.392,318
844.51,315
844.628,317
844.746,317
844.864,315
844.982,320
845.1,326
845.218,319
845.336,326
845.454,314
845.572,327
845.69,314
845.808,326
845.926,311
846.044,314
846.162,322
846.28,319
846.398,319
846.516,328
846.634,308
846.752,324
846.87,313
846.988,331
847.106,320
847.224,308
847.342,315
847.46,324
847.578,324
847.696,310
847.814,320
847.932,322
848.05,321
848.168,324
848.285,323
848.403,330
848.521,313
848.639,320
848.757,326
848.875,313
848.993,321
849.111,319
849.229,321
849.347,326
849.465,322
849.582,326
849.7,324
849.818,310
849.936,323
850.054,313
850.172,324
850.29,321
850.408,301
850.525,321
850.643,317
850.761,319
850.879,306
850.997,321
851.115,321
851.233,319
851.35,328
851.468,315
851.586,311
851.704,329
851.822,316
851.94,314
852.057,317
852.175,320
852.293,308
852.411,323
852.529,309
852.647,333
852.764,314
852.882,324
853.0,324
853.118,314
853.236,330
853.353,305
853.471,327
853.589,316
853.707,319
853.824,319
853.942,326
854.06,328
854.178,318
854.296,314
854.413,326
854.531,322
854.649,331
854.767,319
854.884,321
855.002,330
855.12,311
855.238,321
855.355,323
855.473,312
855.591,324
855.708,324
855.826,314
855.944,326
856.062,320
856.179,327
856.297,317
856.415,326
856.532,318
856.65,326
856.768,327
856.886,320
857.003,319
857.121,329
857.239,316
857.356,320
857.474,314
857.592,317
857.709,300
857.827,330
857.945,312
858.062,323
858.18,320
858.298,331
858.415,312
858.533,330
858.651,312
858.768,327
858.886,315
859.003,316
859.121,310
859.239,320
859.356,313
859.474,334
859.592,327
859.709,316
859.827,314
859.944,340
860.062,319
860.18,337
860.297,306
860.415,324
860.532,322
860.65,336
860.768,313
860.885,317
861.003,303
861.12,310
861.238,324
861.356,316
861.473,321
861.591,317
861.708,320
861.826,330
861.943,325
862.061,321
862.178,319
862.296,314
862.414,300
862.531,320
862.649,325
862.766,320
862.884,322
863.001,326
863.119,318
863.236,331
863.354,298
863.471,328
863.589,332
863.706,319
863.824,315
863.941,324
864.059,323
864.176,319
864.294,317
864.411,336
864.529,320
864.646,314
864.764,320
864.881,325
864.999,321
865.116,317
865.233,325
865.351,320
865.468,307
865.586,322
865.703,308
865.821,322
865.938,323
866.056,321
866.173,319
866.29,318
866.408,331
866.525,322
866.643,320
866.76,319
866.878,316
866.995,321
867.112,325
867.23,323
867.347,320
867.465,327
867.582,324
867.699,320
867.817,311
867.934,319
868.051,316
868.169,329
868.286,320
868.404,317
868.521,311
868.638,320
868.756,324
868.873,319
868.99,307
869.108,321
869.225,323
869.342,330
869.46,321
869.577,326
869.694,300
869.812,315
869.929,326
870.046,319
870.164,313
870.281,306
870.398,316
870.516,321
870.633,326
870.75,340
870.867,327
870.985,327
871.102,316
871.219,325
871.337,325
871.454,323
871.571,331
871.688,324
871.806,324
871.923,333
872.04,321
872.157,312
872.275,324
872.392,323
872.509,319
872.626,329
872.744,314
872.861,330
872.978,308
873.095,303
873.213,331
873.33,317
873.447,330
873.564,310
873.681,320
873.799,330
873.916,326
874.033,315
874.15,320
874.267,320
874.385,314
874.502,310
874.619,326
874.736,317
874.853,302
874.97,322
875.088,318
875.205,325
875.322,302
875.439,318
875.556,327
875.673,318
875.791,321
875.908,333
876.025,301
876.142,323
876.259,316
876.376,331
876.493,310
876.61,326
876.728,312
876.845,329
876.962,320
877.079,329
877.196,329
877.313,327
877.43,320
877.547,323
877.664,300
877.781,326
877.898,317
878.016,329
878.133,308
878.25,328
878.367,322
878.484,330
878.601,317
878.718,317
878.835,321
878.952,315
879.069,323
879.186,319
879.303,316
879.42,316
879.537,322
879.654,314
879.771,310
879.888,314
880.005,318
880.122,317
880.239,336
880.356,311
880.473,326
880.59,317
880.707,311
880.824,326
880.941,322
881.058,326
881.175,329
881.292,314
881.409,304
881.526,322
881.643,337
881.76,337
881.877,315
881.994,320
882.111,310
882.228,333
882.345,327
882.462,322
882.579,308
882.696,319
882.812,315
882.929,309
883.046,309
883.163,318
883.28,321
883.397,317
883.514,323
883.631,326
883.748,326
883.865,320
883.982,326
884.098,328
884.215,310
884.332,319
884.449,327
884.566,331
884.683,322
884.8,322
884.916,316
885.033,334
885.15,316
885.267,313
885.384,323
885.501,328
885.617,315
885.734,320
885.851,308
885.968,328
886.085,319
886.202,324
886.318,314
886.435,319
886.552,328
886.669,333
886.786,322
886.902,334
887.019,321
887.136,323
887.253,326
887.369,322
887.486,316
887.603,316
887.72,314
887.837,314
887.953,317
888.07,326
888.187,322
888.304,313
888.42,320
888.537,328
888.654,314
888.77,323
888.887,321
889.004,333
889.121,315
889.237,336
889.354,324
889.471,310
889.587,315
889.704,333
889.821,311
889.938,316
890.054,320
890.171,329
890.288,317
890.404,321
890.521,319
890.638,328
890.754,317
890.871,319
890.988,306
891.104,322
891.221,309
891.337,322
891.454,328
891.571,318
891.687,315
891.804,327
891.921,322
892.037,320
892.154,327
892.27,315
892.387,319
892.504,325
892.62,310
892.737,334
892.854,319
892.97,319
893.087,330
893.203,330
893.32,314
893.436,322
893.553,316
893.67,330
893.786,319
893.903,324
894.019,306
894.136,313
894.252,310
894.369,323
894.485,303
894.602,332
894.718,322
894.835,311
894.951,314
895.068,312
895.184,312
895.301,307
895.417,320
895.534,312
895.65,304
895.767,319
895.883,312
896.0,317
896.116,311
896.233,330
896.349,324
896.466,302
896.582,322
896.699,325
896.815,312
896.932,319
897.048,318
897.165,330
897.281,322
897.397,343
897.514,313
897.63,317
897.747,323
897.863,321
897.979,315
898.096,323
898.212,316
898.329,318
898.445,313
898.561,319
898.678,311
898.794,327
898.911,318
899.027,321
899.143,315
899.26,326
899.376,318
899.492,333
899.609,322
899.725,315
899.842,312
899.958,312
900.074,314
900.191,324
900.307,330
900.423,327
900.539,324
900.656,317
900.772,310
900.888,329
901.005,313
901.121,321
901.237,316
901.354,314
901.47,321
901.586,326
901.703,312
901.819,315
901.935,316
902.051,318
902.168,328
902.284,322
902.4,309
902.516,311
902.633,317
902.749,325
902.865,318
902.981,333
903.098,320
903.214,330
903.33,311
903.446,324
903.562,310
903.679,303
903.795,321
903.911,326
904.027,306
904.143,336
904.26,322
904.376,318
904.492,321
904.608,329
904.724,315
904.841,318
904.957,310
905.073,312
905.189,324
905.305,312
905.421,305
905.538,318
905.654,322
905.77,319
905.886,316
906.002,329
906.118,316
906.234,327
906.35,310
906.466,316
906.583,316
906.699,330
906.815,318
906.931,318
907.047,329
907.163,320
907.279,307
907.395,328
907.511,314
907.627,331
907.743,304
907.859,320
907.976,310
908.092,316
908.208,320
908.324,315
908.44,327
908.556,326
908.672,324
908.788,328
908.904,320
909.02,339
909.136,319
909.252,337
909.368,321
909.484,316
909.6,315
909.716,315
909.832,311
909.948,332
910.064,324
910.18,337
910.296,317
910.412,325
910.528,317
910.644,319
910.76,324
910.875,316
910.991,314
911.107,327
911.223,313
911.339,328
911.455,323
911.571,321
911.687,316
911.803,325
911.919,308
912.035,330
912.151,328
912.267,312
912.382,311
912.498,328
912.614,318
912.73,310
912.846,320
