792.446,588
792.565,595
792.684,659
792.803,646
792.922,589
793.041,592
793.16,557
793.279,582
793.398,603
793.518,558
793.637,569
793.756,580
793.875,587
793.994,578
794.113,590
794.232,589
794.351,572
794.47,583
794.589,556
794.708,559
794.827,579
794.946,584
795.066,572
795.185,576
795.304,569
795.423,602
795.542,548
795.661,551
795.78,578
795.899,572
796.018,579
796.137,585
796.256,564
796.375,557
796.494,579
796.613,566
796.732,558
796.851,556
796.97,560
797.089,577
797.208,574
797.327,574
797.446,541
797.565,560
797.684,584
797.803,563
797.922,552
798.041,567
798.16,538
798.279,593
798.398,539
798.517,564
798.636,555
798.755,556
798.874,571
798.993,592
799.112,546
799.231,543
799.35,580
799.469,557
799.588,558
799.707,574
799.826,552
799.945,571
800.064,567
800.183,564
800.302,571
800.421,566
800.54,554
800.659,583
800.778,559
800.897,572
801.016,565
801.135,549
801.254,551
801.373,569
801.492,570
801.611,586
801.729,560
801.848,562
801.967,554
802.086,579
802.205,558
802.324,562
802.443,581
802.562,573
802.681,562
802.8,570
802.919,564
803.038,556
803.157,560
803.276,574
803.394,558
803.513,574
803.632,568
803.751,569
803.87,571
803.989,598
804.108,560
804.227,571
804.346,586
804.465,580
804.583,577
804.702,569
804.821,556
804.94,587
805.059,594
805.178,581
805.297,578
805.416,590
805.535,580
805.653,591
805.772,578
805.891,593
806.01,568
806.129,597
806.248,592
806.367,587
806.485,607
806.604,622
806.723,609
806.842,574
806.961,578
807.08,578
807.198,598
807.317,583
807.436,588
807.555,589
807.674,619
807.793,598
807.912,589
808.03,592
808.149,606
808.268,596
808.387,581
808.506,607
808.624,596
808.743,607
808.862,589
808.981,582
809.1,606
809.219,615
809.337,604
809.456,615
809.575,597
809.694,604
809.812,603
809.931,616
810.05,613
810.169,605
810.288,598
810.406,596
810.525,617
810.644,600
810.763,592
810.882,615
811.0,617
811.119,584
811.238,619
811.357,592
811.475,608
811.594,600
811.713,580
811.832,604
811.95,595
812.069,601
812.188,613
812.307,612
812.425,599
812.544,597
812.663,615
812.782,609
812.9,612
813.019,620
813.138,594
813.257,598
813.375,607
813.494,585
813.613,601
813.731,627
813.85,575
813.969,613
814.088,606
814.206,614
814.325,573
814.444,610
814.562,590
814.681,589
814.8,610
814.918,598
815.037,598
815.156,585
815.274,593
815.393,588
815.512,587
815.631,606
815.749,567
815.868,569
815.987,611
816.105,589
816.224,606
816.343,574
816.461,595
816.58,582
816.698,580
816.817,607
816.936,585
817.055,617
817.173,575
817.292,597
817.41,575
817.529,575
817.648,564
817.766,559
817.885,556
818.004,560
818.122,533
818.241,528
818.359,541
818.478,533
818.597,532
818.715,523
818.834,517
818.953,526
819.071,511
819.19,514
819.308,488
819.427,502
819.546,502
819.664,498
819.783,513
819.901,483
820.02,487
820.138,491
820.257,494
820.376,489
820.494,484
820.613,493
820.731,473
820.85,488
820.969,495
821.087,490
821.206,481
821.324,491
821.443,483
821.561,499
821.68,491
821.798,476
821.917,471
822.035,467
822.154,486
822.273,501
822.391,489
822.51,496
822.628,477
822.747,466
822.865,496
822.984,473
823.102,472
823.221,475
823.339,479
823.458,476
823.576,465
823.695,466
823.813,472
823.932,468
824.05,457
824.169,495
824.287,487
824.406,465
824.524,479
824.643,462
824.761,473
824.88,489
824.998,478
825.117,489
825.235,458
825.354,483
825.472,478
825.591,475
825.709,478
825.828,465
825.946,448
826.064,469
826.183,449
826.301,464
826.42,470
826.538,457
826.657,462
826.775,458
826.894,469
827.012,484
827.13,465
827.249,485
827.367,447
827.486,461
827.604,464
827.723,449
827.841,459
827.959,483
828.078,460
828.196,455
828.315,453
828.433,447
828.552,442
828.67,456
828.788,476
828.907,452
829.025,453
829.143,450
829.262,438
829.38,446
829.499,431
829.617,465
829.735,449
829.854,435
829.972,484
830.091,441
830.209,449
830.327,460
830.446,458
830.564,447
830.682,461
830.801,451
830.919,462
831.037,448
831.156,463
831.274,470
831.392,454
831.511,447
831.629,455
831.747,453
831.866,451
831.984,436
832.102,446
832.221,453
832.339,458
832.457,466
832.576,449
832.694,436
832.812,433
832.93,452
833.049,460
833.167,470
833.285,456
833.404,460
833.522,434
833.64,449
833.759,469
833.877,443
833.995,445
834.113,461
834.232,468
834.35,463
834.468,434
834.586,481
834.705,451
834.823,463
834.941,445
835.059,450
835.178,454
835.296,437
835.414,469
835.532,464
835.651,467
835.769,471
835.887,453
836.005,464
836.124,478
836.242,457
836.36,464
836.478,470
836.596,477
836.715,476
836.833,475
836.951,453
837.069,458
837.188,475
837.306,469
837.424,456
837.542,449
837.66,478
837.779,457
837.897,480
838.015,472
838.133,484
838.251,462
838.369,462
838.487,488
838.606,472
838.724,465
838.842,456
838.96,473
839.078,455
839.196,480
839.315,476
839.433,474
839.551,454
839.669,475
839.787,459
839.905,469
840.023,464
840.142,484
840.26,475
840.378,441
840.496,460
840.614,453
840.732,471
840.85,475
840.968,459
841.087,459
841.205,489
841.323,458
841.441,464
841.559,456
841.677,464
841.795,468
841.913,453
842.031,460
842.149,460
842.267,447
842.385,461
842.504,451
842.622,449
842.74,436
842.858,454
842.976,431
843.094,463
843.212,441
843.33,449
843.448,433
843.566,466
843.684,437
843.802,453
843.92,440
844.038,425
844.156,453
844.274,444
844.392,442
844.51,450
844.628,446
844.746,450
844.864,439
844.982,464
845.1,439
845.218,443
845.336,451
845.454,459
845.572,434
845.69,463
845.808,448
845.926,432
846.044,446
846.162,467
846.28,445
846.398,465
846.516,434
846.634,450
846.752,427
846.87,459
846.988,436
847.106,447
847.224,445
847.342,444
847.46,450
847.578,454
847.696,447
847.814,437
847.932,443
848.05,428
848.168,448
848.285,455
848.403,436
848.521,437
848.639,447
848.757,470
848.875,446
848.993,450
849.111,431
849.229,448
849.347,448
849.465,442
849.582,436
849.7,448
849.818,447
849.936,445
850.054,428
850.172,445
850.29,448
850.408,444
850.525,446
850.643,444
850.761,441
850.879,429
850.997,450
851.115,444
851.233,427
851.35,460
851.468,451
851.586,438
851.704,456
851.822,448
851.94,443
852.057,448
852.175,447
852.293,454
852.411,455
852.529,436
852.647,450
852.764,442
852.882,452
853.0,441
853.118,437
853.236,469
853.353,459
853.471,445
853.589,450
853.707,466
853.824,430
853.942,445
854.06,425
854.178,434
854.296,451
854.413,444
854.531,456
854.649,465
854.767,461
854.884,449
855.002,450
855.12,454
855.238,429
855.355,460
855.473,451
855.591,458
855.708,449
855.826,446
855.944,484
856.062,466
856.179,467
856.297,471
856.415,461
856.532,457
856.65,460
856.768,430
856.886,454
857.003,459
857.121,436
857.239,461
857.356,453
857.474,452
857.592,486
857.709,459
857.827,457
857.945,465
858.062,454
858.18,463
858.298,448
858.415,447
858.533,452
858.651,441
858.768,460
858.886,449
859.003,449
859.121,434
859.239,451
859.356,450
859.474,448
859.592,455
859.709,439
859.827,453
859.944,444
860.062,440
860.18,452
860.297,462
860.415,456
860.532,464
860.65,448
860.768,462
860.885,439
861.003,447
861.12,459
861.238,441
861.356,445
861.473,457
861.591,446
861.708,454
861.826,449
861.943,441
862.061,446
862.178,458
862.296,443
862.414,446
862.531,447
862.649,458
862.766,440
862.884,441
863.001,446
863.119,454
863.236,459
863.354,431
863.471,439
863.589,471
863.706,447
863.824,444
863.941,466
864.059,457
864.176,456
864.294,452
864.411,426
864.529,443
864.646,473
864.764,456
864.881,454
864.999,459
865.116,450
865.233,444
865.351,447
865.468,435
865.586,442
865.703,459
865.821,457
865.938,462
866.056,448
866.173,472
866.29,463
866.408,459
866.525,438
866.643,468
866.76,460
866.878,467
866.995,457
867.112,447
867.23,451
867.347,456
867.465,456
867.582,465
867.699,437
867.817,461
867.934,471
868.051,460
868.169,449
868.286,458
868.404,446
868.521,454
868.638,441
868.756,468
868.873,446
868.99,465
869.108,454
869.225,445
869.342,449
869.46,459
869.577,464
869.694,455
869.812,450
869.929,464
870.046,457
870.164,466
870.281,446
870.398,471
870.516,470
870.633,477
870.75,467
870.867,479
870.985,464
871.102,463
871.219,435
871.337,452
871.454,442
871.571,475
871.688,458
871.806,460
871.923,446
872.04,463
872.157,456
872.275,451
872.392,460
872.509,463
872.626,457
872.744,458
872.861,437
872.978,457
873.095,443
873.213,459
873.33,442
873.447,469
873.564,451
873.681,446
873.799,451
873.916,460
874.033,452
874.15,445
874.267,437
874.385,428
874.502,461
874.619,445
874.736,472
874.853,446
874.97,467
875.088,447
875.205,447
875.322,456
875.439,452
875.556,463
875.673,460
875.791,464
875.908,461
876.025,466
876.142,438
876.259,459
876.376,456
876.493,455
876.61,450
876.728,446
876.845,456
876.962,445
877.079,442
877.196,468
877.313,453
877.43,467
877.547,454
877.664,459
877.781,444
877.898,462
878.016,436
878.133,459
878.25,459
878.367,435
878.484,439
878.601,465
878.718,451
878.835,459
878.952,443
879.069,465
879.186,448
879.303,443
879.42,456
879.537,449
879.654,442
879.771,477
879.888,478
880.005,467
880.122,458
880.239,453
880.356,438
880.473,472
880.59,449
880.707,465
880.824,461
880.941,445
881.058,450
881.175,464
881.292,433
881.409,454
881.526,430
881.643,452
881.76,461
881.877,466
881.994,460
882.111,452
882.228,458
882.345,475
882.462,445
882.579,455
882.696,445
882.812,469
882.929,437
883.046,449
883.163,449
883.28,455
883.397,453
883.514,449
883.631,429
883.748,473
883.865,449
883.982,441
884.098,468
884.215,465
884.332,459
884.449,458
884.566,453
884.683,461
884.8,440
884.916,473
885.033,457
885.15,467
885.267,468
885.384,454
885.501,452
885.617,467
885.734,468
885.851,444
885.968,462
886.085,462
886.202,455
886.318,452
886.435,450
886.552,472
886.669,450
886.786,442
886.902,454
887.019,454
887.136,454
887.253,463
887.369,464
887.486,469
887.603,447
887.72,467
887.837,469
887.953,453
888.07,468
888.187,438
888.304,442
888.42,443
888.537,447
888.654,474
888.77,455
888.887,455
889.004,470
889.121,454
889.237,470
889.354,462
889.471,456
889.587,465
889.704,461
889.821,454
889.938,458
890.054,464
890.171,443
890.288,466
890.404,451
890.521,462
890.638,442
890.754,461
890.871,470
890.988,469
891.104,469
891.221,461
891.337,464
891.454,472
891.571,453
891.687,460
891.804,480
891.921,452
892.037,453
892.154,457
892.27,474
892.387,448
892.504,462
892.62,441
892.737,452
892.854,449
892.97,461
893.087,455
893.203,461
893.32,455
893.436,468
893.553,450
893.67,453
893.786,469
893.903,454
894.019,475
894.136,462
894.252,463
894.369,471
894.485,465
894.602,446
894.718,467
894.835,456
894.951,466
895.068,452
895.184,456
895.301,431
895.417,450
895.534,457
895.65,457
895.767,454
895.883,457
896.0,462
896.116,470
896.233,475
896.349,458
896.466,460
896.582,474
896.699,481
896.815,466
896.932,474
897.048,472
897.165,463
897.281,470
897.397,459
897.514,492
897.63,472
897.747,476
897.863,467
897.979,465
898.096,458
898.212,470
898.329,477
898.445,3653
898.561,1117
898.678,453
898.794,443
898.911,468
899.027,460
899.143,456
899.26,460
899.376,465
899.492,457
899.609,480
899.725,465
899.842,460
899.958,459
900.074,471
900.191,445
900.307,468
900.423,453
900.539,479
900.656,461
900.772,451
900.888,460
901.005,476
901.121,462
901.237,470
901.354,456
901.47,487
901.586,490
901.703,449
901.819,445
901.935,447
902.051,478
902.168,467
902.284,468
902.4,466
902.516,468
902.633,466
902.749,459
902.865,485
902.981,446
903.098,470
903.214,463
903.33,470
903.446,473
903.562,480
903.679,481
903.795,494
903.911,453
904.027,471
904.143,468
904.26,475
904.376,468
904.492,455
904.608,470
904.724,475
904.841,493
904.957,466
905.073,474
905.189,457
905.305,463
905.421,479
905.538,470
905.654,462
905.77,470
905.886,450
906.002,459
906.118,457
906.234,486
906.35,472
906.466,471
906.583,478
906.699,489
906.815,479
906.931,456
907.047,444
907.163,469
907.279,472
907.395,488
907.511,453
907.627,462
907.743,475
907.859,451
907.976,479
908.092,475
908.208,463
908.324,456
908.44,461
908.556,453
908.672,464
908.788,465
908.904,464
909.02,451
909.136,468
909.252,468
909.368,464
909.484,458
909.6,484
909.716,466
909.832,459
909.948,480
910.064,472
910.18,480
910.296,490
910.412,462
910.528,467
910.644,461
910.76,468
910.875,476
910.991,455
911.107,481
911.223,476
911.339,468
911.455,472
911.571,480
911.687,465
911.803,469
911.919,461
912.035,451
912.151,467
912.267,465
912.382,466
912.498,461
912.614,458
912.73,476
912.846,473
792.446,599
792.565,627
792.684,646
792.803,657
792.922,586
793.041,578
793.16,570
793.279,585
793.398,602
793.518,559
793.637,578
793.756,583
793.875,618
793.994,578
794.113,590
794.232,582
794.351,584
794.47,584
794.589,581
794.708,570
794.827,564
794.946,587
795.066,586
795.185,604
795.304,590
795.423,555
795.542,576
795.661,569
795.78,563
795.899,594
796.018,579
796.137,572
796.256,565
796.375,566
796.494,566
796.613,573
796.732,570
796.851,572
796.97,561
797.089,544
797.208,588
797.327,580
797.446,535
797.565,578
797.684,578
797.803,577
797.922,561
798.041,556
798.16,563
798.279,573
798.398,556
798.517,560
798.636,549
798.755,573
798.874,560
798.993,558
799.112,551
799.231,560
799.35,586
799.469,557
799.588,558
799.707,543
799.826,550
799.945,582
800.064,580
800.183,558
800.302,551
800.421,570
800.54,566
800.659,565
800.778,561
800.897,565
801.016,564
801.135,580
801.254,576
801.373,551
801.492,565
801.611,576
801.729,584
801.848,586
801.967,572
802.086,571
802.205,586
802.324,579
802.443,584
802.562,584
802.681,559
802.8,570
802.919,586
803.038,574
803.157,595
803.276,572
803.394,587
803.513,564
803.632,564
803.751,566
803.87,587
803.989,587
804.108,586
804.227,587
804.346,591
804.465,567
804.583,568
804.702,595
804.821,596
804.94,569
805.059,594
805.178,581
805.297,587
805.416,607
805.535,604
805.653,581
805.772,626
805.891,586
806.01,605
806.129,586
806.248,604
806.367,604
806.485,598
806.604,571
806.723,605
806.842,579
806.961,626
807.08,610
807.198,593
807.317,591
807.436,592
807.555,576
807.674,599
807.793,581
807.912,584
808.03,602
808.149,617
808.268,595
808.387,618
808.506,583
808.624,602
808.743,612
808.862,614
808.981,596
809.1,609
809.219,572
809.337,605
809.456,608
809.575,605
809.694,597
809.812,605
809.931,585
810.05,614
810.169,599
810.288,605
810.406,582
810.525,592
810.644,608
810.763,609
810.882,630
811.0,648
811.119,620
811.238,605
811.357,582
811.475,620
811.594,596
811.713,617
811.832,634
811.95,601
812.069,608
812.188,626
812.307,592
812.425,608
812.544,631
812.663,610
812.782,592
812.9,618
813.019,605
813.138,584
813.257,624
813.375,630
813.494,610
813.613,608
813.731,591
813.85,626
813.969,612
814.088,633
814.206,607
814.325,600
814.444,590
814.562,605
814.681,602
814.8,607
814.918,608
815.037,577
815.156,598
815.274,607
815.393,604
815.512,601
815.631,601
815.749,586
815.868,584
815.987,590
816.105,601
816.224,592
816.343,581
816.461,582
816.58,594
816.698,587
816.817,610
816.936,625
817.055,615
817.173,593
817.292,580
817.41,602
817.529,587
817.648,559
817.766,569
817.885,563
818.004,545
818.122,545
818.241,523
818.359,520
818.478,520
818.597,540
818.715,537
818.834,515
818.953,510
819.071,521
819.19,507
819.308,519
819.427,500
819.546,499
819.664,467
819.783,490
819.901,499
820.02,477
820.138,482
820.257,494
820.376,484
820.494,491
820.613,472
820.731,479
820.85,497
820.969,495
821.087,503
821.206,482
821.324,491
821.443,498
821.561,471
821.68,482
821.798,477
821.917,498
822.035,478
822.154,486
822.273,482
822.391,494
822.51,492
822.628,471
822.747,490
822.865,482
822.984,492
823.102,464
823.221,494
823.339,485
823.458,466
823.576,493
823.695,469
823.813,473
823.932,487
824.05,503
824.169,491
824.287,487
824.406,467
824.524,480
824.643,488
824.761,475
824.88,493
824.998,487
825.117,485
825.235,472
825.354,471
825.472,492
825.591,485
825.709,504
825.828,452
825.946,461
826.064,487
826.183,457
826.301,462
826.42,457
826.538,475
826.657,478
826.775,457
826.894,464
827.012,464
827.13,478
827.249,460
827.367,455
827.486,454
827.604,480
827.723,460
827.841,477
827.959,439
828.078,445
828.196,467
828.315,475
828.433,463
828.552,471
828.67,455
828.788,440
828.907,474
829.025,471
829.143,467
829.262,468
829.38,452
829.499,449
829.617,454
829.735,468
829.854,450
829.972,471
830.091,472
830.209,456
830.327,455
830.446,469
830.564,448
830.682,450
830.801,442
830.919,460
831.037,457
831.156,462
831.274,469
831.392,463
831.511,460
831.629,472
831.747,455
831.866,464
831.984,453
832.102,435
832.221,471
832.339,463
832.457,443
832.576,465
832.694,469
832.812,450
832.93,453
833.049,468
833.167,468
833.285,474
833.404,463
833.522,457
833.64,447
833.759,448
833.877,452
833.995,466
834.113,466
834.232,439
834.35,458
834.468,454
834.586,443
834.705,454
834.823,442
834.941,435
835.059,445
835.178,483
835.296,443
835.414,472
835.532,479
835.651,474
835.769,447
835.887,462
836.005,476
836.124,474
836.242,466
836.36,471
836.478,473
836.596,450
836.715,469
836.833,476
836.951,470
837.069,469
837.188,481
837.306,486
837.424,475
837.542,471
837.66,483
837.779,473
837.897,468
838.015,477
838.133,470
838.251,466
838.369,468
838.487,468
838.606,465
838.724,480
838.842,451
838.96,473
839.078,459
839.196,455
839.315,473
839.433,466
839.551,470
839.669,474
839.787,457
839.905,459
840.023,460
840.142,473
840.26,480
840.378,456
840.496,488
840.614,454
840.732,456
840.85,477
840.968,458
841.087,493
841.205,490
841.323,450
841.441,451
841.559,471
841.677,458
841.795,461
841.913,444
842.031,459
842.149,454
842.267,454
842.385,462
842.504,464
842.622,444
842.74,466
842.858,436
842.976,445
843.094,434
843.212,463
843.33,436
843.448,440
843.566,453
843.684,455
843.802,449
843.92,443
844.038,448
844.156,448
844.274,448
844.392,452
844.51,458
844.628,451
844.746,448
844.864,453
844.982,448
845.1,457
845.218,464
845.336,453
845.454,447
845.572,458
845.69,467
845.808,443
845.926,449
846.044,460
846.162,449
846.28,447
846.398,451
846.516,424
846.634,449
846.752,456
846.87,441
846.988,451
847.106,437
847.224,441
847.342,456
847.46,464
847.578,434
847.696,461
847.814,447
847.932,464
848.05,436
848.168,449
848.285,440
848.403,472
848.521,438
848.639,458
848.757,454
848.875,462
848.993,439
849.111,459
849.229,425
849.347,466
849.465,444
849.582,461
849.7,449
849.818,443
849.936,425
850.054,448
850.172,441
850.29,469
850.408,447
850.525,453
850.643,465
850.761,439
850.879,435
850.997,444
851.115,435
851.233,448
851.35,425
851.468,453
851.586,445
851.704,454
851.822,430
851.94,461
852.057,431
852.175,447
852.293,446
852.411,457
852.529,453
852.647,460
852.764,447
852.882,441
853.0,436
853.118,454
853.236,441
853.353,462
853.471,458
853.589,460
853.707,449
853.824,455
853.942,439
854.06,463
854.178,452
854.296,439
854.413,451
854.531,457
854.649,455
854.767,457
854.884,460
855.002,464
855.12,448
855.238,463
855.355,454
855.473,435
855.591,463
855.708,459
855.826,453
855.944,451
856.062,452
856.179,442
856.297,455
856.415,466
856.532,466
856.65,456
856.768,470
856.886,474
857.003,451
857.121,455
857.239,465
857.356,449
857.474,473
857.592,449
857.709,453
857.827,443
857.945,457
858.062,450
858.18,464
858.298,449
858.415,438
858.533,461
858.651,447
858.768,468
858.886,454
859.003,459
859.121,443
859.239,453
859.356,461
859.474,458
859.592,460
859.709,454
859.827,447
859.944,456
860.062,446
860.18,447
860.297,436
860.415,463
860.532,444
860.65,468
860.768,455
860.885,436
861.003,458
861.12,470
861.238,456
861.356,464
861.473,451
861.591,472
861.708,463
861.826,455
861.943,445
862.061,452
862.178,453
862.296,441
862.414,449
862.531,450
862.649,425
862.766,448
862.884,453
863.001,451
863.119,439
863.236,449
863.354,451
863.471,455
863.589,447
863.706,459
863.824,456
863.941,462
864.059,455
864.176,481
864.294,436
864.411,457
864.529,453
864.646,460
864.764,451
864.881,457
864.999,462
865.116,467
865.233,451
865.351,466
865.468,441
865.586,453
865.703,437
865.821,434
865.938,448
866.056,467
866.173,444
866.29,482
866.408,453
866.525,469
866.643,459
866.76,456
866.878,469
866.995,466
867.112,463
867.23,472
867.347,435
867.465,446
867.582,456
867.699,431
867.817,469
867.934,470
868.051,440
868.169,459
868.286,451
868.404,454
868.521,460
868.638,460
868.756,472
868.873,470
868.99,467
869.108,465
869.225,456
869.342,455
869.46,446
869.577,457
869.694,456
869.812,452
869.929,446
870.046,462
870.164,488
870.281,467
870.398,490
870.516,458
870.633,445
870.75,447
870.867,463
870.985,451
871.102,433
871.219,451
871.337,456
871.454,463
871.571,460
871.688,458
871.806,459
871.923,451
872.04,468
872.157,457
872.275,442
872.392,461
872.509,454
872.626,457
872.744,452
872.861,461
872.978,442
873.095,458
873.213,459
873.33,467
873.447,463
873.564,459
873.681,456
873.799,466
873.916,449
874.033,456
874.15,441
874.267,458
874.385,439
874.502,460
874.619,425
874.736,449
874.853,455
874.97,455
875.088,459
875.205,472
875.322,454
875.439,450
875.556,453
875.673,455
875.791,456
875.908,450
876.025,430
876.142,467
876.259,452
876.376,468
876.493,460
876.61,460
876.728,441
876.845,471
876.962,451
877.079,466
877.196,452
877.313,464
877.43,459
877.547,459
877.664,444
877.781,439
877.898,491
878.016,469
878.133,461
878.25,457
878.367,442
878.484,462
878.601,453
878.718,470
878.835,441
878.952,467
879.069,451
879.186,470
879.303,448
879.42,466
879.537,447
879.654,438
879.771,463
879.888,449
880.005,463
880.122,457
880.239,455
880.356,473
880.473,477
880.59,459
880.707,456
880.824,446
880.941,452
881.058,454
881.175,454
881.292,458
881.409,473
881.526,464
881.643,488
881.76,468
881.877,446
881.994,466
882.111,445
882.228,465
882.345,462
882.462,473
882.579,455
882.696,460
882.812,463
882.929,476
883.046,465
883.163,457
883.28,454
883.397,454
883.514,463
883.631,463
883.748,446
883.865,471
883.982,462
884.098,468
884.215,463
884.332,443
884.449,451
884.566,467
884.683,475
884.8,473
884.916,452
885.033,452
885.15,462
885.267,472
885.384,452
885.501,465
885.617,456
885.734,469
885.851,468
885.968,466
886.085,448
886.202,451
886.318,449
886.435,451
886.552,452
886.669,475
886.786,461
886.902,457
887.019,469
887.136,467
887.253,486
887.369,467
887.486,470
887.603,468
887.72,463
887.837,469
887.953,455
888.07,470
888.187,488
888.304,458
888.42,478
888.537,467
888.654,461
888.77,466
888.887,452
889.004,477
889.121,455
889.237,471
889.354,462
889.471,461
889.587,466
889.704,465
889.821,457
889.938,469
890.054,469
890.171,467
890.288,471
890.404,472
890.521,451
890.638,467
890.754,454
890.871,465
890.988,464
891.104,472
891.221,457
891.337,448
891.454,454
891.571,479
891.687,459
891.804,459
891.921,456
892.037,477
892.154,469
892.27,479
892.387,484
892.504,466
892.62,456
892.737,463
892.854,458
892.97,477
893.087,466
893.203,480
893.32,471
893.436,484
893.553,459
893.67,460
893.786,477
893.903,468
894.019,459
894.136,476
894.252,462
894.369,469
894.485,476
894.602,475
894.718,449
894.835,443
894.951,468
895.068,478
895.184,470
895.301,471
895.417,469
895.534,460
895.65,470
895.767,479
895.883,462
896.0,459
896.116,470
896.233,450
896.349,464
896.466,451
896.582,449
896.699,463
896.815,483
896.932,447
897.048,459
897.165,463
897.281,459
897.397,463
897.514,462
897.63,462
897.747,445
897.863,466
897.979,478
898.096,485
898.212,469
898.329,470
898.445,471
898.561,462
898.678,461
898.794,466
898.911,470
899.027,477
899.143,464
899.26,474
899.376,473
899.492,473
899.609,467
899.725,485
899.842,473
899.958,478
900.074,482
900.191,465
900.307,476
900.423,468
900.539,475
900.656,478
900.772,477
900.888,489
901.005,486
901.121,472
901.237,484
901.354,500
901.47,471
901.586,471
901.703,473
901.819,477
901.935,481
902.051,469
902.168,500
902.284,478
902.4,476
902.516,476
902.633,482
902.749,473
902.865,496
902.981,484
903.098,467
903.214,475
903.33,462
903.446,452
903.562,469
903.679,490
903.795,469
903.911,458
904.027,466
904.143,483
904.26,462
904.376,489
904.492,478
904.608,464
904.724,470
904.841,455
904.957,476
905.073,481
905.189,475
905.305,461
905.421,475
905.538,476
905.654,465
905.77,458
905.886,471
906.002,460
906.118,477
906.234,473
906.35,490
906.466,479
906.583,481
906.699,485
906.815,473
906.931,468
907.047,456
907.163,479
907.279,476
907.395,485
907.511,474
907.627,473
907.743,467
907.859,479
907.976,471
908.092,465
908.208,467
908.324,498
908.44,482
908.556,476
908.672,482
908.788,474
908.904,479
909.02,483
909.136,475
909.252,463
909.368,460
909.484,488
909.6,477
909.716,489
909.832,471
909.948,478
910.064,472
910.18,474
910.296,466
910.412,485
910.528,473
910.644,482
910.76,483
910.875,503
910.991,483
911.107,463
911.223,465
911.339,493
911.455,455
911.571,477
911.687,486
911.803,478
911.919,483
912.035,487
912.151,484
912.267,483
912.382,468
912.498,490
912.614,464
912.73,475
912.846,479
792.446,583
792.565,638
792.684,673
792.803,642
792.922,606
793.041,585
793.16,582
793.279,588
793.398,573
793.518,579
793.637,580
793.756,595
793.875,594
793.994,592
794.113,591
794.232,575
794.351,582
794.47,574
794.589,584
794.708,586
794.827,578
794.946,567
795.066,578
795.185,594
795.304,565
795.423,564
795.542,554
795.661,580
795.78,568
795.899,574
796.018,557
796.137,586
796.256,572
796.375,571
796.494,582
796.613,562
796.732,570
796.851,570
796.97,566
797.089,582
797.208,576
797.327,591
797.446,578
797.565,566
797.684,566
797.803,575
797.922,565
798.041,554
798.16,560
798.279,584
798.398,554
798.517,565
798.636,566
798.755,552
798.874,556
798.993,570
799.112,573
799.231,562
799.35,568
799.469,587
799.588,562
799.707,562
799.826,560
799.945,569
800.064,571
800.183,576
800.302,565
800.421,540
800.54,575
800.659,571
800.778,565
800.897,570
801.016,582
801.135,583
801.254,564
801.373,551
801.492,572
801.611,553
801.729,586
801.848,563
801.967,567
802.086,567
802.205,570
802.324,554
802.443,570
802.562,576
802.681,584
802.8,568
802.919,563
803.038,565
803.157,591
803.276,597
803.394,588
803.513,573
803.632,580
803.751,565
803.87,566
803.989,539
804.108,585
804.227,618
804.346,571
804.465,584
804.583,574
804.702,604
804.821,603
804.94,582
805.059,587
805.178,598
805.297,608
805.416,595
805.535,582
805.653,585
805.772,582
805.891,593
806.01,597
806.129,597
806.248,603
806.367,573
806.485,579
806.604,600
806.723,600
806.842,585
806.961,572
807.08,599
807.198,619
807.317,603
807.436,573
807.555,620
807.674,600
807.793,602
807.912,603
808.03,622
808.149,615
808.268,616
808.387,582
808.506,623
808.624,580
808.743,610
808.862,628
808.981,595
809.1,587
809.219,596
809.337,606
809.456,601
809.575,612
809.694,600
809.812,611
809.931,605
810.05,610
810.169,605
810.288,617
810.406,617
810.525,594
810.644,620
810.763,624
810.882,601
811.0,616
811.119,615
811.238,583
811.357,616
811.475,625
811.594,605
811.713,616
811.832,631
811.95,606
812.069,612
812.188,622
812.307,605
812.425,625
812.544,606
812.663,591
812.782,607
812.9,628
813.019,593
813.138,600
813.257,619
813.375,624
813.494,600
813.613,642
813.731,625
813.85,629
813.969,623
814.088,603
814.206,602
814.325,608
814.444,622
814.562,597
814.681,618
814.8,602
814.918,610
815.037,601
815.156,584
815.274,588
815.393,598
815.512,586
815.631,580
815.749,588
815.868,596
815.987,592
816.105,577
816.224,562
816.343,575
816.461,618
816.58,588
816.698,610
816.817,597
816.936,594
817.055,589
817.173,614
817.292,557
817.41,564
817.529,582
817.648,574
817.766,562
817.885,549
818.004,547
818.122,574
818.241,531
818.359,525
818.478,547
818.597,531
818.715,546
818.834,521
818.953,517
819.071,508
819.19,489
819.308,497
819.427,495
819.546,488
819.664,501
819.783,506
819.901,496
820.02,500
820.138,507
820.257,489
820.376,472
820.494,484
820.613,504
820.731,486
820.85,476
820.969,498
821.087,484
821.206,482
821.324,500
821.443,474
821.561,461
821.68,473
821.798,481
821.917,478
822.035,477
822.154,468
822.273,480
822.391,474
822.51,504
822.628,483
822.747,458
822.865,475
822.984,459
823.102,472
823.221,463
823.339,465
823.458,477
823.576,472
823.695,495
823.813,474
823.932,471
824.05,479
824.169,487
824.287,471
824.406,487
824.524,474
824.643,487
824.761,502
824.88,486
824.998,479
825.117,471
825.235,500
825.354,496
825.472,473
825.591,472
825.709,459
825.828,473
825.946,457
826.064,461
826.183,470
826.301,491
826.42,459
826.538,473
826.657,464
826.775,457
826.894,479
827.012,469
827.13,478
827.249,458
827.367,471
827.486,479
827.604,454
827.723,461
827.841,475
827.959,458
828.078,462
828.196,460
828.315,449
828.433,470
828.552,480
828.67,461
828.788,466
828.907,471
829.025,444
829.143,468
829.262,436
829.38,440
829.499,463
829.617,482
829.735,457
829.854,462
829.972,468
830.091,459
830.209,454
830.327,455
830.446,445
830.564,444
830.682,450
830.801,456
830.919,467
831.037,460
831.156,455
831.274,452
831.392,479
831.511,434
831.629,463
831.747,468
831.866,452
831.984,452
832.102,438
832.221,452
832.339,468
832.457,459
832.576,453
832.694,464
832.812,445
832.93,451
833.049,464
833.167,465
833.285,456
833.404,463
833.522,454
833.64,454
833.759,475
833.877,454
833.995,442
834.113,449
834.232,455
834.35,455
834.468,428
834.586,448
834.705,456
834.823,461
834.941,438
835.059,472
835.178,467
835.296,472
835.414,450
835.532,465
835.651,466
835.769,445
835.887,468
836.005,464
836.124,480
836.242,444
836.36,454
836.478,466
836.596,449
836.715,483
836.833,456
836.951,468
837.069,482
837.188,475
837.306,465
837.424,490
837.542,441
837.66,463
837.779,471
837.897,476
838.015,475
838.133,471
838.251,459
838.369,468
838.487,472
838.606,464
838.724,475
838.842,478
838.96,462
839.078,458
839.196,453
839.315,473
839.433,472
839.551,479
839.669,481
839.787,456
839.905,454
840.023,456
840.142,457
840.26,455
840.378,480
840.496,449
840.614,479
840.732,466
840.85,453
840.968,477
841.087,453
841.205,462
841.323,469
841.441,462
841.559,455
841.677,462
841.795,449
841.913,475
842.031,454
842.149,472
842.267,442
842.385,458
842.504,436
842.622,457
842.74,452
842.858,442
842.976,466
843.094,452
843.212,460
843.33,441
843.448,468
843.566,444
843.684,442
843.802,448
843.92,448
844.038,438
844.156,449
844.274,453
844.392,436
844.51,442
844.628,435
844.746,461
844.864,434
844.982,453
845.1,446
845.218,450
845.336,437
845.454,435
845.572,457
845.69,438
845.808,467
845.926,459
846.044,440
846.162,435
846.28,437
846.398,450
846.516,439
846.634,457
846.752,451
846.87,448
846.988,431
847.106,472
847.224,444
847.342,440
847.46,443
847.578,442
847.696,466
847.814,447
847.932,431
848.05,449
848.168,449
848.285,433
848.403,456
848.521,433
848.639,439
848.757,447
848.875,462
848.993,449
849.111,448
849.229,451
849.347,451
849.465,432
849.582,453
849.7,447
849.818,434
849.936,453
850.054,436
850.172,448
850.29,445
850.408,434
850.525,460
850.643,461
850.761,431
850.879,456
850.997,445
851.115,423
851.233,441
851.35,436
851.468,452
851.586,466
851.704,452
851.822,441
851.94,430
852.057,452
852.175,466
852.293,463
852.411,441
852.529,458
852.647,434
852.764,453
852.882,452
853.0,472
853.118,455
853.236,444
853.353,455
853.471,443
853.589,448
853.707,456
853.824,460
853.942,457
854.06,426
854.178,465
854.296,459
854.413,438
854.531,448
854.649,435
854.767,466
854.884,452
855.002,446
855.12,471
855.238,456
855.355,460
855.473,452
855.591,458
855.708,466
855.826,455
855.944,441
856.062,464
856.179,440
856.297,449
856.415,458
856.532,461
856.65,454
856.768,460
856.886,465
857.003,461
857.121,466
857.239,455
857.356,460
857.474,454
857.592,465
857.709,456
857.827,443
857.945,462
858.062,451
858.18,469
858.298,459
858.415,434
858.533,466
858.651,446
858.768,474
858.886,457
859.003,445
859.121,453
859.239,453
859.356,455
859.474,464
859.592,465
859.709,460
859.827,443
859.944,441
860.062,441
860.18,444
860.297,456
860.415,458
860.532,442
860.65,439
860.768,457
860.885,447
861.003,462
861.12,433
861.238,452
861.356,443
861.473,470
861.591,464
861.708,464
861.826,450
861.943,460
862.061,462
862.178,448
862.296,458
862.414,439
862.531,467
862.649,449
862.766,454
862.884,444
863.001,456
863.119,472
863.236,447
863.354,455
863.471,448
863.589,444
863.706,443
863.824,452
863.941,442
864.059,465
864.176,474
864.294,476
864.411,451
864.529,449
864.646,462
864.764,446
864.881,460
864.999,471
865.116,453
865.233,450
865.351,442
865.468,455
865.586,445
865.703,446
865.821,460
865.938,456
866.056,454
866.173,450
866.29,441
866.408,445
866.525,458
866.643,463
866.76,470
866.878,471
866.995,464
867.112,490
867.23,440
867.347,461
867.465,472
867.582,465
867.699,448
867.817,460
867.934,452
868.051,453
868.169,473
868.286,444
868.404,437
868.521,456
868.638,450
868.756,450
868.873,457
868.99,470
869.108,461
869.225,452
869.342,462
869.46,460
869.577,451
869.694,462
869.812,468
869.929,472
870.046,448
870.164,445
870.281,456
870.398,453
870.516,466
870.633,448
870.75,456
870.867,467
870.985,454
871.102,457
871.219,446
871.337,462
871.454,465
871.571,437
871.688,453
871.806,433
871.923,434
872.04,454
872.157,447
872.275,446
872.392,450
872.509,466
872.626,439
872.744,455
872.861,438
872.978,459
873.095,451
873.213,447
873.33,432
873.447,456
873.564,452
873.681,444
873.799,448
873.916,460
874.033,477
874.15,457
874.267,451
874.385,447
874.502,471
874.619,438
874.736,446
874.853,432
874.97,467
875.088,443
875.205,461
875.322,453
875.439,451
875.556,460
875.673,442
875.791,465
875.908,452
876.025,467
876.142,454
876.259,466
876.376,441
876.493,454
876.61,458
876.728,462
876.845,461
876.962,475
877.079,443
877.196,456
877.313,444
877.43,447
877.547,449
877.664,444
877.781,448
877.898,440
878.016,476
878.133,459
878.25,463
878.367,472
878.484,460
878.601,466
878.718,455
878.835,443
878.952,453
879.069,467
879.186,453
879.303,471
879.42,457
879.537,459
879.654,458
879.771,468
879.888,447
880.005,456
880.122,436
880.239,446
880.356,475
880.473,453
880.59,438
880.707,460
880.824,430
880.941,487
881.058,464
881.175,454
881.292,468
881.409,458
881.526,435
881.643,446
881.76,468
881.877,468
881.994,465
882.111,472
882.228,460
882.345,453
882.462,465
882.579,464
882.696,454
882.812,468
882.929,460
883.046,457
883.163,457
883.28,468
883.397,439
883.514,446
883.631,462
883.748,446
883.865,470
883.982,472
884.098,469
884.215,464
884.332,471
884.449,470
884.566,467
884.683,467
884.8,470
884.916,452
885.033,458
885.15,459
885.267,462
885.384,464
885.501,458
885.617,464
885.734,465
885.851,449
885.968,452
886.085,471
886.202,475
886.318,454
886.435,454
886.552,449
886.669,444
886.786,470
886.902,461
887.019,464
887.136,454
887.253,463
887.369,474
887.486,461
887.603,454
887.72,451
887.837,474
887.953,475
888.07,474
888.187,459
888.304,445
888.42,462
888.537,480
888.654,458
888.77,476
888.887,465
889.004,471
889.121,451
889.237,467
889.354,459
889.471,469
889.587,469
889.704,454
889.821,468
889.938,452
890.054,450
890.171,461
890.288,453
890.404,467
890.521,458
890.638,486
890.754,456
890.871,456
890.988,457
891.104,464
891.221,453
891.337,457
891.454,469
891.571,461
891.687,455
891.804,474
891.921,470
892.037,455
892.154,483
892.27,463
892.387,488
892.504,477
892.62,456
892.737,460
892.854,476
892.97,476
893.087,481
893.203,479
893.32,474
893.436,463
893.553,462
893.67,463
893.786,478
893.903,451
894.019,467
894.136,471
894.252,478
894.369,487
894.485,451
894.602,471
894.718,495
894.835,488
894.951,465
895.068,462
895.184,485
895.301,469
895.417,456
895.534,446
895.65,453
895.767,473
895.883,462
896.0,479
896.116,470
896.233,451
896.349,484
896.466,461
896.582,475
896.699,461
896.815,464
896.932,475
897.048,452
897.165,467
897.281,481
897.397,459
897.514,492
897.63,453
897.747,454
897.863,471
897.979,458
898.096,467
898.212,487
898.329,462
898.445,484
898.561,466
898.678,465
898.794,454
898.911,470
899.027,475
899.143,469
899.26,479
899.376,472
899.492,460
899.609,472
899.725,496
899.842,474
899.958,460
900.074,476
900.191,456
900.307,474
900.423,460
900.539,460
900.656,481
900.772,470
900.888,478
901.005,477
901.121,467
901.237,475
901.354,476
901.47,473
901.586,481
901.703,453
901.819,458
901.935,478
902.051,468
902.168,461
902.284,476
902.4,477
902.516,484
902.633,487
902.749,491
902.865,478
902.981,500
903.098,482
903.214,465
903.33,470
903.446,443
903.562,486
903.679,459
903.795,479
903.911,467
904.027,485
904.143,452
904.26,467
904.376,475
904.492,488
904.608,464
904.724,472
904.841,457
904.957,466
905.073,470
905.189,472
905.305,489
905.421,481
905.538,477
905.654,466
905.77,450
905.886,481
906.002,467
906.118,463
906.234,480
906.35,477
906.466,458
906.583,465
906.699,478
906.815,469
906.931,509
907.047,453
907.163,459
907.279,462
907.395,461
907.511,473
907.627,473
907.743,469
907.859,487
907.976,462
908.092,482
908.208,455
908.324,462
908.44,477
908.556,491
908.672,488
908.788,495
908.904,478
909.02,463
909.136,474
909.252,472
909.368,484
909.484,472
909.6,478
909.716,481
909.832,480
909.948,454
910.064,488
910.18,486
910.296,487
910.412,479
910.528,479
910.644,487
910.76,452
910.875,489
910.991,493
911.107,466
911.223,483
911.339,476
911.455,476
911.571,495
911.687,476
911.803,470
911.919,478
912.035,468
912.151,488
912.267,468
912.382,468
912.498,457
912.614,490
912.73,478
912.846,464
