792.446,3078
792.565,3083
792.684,3000
792.803,2915
792.922,2849
793.041,2705
793.16,2807
793.279,2734
793.398,2663
793.518,2579
793.637,2600
793.756,2558
793.875,2565
793.994,2465
794.113,2430
794.232,2379
794.351,2371
794.47,2343
794.589,2337
794.708,2297
794.827,2333
794.946,2228
795.066,2287
795.185,2252
795.304,2226
795.423,2214
795.542,2141
795.661,2182
795.78,2170
795.899,2184
796.018,2107
796.137,2087
796.256,2029
796.375,2044
796.494,2087
796.613,1988
796.732,1988
796.851,2052
796.97,2040
797.089,2043
797.208,1957
797.327,1980
797.446,1932
797.565,1999
797.684,1915
797.803,1903
797.922,1882
798.041,1906
798.16,1855
798.279,1909
798.398,1889
798.517,1889
798.636,1902
798.755,1865
798.874,1922
798.993,1890
799.112,1871
799.231,1867
799.35,1856
799.469,1825
799.588,1850
799.707,1848
799.826,1879
799.945,1880
800.064,1869
800.183,1811
800.302,1864
800.421,1839
800.54,1864
800.659,1866
800.778,1875
800.897,1838
801.016,1834
801.135,1824
801.254,1821
801.373,1784
801.492,1853
801.611,1801
801.729,1804
801.848,1769
801.967,1804
802.086,1821
802.205,1771
802.324,1812
802.443,1824
802.562,1811
802.681,1811
802.8,1757
802.919,1814
803.038,1812
803.157,1801
803.276,1754
803.394,1771
803.513,1767
803.632,1732
803.751,1738
803.87,1738
803.989,1742
804.108,1731
804.227,1785
804.346,1739
804.465,1764
804.583,1723
804.702,1720
804.821,1740
804.94,1741
805.059,1772
805.178,1731
805.297,1685
805.416,1704
805.535,1772
805.653,1697
805.772,1735
805.891,1716
806.01,1707
806.129,1704
806.248,1694
806.367,1695
806.485,1688
806.604,1730
806.723,1776
806.842,1694
806.961,1682
807.08,1726
807.198,1685
807.317,1707
807.436,1709
807.555,1661
807.674,1694
807.793,1724
807.912,1735
808.03,1700
808.149,1689
808.268,1703
808.387,1738
808.506,1748
808.624,1676
808.743,1679
808.862,1716
808.981,1658
809.1,1711
809.219,1685
809.337,1657
809.456,1697
809.575,1713
809.694,1703
809.812,1716
809.931,1653
810.05,1686
810.169,1677
810.288,1653
810.406,1711
810.525,1711
810.644,1696
810.763,1695
810.882,1655
811.0,1714
811.119,1680
811.238,1676
811.357,1722
811.475,1734
811.594,1656
811.713,1642
811.832,1685
811.95,1753
812.069,1683
812.188,1732
812.307,1750
812.425,1734
812.544,1680
812.663,1692
812.782,1715
812.9,1717
813.019,1677
813.138,1722
813.257,1718
813.375,1664
813.494,1678
813.613,1719
813.731,1673
813.85,1682
813.969,1671
814.088,1682
814.206,1663
814.325,1592
814.444,1661
814.562,1668
814.681,1685
814.8,1670
814.918,1645
815.037,1657
815.156,1693
815.274,1653
815.393,1607
815.512,1619
815.631,1657
815.749,1677
815.868,1569
815.987,1687
816.105,1659
816.224,1637
816.343,1608
816.461,1642
816.58,1613
816.698,1639
816.817,1670
816.936,1702
817.055,1696
817.173,1673
817.292,1647
817.41,1661
817.529,1619
817.648,1620
817.766,1622
817.885,1577
818.004,1615
818.122,1569
818.241,1593
818.359,1590
818.478,1606
818.597,1582
818.715,1584
818.834,1594
818.953,1553
819.071,1558
819.19,1616
819.308,1584
819.427,1562
819.546,1566
819.664,1520
819.783,1595
819.901,1569
820.02,1528
820.138,1541
820.257,1600
820.376,1526
820.494,1547
820.613,1541
820.731,1509
820.85,1596
820.969,1508
821.087,1602
821.206,1554
821.324,1552
821.443,1534
821.561,1522
821.68,1503
821.798,1511
821.917,1527
822.035,1526
822.154,1569
822.273,1519
822.391,1565
822.51,1487
822.628,1473
822.747,1532
822.865,1494
822.984,1483
823.102,1507
823.221,1472
823.339,1490
823.458,1517
823.576,1531
823.695,1515
823.813,1501
823.932,1503
824.05,1513
824.169,1553
824.287,1466
824.406,1496
824.524,1509
824.643,1537
824.761,1520
824.88,1529
824.998,1504
825.117,1493
825.235,1531
825.354,1475
825.472,1496
825.591,1511
825.709,1500
825.828,1434
825.946,1506
826.064,1495
826.183,1495
826.301,1490
826.42,1460
826.538,1509
826.657,1419
826.775,1460
826.894,1465
827.012,1462
827.13,1457
827.249,1430
827.367,1467
827.486,1490
827.604,1479
827.723,1505
827.841,1457
827.959,1459
828.078,1481
828.196,1434
828.315,1437
828.433,1438
828.552,1446
828.67,1444
828.788,1461
828.907,1452
829.025,1484
829.143,1497
829.262,1413
829.38,1455
829.499,1459
829.617,1448
829.735,1455
829.854,1453
829.972,1476
830.091,1479
830.209,1477
830.327,1474
830.446,1436
830.564,1450
830.682,1428
830.801,1460
830.919,1438
831.037,1510
831.156,1509
831.274,1471
831.392,1475
831.511,1480
831.629,1506
831.747,1463
831.866,1494
831.984,1469
832.102,1520
832.221,1482
832.339,1502
832.457,1503
832.576,1490
832.694,1464
832.812,1488
832.93,1502
833.049,1457
833.167,1458
833.285,1458
833.404,1461
833.522,1506
833.64,1449
833.759,1458
833.877,1443
833.995,1486
834.113,1457
834.232,1472
834.35,1465
834.468,1482
834.586,1509
834.705,1469
834.823,1436
834.941,1479
835.059,1386
835.178,1469
835.296,1427
835.414,1426
835.532,1465
835.651,1455
835.769,1470
835.887,1457
836.005,1465
836.124,1480
836.242,1412
836.36,1465
836.478,1448
836.596,1492
836.715,1433
836.833,1430
836.951,1438
837.069,1445
837.188,1423
837.306,1490
837.424,1448
837.542,1464
837.66,1441
837.779,1467
837.897,1427
838.015,1467
838.133,1489
838.251,1423
838.369,1433
838.487,1498
838.606,1448
838.724,1469
838.842,1453
838.96,1473
839.078,1498
839.196,1467
839.315,1473
839.433,1512
839.551,1510
839.669,1513
839.787,1510
839.905,1487
840.023,1518
840.142,1505
840.26,1524
840.378,1490
840.496,1520
840.614,1504
840.732,1513
840.85,1480
840.968,1506
841.087,1499
841.205,1518
841.323,1492
841.441,1532
841.559,1481
841.677,1533
841.795,1526
841.913,1485
842.031,1510
842.149,1530
842.267,1481
842.385,1528
842.504,1497
842.622,1489
842.74,1514
842.858,1511
842.976,1520
843.094,1506
843.212,1469
843.33,1528
843.448,1524
843.566,1515
843.684,1491
843.802,1458
843.92,1539
844.038,1527
844.156,1534
844.274,1490
844.392,1435
844.51,1465
844.628,1480
844.746,1467
844.864,1480
844.982,1491
845.1,1516
845.218,1447
845.336,1476
845.454,1502
845.572,1475
845.69,1482
845.808,1430
845.926,1551
846.044,1469
846.162,1485
846.28,1486
846.398,1457
846.516,1509
846.634,1487
846.752,1474
846.87,1492
846.988,1498
847.106,1485
847.224,1495
847.342,1514
847.46,1458
847.578,1486
847.696,1486
847.814,1522
847.932,1490
848.05,1485
848.168,1511
848.285,1488
848.403,1491
848.521,1522
848.639,1519
848.757,1525
848.875,1504
848.993,1517
849.111,1458
849.229,1497
849.347,1505
849.465,1508
849.582,1500
849.7,1517
849.818,1498
849.936,1500
850.054,1490
850.172,1496
850.29,1504
850.408,1521
850.525,1520
850.643,1535
850.761,1503
850.879,1512
850.997,1503
851.115,1500
851.233,1496
851.35,1471
851.468,1483
851.586,1500
851.704,1481
851.822,1495
851.94,1486
852.057,1517
852.175,1481
852.293,1522
852.411,1508
852.529,1531
852.647,1584
852.764,1569
852.882,1569
853.0,1545
853.118,1571
853.236,1583
853.353,1523
853.471,1516
853.589,1488
853.707,1501
853.824,1486
853.942,1488
854.06,1536
854.178,1493
854.296,1511
854.413,1500
854.531,1515
854.649,1521
854.767,1488
854.884,1527
855.002,1507
855.12,1471
855.238,1529
855.355,1534
855.473,1453
855.591,1542
855.708,1500
855.826,1544
855.944,1513
856.062,1562
856.179,1493
856.297,1541
856.415,1464
856.532,1495
856.65,1503
856.768,1526
856.886,1522
857.003,1528
857.121,1548
857.239,1501
857.356,1517
857.474,1543
857.592,1496
857.709,1496
857.827,1524
857.945,1508
858.062,1483
858.18,1506
858.298,1526
858.415,1541
858.533,1518
858.651,1547
858.768,1511
858.886,1509
859.003,1524
859.121,1516
859.239,1529
859.356,1517
859.474,1529
859.592,1459
859.709,1501
859.827,1506
859.944,1433
860.062,1480
860.18,1500
860.297,1504
860.415,1449
860.532,1497
860.65,1519
860.768,1508
860.885,1445
861.003,1504
861.12,1512
861.238,1456
861.356,1506
861.473,1491
861.591,1485
861.708,1510
861.826,1491
861.943,1531
862.061,1482
862.178,1508
862.296,1471
862.414,1471
862.531,1425
862.649,1466
862.766,1480
862.884,1456
863.001,1472
863.119,1498
863.236,1489
863.354,1499
863.471,1443
863.589,1539
863.706,1564
863.824,1527
863.941,1561
864.059,1586
864.176,1508
864.294,1531
864.411,1519
864.529,1485
864.646,1510
864.764,1512
864.881,1487
864.999,1456
865.116,1482
865.233,1427
865.351,1447
865.468,1476
865.586,1481
865.703,1513
865.821,1495
865.938,1475
866.056,1473
866.173,1461
866.29,1446
866.408,1509
866.525,1488
866.643,1433
866.76,1495
866.878,1485
866.995,1473
867.112,1485
867.23,1551
867.347,1477
867.465,1493
867.582,1465
867.699,1520
867.817,1466
867.934,1496
868.051,1475
868.169,1513
868.286,1448
868.404,1473
868.521,1484
868.638,1466
868.756,1417
868.873,1463
868.99,1514
869.108,1484
869.225,1467
869.342,1482
869.46,1524
869.577,1536
869.694,1469
869.812,1481
869.929,1473
870.046,1493
870.164,1514
870.281,1502
870.398,1496
870.516,1525
870.633,1542
870.75,1518
870.867,1509
870.985,1513
871.102,1500
871.219,1535
871.337,1555
871.454,1542
871.571,1513
871.688,1547
871.806,1571
871.923,1588
872.04,1569
872.157,1503
872.275,1566
872.392,1619
872.509,1515
872.626,1574
872.744,1559
872.861,1550
872.978,1545
873.095,1514
873.213,1520
873.33,1482
873.447,1512
873.564,1564
873.681,1506
873.799,1599
873.916,1505
874.033,1529
874.15,1538
874.267,1525
874.385,1568
874.502,1543
874.619,1511
874.736,1544
874.853,1499
874.97,1515
875.088,1546
875.205,1595
875.322,1497
875.439,1534
875.556,1478
875.673,1559
875.791,1512
875.908,1524
876.025,1518
876.142,1507
876.259,1483
876.376,1489
876.493,1556
876.61,1484
876.728,1520
876.845,1537
876.962,1472
877.079,1493
877.196,1487
877.313,1471
877.43,1553
877.547,1485
877.664,1488
877.781,1515
877.898,1487
878.016,1471
878.133,1506
878.25,1497
878.367,1444
878.484,1462
878.601,1517
878.718,1465
878.835,1499
878.952,1460
879.069,1469
879.186,1436
879.303,1499
879.42,1461
879.537,1469
879.654,1455
879.771,1468
879.888,1392
880.005,1469
880.122,1438
880.239,1430
880.356,1422
880.473,1438
880.59,1386
880.707,1438
880.824,1401
880.941,1421
881.058,1452
881.175,1417
881.292,1399
881.409,1469
881.526,1467
881.643,1420
881.76,1507
881.877,1435
881.994,1426
882.111,1467
882.228,1455
882.345,1426
882.462,1431
882.579,1445
882.696,1424
882.812,1441
882.929,1459
883.046,1427
883.163,1436
883.28,1463
883.397,1410
883.514,1437
883.631,1492
883.748,1439
883.865,1472
883.982,1454
884.098,1493
884.215,1450
884.332,1551
884.449,1462
884.566,1455
884.683,1529
884.8,1509
884.916,1504
885.033,1562
885.15,1580
885.267,1670
885.384,1629
885.501,1655
885.617,1698
885.734,1675
885.851,1726
885.968,1607
886.085,1640
886.202,1667
886.318,1672
886.435,1593
886.552,1620
886.669,1614
886.786,1626
886.902,1624
887.019,1609
887.136,1589
887.253,1583
887.369,1518
887.486,1576
887.603,1539
887.72,1536
887.837,1531
887.953,1520
888.07,1490
888.187,1517
888.304,1475
888.42,1462
888.537,1505
888.654,1465
888.77,1436
888.887,1526
889.004,1414
889.121,1446
889.237,1406
889.354,1433
889.471,1441
889.587,1426
889.704,1425
889.821,1421
889.938,1450
890.054,1395
890.171,1431
890.288,1429
890.404,1416
890.521,1456
890.638,1476
890.754,1414
890.871,1440
890.988,1470
891.104,1517
891.221,1438
891.337,1469
891.454,1486
891.571,1504
891.687,1463
891.804,1514
891.921,1483
892.037,1445
892.154,1509
892.27,1480
892.387,1532
892.504,1499
892.62,1451
892.737,1484
892.854,1460
892.97,1449
893.087,1449
893.203,1423
893.32,1441
893.436,1415
893.553,1449
893.67,1460
893.786,1422
893.903,1402
894.019,1417
894.136,1413
894.252,1418
894.369,1433
894.485,1369
894.602,1445
894.718,1454
894.835,1456
894.951,1410
895.068,1425
895.184,1412
895.301,1438
895.417,1429
895.534,1461
895.65,1441
895.767,1456
895.883,1437
896.0,1454
896.116,1415
896.233,1440
896.349,1388
896.466,1434
896.582,1427
896.699,1416
896.815,1441
896.932,1429
897.048,1446
897.165,1445
897.281,1418
897.397,1422
897.514,1400
897.63,1437
897.747,1437
897.863,1432
897.979,1445
898.096,1422
898.212,1433
898.329,1454
898.445,1450
898.561,1389
898.678,1456
898.794,1451
898.911,1446
899.027,1441
899.143,1411
899.26,1421
899.376,1437
899.492,1444
899.609,1427
899.725,1478
899.842,1388
899.958,1436
900.074,1449
900.191,1479
900.307,1441
900.423,1452
900.539,1420
900.656,1437
900.772,1425
900.888,1434
901.005,1477
901.121,1439
901.237,1432
901.354,1432
901.47,1438
901.586,1482
901.703,1429
901.819,1462
901.935,1462
902.051,1487
902.168,1455
902.284,1461
902.4,1519
902.516,1494
902.633,1540
902.749,1568
902.865,1532
902.981,1585
903.098,1574
903.214,1534
903.33,1543
903.446,1526
903.562,1550
903.679,1485
903.795,1548
903.911,1507
904.027,1568
904.143,1485
904.26,1512
904.376,1473
904.492,1494
904.608,1474
904.724,1469
904.841,1432
904.957,1510
905.073,1528
905.189,1432
905.305,1468
905.421,1469
905.538,1464
905.654,1432
905.77,1423
905.886,1441
906.002,1417
906.118,1385
906.234,1426
906.35,1427
906.466,1398
906.583,1423
906.699,1418
906.815,1481
906.931,1439
907.047,1436
907.163,1443
907.279,1422
907.395,1418
907.511,1379
907.627,1433
907.743,1375
907.859,1420
907.976,1407
908.092,1377
908.208,1450
908.324,1399
908.44,1435
908.556,1401
908.672,1406
908.788,1413
908.904,1428
909.02,1482
909.136,1399
909.252,1412
909.368,1419
909.484,1436
909.6,1417
909.716,1434
909.832,1437
909.948,1442
910.064,1458
910.18,1436
910.296,1449
910.412,1417
910.528,1424
910.644,1414
910.76,1423
910.875,1427
910.991,1427
911.107,1416
911.223,1395
911.339,1425
911.455,1421
911.571,1404
911.687,1423
911.803,1404
911.919,1416
912.035,1426
912.151,1457
912.267,1395
912.382,1383
912.498,1406
912.614,1415
912.73,1412
912.846,1389
792.446,3221
792.565,3056
792.684,3048
792.803,2955
792.922,2858
793.041,2823
793.16,2756
793.279,2707
793.398,2683
793.518,2636
793.637,2597
793.756,2598
793.875,2591
793.994,2514
794.113,2523
794.232,2422
794.351,2396
794.47,2428
794.589,2401
794.708,2336
794.827,2389
794.946,2316
795.066,2344
795.185,2302
795.304,2272
795.423,2239
795.542,2160
795.661,2155
795.78,2176
795.899,2222
796.018,2076
796.137,2117
796.256,2130
796.375,2097
796.494,2071
796.613,2073
796.732,2063
796.851,2058
796.97,1995
797.089,2038
797.208,2023
797.327,1994
797.446,2001
797.565,1991
797.684,1949
797.803,1992
797.922,1953
798.041,1983
798.16,1926
798.279,1934
798.398,1952
798.517,1909
798.636,1993
798.755,1893
798.874,1907
798.993,1883
799.112,1902
799.231,1891
799.35,1880
799.469,1977
799.588,1886
799.707,1901
799.826,1850
799.945,1909
800.064,1887
800.183,1882
800.302,1883
800.421,1834
800.54,1868
800.659,1856
800.778,1871
800.897,1850
801.016,1886
801.135,1850
801.254,1866
801.373,1855
801.492,1810
801.611,1814
801.729,1824
801.848,1814
801.967,1812
802.086,1815
802.205,1816
802.324,1848
802.443,1834
802.562,1840
802.681,1825
802.8,1812
802.919,1823
803.038,1761
803.157,1790
803.276,1823
803.394,1780
803.513,1786
803.632,1809
803.751,1809
803.87,1756
803.989,1790
804.108,1791
804.227,1786
804.346,1766
804.465,1730
804.583,1843
804.702,1760
804.821,1762
804.94,1745
805.059,1735
805.178,1705
805.297,1726
805.416,1792
805.535,1753
805.653,1772
805.772,1734
805.891,1765
806.01,1774
806.129,1751
806.248,1734
806.367,1797
806.485,1719
806.604,1742
806.723,1712
806.842,1737
806.961,1750
807.08,1729
807.198,1767
807.317,1742
807.436,1761
807.555,1746
807.674,1751
807.793,1743
807.912,1741
808.03,1693
808.149,1747
808.268,1717
808.387,1725
808.506,1716
808.624,1683
808.743,1695
808.862,1692
808.981,1751
809.1,1720
809.219,1734
809.337,1779
809.456,1709
809.575,1700
809.694,1740
809.812,1741
809.931,1740
810.05,1745
810.169,1678
810.288,1723
810.406,1657
810.525,1701
810.644,1730
810.763,1702
810.882,1661
811.0,1692
811.119,1761
811.238,1697
811.357,1727
811.475,1667
811.594,1697
811.713,1734
811.832,1715
811.95,1761
812.069,1746
812.188,1737
812.307,1719
812.425,1695
812.544,1739
812.663,1736
812.782,1760
812.9,1682
813.019,1779
813.138,1754
813.257,1749
813.375,1726
813.494,1737
813.613,1727
813.731,1719
813.85,1739
813.969,1675
814.088,1695
814.206,1675
814.325,1654
814.444,1700
814.562,1701
814.681,1647
814.8,1681
814.918,1718
815.037,1672
815.156,1690
815.274,1691
815.393,1703
815.512,1640
815.631,1650
815.749,1682
815.868,1684
815.987,1657
816.105,1645
816.224,1669
816.343,1670
816.461,1660
816.58,1688
816.698,1700
816.817,1694
816.936,1716
817.055,1728
817.173,1687
817.292,1696
817.41,1670
817.529,1628
817.648,1698
817.766,1679
817.885,1651
818.004,1611
818.122,1613
818.241,1620
818.359,1654
818.478,1690
818.597,1642
818.715,1616
818.834,1603
818.953,1585
819.071,1611
819.19,1572
819.308,1569
819.427,1594
819.546,1556
819.664,1544
819.783,1574
819.901,1561
820.02,1541
820.138,1572
820.257,1590
820.376,1540
820.494,1575
820.613,1579
820.731,1616
820.85,1593
820.969,1536
821.087,1586
821.206,1574
821.324,1594
821.443,1542
821.561,1558
821.68,1561
821.798,1539
821.917,1548
822.035,1570
822.154,1535
822.273,1577
822.391,1550
822.51,1526
822.628,1542
822.747,1583
822.865,1540
822.984,1514
823.102,1542
823.221,1496
823.339,1539
823.458,1533
823.576,1510
823.695,1494
823.813,1576
823.932,1520
824.05,1552
824.169,1536
824.287,1515
824.406,1503
824.524,1533
824.643,1549
824.761,1556
824.88,1550
824.998,1521
825.117,1584
825.235,1488
825.354,1479
825.472,1535
825.591,1531
825.709,1548
825.828,1518
825.946,1534
826.064,1562
826.183,1489
826.301,1495
826.42,1521
826.538,1475
826.657,1499
826.775,1498
826.894,1487
827.012,1500
827.13,1476
827.249,1527
827.367,1511
827.486,1508
827.604,1529
827.723,1515
827.841,1451
827.959,1496
828.078,1466
828.196,1490
828.315,1490
828.433,1498
828.552,1474
828.67,1526
828.788,1467
828.907,1471
829.025,1497
829.143,1518
829.262,1482
829.38,1487
829.499,1465
829.617,1456
829.735,1490
829.854,1465
829.972,1473
830.091,1502
830.209,1499
830.327,1489
830.446,1443
830.564,1467
830.682,1517
830.801,1468
830.919,1511
831.037,1517
831.156,1524
831.274,1506
831.392,1505
831.511,1533
831.629,1510
831.747,1505
831.866,1532
831.984,1478
832.102,1508
832.221,1407
832.339,1496
832.457,1472
832.576,1485
832.694,1469
832.812,1483
832.93,1508
833.049,1494
833.167,1478
833.285,1521
833.404,1455
833.522,1473
833.64,1458
833.759,1500
833.877,1495
833.995,1479
834.113,1486
834.232,1482
834.35,1497
834.468,1487
834.586,1501
834.705,1512
834.823,1483
834.941,1493
835.059,1519
835.178,1524
835.296,1462
835.414,1481
835.532,1479
835.651,1471
835.769,1505
835.887,1467
836.005,1467
836.124,1472
836.242,1463
836.36,1454
836.478,1444
836.596,1444
836.715,1429
836.833,1482
836.951,1444
837.069,1502
837.188,1512
837.306,1504
837.424,1433
837.542,1473
837.66,1443
837.779,1469
837.897,1466
838.015,1495
838.133,1483
838.251,1514
838.369,1517
838.487,1480
838.606,1520
838.724,1479
838.842,1486
838.96,1497
839.078,1482
839.196,1468
839.315,1504
839.433,1520
839.551,1449
839.669,1528
839.787,1511
839.905,1536
840.023,1524
840.142,1530
840.26,1502
840.378,1497
840.496,1527
840.614,1521
840.732,1491
840.85,1513
840.968,1565
841.087,1503
841.205,1536
841.323,1517
841.441,1586
841.559,1522
841.677,1550
841.795,1580
841.913,1531
842.031,1545
842.149,1548
842.267,1539
842.385,1538
842.504,1550
842.622,1496
842.74,1514
842.858,1495
842.976,1488
843.094,1514
843.212,1566
843.33,1534
843.448,1529
843.566,1551
843.684,1526
843.802,1530
843.92,1498
844.038,1521
844.156,1541
844.274,1537
844.392,1506
844.51,1498
844.628,1496
844.746,1502
844.864,1532
844.982,1510
845.1,1513
845.218,1463
845.336,1510
845.454,1532
845.572,1479
845.69,1508
845.808,1476
845.926,1484
846.044,1499
846.162,1485
846.28,1490
846.398,1524
846.516,1480
846.634,1478
846.752,1481
846.87,1527
846.988,1563
847.106,1514
847.224,1514
847.342,1553
847.46,1502
847.578,1515
847.696,1497
847.814,1559
847.932,1522
848.05,1546
848.168,1460
848.285,1506
848.403,1507
848.521,1499
848.639,1499
848.757,1519
848.875,1486
848.993,1523
849.111,1527
849.229,1512
849.347,1537
849.465,1542
849.582,1524
849.7,1569
849.818,1549
849.936,1518
850.054,1534
850.172,1560
850.29,1544
850.408,1576
850.525,1521
850.643,1567
850.761,1505
850.879,1534
850.997,1525
851.115,1508
851.233,1545
851.35,1516
851.468,1504
851.586,1544
851.704,1543
851.822,1542
851.94,1510
852.057,1516
852.175,1495
852.293,1555
852.411,1511
852.529,1592
852.647,1620
852.764,1610
852.882,1625
853.0,1541
853.118,1594
853.236,1546
853.353,1545
853.471,1529
853.589,1518
853.707,1511
853.824,1543
853.942,1562
854.06,1481
854.178,1539
854.296,1556
854.413,1484
854.531,1535
854.649,1557
854.767,1506
854.884,1493
855.002,1576
855.12,1498
855.238,1499
855.355,1554
855.473,1512
855.591,1534
855.708,1502
855.826,1539
855.944,1508
856.062,1520
856.179,1575
856.297,1503
856.415,1521
856.532,1552
856.65,1525
856.768,1542
856.886,1570
857.003,1532
857.121,1545
857.239,1553
857.356,1576
857.474,1540
857.592,1483
857.709,1529
857.827,1539
857.945,1554
858.062,1558
858.18,1520
858.298,1556
858.415,1509
858.533,1566
858.651,1561
858.768,1602
858.886,1544
859.003,1540
859.121,1546
859.239,1507
859.356,1571
859.474,1493
859.592,1518
859.709,1549
859.827,1531
859.944,1506
860.062,1532
860.18,1521
860.297,1509
860.415,1531
860.532,1503
860.65,1544
860.768,1477
860.885,1522
861.003,1475
861.12,1478
861.238,1545
861.356,1524
861.473,1517
861.591,1517
861.708,1507
861.826,1570
861.943,1537
862.061,1537
862.178,1485
862.296,1515
862.414,1461
862.531,1496
862.649,1469
862.766,1471
862.884,1470
863.001,1464
863.119,1511
863.236,1538
863.354,1488
863.471,1515
863.589,1544
863.706,1524
863.824,1594
863.941,1583
864.059,1568
864.176,1548
864.294,1574
864.411,1502
864.529,1510
864.646,1457
864.764,1525
864.881,1525
864.999,1503
865.116,1497
865.233,1533
865.351,1483
865.468,1514
865.586,1519
865.703,1498
865.821,1488
865.938,1487
866.056,1495
866.173,1493
866.29,1455
866.408,1506
866.525,1467
866.643,1509
866.76,1493
866.878,1488
866.995,1485
867.112,1480
867.23,1514
867.347,1482
867.465,1536
867.582,1471
867.699,1502
867.817,1481
867.934,1485
868.051,1500
868.169,1464
868.286,1488
868.404,1502
868.521,1504
868.638,1537
868.756,1479
868.873,1472
868.99,1482
869.108,1510
869.225,1487
869.342,1525
869.46,1515
869.577,1500
869.694,1518
869.812,1532
869.929,1529
870.046,1557
870.164,1549
870.281,1574
870.398,1539
870.516,1570
870.633,1535
870.75,1578
870.867,1597
870.985,1560
871.102,1575
871.219,1543
871.337,1577
871.454,1589
871.571,1601
871.688,1557
871.806,1613
871.923,1556
872.04,1608
872.157,1589
872.275,1564
872.392,1579
872.509,1562
872.626,1547
872.744,1580
872.861,1599
872.978,1552
873.095,1538
873.213,1564
873.33,1568
873.447,1530
873.564,1566
873.681,1518
873.799,1520
873.916,1553
874.033,1551
874.15,1591
874.267,1547
874.385,1549
874.502,1518
874.619,1566
874.736,1614
874.853,1548
874.97,1590
875.088,1584
875.205,1554
875.322,1558
875.439,1552
875.556,1555
875.673,1524
875.791,1525
875.908,1546
876.025,1522
876.142,1507
876.259,1549
876.376,1503
876.493,1547
876.61,1535
876.728,1527
876.845,1531
876.962,1531
877.079,1533
877.196,1506
877.313,1509
877.43,1550
877.547,1537
877.664,1534
877.781,1514
877.898,1478
878.016,1541
878.133,1483
878.25,1501
878.367,1498
878.484,1535
878.601,1493
878.718,1561
878.835,1499
878.952,1528
879.069,1490
879.186,1529
879.303,1460
879.42,1468
879.537,1478
879.654,1478
879.771,1504
879.888,1482
880.005,1461
880.122,1509
880.239,1491
880.356,1482
880.473,1450
880.59,1463
880.707,1452
880.824,1458
880.941,1452
881.058,1432
881.175,1498
881.292,1431
881.409,1502
881.526,1382
881.643,1465
881.76,1460
881.877,1482
881.994,1466
882.111,1462
882.228,1429
882.345,1457
882.462,1468
882.579,1498
882.696,1441
882.812,1456
882.929,1457
883.046,1461
883.163,1448
883.28,1464
883.397,1460
883.514,1469
883.631,1498
883.748,1433
883.865,1496
883.982,1464
884.098,1481
884.215,1506
884.332,1525
884.449,1499
884.566,1548
884.683,1530
884.8,1586
884.916,1566
885.033,1591
885.15,1603
885.267,1687
885.384,1676
885.501,1718
885.617,1737
885.734,1706
885.851,1695
885.968,1647
886.085,1654
886.202,1660
886.318,1675
886.435,1649
886.552,1660
886.669,1676
886.786,1678
886.902,1649
887.019,1661
887.136,1635
887.253,1613
887.369,1644
887.486,1616
887.603,1605
887.72,1554
887.837,1593
887.953,1539
888.07,1538
888.187,1486
888.304,1501
888.42,1507
888.537,1470
888.654,1518
888.77,1475
888.887,1482
889.004,1467
889.121,1475
889.237,1444
889.354,1420
889.471,1471
889.587,1427
889.704,1438
889.821,1430
889.938,1441
890.054,1443
890.171,1470
890.288,1425
890.404,1466
890.521,1440
890.638,1433
890.754,1437
890.871,1458
890.988,1450
891.104,1509
891.221,1470
891.337,1498
891.454,1515
891.571,1511
891.687,1523
891.804,1534
891.921,1511
892.037,1531
892.154,1506
892.27,1522
892.387,1523
892.504,1472
892.62,1513
892.737,1492
892.854,1472
892.97,1488
893.087,1451
893.203,1500
893.32,1474
893.436,1460
893.553,1511
893.67,1476
893.786,1469
893.903,1450
894.019,1448
894.136,1472
894.252,1490
894.369,1481
894.485,1459
894.602,1503
894.718,1427
894.835,1441
894.951,1466
895.068,1446
895.184,1442
895.301,1433
895.417,1496
895.534,1433
895.65,1472
895.767,1414
895.883,1484
896.0,1501
896.116,1450
896.233,1481
896.349,1416
896.466,1424
896.582,1459
896.699,1511
896.815,1462
896.932,1430
897.048,1432
897.165,1488
897.281,1403
897.397,1438
897.514,1434
897.63,1448
897.747,1455
897.863,1455
897.979,1438
898.096,1451
898.212,1466
898.329,1481
898.445,1417
898.561,1455
898.678,1477
898.794,1467
898.911,1501
899.027,1423
899.143,1434
899.26,1438
899.376,1481
899.492,1455
899.609,1476
899.725,1501
899.842,1439
899.958,1474
900.074,1496
900.191,1466
900.307,1444
900.423,1466
900.539,1483
900.656,1451
900.772,1458
900.888,1468
901.005,1425
901.121,1488
901.237,1443
901.354,1480
901.47,1460
901.586,1493
901.703,1513
901.819,1519
901.935,1499
902.051,1497
902.168,1499
902.284,1506
902.4,1512
902.516,1583
902.633,1546
902.749,1583
902.865,1590
902.981,1590
903.098,1583
903.214,1561
903.33,1601
903.446,1611
903.562,1556
903.679,1577
903.795,1545
903.911,1538
904.027,1585
904.143,1547
904.26,1552
904.376,1498
904.492,1559
904.608,1522
904.724,1515
904.841,1467
904.957,1477
905.073,1484
905.189,1517
905.305,1503
905.421,1443
905.538,1498
905.654,1518
905.77,1466
905.886,1482
906.002,1442
906.118,1455
906.234,1470
906.35,1467
906.466,1472
906.583,1438
906.699,1460
906.815,1437
906.931,1440
907.047,1445
907.163,1447
907.279,1407
907.395,1473
907.511,1476
907.627,1475
907.743,1456
907.859,1473
907.976,1464
908.092,1413
908.208,1497
908.324,1452
908.44,1489
908.556,1460
908.672,1464
908.788,1482
908.904,1498
909.02,1481
909.136,1453
909.252,1502
909.368,1453
909.484,1472
909.6,1472
909.716,1489
909.832,1423
909.948,1456
910.064,1448
910.18,1475
910.296,1458
910.412,1424
910.528,1470
910.644,1436
910.76,1478
910.875,1426
910.991,1449
911.107,1438
911.223,1449
911.339,1466
911.455,1449
911.571,1485
911.687,1478
911.803,1430
911.919,1433
912.035,1445
912.151,1414
912.267,1497
912.382,1428
912.498,1464
912.614,1445
912.73,1452
912.846,1433
792.446,3155
792.565,3111
792.684,3088
792.803,2944
792.922,2852
793.041,2788
793.16,2744
793.279,2762
793.398,2698
793.518,2652
793.637,2616
793.756,2542
793.875,2564
793.994,2483
794.113,2466
794.232,2439
794.351,2445
794.47,2414
794.589,2362
794.708,2375
794.827,2323
794.946,2317
795.066,2336
795.185,2316
795.304,2204
795.423,2282
795.542,2246
795.661,2223
795.78,2157
795.899,2166
796.018,2126
796.137,2126
796.256,2161
796.375,2045
796.494,2101
796.613,2072
796.732,2033
796.851,2046
796.97,2071
797.089,2016
797.208,2043
797.327,2008
797.446,2001
797.565,1979
797.684,2011
797.803,1948
797.922,1923
798.041,1956
798.16,1972
798.279,1928
798.398,1934
798.517,1936
798.636,1952
798.755,1937
798.874,1931
798.993,1964
799.112,1904
799.231,1925
799.35,1888
799.469,1905
799.588,1943
799.707,1902
799.826,1855
799.945,1903
800.064,1883
800.183,1858
800.302,1870
800.421,1888
800.54,1811
800.659,1865
800.778,1841
800.897,1873
801.016,1848
801.135,1856
801.254,1821
801.373,1880
801.492,1858
801.611,1861
801.729,1861
801.848,1774
801.967,1829
802.086,1809
802.205,1818
802.324,1781
802.443,1793
802.562,1800
802.681,1796
802.8,1774
802.919,1777
803.038,1822
803.157,1796
803.276,1736
803.394,1813
803.513,1745
803.632,1721
803.751,1753
803.87,1774
803.989,1802
804.108,1790
804.227,1765
804.346,1741
804.465,1762
804.583,1746
804.702,1818
804.821,1753
804.94,1799
805.059,1758
805.178,1756
805.297,1756
805.416,1755
805.535,1778
805.653,1717
805.772,1730
805.891,1744
806.01,1784
806.129,1764
806.248,1773
806.367,1715
806.485,1683
806.604,1730
806.723,1759
806.842,1734
806.961,1766
807.08,1739
807.198,1719
807.317,1751
807.436,1743
807.555,1725
807.674,1744
807.793,1767
807.912,1711
808.03,1750
808.149,1703
808.268,1745
808.387,1704
808.506,1679
808.624,1693
808.743,1692
808.862,1693
808.981,1712
809.1,1726
809.219,1714
809.337,1729
809.456,1728
809.575,1706
809.694,1691
809.812,1689
809.931,1708
810.05,1717
810.169,1711
810.288,1730
810.406,1698
810.525,1682
810.644,1669
810.763,1697
810.882,1668
811.0,1686
811.119,1684
811.238,1724
811.357,1679
811.475,1656
811.594,1736
811.713,1714
811.832,1728
811.95,1701
812.069,1748
812.188,1765
812.307,1747
812.425,1726
812.544,1705
812.663,1752
812.782,1727
812.9,1719
813.019,1760
813.138,1722
813.257,1718
813.375,1695
813.494,1666
813.613,1730
813.731,1673
813.85,1692
813.969,1724
814.088,1661
814.206,1658
814.325,1713
814.444,1669
814.562,1678
814.681,1693
814.8,1632
814.918,1708
815.037,1672
815.156,1703
815.274,1694
815.393,1667
815.512,1660
815.631,1656
815.749,1693
815.868,1648
815.987,1679
816.105,1659
816.224,1675
816.343,1648
816.461,1685
816.58,1641
816.698,1664
816.817,1706
816.936,1671
817.055,1692
817.173,1668
817.292,1662
817.41,1675
817.529,1656
817.648,1637
817.766,1591
817.885,1649
818.004,1599
818.122,1605
818.241,1607
818.359,1593
818.478,1609
818.597,1634
818.715,1613
818.834,1550
818.953,1589
819.071,1627
819.19,1609
819.308,1581
819.427,1583
819.546,1587
819.664,1567
819.783,1512
819.901,1567
820.02,1541
820.138,1530
820.257,1585
820.376,1566
820.494,1575
820.613,1574
820.731,1561
820.85,1557
820.969,1602
821.087,1570
821.206,1531
821.324,1541
821.443,1519
821.561,1542
821.68,1557
821.798,1560
821.917,1509
822.035,1528
822.154,1555
822.273,1563
822.391,1531
822.51,1512
822.628,1537
822.747,1509
822.865,1516
822.984,1483
823.102,1487
823.221,1482
823.339,1538
823.458,1473
823.576,1523
823.695,1518
823.813,1544
823.932,1479
824.05,1546
824.169,1508
824.287,1521
824.406,1531
824.524,1505
824.643,1571
824.761,1472
824.88,1542
824.998,1541
825.117,1507
825.235,1510
825.354,1543
825.472,1527
825.591,1517
825.709,1482
825.828,1471
825.946,1511
826.064,1500
826.183,1485
826.301,1514
826.42,1499
826.538,1486
826.657,1478
826.775,1469
826.894,1484
827.012,1454
827.13,1475
827.249,1473
827.367,1479
827.486,1506
827.604,1501
827.723,1459
827.841,1486
827.959,1451
828.078,1471
828.196,1454
828.315,1461
828.433,1474
828.552,1493
828.67,1484
828.788,1533
828.907,1455
829.025,1487
829.143,1435
829.262,1471
829.38,1457
829.499,1447
829.617,1503
829.735,1481
829.854,1464
829.972,1470
830.091,1470
830.209,1420
830.327,1515
830.446,1444
830.564,1456
830.682,1503
830.801,1470
830.919,1539
831.037,1522
831.156,1488
831.274,1538
831.392,1553
831.511,1472
831.629,1494
831.747,1465
831.866,1477
831.984,1444
832.102,1442
832.221,1520
832.339,1504
832.457,1503
832.576,1517
832.694,1468
832.812,1490
832.93,1476
833.049,1455
833.167,1505
833.285,1474
833.404,1511
833.522,1467
833.64,1493
833.759,1513
833.877,1457
833.995,1460
834.113,1490
834.232,1484
834.35,1492
834.468,1480
834.586,1496
834.705,1491
834.823,1495
834.941,1522
835.059,1483
835.178,1499
835.296,1450
835.414,1504
835.532,1458
835.651,1451
835.769,1464
835.887,1499
836.005,1454
836.124,1459
836.242,1417
836.36,1455
836.478,1419
836.596,1462
836.715,1414
836.833,1464
836.951,1478
837.069,1480
837.188,1462
837.306,1494
837.424,1500
837.542,1474
837.66,1435
837.779,1435
837.897,1405
838.015,1504
838.133,1501
838.251,1487
838.369,1499
838.487,1491
838.606,1469
838.724,1511
838.842,1457
838.96,1526
839.078,1484
839.196,1463
839.315,1502
839.433,1479
839.551,1479
839.669,1497
839.787,1507
839.905,1514
840.023,1500
840.142,1489
840.26,1529
840.378,1576
840.496,1503
840.614,1512
840.732,1505
840.85,1501
840.968,1530
841.087,1502
841.205,1494
841.323,1522
841.441,1552
841.559,1532
841.677,1545
841.795,1558
841.913,1525
842.031,1538
842.149,1515
842.267,1556
842.385,1499
842.504,1528
842.622,1467
842.74,1495
842.858,1536
842.976,1513
843.094,1513
843.212,1527
843.33,1537
843.448,1513
843.566,1582
843.684,1539
843.802,1527
843.92,1514
844.038,1517
844.156,1509
844.274,1489
844.392,1525
844.51,1501
844.628,1487
844.746,1496
844.864,1480
844.982,1480
845.1,1527
845.218,1494
845.336,1507
845.454,1489
845.572,1469
845.69,1513
845.808,1476
845.926,1504
846.044,1473
846.162,1473
846.28,1504
846.398,1492
846.516,1470
846.634,1531
846.752,1513
846.87,1530
846.988,1554
847.106,1481
847.224,1491
847.342,1533
847.46,1543
847.578,1462
847.696,1517
847.814,1522
847.932,1507
848.05,1470
848.168,1517
848.285,1465
848.403,1504
848.521,1529
848.639,1520
848.757,1510
848.875,1495
848.993,1516
849.111,1512
849.229,1514
849.347,1561
849.465,1543
849.582,1515
849.7,1536
849.818,1521
849.936,1499
850.054,1570
850.172,1506
850.29,1543
850.408,1486
850.525,1546
850.643,1522
850.761,1516
850.879,1488
850.997,1520
851.115,1482
851.233,1542
851.35,1459
851.468,1475
851.586,1468
851.704,1528
851.822,1512
851.94,1499
852.057,1469
852.175,1520
852.293,1546
852.411,1555
852.529,1508
852.647,1637
852.764,1577
852.882,1609
853.0,1575
853.118,1598
853.236,1534
853.353,1540
853.471,1527
853.589,1524
853.707,1482
853.824,1503
853.942,1480
854.06,1479
854.178,1578
854.296,1527
854.413,1522
854.531,1535
854.649,1512
854.767,1470
854.884,1586
855.002,1495
855.12,1537
855.238,1507
855.355,1535
855.473,1482
855.591,1462
855.708,1556
855.826,1535
855.944,1551
856.062,1488
856.179,1532
856.297,1515
856.415,1500
856.532,1539
856.65,1506
856.768,1550
856.886,1577
857.003,1565
857.121,1534
857.239,1520
857.356,1569
857.474,1545
857.592,1536
857.709,1535
857.827,1511
857.945,1555
858.062,1535
858.18,1536
858.298,1560
858.415,1529
858.533,1531
858.651,1573
858.768,1583
858.886,1538
859.003,1479
859.121,1538
859.239,1480
859.356,1547
859.474,1501
859.592,1495
859.709,1510
859.827,1527
859.944,1452
860.062,1528
860.18,1496
860.297,1538
860.415,1470
860.532,1506
860.65,1508
860.768,1537
860.885,1496
861.003,1463
861.12,1506
861.238,1527
861.356,1494
861.473,1479
861.591,1528
861.708,1515
861.826,1535
861.943,1441
862.061,1513
862.178,1515
862.296,1477
862.414,1481
862.531,1495
862.649,1484
862.766,1467
862.884,1485
863.001,1468
863.119,1486
863.236,1517
863.354,1520
863.471,1525
863.589,1493
863.706,1554
863.824,1510
863.941,1573
864.059,1553
864.176,1574
864.294,1534
864.411,1565
864.529,1499
864.646,1543
864.764,1506
864.881,1502
864.999,1478
865.116,1519
865.233,1507
865.351,1488
865.468,1522
865.586,1504
865.703,1517
865.821,1494
865.938,1489
866.056,1508
866.173,1501
866.29,1516
866.408,1480
866.525,1493
866.643,1476
866.76,1511
866.878,1481
866.995,1493
867.112,1519
867.23,1476
867.347,1498
867.465,1498
867.582,1512
867.699,1471
867.817,1476
867.934,1466
868.051,1506
868.169,1524
868.286,1475
868.404,1460
868.521,1488
868.638,1479
868.756,1474
868.873,1515
868.99,1497
869.108,1514
869.225,1535
869.342,1517
869.46,1487
869.577,1526
869.694,1515
869.812,1547
869.929,1544
870.046,1533
870.164,1505
870.281,1538
870.398,1531
870.516,1536
870.633,1510
870.75,1549
870.867,1515
870.985,1547
871.102,1525
871.219,1586
871.337,1563
871.454,1541
871.571,1576
871.688,2564
871.806,1720
871.923,1535
872.04,1581
872.157,1556
872.275,1613
872.392,1580
872.509,1604
872.626,1613
872.744,1586
872.861,1527
872.978,1562
873.095,1551
873.213,1563
873.33,1561
873.447,1543
873.564,1550
873.681,1541
873.799,1539
873.916,1511
874.033,1550
874.15,1546
874.267,1530
874.385,1569
874.502,1522
874.619,1553
874.736,1588
874.853,1517
874.97,1592
875.088,1536
875.205,1550
875.322,1589
875.439,1581
875.556,1525
875.673,1548
875.791,1567
875.908,1536
876.025,1503
876.142,1528
876.259,1540
876.376,1520
876.493,1563
876.61,1568
876.728,1517
876.845,1510
876.962,1517
877.079,1572
877.196,1519
877.313,1538
877.43,1515
877.547,1515
877.664,1507
877.781,1492
877.898,1551
878.016,1541
878.133,1494
878.25,1499
878.367,1465
878.484,1517
878.601,1523
878.718,1499
878.835,1517
878.952,1463
879.069,1538
879.186,1504
879.303,1464
879.42,1471
879.537,1427
879.654,1471
879.771,1489
879.888,1481
880.005,1466
880.122,1513
880.239,1449
880.356,1436
880.473,1481
880.59,1464
880.707,1425
880.824,1448
880.941,1431
881.058,1459
881.175,1473
881.292,1478
881.409,1436
881.526,1461
881.643,1399
881.76,1438
881.877,1458
881.994,1535
882.111,1456
882.228,1494
882.345,1475
882.462,1485
882.579,1469
882.696,1441
882.812,1430
882.929,1487
883.046,1468
883.163,1431
883.28,1431
883.397,1470
883.514,1507
883.631,1463
883.748,1458
883.865,1470
883.982,1492
884.098,1490
884.215,1482
884.332,1522
884.449,1479
884.566,1538
884.683,1506
884.8,1543
884.916,1556
885.033,1616
885.15,1642
885.267,1670
885.384,1707
885.501,1686
885.617,1711
885.734,1695
885.851,1656
885.968,1700
886.085,1673
886.202,1695
886.318,1715
886.435,1682
886.552,1660
886.669,1607
886.786,1657
886.902,1640
887.019,1609
887.136,1598
887.253,1625
887.369,1611
887.486,1591
887.603,1595
887.72,1580
887.837,1560
887.953,1533
888.07,1541
888.187,1532
888.304,1530
888.42,1505
888.537,1488
888.654,1482
888.77,1461
888.887,1465
889.004,1435
889.121,1461
889.237,1466
889.354,1465
889.471,1448
889.587,1470
889.704,1497
889.821,1418
889.938,1465
890.054,1454
890.171,1426
890.288,1479
890.404,1495
890.521,1470
890.638,1479
890.754,1488
890.871,1489
890.988,1491
891.104,1492
891.221,1540
891.337,1498
891.454,1455
891.571,1499
891.687,1479
891.804,1555
891.921,1527
892.037,1548
892.154,1564
892.27,1525
892.387,1469
892.504,1529
892.62,1534
892.737,1497
892.854,1440
892.97,1516
893.087,1428
893.203,1474
893.32,1451
893.436,1446
893.553,1443
893.67,1475
893.786,1475
893.903,1441
894.019,1477
894.136,1443
894.252,1446
894.369,1441
894.485,1471
894.602,1447
894.718,1457
894.835,1458
894.951,1442
895.068,1479
895.184,1432
895.301,1494
895.417,1423
895.534,1438
895.65,1400
895.767,1439
895.883,1474
896.0,1481
896.116,1453
896.233,1430
896.349,1427
896.466,1438
896.582,1480
896.699,1445
896.815,1449
896.932,1436
897.048,1427
897.165,1499
897.281,1424
897.397,1454
897.514,1415
897.63,1455
897.747,1458
897.863,1476
897.979,1462
898.096,1400
898.212,1464
898.329,1478
898.445,1483
898.561,1447
898.678,1475
898.794,1501
898.911,1460
899.027,1484
899.143,1520
899.26,1470
899.376,1462
899.492,1515
899.609,1499
899.725,1451
899.842,1516
899.958,1506
900.074,1445
900.191,1499
900.307,1456
900.423,1477
900.539,1463
900.656,1478
900.772,1472
900.888,1491
901.005,1434
901.121,1485
901.237,1485
901.354,1499
901.47,1520
901.586,1480
901.703,1499
901.819,1462
901.935,1498
902.051,1549
902.168,1552
902.284,1556
902.4,1569
902.516,1568
902.633,1565
902.749,1612
902.865,1611
902.981,1518
903.098,1622
903.214,1600
903.33,1619
903.446,1551
903.562,1605
903.679,1587
903.795,1613
903.911,1566
904.027,1553
904.143,1569
904.26,1511
904.376,1569
904.492,1544
904.608,1482
904.724,1498
904.841,1527
904.957,1527
905.073,1459
905.189,1484
905.305,1484
905.421,1473
905.538,1451
905.654,1519
905.77,1450
905.886,1467
906.002,1491
906.118,1472
906.234,1423
906.35,1477
906.466,1501
906.583,1464
906.699,1457
906.815,1512
906.931,1455
907.047,1437
907.163,1476
907.279,1479
907.395,1467
907.511,1466
907.627,1470
907.743,1495
907.859,1454
907.976,1476
908.092,1492
908.208,1435
908.324,1462
908.44,1458
908.556,1486
908.672,1423
908.788,1464
908.904,1478
909.02,1523
909.136,1444
909.252,1469
909.368,1492
909.484,1476
909.6,1476
909.716,1457
909.832,1468
909.948,1463
910.064,1471
910.18,1447
910.296,1476
910.412,1488
910.528,1491
910.644,1474
910.76,1439
910.875,1476
910.991,1415
911.107,1470
911.223,1456
911.339,1455
911.455,1508
911.571,1470
911.687,1412
911.803,1474
911.919,1461
912.035,1488
912.151,1438
912.267,1492
912.382,1455
912.498,1454
912.614,1473
912.73,1430
912.846,1465
