792.446,483
792.565,509
792.684,552
792.803,534
792.922,475
793.041,477
793.16,473
793.279,476
793.398,496
793.518,473
793.637,459
793.756,496
793.875,486
793.994,513
794.113,486
794.232,478
794.351,475
794.47,487
794.589,492
794.708,485
794.827,474
794.946,485
795.066,491
795.185,490
795.304,473
795.423,486
795.542,500
795.661,477
795.78,467
795.899,474
796.018,481
796.137,462
796.256,474
796.375,491
796.494,478
796.613,479
796.732,480
796.851,470
796.97,476
797.089,477
797.208,468
797.327,489
797.446,476
797.565,488
797.684,478
797.803,465
797.922,466
798.041,469
798.16,462
798.279,478
798.398,479
798.517,459
798.636,470
798.755,463
798.874,480
798.993,462
799.112,466
799.231,485
799.35,473
799.469,480
799.588,465
799.707,470
799.826,480
799.945,480
800.064,465
800.183,487
800.302,476
800.421,464
800.54,469
800.659,475
800.778,450
800.897,485
801.016,462
801.135,444
801.254,484
801.373,461
801.492,470
801.611,467
801.729,467
801.848,457
801.967,448
802.086,480
802.205,469
802.324,460
802.443,478
802.562,466
802.681,464
802.8,461
802.919,463
803.038,463
803.157,474
803.276,461
803.394,457
803.513,474
803.632,458
803.751,467
803.87,477
803.989,472
804.108,451
804.227,467
804.346,486
804.465,480
804.583,478
804.702,483
804.821,453
804.94,465
805.059,452
805.178,479
805.297,466
805.416,490
805.535,460
805.653,462
805.772,464
805.891,477
806.01,452
806.129,467
806.248,457
806.367,464
806.485,459
806.604,467
806.723,458
806.842,442
806.961,444
807.08,491
807.198,475
807.317,469
807.436,478
807.555,471
807.674,452
807.793,462
807.912,466
808.03,457
808.149,460
808.268,475
808.387,479
808.506,462
808.624,469
808.743,476
808.862,449
808.981,474
809.1,454
809.219,452
809.337,466
809.456,455
809.575,446
809.694,473
809.812,461
809.931,470
810.05,468
810.169,470
810.288,459
810.406,477
810.525,466
810.644,433
810.763,458
810.882,449
811.0,462
811.119,474
811.238,444
811.357,461
811.475,458
811.594,465
811.713,471
811.832,442
811.95,464
812.069,468
812.188,492
812.307,480
812.425,464
812.544,475
812.663,457
812.782,484
812.9,447
813.019,472
813.138,453
813.257,465
813.375,456
813.494,467
813.613,451
813.731,474
813.85,443
813.969,476
814.088,455
814.206,441
814.325,444
814.444,451
814.562,464
814.681,457
814.8,450
814.918,462
815.037,443
815.156,450
815.274,446
815.393,465
815.512,466
815.631,474
815.749,459
815.868,481
815.987,458
816.105,442
816.224,464
816.343,459
816.461,455
816.58,469
816.698,450
816.817,464
816.936,443
817.055,452
817.173,463
817.292,454
817.41,460
817.529,467
817.648,448
817.766,451
817.885,457
818.004,436
818.122,467
818.241,447
818.359,446
818.478,449
818.597,463
818.715,460
818.834,465
818.953,448
819.071,445
819.19,456
819.308,451
819.427,448
819.546,428
819.664,442
819.783,445
819.901,441
820.02,464
820.138,434
820.257,451
820.376,447
820.494,463
820.613,432
820.731,468
820.85,450
820.969,459
821.087,458
821.206,450
821.324,468
821.443,449
821.561,436
821.68,444
821.798,447
821.917,456
822.035,445
822.154,448
822.273,475
822.391,466
822.51,438
822.628,454
822.747,441
822.865,448
822.984,461
823.102,430
823.221,445
823.339,434
823.458,452
823.576,443
823.695,448
823.813,453
823.932,455
824.05,455
824.169,455
824.287,431
824.406,440
824.524,429
824.643,449
824.761,480
824.88,436
824.998,463
825.117,437
825.235,441
825.354,458
825.472,446
825.591,456
825.709,442
825.828,444
825.946,438
826.064,439
826.183,461
826.301,454
826.42,457
826.538,448
826.657,456
826.775,439
826.894,439
827.012,456
827.13,448
827.249,437
827.367,460
827.486,433
827.604,445
827.723,445
827.841,423
827.959,456
828.078,434
828.196,448
828.315,437
828.433,425
828.552,439
828.67,440
828.788,437
828.907,448
829.025,439
829.143,448
829.262,439
829.38,461
829.499,439
829.617,420
829.735,428
829.854,453
829.972,446
830.091,448
830.209,453
830.327,429
830.446,444
830.564,426
830.682,439
830.801,456
830.919,449
831.037,452
831.156,437
831.274,455
831.392,432
831.511,428
831.629,456
831.747,443
831.866,443
831.984,437
832.102,438
832.221,446
832.339,421
832.457,447
832.576,436
832.694,436
832.812,444
832.93,447
833.049,440
833.167,445
833.285,442
833.404,443
833.522,441
833.64,436
833.759,441
833.877,450
833.995,436
834.113,443
834.232,468
834.35,449
834.468,434
834.586,442
834.705,451
834.823,443
834.941,450
835.059,416
835.178,442
835.296,437
835.414,444
835.532,433
835.651,424
835.769,438
835.887,448
836.005,457
836.124,430
836.242,448
836.36,437
836.478,450
836.596,445
836.715,443
836.833,446
836.951,440
837.069,432
837.188,432
837.306,443
837.424,443
837.542,446
837.66,439
837.779,437
837.897,446
838.015,439
838.133,436
838.251,435
838.369,459
838.487,443
838.606,451
838.724,441
838.842,449
838.96,439
839.078,435
839.196,429
839.315,432
839.433,437
839.551,434
839.669,442
839.787,437
839.905,448
840.023,449
840.142,433
840.26,436
840.378,463
840.496,435
840.614,428
840.732,436
840.85,420
840.968,438
841.087,438
841.205,453
841.323,424
841.441,421
841.559,459
841.677,454
841.795,419
841.913,428
842.031,449
842.149,438
842.267,415
842.385,459
842.504,427
842.622,444
842.74,444
842.858,423
842.976,444
843.094,443
843.212,445
843.33,438
843.448,451
843.566,442
843.684,433
843.802,450
843.92,434
844.038,438
844.156,419
844.274,444
844.392,424
844.51,436
844.628,442
844.746,435
844.864,432
844.982,438
845.1,434
845.218,431
845.336,417
845.454,442
845.572,456
845.69,426
845.808,452
845.926,445
846.044,441
846.162,446
846.28,451
846.398,419
846.516,432
846.634,440
846.752,428
846.87,435
846.988,440
847.106,421
847.224,438
847.342,449
847.46,414
847.578,450
847.696,460
847.814,457
847.932,436
848.05,432
848.168,446
848.285,443
848.403,426
848.521,400
848.639,440
848.757,453
848.875,442
848.993,429
849.111,429
849.229,444
849.347,425
849.465,429
849.582,439
849.7,439
849.818,423
849.936,434
850.054,437
850.172,439
850.29,438
850.408,438
850.525,429
850.643,446
850.761,442
850.879,448
850.997,448
851.115,423
851.233,442
851.35,427
851.468,443
851.586,450
851.704,438
851.822,455
851.94,410
852.057,438
852.175,452
852.293,421
852.411,436
852.529,421
852.647,446
852.764,453
852.882,434
853.0,454
853.118,439
853.236,443
853.353,443
853.471,444
853.589,433
853.707,440
853.824,441
853.942,456
854.06,436
854.178,460
854.296,433
854.413,442
854.531,442
854.649,450
854.767,426
854.884,432
855.002,433
855.12,409
855.238,442
855.355,436
855.473,431
855.591,438
855.708,427
855.826,440
855.944,437
856.062,445
856.179,421
856.297,445
856.415,430
856.532,449
856.65,439
856.768,440
856.886,455
857.003,441
857.121,452
857.239,431
857.356,427
857.474,428
857.592,425
857.709,441
857.827,429
857.945,446
858.062,435
858.18,453
858.298,443
858.415,422
858.533,426
858.651,429
858.768,434
858.886,455
859.003,451
859.121,450
859.239,463
859.356,452
859.474,439
859.592,446
859.709,423
859.827,429
859.944,424
860.062,435
860.18,434
860.297,440
860.415,431
860.532,459
860.65,441
860.768,431
860.885,446
861.003,420
861.12,414
861.238,467
861.356,432
861.473,420
861.591,436
861.708,428
861.826,447
861.943,436
862.061,444
862.178,429
862.296,440
862.414,446
862.531,439
862.649,449
862.766,434
862.884,434
863.001,450
863.119,442
863.236,428
863.354,451
863.471,443
863.589,445
863.706,430
863.824,417
863.941,423
864.059,438
864.176,454
864.294,419
864.411,438
864.529,454
864.646,454
864.764,447
864.881,425
864.999,441
865.116,445
865.233,438
865.351,450
865.468,442
865.586,434
865.703,442
865.821,426
865.938,440
866.056,433
866.173,453
866.29,432
866.408,445
866.525,414
866.643,432
866.76,426
866.878,438
866.995,431
867.112,439
867.23,433
867.347,441
867.465,445
867.582,430
867.699,444
867.817,430
867.934,430
868.051,433
868.169,451
868.286,442
868.404,459
868.521,441
868.638,428
868.756,450
868.873,423
868.99,448
869.108,452
869.225,447
869.342,450
869.46,446
869.577,419
869.694,442
869.812,433
869.929,446
870.046,421
870.164,437
870.281,426
870.398,424
870.516,439
870.633,438
870.75,418
870.867,443
870.985,433
871.102,440
871.219,436
871.337,449
871.454,426
871.571,461
871.688,441
871.806,433
871.923,439
872.04,437
872.157,445
872.275,424
872.392,428
872.509,442
872.626,425
872.744,463
872.861,431
872.978,432
873.095,435
873.213,453
873.33,435
873.447,418
873.564,429
873.681,439
873.799,439
873.916,448
874.033,435
874.15,448
874.267,438
874.385,424
874.502,455
874.619,440
874.736,442
874.853,452
874.97,439
875.088,440
875.205,451
875.322,449
875.439,432
875.556,432
875.673,442
875.791,440
875.908,443
876.025,448
876.142,438
876.259,434
876.376,450
876.493,450
876.61,449
876.728,434
876.845,445
876.962,438
877.079,428
877.196,447
877.313,431
877.43,445
877.547,429
877.664,456
877.781,441
877.898,465
878.016,428
878.133,429
878.25,448
878.367,436
878.484,442
878.601,447
878.718,439
878.835,449
878.952,437
879.069,446
879.186,434
879.303,433
879.42,442
879.537,453
879.654,447
879.771,438
879.888,438
880.005,424
880.122,432
880.239,434
880.356,438
880.473,450
880.59,446
880.707,459
880.824,436
880.941,430
881.058,421
881.175,452
881.292,450
881.409,436
881.526,473
881.643,436
881.76,449
881.877,441
881.994,440
882.111,467
882.228,427
882.345,452
882.462,415
882.579,432
882.696,437
882.812,444
882.929,452
883.046,441
883.163,436
883.28,436
883.397,423
883.514,435
883.631,426
883.748,419
883.865,441
883.982,430
884.098,452
884.215,439
884.332,429
884.449,435
884.566,443
884.683,446
884.8,436
884.916,417
885.033,434
885.15,441
885.267,450
885.384,442
885.501,441
885.617,466
885.734,445
885.851,442
885.968,425
886.085,438
886.202,432
886.318,446
886.435,444
886.552,444
886.669,445
886.786,465
886.902,444
887.019,444
887.136,418
887.253,449
887.369,420
887.486,434
887.603,458
887.72,443
887.837,442
887.953,437
888.07,433
888.187,440
888.304,441
888.42,424
888.537,425
888.654,436
888.77,447
888.887,431
889.004,426
889.121,439
889.237,446
889.354,456
889.471,437
889.587,453
889.704,448
889.821,445
889.938,458
890.054,440
890.171,433
890.288,446
890.404,442
890.521,429
890.638,451
890.754,452
890.871,446
890.988,435
891.104,463
891.221,447
891.337,439
891.454,425
891.571,445
891.687,445
891.804,444
891.921,438
892.037,455
892.154,434
892.27,434
892.387,438
892.504,424
892.62,458
892.737,439
892.854,450
892.97,455
893.087,457
893.203,425
893.32,436
893.436,443
893.553,461
893.67,446
893.786,448
893.903,423
894.019,432
894.136,462
894.252,447
894.369,432
894.485,457
894.602,438
894.718,445
894.835,447
894.951,451
895.068,461
895.184,469
895.301,442
895.417,445
895.534,460
895.65,437
895.767,454
895.883,439
896.0,442
896.116,423
896.233,445
896.349,452
896.466,452
896.582,445
896.699,445
896.815,449
896.932,450
897.048,454
897.165,443
897.281,448
897.397,448
897.514,446
897.63,445
897.747,438
897.863,437
897.979,454
898.096,471
898.212,451
898.329,453
898.445,443
898.561,449
898.678,453
898.794,460
898.911,453
899.027,450
899.143,446
899.26,448
899.376,451
899.492,463
899.609,448
899.725,442
899.842,434
899.958,443
900.074,441
900.191,456
900.307,449
900.423,448
900.539,435
900.656,431
900.772,439
900.888,445
901.005,448
901.121,442
901.237,451
901.354,434
901.47,435
901.586,446
901.703,453
901.819,443
901.935,450
902.051,425
902.168,460
902.284,459
902.4,451
902.516,442
902.633,454
902.749,447
902.865,453
902.981,441
903.098,487
903.214,451
903.33,452
903.446,456
903.562,456
903.679,452
903.795,452
903.911,450
904.027,450
904.143,445
904.26,443
904.376,454
904.492,447
904.608,449
904.724,450
904.841,433
904.957,450
905.073,439
905.189,442
905.305,439
905.421,447
905.538,453
905.654,459
905.77,449
905.886,458
906.002,456
906.118,449
906.234,463
906.35,451
906.466,455
906.583,459
906.699,450
906.815,462
906.931,456
907.047,438
907.163,453
907.279,460
907.395,455
907.511,441
907.627,425
907.743,448
907.859,443
907.976,452
908.092,454
908.208,456
908.324,439
908.44,452
908.556,439
908.672,454
908.788,435
908.904,444
909.02,448
909.136,449
909.252,443
909.368,450
909.484,438
909.6,447
909.716,457
909.832,449
909.948,464
910.064,439
910.18,451
910.296,437
910.412,442
910.528,463
910.644,464
910.76,437
910.875,452
910.991,477
911.107,448
911.223,436
911.339,451
911.455,459
911.571,467
911.687,468
911.803,462
911.919,456
912.035,459
912.151,444
912.267,459
912.382,439
912.498,456
912.614,433
912.73,428
912.846,451
792.446,470
792.565,499
792.684,555
792.803,542
792.922,489
793.041,475
793.16,489
793.279,525
793.398,478
793.518,483
793.637,461
793.756,494
793.875,495
793.994,504
794.113,475
794.232,488
794.351,481
794.47,480
794.589,498
794.708,488
794.827,477
794.946,486
795.066,496
795.185,466
795.304,498
795.423,478
795.542,497
795.661,476
795.78,477
795.899,474
796.018,501
796.137,491
796.256,487
796.375,465
796.494,492
796.613,491
796.732,471
796.851,491
796.97,487
797.089,462
797.208,477
797.327,487
797.446,477
797.565,487
797.684,473
797.803,486
797.922,486
798.041,475
798.16,463
798.279,477
798.398,482
798.517,490
798.636,484
798.755,503
798.874,483
798.993,484
799.112,480
799.231,475
799.35,478
799.469,494
799.588,466
799.707,470
799.826,485
799.945,479
800.064,480
800.183,475
800.302,498
800.421,460
800.54,465
800.659,480
800.778,477
800.897,489
801.016,457
801.135,482
801.254,463
801.373,482
801.492,489
801.611,475
801.729,468
801.848,498
801.967,469
802.086,481
802.205,471
802.324,463
802.443,463
802.562,480
802.681,495
802.8,479
802.919,481
803.038,472
803.157,452
803.276,475
803.394,476
803.513,459
803.632,488
803.751,475
803.87,484
803.989,466
804.108,463
804.227,477
804.346,478
804.465,473
804.583,484
804.702,462
804.821,478
804.94,466
805.059,483
805.178,478
805.297,460
805.416,490
805.535,470
805.653,475
805.772,487
805.891,477
806.01,475
806.129,477
806.248,479
806.367,479
806.485,472
806.604,465
806.723,451
806.842,510
806.961,478
807.08,462
807.198,489
807.317,475
807.436,472
807.555,461
807.674,473
807.793,482
807.912,461
808.03,477
808.149,470
808.268,474
808.387,487
808.506,481
808.624,475
808.743,482
808.862,449
808.981,485
809.1,480
809.219,474
809.337,472
809.456,459
809.575,493
809.694,464
809.812,485
809.931,471
810.05,490
810.169,465
810.288,472
810.406,460
810.525,480
810.644,468
810.763,480
810.882,473
811.0,468
811.119,456
811.238,468
811.357,468
811.475,462
811.594,463
811.713,476
811.832,473
811.95,475
812.069,486
812.188,470
812.307,481
812.425,470
812.544,466
812.663,474
812.782,467
812.9,466
813.019,457
813.138,463
813.257,474
813.375,459
813.494,463
813.613,491
813.731,457
813.85,445
813.969,471
814.088,465
814.206,456
814.325,476
814.444,488
814.562,469
814.681,471
814.8,449
814.918,478
815.037,457
815.156,469
815.274,450
815.393,455
815.512,475
815.631,460
815.749,471
815.868,459
815.987,468
816.105,471
816.224,463
816.343,466
816.461,463
816.58,464
816.698,471
816.817,465
816.936,489
817.055,454
817.173,466
817.292,471
817.41,463
817.529,473
817.648,451
817.766,484
817.885,467
818.004,455
818.122,466
818.241,458
818.359,460
818.478,472
818.597,452
818.715,450
818.834,452
818.953,475
819.071,462
819.19,458
819.308,457
819.427,451
819.546,469
819.664,472
819.783,463
819.901,460
820.02,447
820.138,461
820.257,466
820.376,475
820.494,461
820.613,440
820.731,441
820.85,442
820.969,451
821.087,441
821.206,469
821.324,470
821.443,454
821.561,462
821.68,458
821.798,455
821.917,447
822.035,464
822.154,440
822.273,472
822.391,450
822.51,446
822.628,461
822.747,463
822.865,462
822.984,443
823.102,461
823.221,470
823.339,458
823.458,455
823.576,458
823.695,461
823.813,448
823.932,455
824.05,442
824.169,487
824.287,450
824.406,444
824.524,451
824.643,463
824.761,454
824.88,447
824.998,477
825.117,450
825.235,463
825.354,451
825.472,440
825.591,465
825.709,458
825.828,479
825.946,450
826.064,445
826.183,449
826.301,435
826.42,433
826.538,423
826.657,455
826.775,457
826.894,458
827.012,460
827.13,461
827.249,455
827.367,461
827.486,474
827.604,454
827.723,449
827.841,433
827.959,449
828.078,435
828.196,446
828.315,449
828.433,471
828.552,463
828.67,434
828.788,467
828.907,439
829.025,439
829.143,436
829.262,457
829.38,455
829.499,440
829.617,453
829.735,446
829.854,461
829.972,437
830.091,457
830.209,435
830.327,432
830.446,431
830.564,452
830.682,453
830.801,466
830.919,448
831.037,446
831.156,459
831.274,455
831.392,428
831.511,436
831.629,444
831.747,468
831.866,448
831.984,448
832.102,440
832.221,460
832.339,463
832.457,442
832.576,449
832.694,419
832.812,439
832.93,446
833.049,455
833.167,434
833.285,461
833.404,430
833.522,458
833.64,469
833.759,443
833.877,423
833.995,444
834.113,453
834.232,463
834.35,434
834.468,444
834.586,444
834.705,449
834.823,442
834.941,417
835.059,431
835.178,441
835.296,440
835.414,458
835.532,440
835.651,420
835.769,465
835.887,448
836.005,457
836.124,442
836.242,433
836.36,450
836.478,444
836.596,443
836.715,436
836.833,447
836.951,460
837.069,439
837.188,459
837.306,429
837.424,476
837.542,443
837.66,459
837.779,440
837.897,423
838.015,436
838.133,463
838.251,450
838.369,451
838.487,429
838.606,457
838.724,439
838.842,450
838.96,441
839.078,435
839.196,472
839.315,427
839.433,450
839.551,454
839.669,447
839.787,424
839.905,454
840.023,460
840.142,439
840.26,436
840.378,450
840.496,430
840.614,458
840.732,453
840.85,452
840.968,444
841.087,431
841.205,451
841.323,426
841.441,441
841.559,461
841.677,429
841.795,436
841.913,426
842.031,453
842.149,450
842.267,442
842.385,442
842.504,450
842.622,456
842.74,455
842.858,440
842.976,427
843.094,457
843.212,421
843.33,436
843.448,445
843.566,457
843.684,435
843.802,436
843.92,448
844.038,413
844.156,444
844.274,448
844.392,447
844.51,461
844.628,422
844.746,425
844.864,417
844.982,431
845.1,441
845.218,428
845.336,459
845.454,433
845.572,446
845.69,440
845.808,442
845.926,439
846.044,419
846.162,429
846.28,452
846.398,433
846.516,455
846.634,451
846.752,446
846.87,419
846.988,445
847.106,433
847.224,442
847.342,436
847.46,440
847.578,441
847.696,425
847.814,442
847.932,444
848.05,451
848.168,438
848.285,448
848.403,435
848.521,442
848.639,437
848.757,430
848.875,448
848.993,448
849.111,446
849.229,448
849.347,428
849.465,452
849.582,433
849.7,444
849.818,448
849.936,456
850.054,425
850.172,453
850.29,445
850.408,426
850.525,438
850.643,456
850.761,438
850.879,431
850.997,447
851.115,440
851.233,437
851.35,446
851.468,431
851.586,452
851.704,446
851.822,442
851.94,437
852.057,442
852.175,444
852.293,439
852.411,438
852.529,439
852.647,435
852.764,450
852.882,432
853.0,444
853.118,446
853.236,429
853.353,421
853.471,422
853.589,437
853.707,447
853.824,428
853.942,444
854.06,428
854.178,411
854.296,434
854.413,437
854.531,443
854.649,454
854.767,439
854.884,433
855.002,439
855.12,449
855.238,443
855.355,441
855.473,428
855.591,452
855.708,450
855.826,426
855.944,437
856.062,426
856.179,444
856.297,439
856.415,438
856.532,458
856.65,430
856.768,431
856.886,465
857.003,433
857.121,444
857.239,438
857.356,426
857.474,431
857.592,433
857.709,457
857.827,433
857.945,439
858.062,429
858.18,430
858.298,434
858.415,436
858.533,452
858.651,453
858.768,437
858.886,454
859.003,441
859.121,445
859.239,438
859.356,435
859.474,450
859.592,437
859.709,424
859.827,436
859.944,426
860.062,465
860.18,449
860.297,450
860.415,439
860.532,456
860.65,439
860.768,423
860.885,424
861.003,450
861.12,445
861.238,450
861.356,447
861.473,442
861.591,461
861.708,446
861.826,451
861.943,443
862.061,411
862.178,458
862.296,444
862.414,449
862.531,435
862.649,439
862.766,462
862.884,442
863.001,431
863.119,459
863.236,440
863.354,433
863.471,433
863.589,441
863.706,429
863.824,440
863.941,437
864.059,422
864.176,439
864.294,452
864.411,433
864.529,438
864.646,451
864.764,439
864.881,444
864.999,432
865.116,425
865.233,442
865.351,437
865.468,428
865.586,427
865.703,430
865.821,432
865.938,449
866.056,425
866.173,442
866.29,433
866.408,450
866.525,452
866.643,431
866.76,454
866.878,445
866.995,413
867.112,445
867.23,455
867.347,438
867.465,435
867.582,440
867.699,445
867.817,459
867.934,441
868.051,450
868.169,455
868.286,455
868.404,448
868.521,458
868.638,459
868.756,431
868.873,440
868.99,443
869.108,444
869.225,444
869.342,438
869.46,458
869.577,438
869.694,439
869.812,441
869.929,457
870.046,460
870.164,433
870.281,421
870.398,449
870.516,458
870.633,424
870.75,443
870.867,466
870.985,439
871.102,448
871.219,462
871.337,456
871.454,442
871.571,442
871.688,440
871.806,432
871.923,433
872.04,437
872.157,443
872.275,458
872.392,450
872.509,443
872.626,446
872.744,436
872.861,440
872.978,439
873.095,437
873.213,442
873.33,448
873.447,437
873.564,452
873.681,435
873.799,439
873.916,442
874.033,429
874.15,452
874.267,437
874.385,445
874.502,442
874.619,430
874.736,446
874.853,436
874.97,430
875.088,468
875.205,453
875.322,450
875.439,449
875.556,442
875.673,460
875.791,438
875.908,445
876.025,427
876.142,434
876.259,446
876.376,430
876.493,449
876.61,454
876.728,447
876.845,432
876.962,447
877.079,444
877.196,439
877.313,446
877.43,430
877.547,441
877.664,429
877.781,452
877.898,434
878.016,445
878.133,416
878.25,431
878.367,424
878.484,443
878.601,451
878.718,445
878.835,439
878.952,429
879.069,438
879.186,442
879.303,433
879.42,441
879.537,433
879.654,448
879.771,433
879.888,442
880.005,432
880.122,454
880.239,462
880.356,441
880.473,443
880.59,447
880.707,460
880.824,455
880.941,456
881.058,454
881.175,443
881.292,444
881.409,433
881.526,440
881.643,460
881.76,451
881.877,437
881.994,431
882.111,456
882.228,452
882.345,444
882.462,440
882.579,444
882.696,459
882.812,456
882.929,453
883.046,439
883.163,434
883.28,446
883.397,448
883.514,433
883.631,433
883.748,437
883.865,426
883.982,420
884.098,439
884.215,450
884.332,443
884.449,441
884.566,439
884.683,432
884.8,454
884.916,438
885.033,444
885.15,461
885.267,435
885.384,458
885.501,435
885.617,449
885.734,440
885.851,452
885.968,435
886.085,450
886.202,441
886.318,456
886.435,429
886.552,458
886.669,442
886.786,467
886.902,428
887.019,453
887.136,431
887.253,440
887.369,438
887.486,446
887.603,434
887.72,453
887.837,440
887.953,451
888.07,444
888.187,450
888.304,474
888.42,447
888.537,452
888.654,447
888.77,440
888.887,453
889.004,456
889.121,435
889.237,443
889.354,477
889.471,440
889.587,444
889.704,456
889.821,450
889.938,453
890.054,453
890.171,453
890.288,466
890.404,445
890.521,463
890.638,435
890.754,441
890.871,450
890.988,454
891.104,449
891.221,430
891.337,448
891.454,445
891.571,441
891.687,459
891.804,441
891.921,456
892.037,457
892.154,435
892.27,431
892.387,461
892.504,456
892.62,460
892.737,443
892.854,457
892.97,446
893.087,459
893.203,455
893.32,434
893.436,443
893.553,460
893.67,454
893.786,467
893.903,442
894.019,479
894.136,446
894.252,448
894.369,450
894.485,453
894.602,463
894.718,464
894.835,450
894.951,441
895.068,446
895.184,451
895.301,452
895.417,442
895.534,439
895.65,461
895.767,451
895.883,443
896.0,443
896.116,456
896.233,459
896.349,447
896.466,458
896.582,465
896.699,443
896.815,437
896.932,455
897.048,455
897.165,452
897.281,458
897.397,425
897.514,471
897.63,467
897.747,448
897.863,452
897.979,450
898.096,447
898.212,457
898.329,444
898.445,450
898.561,447
898.678,462
898.794,474
898.911,443
899.027,451
899.143,457
899.26,447
899.376,447
899.492,456
899.609,447
899.725,458
899.842,467
899.958,433
900.074,442
900.191,453
900.307,440
900.423,458
900.539,458
900.656,444
900.772,445
900.888,460
901.005,458
901.121,442
901.237,446
901.354,449
901.47,462
901.586,439
901.703,452
901.819,464
901.935,463
902.051,436
902.168,459
902.284,468
902.4,451
902.516,460
902.633,448
902.749,469
902.865,442
902.981,436
903.098,469
903.214,418
903.33,476
903.446,446
903.562,453
903.679,461
903.795,437
903.911,473
904.027,441
904.143,446
904.26,471
904.376,449
904.492,468
904.608,453
904.724,454
904.841,453
904.957,452
905.073,462
905.189,464
905.305,441
905.421,460
905.538,449
905.654,469
905.77,454
905.886,454
906.002,460
906.118,453
906.234,438
906.35,460
906.466,454
906.583,448
906.699,454
906.815,457
906.931,480
907.047,463
907.163,465
907.279,451
907.395,444
907.511,466
907.627,452
907.743,456
907.859,440
907.976,465
908.092,452
908.208,448
908.324,473
908.44,464
908.556,475
908.672,476
908.788,456
908.904,463
909.02,441
909.136,442
909.252,434
909.368,469
909.484,465
909.6,456
909.716,480
909.832,467
909.948,463
910.064,456
910.18,444
910.296,453
910.412,444
910.528,456
910.644,460
910.76,455
910.875,448
910.991,469
911.107,471
911.223,454
911.339,446
911.455,461
911.571,446
911.687,457
911.803,450
911.919,468
912.035,423
912.151,453
912.267,459
912.382,467
912.498,454
912.614,448
912.73,444
912.846,472
792.446,463
792.565,510
792.684,572
792.803,522
792.922,465
793.041,484
793.16,505
793.279,490
793.398,487
793.518,470
793.637,480
793.756,498
793.875,522
793.994,505
794.113,500
794.232,496
794.351,486
794.47,484
794.589,483
794.708,487
794.827,479
794.946,501
795.066,495
795.185,491
795.304,491
795.423,491
795.542,482
795.661,476
795.78,472
795.899,475
796.018,485
796.137,464
796.256,496
796.375,474
796.494,498
796.613,511
796.732,481
796.851,480
796.97,479
797.089,473
797.208,477
797.327,480
797.446,484
797.565,487
797.684,488
797.803,478
797.922,459
798.041,490
798.16,471
798.279,482
798.398,484
798.517,490
798.636,467
798.755,465
798.874,472
798.993,499
799.112,475
799.231,474
799.35,459
799.469,474
799.588,473
799.707,499
799.826,483
799.945,498
800.064,461
800.183,483
800.302,479
800.421,479
800.54,473
800.659,492
800.778,458
800.897,490
801.016,468
801.135,479
801.254,474
801.373,470
801.492,457
801.611,484
801.729,473
801.848,477
801.967,483
802.086,473
802.205,482
802.324,480
802.443,458
802.562,454
802.681,450
802.8,490
802.919,466
803.038,465
803.157,466
803.276,458
803.394,455
803.513,470
803.632,454
803.751,459
803.87,469
803.989,479
804.108,472
804.227,494
804.346,484
804.465,483
804.583,480
804.702,474
804.821,459
804.94,485
805.059,484
805.178,459
805.297,477
805.416,481
805.535,479
805.653,485
805.772,464
805.891,477
806.01,478
806.129,466
806.248,467
806.367,470
806.485,468
806.604,479
806.723,463
806.842,472
806.961,483
807.08,461
807.198,484
807.317,479
807.436,458
807.555,477
807.674,445
807.793,486
807.912,471
808.03,503
808.149,462
808.268,455
808.387,467
808.506,472
808.624,484
808.743,470
808.862,467
808.981,498
809.1,488
809.219,457
809.337,454
809.456,484
809.575,477
809.694,471
809.812,467
809.931,470
810.05,465
810.169,476
810.288,476
810.406,459
810.525,475
810.644,485
810.763,480
810.882,474
811.0,470
811.119,474
811.238,469
811.357,466
811.475,473
811.594,463
811.713,446
811.832,469
811.95,476
812.069,477
812.188,474
812.307,479
812.425,470
812.544,472
812.663,480
812.782,464
812.9,454
813.019,456
813.138,465
813.257,474
813.375,482
813.494,470
813.613,470
813.731,474
813.85,479
813.969,449
814.088,466
814.206,463
814.325,463
814.444,471
814.562,473
814.681,461
814.8,470
814.918,464
815.037,458
815.156,487
815.274,451
815.393,462
815.512,453
815.631,477
815.749,462
815.868,452
815.987,458
816.105,464
816.224,468
816.343,471
816.461,466
816.58,462
816.698,465
816.817,473
816.936,470
817.055,473
817.173,461
817.292,459
817.41,464
817.529,472
817.648,463
817.766,458
817.885,448
818.004,469
818.122,466
818.241,477
818.359,465
818.478,447
818.597,465
818.715,471
818.834,451
818.953,451
819.071,455
819.19,454
819.308,464
819.427,452
819.546,446
819.664,460
819.783,474
819.901,466
820.02,454
820.138,462
820.257,449
820.376,461
820.494,445
820.613,471
820.731,449
820.85,446
820.969,448
821.087,448
821.206,444
821.324,461
821.443,448
821.561,458
821.68,470
821.798,459
821.917,453
822.035,463
822.154,442
822.273,459
822.391,451
822.51,441
822.628,461
822.747,452
822.865,458
822.984,445
823.102,448
823.221,444
823.339,449
823.458,452
823.576,448
823.695,455
823.813,460
823.932,451
824.05,443
824.169,443
824.287,451
824.406,463
824.524,463
824.643,451
824.761,454
824.88,456
824.998,453
825.117,445
825.235,439
825.354,462
825.472,456
825.591,450
825.709,452
825.828,463
825.946,445
826.064,454
826.183,448
826.301,467
826.42,449
826.538,439
826.657,453
826.775,440
826.894,446
827.012,457
827.13,447
827.249,439
827.367,428
827.486,442
827.604,453
827.723,454
827.841,433
827.959,438
828.078,446
828.196,454
828.315,453
828.433,456
828.552,464
828.67,447
828.788,455
828.907,429
829.025,442
829.143,443
829.262,448
829.38,434
829.499,446
829.617,445
829.735,459
829.854,461
829.972,440
830.091,445
830.209,450
830.327,432
830.446,455
830.564,451
830.682,461
830.801,449
830.919,459
831.037,449
831.156,452
831.274,445
831.392,433
831.511,430
831.629,445
831.747,438
831.866,437
831.984,446
832.102,461
832.221,454
832.339,451
832.457,436
832.576,441
832.694,435
832.812,460
832.93,458
833.049,458
833.167,453
833.285,452
833.404,460
833.522,448
833.64,424
833.759,429
833.877,442
833.995,423
834.113,451
834.232,436
834.35,442
834.468,442
834.586,449
834.705,427
834.823,456
834.941,443
835.059,468
835.178,434
835.296,424
835.414,456
835.532,437
835.651,435
835.769,449
835.887,449
836.005,434
836.124,453
836.242,444
836.36,424
836.478,461
836.596,461
836.715,452
836.833,436
836.951,453
837.069,432
837.188,458
837.306,444
837.424,463
837.542,443
837.66,461
837.779,436
837.897,445
838.015,440
838.133,451
838.251,431
838.369,459
838.487,423
838.606,462
838.724,447
838.842,425
838.96,432
839.078,447
839.196,442
839.315,449
839.433,460
839.551,450
839.669,434
839.787,449
839.905,434
840.023,440
840.142,449
840.26,436
840.378,429
840.496,443
840.614,446
840.732,442
840.85,458
840.968,438
841.087,447
841.205,438
841.323,447
841.441,424
841.559,457
841.677,450
841.795,443
841.913,430
842.031,453
842.149,450
842.267,433
842.385,445
842.504,457
842.622,450
842.74,440
842.858,429
842.976,432
843.094,445
843.212,420
843.33,431
843.448,453
843.566,427
843.684,453
843.802,436
843.92,450
844.038,458
844.156,456
844.274,445
844.392,429
844.51,441
844.628,442
844.746,443
844.864,428
844.982,433
845.1,438
845.218,443
845.336,443
845.454,443
845.572,434
845.69,449
845.808,426
845.926,439
846.044,438
846.162,425
846.28,446
846.398,438
846.516,449
846.634,421
846.752,437
846.87,431
846.988,435
847.106,446
847.224,434
847.342,430
847.46,452
847.578,448
847.696,452
847.814,450
847.932,422
848.05,440
848.168,428
848.285,440
848.403,429
848.521,432
848.639,439
848.757,441
848.875,442
848.993,436
849.111,426
849.229,447
849.347,421
849.465,441
849.582,433
849.7,439
849.818,416
849.936,448
850.054,441
850.172,435
850.29,428
850.408,436
850.525,433
850.643,450
850.761,432
850.879,459
850.997,453
851.115,450
851.233,442
851.35,430
851.468,451
851.586,438
851.704,434
851.822,461
851.94,430
852.057,439
852.175,429
852.293,453
852.411,424
852.529,434
852.647,442
852.764,447
852.882,425
853.0,455
853.118,451
853.236,445
853.353,436
853.471,465
853.589,450
853.707,445
853.824,441
853.942,417
854.06,425
854.178,434
854.296,444
854.413,442
854.531,444
854.649,447
854.767,440
854.884,453
855.002,426
855.12,447
855.238,441
855.355,451
855.473,435
855.591,436
855.708,431
855.826,427
855.944,454
856.062,447
856.179,440
856.297,432
856.415,455
856.532,440
856.65,440
856.768,432
856.886,445
857.003,444
857.121,430
857.239,449
857.356,432
857.474,432
857.592,437
857.709,468
857.827,454
857.945,442
858.062,459
858.18,446
858.298,438
858.415,454
858.533,438
858.651,432
858.768,430
858.886,443
859.003,446
859.121,463
859.239,444
859.356,432
859.474,443
859.592,452
859.709,434
859.827,440
859.944,444
860.062,451
860.18,437
860.297,442
860.415,450
860.532,439
860.65,431
860.768,442
860.885,450
861.003,441
861.12,445
861.238,426
861.356,431
861.473,447
861.591,437
861.708,428
861.826,422
861.943,445
862.061,426
862.178,423
862.296,447
862.414,436
862.531,427
862.649,447
862.766,438
862.884,446
863.001,438
863.119,458
863.236,436
863.354,441
863.471,443
863.589,440
863.706,449
863.824,430
863.941,437
864.059,454
864.176,424
864.294,440
864.411,445
864.529,435
864.646,440
864.764,439
864.881,447
864.999,426
865.116,436
865.233,422
865.351,437
865.468,436
865.586,437
865.703,436
865.821,452
865.938,442
866.056,431
866.173,466
866.29,439
866.408,445
866.525,463
866.643,448
866.76,430
866.878,461
866.995,423
867.112,416
867.23,438
867.347,450
867.465,436
867.582,442
867.699,430
867.817,441
867.934,441
868.051,456
868.169,423
868.286,458
868.404,416
868.521,442
868.638,427
868.756,453
868.873,424
868.99,444
869.108,432
869.225,445
869.342,433
869.46,437
869.577,437
869.694,453
869.812,462
869.929,436
870.046,455
870.164,436
870.281,425
870.398,448
870.516,440
870.633,442
870.75,444
870.867,444
870.985,437
871.102,441
871.219,437
871.337,461
871.454,445
871.571,442
871.688,423
871.806,429
871.923,438
872.04,436
872.157,439
872.275,451
872.392,457
872.509,441
872.626,443
872.744,446
872.861,454
872.978,448
873.095,432
873.213,431
873.33,449
873.447,431
873.564,449
873.681,429
873.799,455
873.916,441
874.033,426
874.15,426
874.267,431
874.385,463
874.502,436
874.619,435
874.736,436
874.853,422
874.97,435
875.088,453
875.205,459
875.322,438
875.439,464
875.556,449
875.673,461
875.791,440
875.908,448
876.025,439
876.142,440
876.259,466
876.376,446
876.493,448
876.61,445
876.728,432
876.845,441
876.962,443
877.079,462
877.196,449
877.313,423
877.43,446
877.547,444
877.664,463
877.781,437
877.898,435
878.016,431
878.133,454
878.25,438
878.367,426
878.484,448
878.601,441
878.718,442
878.835,451
878.952,437
879.069,439
879.186,453
879.303,445
879.42,462
879.537,444
879.654,449
879.771,439
879.888,441
880.005,442
880.122,438
880.239,457
880.356,442
880.473,454
880.59,455
880.707,439
880.824,437
880.941,431
881.058,454
881.175,451
881.292,436
881.409,442
881.526,426
881.643,453
881.76,450
881.877,433
881.994,450
882.111,445
882.228,440
882.345,463
882.462,436
882.579,416
882.696,436
882.812,460
882.929,453
883.046,455
883.163,438
883.28,433
883.397,439
883.514,456
883.631,457
883.748,438
883.865,457
883.982,437
884.098,456
884.215,441
884.332,456
884.449,452
884.566,439
884.683,448
884.8,433
884.916,432
885.033,433
885.15,441
885.267,448
885.384,441
885.501,451
885.617,450
885.734,428
885.851,451
885.968,450
886.085,439
886.202,453
886.318,436
886.435,446
886.552,451
886.669,447
886.786,444
886.902,453
887.019,435
887.136,455
887.253,441
887.369,445
887.486,443
887.603,435
887.72,451
887.837,463
887.953,456
888.07,445
888.187,446
888.304,448
888.42,448
888.537,446
888.654,458
888.77,451
888.887,453
889.004,451
889.121,462
889.237,462
889.354,437
889.471,454
889.587,450
889.704,452
889.821,445
889.938,445
890.054,451
890.171,473
890.288,445
890.404,454
890.521,444
890.638,444
890.754,470
890.871,454
890.988,454
891.104,456
891.221,459
891.337,433
891.454,451
891.571,447
891.687,430
891.804,436
891.921,453
892.037,449
892.154,445
892.27,454
892.387,437
892.504,448
892.62,451
892.737,462
892.854,465
892.97,460
893.087,454
893.203,442
893.32,462
893.436,463
893.553,453
893.67,464
893.786,447
893.903,454
894.019,454
894.136,440
894.252,438
894.369,458
894.485,461
894.602,457
894.718,433
894.835,465
894.951,455
895.068,462
895.184,435
895.301,453
895.417,465
895.534,456
895.65,440
895.767,457
895.883,441
896.0,424
896.116,456
896.233,441
896.349,447
896.466,450
896.582,448
896.699,434
896.815,458
896.932,453
897.048,455
897.165,425
897.281,440
897.397,435
897.514,451
897.63,456
897.747,466
897.863,452
897.979,440
898.096,462
898.212,450
898.329,448
898.445,447
898.561,450
898.678,445
898.794,460
898.911,446
899.027,448
899.143,469
899.26,458
899.376,461
899.492,437
899.609,456
899.725,449
899.842,449
899.958,446
900.074,456
900.191,479
900.307,458
900.423,461
900.539,477
900.656,430
900.772,436
900.888,438
901.005,456
901.121,464
901.237,459
901.354,466
901.47,461
901.586,465
901.703,454
901.819,440
901.935,445
902.051,440
902.168,463
902.284,456
902.4,451
902.516,438
902.633,455
902.749,459
902.865,450
902.981,456
903.098,456
903.214,447
903.33,481
903.446,440
903.562,464
903.679,450
903.795,442
903.911,452
904.027,441
904.143,467
904.26,451
904.376,451
904.492,451
904.608,445
904.724,456
904.841,443
904.957,431
905.073,441
905.189,459
905.305,468
905.421,468
905.538,437
905.654,471
905.77,459
905.886,452
906.002,448
906.118,446
906.234,460
906.35,444
906.466,443
906.583,461
906.699,444
906.815,456
906.931,449
907.047,468
907.163,460
907.279,464
907.395,453
907.511,446
907.627,461
907.743,447
907.859,459
907.976,484
908.092,469
908.208,431
908.324,453
908.44,458
908.556,478
908.672,448
908.788,450
908.904,456
909.02,465
909.136,464
909.252,461
909.368,448
909.484,469
909.6,470
909.716,456
909.832,447
909.948,456
910.064,462
910.18,470
910.296,456
910.412,444
910.528,448
910.644,435
910.76,454
910.875,482
910.991,446
911.107,450
911.223,464
911.339,448
911.455,472
911.571,461
911.687,448
911.803,457
911.919,439
912.035,463
912.151,437
912.267,449
912.382,471
912.498,449
912.614,463
912.73,434
912.846,473
