792.446,1586
792.565,1561
792.684,1634
792.803,1571
792.922,1571
793.041,1534
793.16,1519
793.279,1546
793.398,1562
793.518,1529
793.637,1591
793.756,1565
793.875,1509
793.994,1522
794.113,1479
794.232,1571
794.351,1505
794.47,1522
794.589,1464
794.708,1503
794.827,1480
794.946,1490
795.066,1503
795.185,1482
795.304,1498
795.423,1463
795.542,1508
795.661,1485
795.78,1506
795.899,1488
796.018,1474
796.137,1490
796.256,1492
796.375,1502
796.494,1463
796.613,1482
796.732,1501
796.851,1453
796.97,1474
797.089,1477
797.208,1446
797.327,1449
797.446,1509
797.565,1451
797.684,1492
797.803,1452
797.922,1458
798.041,1495
798.16,1442
798.279,1415
798.398,1491
798.517,1404
798.636,1443
798.755,1450
798.874,1465
798.993,1479
799.112,1472
799.231,1458
799.35,1498
799.469,1485
799.588,1457
799.707,1447
799.826,1456
799.945,1445
800.064,1413
800.183,1450
800.302,1449
800.421,1437
800.54,1445
800.659,1448
800.778,1419
800.897,1465
801.016,1414
801.135,1465
801.254,1433
801.373,1459
801.492,1441
801.611,1407
801.729,1499
801.848,1440
801.967,1431
802.086,1468
802.205,1433
802.324,1468
802.443,1431
802.562,1503
802.681,1460
802.8,1466
802.919,1411
803.038,1436
803.157,1438
803.276,1434
803.394,1476
803.513,1420
803.632,1435
803.751,1450
803.87,1502
803.989,1434
804.108,1465
804.227,1466
804.346,1430
804.465,1480
804.583,1415
804.702,1477
804.821,1436
804.94,1454
805.059,1430
805.178,1409
805.297,1471
805.416,1422
805.535,1459
805.653,1474
805.772,1461
805.891,1510
806.01,1441
806.129,1442
806.248,1442
806.367,1434
806.485,1464
806.604,1432
806.723,1447
806.842,1444
806.961,1450
807.08,1433
807.198,1494
807.317,1435
807.436,1488
807.555,1456
807.674,1469
807.793,1425
807.912,1470
808.03,1411
808.149,1476
808.268,1458
808.387,1444
808.506,1446
808.624,1477
808.743,1417
808.862,1446
808.981,1447
809.1,1447
809.219,1400
809.337,1498
809.456,1463
809.575,1460
809.694,1422
809.812,1438
809.931,1413
810.05,1442
810.169,1455
810.288,1443
810.406,1482
810.525,1431
810.644,1459
810.763,1465
810.882,1430
811.0,1445
811.119,1405
811.238,1398
811.357,1421
811.475,1402
811.594,1429
811.713,1454
811.832,1434
811.95,1482
812.069,1430
812.188,1395
812.307,1431
812.425,1433
812.544,1400
812.663,1466
812.782,1436
812.9,1398
813.019,1402
813.138,1427
813.257,1461
813.375,1435
813.494,1460
813.613,1421
813.731,1434
813.85,1430
813.969,1460
814.088,1436
814.206,1419
814.325,1412
814.444,1419
814.562,1411
814.681,1407
814.8,1422
814.918,1395
815.037,1429
815.156,1403
815.274,1407
815.393,1416
815.512,1423
815.631,1376
815.749,1373
815.868,1381
815.987,1397
816.105,1362
816.224,1403
816.343,1453
816.461,1428
816.58,1447
816.698,1413
816.817,1393
816.936,1392
817.055,1395
817.173,1422
817.292,1387
817.41,1385
817.529,1408
817.648,1389
817.766,1388
817.885,1384
818.004,1346
818.122,1391
818.241,1362
818.359,1356
818.478,1353
818.597,1358
818.715,1359
818.834,1397
818.953,1337
819.071,1346
819.19,1359
819.308,1278
819.427,1338
819.546,1392
819.664,1308
819.783,1350
819.901,1312
820.02,1320
820.138,1320
820.257,1290
820.376,1304
820.494,1313
820.613,1307
820.731,1331
820.85,1316
820.969,1307
821.087,1305
821.206,1311
821.324,1293
821.443,1338
821.561,1296
821.68,1299
821.798,1342
821.917,1303
822.035,1309
822.154,1311
822.273,1323
822.391,1290
822.51,1266
822.628,1316
822.747,1292
822.865,1284
822.984,1347
823.102,1262
823.221,1313
823.339,1335
823.458,1298
823.576,1283
823.695,1306
823.813,1292
823.932,1352
824.05,1305
824.169,1292
824.287,1324
824.406,1286
824.524,1292
824.643,1257
824.761,1290
824.88,1309
824.998,1270
825.117,1312
825.235,1318
825.354,1290
825.472,1294
825.591,1296
825.709,1285
825.828,1265
825.946,1288
826.064,1302
826.183,1261
826.301,1291
826.42,1242
826.538,1302
826.657,1312
826.775,1300
826.894,1301
827.012,1283
827.13,1311
827.249,1269
827.367,1285
827.486,1290
827.604,1290
827.723,1291
827.841,1274
827.959,1291
828.078,1255
828.196,1275
828.315,1254
828.433,1265
828.552,1271
828.67,1274
828.788,1264
828.907,1247
829.025,1285
829.143,1259
829.262,1238
829.38,1242
829.499,1280
829.617,1282
829.735,1270
829.854,1288
829.972,1229
830.091,1252
830.209,1265
830.327,1257
830.446,1300
830.564,1293
830.682,1264
830.801,1232
830.919,1300
831.037,1249
831.156,1276
831.274,1251
831.392,1278
831.511,1254
831.629,1278
831.747,1214
831.866,1322
831.984,1263
832.102,1259
832.221,1297
832.339,1305
832.457,1229
832.576,1251
832.694,1246
832.812,1248
832.93,1241
833.049,1255
833.167,1281
833.285,1274
833.404,1267
833.522,1239
833.64,1284
833.759,1220
833.877,1240
833.995,1265
834.113,1277
834.232,1237
834.35,1254
834.468,1262
834.586,1280
834.705,1244
834.823,1268
834.941,1278
835.059,1288
835.178,1232
835.296,1262
835.414,1226
835.532,1244
835.651,1276
835.769,1277
835.887,1268
836.005,1288
836.124,1235
836.242,1266
836.36,1276
836.478,1259
836.596,1252
836.715,1266
836.833,1264
836.951,1238
837.069,1283
837.188,1288
837.306,1247
837.424,1244
837.542,1270
837.66,1255
837.779,1291
837.897,1254
838.015,1267
838.133,1265
838.251,1255
838.369,1271
838.487,1259
838.606,1277
838.724,1274
838.842,1249
838.96,1252
839.078,1248
839.196,1245
839.315,1267
839.433,1240
839.551,1219
839.669,1238
839.787,1231
839.905,1221
840.023,1265
840.142,1251
840.26,1242
840.378,1262
840.496,1218
840.614,1280
840.732,1252
840.85,1247
840.968,1223
841.087,1253
841.205,1283
841.323,1276
841.441,1252
841.559,1286
841.677,1207
841.795,1256
841.913,1213
842.031,1249
842.149,1258
842.267,1222
842.385,1243
842.504,1232
842.622,1287
842.74,1265
842.858,1250
842.976,1247
843.094,1256
843.212,1265
843.33,1248
843.448,1228
843.566,1234
843.684,1212
843.802,1226
843.92,1196
844.038,1208
844.156,1214
844.274,1251
844.392,1227
844.51,1253
844.628,1189
844.746,1258
844.864,1287
844.982,1226
845.1,1241
845.218,1224
845.336,1214
845.454,1225
845.572,1224
845.69,1201
845.808,1239
845.926,1202
846.044,1227
846.162,1214
846.28,1234
846.398,1233
846.516,1238
846.634,1242
846.752,1216
846.87,1179
846.988,1232
847.106,1228
847.224,1255
847.342,1219
847.46,1249
847.578,1237
847.696,1237
847.814,1214
847.932,1244
848.05,1249
848.168,1207
848.285,1230
848.403,1209
848.521,1218
848.639,1227
848.757,1200
848.875,1211
848.993,1221
849.111,1232
849.229,1228
849.347,1244
849.465,1224
849.582,1251
849.7,1244
849.818,1186
849.936,1220
850.054,1246
850.172,1260
850.29,1219
850.408,1204
850.525,1200
850.643,1242
850.761,1213
850.879,1201
850.997,1238
851.115,1231
851.233,1238
851.35,1238
851.468,1272
851.586,1241
851.704,1252
851.822,1201
851.94,1209
852.057,1278
852.175,1188
852.293,1237
852.411,1201
852.529,1273
852.647,1220
852.764,1254
852.882,1243
853.0,1247
853.118,1244
853.236,1241
853.353,1215
853.471,1274
853.589,1230
853.707,1219
853.824,1243
853.942,1235
854.06,1262
854.178,1237
854.296,1243
854.413,1239
854.531,1214
854.649,1221
854.767,1242
854.884,1238
855.002,1260
855.12,1243
855.238,1235
855.355,1231
855.473,1246
855.591,1209
855.708,1236
855.826,1210
855.944,1262
856.062,1295
856.179,1261
856.297,1252
856.415,1267
856.532,1237
856.65,1250
856.768,1231
856.886,1261
857.003,1223
857.121,1215
857.239,1243
857.356,1227
857.474,1215
857.592,1258
857.709,1266
857.827,1221
857.945,1247
858.062,1217
858.18,1241
858.298,1249
858.415,1255
858.533,1251
858.651,1254
858.768,1255
858.886,1221
859.003,1224
859.121,1231
859.239,1215
859.356,1270
859.474,1218
859.592,1274
859.709,1236
859.827,1219
859.944,1259
860.062,1228
860.18,1249
860.297,1210
860.415,1229
860.532,1246
860.65,1261
860.768,1257
860.885,1286
861.003,1219
861.12,1245
861.238,1220
861.356,1243
861.473,1246
861.591,1264
861.708,1226
861.826,1221
861.943,1218
862.061,1230
862.178,1234
862.296,1216
862.414,1251
862.531,1260
862.649,1256
862.766,1253
862.884,1249
863.001,1245
863.119,1264
863.236,1285
863.354,1212
863.471,1243
863.589,1265
863.706,1256
863.824,1204
863.941,1214
864.059,1240
864.176,1227
864.294,1280
864.411,1240
864.529,1260
864.646,1253
864.764,1210
864.881,1240
864.999,1227
865.116,1234
865.233,1205
865.351,1240
865.468,1264
865.586,1242
865.703,1248
865.821,1237
865.938,1233
866.056,1230
866.173,1273
866.29,1249
866.408,1229
866.525,1261
866.643,1259
866.76,1228
866.878,1235
866.995,1217
867.112,1254
867.23,1270
867.347,1227
867.465,1231
867.582,1244
867.699,1236
867.817,1261
867.934,1267
868.051,1263
868.169,1223
868.286,1290
868.404,1244
868.521,1220
868.638,1232
868.756,1232
868.873,1273
868.99,1258
869.108,1263
869.225,1228
869.342,1274
869.46,1231
869.577,1276
869.694,1271
869.812,1256
869.929,1249
870.046,1274
870.164,1274
870.281,1271
870.398,1268
870.516,1270
870.633,1253
870.75,1251
870.867,1258
870.985,1253
871.102,1273
871.219,1258
871.337,1242
871.454,1235
871.571,1237
871.688,1280
871.806,1232
871.923,1288
872.04,1246
872.157,1233
872.275,1246
872.392,1294
872.509,1257
872.626,1280
872.744,1266
872.861,1248
872.978,1317
873.095,1244
873.213,1273
873.33,1239
873.447,1269
873.564,1304
873.681,1233
873.799,1234
873.916,1220
874.033,1238
874.15,1251
874.267,1243
874.385,1259
874.502,1270
874.619,1242
874.736,1273
874.853,1256
874.97,1279
875.088,1277
875.205,1225
875.322,1250
875.439,1269
875.556,1220
875.673,1270
875.791,1249
875.908,1269
876.025,1276
876.142,1275
876.259,1262
876.376,1242
876.493,1255
876.61,1245
876.728,1277
876.845,1275
876.962,1238
877.079,1278
877.196,1260
877.313,1266
877.43,1289
877.547,1284
877.664,1244
877.781,1287
877.898,1274
878.016,1272
878.133,1278
878.25,1244
878.367,1251
878.484,1296
878.601,1230
878.718,1259
878.835,1271
878.952,1231
879.069,1240
879.186,1253
879.303,1294
879.42,1256
879.537,1283
879.654,1242
879.771,1264
879.888,1259
880.005,1279
880.122,1257
880.239,1277
880.356,1233
880.473,1279
880.59,1258
880.707,1278
880.824,1223
880.941,1271
881.058,1254
881.175,1279
881.292,1271
881.409,1298
881.526,1268
881.643,1247
881.76,1250
881.877,1242
881.994,1245
882.111,1256
882.228,1254
882.345,1287
882.462,1313
882.579,1238
882.696,1260
882.812,1275
882.929,1256
883.046,1313
883.163,1292
883.28,1287
883.397,1267
883.514,1274
883.631,1235
883.748,1265
883.865,1224
883.982,1276
884.098,1238
884.215,1295
884.332,1296
884.449,1295
884.566,1243
884.683,1292
884.8,1306
884.916,1249
885.033,1268
885.15,1250
885.267,1276
885.384,1260
885.501,1297
885.617,1275
885.734,1325
885.851,1300
885.968,1279
886.085,1305
886.202,1254
886.318,1275
886.435,1200
886.552,1277
886.669,1305
886.786,1301
886.902,1277
887.019,1289
887.136,1273
887.253,1262
887.369,1268
887.486,1291
887.603,1303
887.72,1254
887.837,1292
887.953,1278
888.07,1286
888.187,1304
888.304,1313
888.42,1287
888.537,1253
888.654,1273
888.77,1271
888.887,1266
889.004,1303
889.121,1283
889.237,1304
889.354,1298
889.471,1257
889.587,1295
889.704,1257
889.821,1304
889.938,1283
890.054,1290
890.171,1298
890.288,1288
890.404,1317
890.521,1266
890.638,1280
890.754,1300
890.871,1282
890.988,1275
891.104,1275
891.221,1303
891.337,1245
891.454,1315
891.571,1312
891.687,1286
891.804,1276
891.921,1274
892.037,1312
892.154,1305
892.27,1308
892.387,1324
892.504,1318
892.62,1315
892.737,1282
892.854,1304
892.97,1308
893.087,1295
893.203,1302
893.32,1285
893.436,1300
893.553,1303
893.67,1312
893.786,1262
893.903,1302
894.019,1294
894.136,1332
894.252,1299
894.369,1347
894.485,1318
894.602,1300
894.718,1315
894.835,1332
894.951,1324
895.068,1335
895.184,1306
895.301,1295
895.417,1318
895.534,1332
895.65,1292
895.767,1306
895.883,1335
896.0,1293
896.116,1261
896.233,1316
896.349,1296
896.466,1343
896.582,1331
896.699,1323
896.815,1263
896.932,1311
897.048,1330
897.165,1302
897.281,1301
897.397,1309
897.514,1309
897.63,1313
897.747,1357
897.863,1306
897.979,1300
898.096,1327
898.212,1295
898.329,1304
898.445,1326
898.561,1329
898.678,1301
898.794,1301
898.911,1324
899.027,1294
899.143,1335
899.26,1326
899.376,1288
899.492,1328
899.609,1338
899.725,1309
899.842,1346
899.958,1287
900.074,1310
900.191,1333
900.307,1332
900.423,1331
900.539,1298
900.656,1306
900.772,1331
900.888,1289
901.005,1316
901.121,1289
901.237,1341
901.354,1324
901.47,1348
901.586,1275
901.703,1325
901.819,1265
901.935,1322
902.051,1323
902.168,1329
902.284,1322
902.4,1318
902.516,1347
902.633,1302
902.749,1330
902.865,1336
902.981,1334
903.098,1352
903.214,1351
903.33,1319
903.446,1322
903.562,1342
903.679,1321
903.795,1314
903.911,1359
904.027,1311
904.143,1357
904.26,1355
904.376,1360
904.492,1367
904.608,1352
904.724,1343
904.841,1342
904.957,1308
905.073,1337
905.189,1365
905.305,1302
905.421,1306
905.538,1322
905.654,1314
905.77,1346
905.886,1345
906.002,1311
906.118,1347
906.234,1389
906.35,1385
906.466,1357
906.583,1351
906.699,1365
906.815,1343
906.931,1339
907.047,1309
907.163,1355
907.279,1387
907.395,1326
907.511,1354
907.627,1297
907.743,1351
907.859,1387
907.976,1350
908.092,1356
908.208,1336
908.324,1338
908.44,1352
908.556,1342
908.672,1388
908.788,1331
908.904,1332
909.02,1352
909.136,1341
909.252,1403
909.368,1328
909.484,1379
909.6,1353
909.716,1380
909.832,1347
909.948,1370
910.064,1396
910.18,1335
910.296,1374
910.412,1289
910.528,1398
910.644,1308
910.76,1346
910.875,1331
910.991,1360
911.107,1362
911.223,1332
911.339,1380
911.455,1366
911.571,1349
911.687,1386
911.803,1359
911.919,1326
912.035,1379
912.151,1344
912.267,1353
912.382,1302
912.498,1398
912.614,1343
912.73,1346
912.846,1334
792.446,1651
792.565,1623
792.684,1628
792.803,1617
792.922,1587
793.041,1571
793.16,1580
793.279,1574
793.398,1583
793.518,1551
793.637,1539
793.756,1565
793.875,1563
793.994,1592
794.113,1577
794.232,1525
794.351,1549
794.47,1575
794.589,1507
794.708,1558
794.827,1504
794.946,1513
795.066,1600
795.185,1548
795.304,1490
795.423,1518
795.542,1538
795.661,1525
795.78,1502
795.899,1492
796.018,1527
796.137,1525
796.256,1529
796.375,1508
796.494,1498
796.613,1487
796.732,1537
796.851,1489
796.97,1510
797.089,1458
797.208,1523
797.327,1490
797.446,1513
797.565,1508
797.684,1535
797.803,1487
797.922,1499
798.041,1529
798.16,1500
798.279,1494
798.398,1495
798.517,1465
798.636,1465
798.755,1524
798.874,1518
798.993,1467
799.112,1485
799.231,1502
799.35,1482
799.469,1532
799.588,1519
799.707,1495
799.826,1477
799.945,1476
800.064,1477
800.183,1487
800.302,1496
800.421,1457
800.54,1465
800.659,1482
800.778,1503
800.897,1531
801.016,1476
801.135,1489
801.254,1496
801.373,1493
801.492,1518
801.611,1477
801.729,1477
801.848,1462
801.967,1436
802.086,1515
802.205,1462
802.324,1436
802.443,1503
802.562,1462
802.681,1459
802.8,1479
802.919,1528
803.038,1421
803.157,1477
803.276,1450
803.394,1495
803.513,1450
803.632,1450
803.751,1486
803.87,1489
803.989,1445
804.108,1500
804.227,1459
804.346,1505
804.465,1468
804.583,1503
804.702,1484
804.821,1507
804.94,1463
805.059,1479
805.178,1459
805.297,1498
805.416,1464
805.535,1457
805.653,1482
805.772,1478
805.891,1486
806.01,1478
806.129,1474
806.248,1476
806.367,1472
806.485,1474
806.604,1494
806.723,1505
806.842,1481
806.961,1465
807.08,1478
807.198,1474
807.317,1514
807.436,1472
807.555,1468
807.674,1482
807.793,1454
807.912,1487
808.03,1474
808.149,1473
808.268,1479
808.387,1436
808.506,1492
808.624,1456
808.743,1494
808.862,1532
808.981,1477
809.1,1497
809.219,1424
809.337,1460
809.456,1512
809.575,1472
809.694,1487
809.812,1493
809.931,1453
810.05,1459
810.169,1441
810.288,1470
810.406,1476
810.525,1515
810.644,1473
810.763,1513
810.882,1473
811.0,1497
811.119,1502
811.238,1447
811.357,1452
811.475,1473
811.594,1443
811.713,1474
811.832,1452
811.95,1476
812.069,1488
812.188,1441
812.307,1445
812.425,1440
812.544,1435
812.663,1467
812.782,1433
812.9,1447
813.019,1446
813.138,1469
813.257,1452
813.375,1419
813.494,1454
813.613,1470
813.731,1450
813.85,1424
813.969,1453
814.088,1479
814.206,1442
814.325,1437
814.444,1498
814.562,1424
814.681,1424
814.8,1442
814.918,1412
815.037,1384
815.156,1452
815.274,1453
815.393,1453
815.512,1415
815.631,1435
815.749,1428
815.868,1446
815.987,1423
816.105,1426
816.224,1455
816.343,1421
816.461,1468
816.58,1441
816.698,1445
816.817,1451
816.936,1455
817.055,1455
817.173,1436
817.292,1409
817.41,1413
817.529,1452
817.648,1441
817.766,1392
817.885,1369
818.004,1447
818.122,1386
818.241,1376
818.359,1381
818.478,1413
818.597,1377
818.715,1365
818.834,1412
818.953,1379
819.071,1349
819.19,1322
819.308,1377
819.427,1391
819.546,1296
819.664,1353
819.783,1364
819.901,1386
820.02,1363
820.138,1385
820.257,1342
820.376,1382
820.494,1355
820.613,1313
820.731,1307
820.85,1370
820.969,1365
821.087,1352
821.206,1370
821.324,1310
821.443,1325
821.561,1375
821.68,1368
821.798,1329
821.917,1324
822.035,1400
822.154,1334
822.273,1366
822.391,1317
822.51,1341
822.628,1357
822.747,1354
822.865,1324
822.984,1358
823.102,1359
823.221,1321
823.339,1314
823.458,1343
823.576,1329
823.695,1344
823.813,1326
823.932,1361
824.05,1310
824.169,1302
824.287,1324
824.406,1345
824.524,1335
824.643,1341
824.761,1348
824.88,1336
824.998,1343
825.117,1325
825.235,1353
825.354,1294
825.472,1306
825.591,1264
825.709,1363
825.828,1305
825.946,1312
826.064,1325
826.183,1318
826.301,1301
826.42,1309
826.538,1353
826.657,1326
826.775,1317
826.894,1314
827.012,1302
827.13,1300
827.249,1296
827.367,1303
827.486,1320
827.604,1313
827.723,1319
827.841,1281
827.959,1308
828.078,1282
828.196,1298
828.315,1310
828.433,1290
828.552,1313
828.67,1295
828.788,1260
828.907,1287
829.025,1303
829.143,1283
829.262,1293
829.38,1259
829.499,1303
829.617,1297
829.735,1319
829.854,1344
829.972,1312
830.091,1288
830.209,1301
830.327,1313
830.446,1257
830.564,1318
830.682,1258
830.801,1268
830.919,1304
831.037,1304
831.156,1277
831.274,1274
831.392,1260
831.511,1288
831.629,1280
831.747,1281
831.866,1307
831.984,1296
832.102,1323
832.221,1266
832.339,1301
832.457,1292
832.576,1280
832.694,1297
832.812,1308
832.93,1255
833.049,1284
833.167,1275
833.285,1302
833.404,1297
833.522,1267
833.64,1292
833.759,1330
833.877,1275
833.995,1322
834.113,1279
834.232,1282
834.35,1295
834.468,1266
834.586,1277
834.705,1272
834.823,1304
834.941,1265
835.059,1264
835.178,1299
835.296,1290
835.414,1293
835.532,1269
835.651,1299
835.769,1288
835.887,1292
836.005,1293
836.124,1267
836.242,1295
836.36,1249
836.478,1284
836.596,1284
836.715,1308
836.833,1327
836.951,1297
837.069,1302
837.188,1286
837.306,1280
837.424,1286
837.542,1267
837.66,1280
837.779,1347
837.897,1254
838.015,1262
838.133,1266
838.251,1302
838.369,1258
838.487,1275
838.606,1298
838.724,1291
838.842,1297
838.96,1284
839.078,1295
839.196,1278
839.315,1296
839.433,1259
839.551,1286
839.669,1293
839.787,1282
839.905,1277
840.023,1254
840.142,1290
840.26,1270
840.378,1300
840.496,1326
840.614,1267
840.732,1247
840.85,1259
840.968,1271
841.087,1284
841.205,1260
841.323,1276
841.441,1268
841.559,1268
841.677,1256
841.795,1292
841.913,1286
842.031,1254
842.149,1285
842.267,1257
842.385,1254
842.504,1250
842.622,1274
842.74,1281
842.858,1248
842.976,1279
843.094,1262
843.212,1261
843.33,1296
843.448,1263
843.566,1273
843.684,1275
843.802,1258
843.92,1272
844.038,1280
844.156,1268
844.274,1263
844.392,1231
844.51,1279
844.628,1263
844.746,1266
844.864,1246
844.982,1264
845.1,1277
845.218,1264
845.336,1305
845.454,1249
845.572,1269
845.69,1298
845.808,1238
845.926,1275
846.044,1224
846.162,1242
846.28,1281
846.398,1271
846.516,1252
846.634,1257
846.752,1248
846.87,1253
846.988,1257
847.106,1236
847.224,1203
847.342,1267
847.46,1269
847.578,1255
847.696,1291
847.814,1248
847.932,1268
848.05,1268
848.168,1252
848.285,1252
848.403,1260
848.521,1290
848.639,1257
848.757,1245
848.875,1235
848.993,1264
849.111,1266
849.229,1227
849.347,1260
849.465,1251
849.582,1282
849.7,1278
849.818,1245
849.936,1283
850.054,1230
850.172,1267
850.29,1264
850.408,1227
850.525,1277
850.643,1277
850.761,1237
850.879,1279
850.997,1276
851.115,1290
851.233,1241
851.35,1259
851.468,1260
851.586,1266
851.704,1235
851.822,1232
851.94,1253
852.057,1248
852.175,1255
852.293,1228
852.411,1266
852.529,1255
852.647,1264
852.764,1326
852.882,1262
853.0,1278
853.118,1279
853.236,1287
853.353,1257
853.471,1276
853.589,1229
853.707,1287
853.824,1242
853.942,1261
854.06,1267
854.178,1264
854.296,1243
854.413,1272
854.531,1249
854.649,1228
854.767,1262
854.884,1271
855.002,1273
855.12,1253
855.238,1265
855.355,1232
855.473,1286
855.591,1290
855.708,1279
855.826,1282
855.944,1278
856.062,1267
856.179,1294
856.297,1281
856.415,1261
856.532,1252
856.65,1275
856.768,1249
856.886,1284
857.003,1243
857.121,1282
857.239,1280
857.356,1290
857.474,1239
857.592,1273
857.709,1259
857.827,1257
857.945,1292
858.062,1281
858.18,1241
858.298,1231
858.415,1281
858.533,1241
858.651,1265
858.768,1272
858.886,1336
859.003,1259
859.121,1300
859.239,1283
859.356,1285
859.474,1299
859.592,1239
859.709,1258
859.827,1250
859.944,1276
860.062,1252
860.18,1252
860.297,1282
860.415,1277
860.532,1278
860.65,1297
860.768,1258
860.885,1270
861.003,1253
861.12,1265
861.238,1272
861.356,1298
861.473,1289
861.591,1310
861.708,1269
861.826,1264
861.943,1268
862.061,1241
862.178,1292
862.296,1266
862.414,1276
862.531,1277
862.649,1273
862.766,1258
862.884,1286
863.001,1243
863.119,1251
863.236,1276
863.354,1254
863.471,1279
863.589,1310
863.706,1272
863.824,1248
863.941,1267
864.059,1262
864.176,1259
864.294,1261
864.411,1273
864.529,1234
864.646,1292
864.764,1279
864.881,1290
864.999,1288
865.116,1270
865.233,1279
865.351,1257
865.468,1253
865.586,1279
865.703,1225
865.821,1307
865.938,1310
866.056,1250
866.173,1249
866.29,1256
866.408,1271
866.525,1265
866.643,1282
866.76,1284
866.878,1271
866.995,1279
867.112,1291
867.23,1257
867.347,1253
867.465,1259
867.582,1236
867.699,1263
867.817,1270
867.934,1309
868.051,1284
868.169,1229
868.286,1324
868.404,1274
868.521,1248
868.638,1238
868.756,1302
868.873,1308
868.99,1307
869.108,1261
869.225,1301
869.342,1298
869.46,1303
869.577,1280
869.694,1259
869.812,1289
869.929,1266
870.046,1249
870.164,1256
870.281,1272
870.398,1312
870.516,1312
870.633,1273
870.75,1317
870.867,1275
870.985,1223
871.102,1257
871.219,1280
871.337,1313
871.454,1224
871.571,1282
871.688,1267
871.806,1282
871.923,1292
872.04,1269
872.157,1277
872.275,1271
872.392,1264
872.509,1279
872.626,1277
872.744,1266
872.861,1280
872.978,1271
873.095,1286
873.213,1254
873.33,1287
873.447,1264
873.564,1298
873.681,1286
873.799,1266
873.916,1275
874.033,1324
874.15,1327
874.267,1271
874.385,1242
874.502,1280
874.619,1288
874.736,1266
874.853,1281
874.97,1316
875.088,1288
875.205,1293
875.322,1303
875.439,1263
875.556,1305
875.673,1308
875.791,1288
875.908,1301
876.025,1317
876.142,1264
876.259,1306
876.376,1301
876.493,1306
876.61,1309
876.728,1293
876.845,1270
876.962,1303
877.079,1313
877.196,1248
877.313,1272
877.43,1288
877.547,1320
877.664,1252
877.781,1323
877.898,1296
878.016,1256
878.133,1355
878.25,1293
878.367,1310
878.484,1287
878.601,1282
878.718,1308
878.835,1287
878.952,1331
879.069,1297
879.186,1305
879.303,1291
879.42,1294
879.537,1289
879.654,1314
879.771,1271
879.888,1285
880.005,1324
880.122,1308
880.239,1305
880.356,1294
880.473,1295
880.59,1291
880.707,1277
880.824,1296
880.941,1276
881.058,1313
881.175,1241
881.292,1321
881.409,1241
881.526,1276
881.643,1292
881.76,1316
881.877,1326
881.994,1292
882.111,1316
882.228,1293
882.345,1290
882.462,1284
882.579,1288
882.696,1309
882.812,1304
882.929,1317
883.046,1325
883.163,1319
883.28,1270
883.397,1285
883.514,1290
883.631,1300
883.748,1298
883.865,1307
883.982,1329
884.098,1296
884.215,1326
884.332,1319
884.449,1293
884.566,1282
884.683,1301
884.8,1290
884.916,1313
885.033,1302
885.15,1305
885.267,1318
885.384,1295
885.501,1329
885.617,1318
885.734,1274
885.851,1304
885.968,1305
886.085,1302
886.202,1331
886.318,1330
886.435,1309
886.552,1315
886.669,1286
886.786,1310
886.902,1301
887.019,1306
887.136,1314
887.253,1344
887.369,1329
887.486,1335
887.603,1304
887.72,1323
887.837,1334
887.953,1319
888.07,1286
888.187,1315
888.304,1295
888.42,1313
888.537,1320
888.654,1339
888.77,1313
888.887,1295
889.004,1303
889.121,1292
889.237,1288
889.354,1341
889.471,1326
889.587,1300
889.704,1342
889.821,1328
889.938,1367
890.054,1316
890.171,1336
890.288,1287
890.404,1330
890.521,1319
890.638,1368
890.754,1277
890.871,1349
890.988,1342
891.104,1309
891.221,1267
891.337,1343
891.454,1318
891.571,1326
891.687,1331
891.804,1359
891.921,1295
892.037,1350
892.154,1349
892.27,1336
892.387,1318
892.504,1301
892.62,1327
892.737,1320
892.854,1306
892.97,1312
893.087,1347
893.203,1364
893.32,1352
893.436,1353
893.553,1333
893.67,1327
893.786,1288
893.903,1313
894.019,1343
894.136,1332
894.252,1329
894.369,1379
894.485,1392
894.602,1374
894.718,1334
894.835,1366
894.951,1333
895.068,1357
895.184,1349
895.301,1375
895.417,1352
895.534,1346
895.65,1362
895.767,1327
895.883,1329
896.0,1325
896.116,1353
896.233,1365
896.349,1371
896.466,1323
896.582,1366
896.699,1296
896.815,1333
896.932,1335
897.048,1338
897.165,1319
897.281,1375
897.397,1347
897.514,1326
897.63,1348
897.747,1351
897.863,1421
897.979,1372
898.096,1330
898.212,1355
898.329,1330
898.445,1359
898.561,1334
898.678,1359
898.794,1330
898.911,1351
899.027,1362
899.143,1365
899.26,1346
899.376,1342
899.492,1344
899.609,1359
899.725,1363
899.842,1371
899.958,1333
900.074,1355
900.191,1365
900.307,1364
900.423,1362
900.539,1344
900.656,1347
900.772,1371
900.888,1364
901.005,1359
901.121,1352
901.237,1331
901.354,1357
901.47,1372
901.586,1336
901.703,1361
901.819,1309
901.935,1376
902.051,1296
902.168,1391
902.284,1373
902.4,1326
902.516,1351
902.633,1341
902.749,1367
902.865,1332
902.981,1373
903.098,1373
903.214,1393
903.33,1390
903.446,1402
903.562,1369
903.679,1318
903.795,1377
903.911,1369
904.027,1319
904.143,1387
904.26,1393
904.376,1376
904.492,1373
904.608,1384
904.724,1401
904.841,1351
904.957,1341
905.073,1383
905.189,1395
905.305,1370
905.421,1388
905.538,1392
905.654,1345
905.77,1374
905.886,1382
906.002,1406
906.118,1400
906.234,1372
906.35,1358
906.466,1395
906.583,1368
906.699,1376
906.815,1398
906.931,1386
907.047,1372
907.163,1347
907.279,1348
907.395,1384
907.511,1377
907.627,1412
907.743,1402
907.859,1426
907.976,1358
908.092,1399
908.208,1408
908.324,1396
908.44,1405
908.556,1370
908.672,1402
908.788,1336
908.904,1375
909.02,1368
909.136,1425
909.252,1367
909.368,1422
909.484,1364
909.6,1396
909.716,1380
909.832,1400
909.948,1395
910.064,1389
910.18,1401
910.296,1386
910.412,1365
910.528,1391
910.644,1391
910.76,1361
910.875,1395
910.991,1410
911.107,1384
911.223,1353
911.339,1403
911.455,1423
911.571,1374
911.687,1369
911.803,1384
911.919,1385
912.035,1382
912.151,1432
912.267,1364
912.382,1416
912.498,1419
912.614,1369
912.73,1399
912.846,1356
792.446,1619
792.565,1564
792.684,1693
792.803,1595
792.922,1637
793.041,1583
793.16,1644
793.279,1604
793.398,1611
793.518,1610
793.637,1568
793.756,1551
793.875,1564
793.994,1559
794.113,1588
794.232,1566
794.351,1544
794.47,1574
794.589,1580
794.708,1538
794.827,1581
794.946,1547
795.066,1573
795.185,1500
795.304,1566
795.423,1561
795.542,1502
795.661,1551
795.78,1504
795.899,1509
796.018,1572
796.137,1546
796.256,1505
796.375,1540
796.494,1538
796.613,1509
796.732,1540
796.851,1487
796.97,1527
797.089,1445
797.208,1522
797.327,1509
797.446,1520
797.565,1498
797.684,1581
797.803,1536
797.922,1462
798.041,1511
798.16,1526
798.279,1527
798.398,1479
798.517,1539
798.636,1496
798.755,1497
798.874,1509
798.993,1498
799.112,1511
799.231,1518
799.35,1452
799.469,1549
799.588,1498
799.707,1476
799.826,1498
799.945,1468
800.064,1521
800.183,1486
800.302,1443
800.421,1498
800.54,1533
800.659,1465
800.778,1492
800.897,1534
801.016,1461
801.135,1489
801.254,1454
801.373,1469
801.492,1476
801.611,1523
801.729,1491
801.848,1479
801.967,1519
802.086,1469
802.205,1546
802.324,1492
802.443,1423
802.562,1505
802.681,1490
802.8,1531
802.919,1470
803.038,1490
803.157,1490
803.276,1518
803.394,1476
803.513,1466
803.632,1496
803.751,1497
803.87,1474
803.989,1478
804.108,1520
804.227,1474
804.346,1476
804.465,1480
804.583,1464
804.702,1486
804.821,1510
804.94,1437
805.059,1494
805.178,1488
805.297,1498
805.416,1474
805.535,1488
805.653,1511
805.772,1539
805.891,1519
806.01,1502
806.129,1479
806.248,1477
806.367,1460
806.485,1538
806.604,1539
806.723,1511
806.842,1517
806.961,1486
807.08,1498
807.198,1498
807.317,1490
807.436,1498
807.555,1507
807.674,1469
807.793,1494
807.912,1445
808.03,1483
808.149,1465
808.268,1545
808.387,1452
808.506,1465
808.624,1478
808.743,1469
808.862,1492
808.981,1477
809.1,1470
809.219,1478
809.337,1494
809.456,1500
809.575,1503
809.694,1434
809.812,1507
809.931,1455
810.05,1500
810.169,1481
810.288,1539
810.406,1484
810.525,1473
810.644,1531
810.763,1482
810.882,1468
811.0,1496
811.119,1468
811.238,1461
811.357,1481
811.475,1519
811.594,1427
811.713,1486
811.832,1484
811.95,1462
812.069,1471
812.188,1480
812.307,1486
812.425,1492
812.544,1460
812.663,1450
812.782,1485
812.9,1476
813.019,1510
813.138,1463
813.257,1481
813.375,1432
813.494,1491
813.613,1464
813.731,1535
813.85,1455
813.969,1473
814.088,1441
814.206,1470
814.325,1446
814.444,1445
814.562,1447
814.681,1471
814.8,1446
814.918,1425
815.037,1466
815.156,1482
815.274,1446
815.393,1472
815.512,1494
815.631,1465
815.749,1425
815.868,1392
815.987,1445
816.105,1477
816.224,1458
816.343,1402
816.461,1442
816.58,1452
816.698,1463
816.817,1429
816.936,1474
817.055,1451
817.173,1445
817.292,1468
817.41,1432
817.529,1415
817.648,1472
817.766,1424
817.885,1435
818.004,1413
818.122,1422
818.241,1380
818.359,1398
818.478,1401
818.597,1424
818.715,1364
818.834,1423
818.953,1390
819.071,1403
819.19,1356
819.308,1405
819.427,1333
819.546,1369
819.664,1371
819.783,1344
819.901,1370
820.02,1369
820.138,1353
820.257,1347
820.376,1359
820.494,1362
820.613,1376
820.731,1350
820.85,1407
820.969,1357
821.087,1340
821.206,1377
821.324,1351
821.443,1323
821.561,1354
821.68,1336
821.798,1383
821.917,1341
822.035,1372
822.154,1351
822.273,1371
822.391,1366
822.51,1300
822.628,1369
822.747,1390
822.865,1328
822.984,1343
823.102,1366
823.221,1320
823.339,1358
823.458,1331
823.576,1339
823.695,1358
823.813,1302
823.932,1348
824.05,1367
824.169,1353
824.287,1333
824.406,1347
824.524,1398
824.643,1329
824.761,1348
824.88,1335
824.998,1308
825.117,1314
825.235,1314
825.354,1368
825.472,1321
825.591,1359
825.709,1325
825.828,1296
825.946,1314
826.064,1299
826.183,1348
826.301,1321
826.42,1287
826.538,1330
826.657,1310
826.775,1295
826.894,1333
827.012,1312
827.13,1307
827.249,1323
827.367,1300
827.486,1302
827.604,1373
827.723,1290
827.841,1345
827.959,1296
828.078,1340
828.196,1294
828.315,1315
828.433,1294
828.552,1303
828.67,1322
828.788,1306
828.907,1328
829.025,1290
829.143,1312
829.262,1288
829.38,1313
829.499,1332
829.617,1281
829.735,1354
829.854,1294
829.972,1286
830.091,1300
830.209,1356
830.327,1273
830.446,1289
830.564,1257
830.682,1290
830.801,1277
830.919,1304
831.037,1291
831.156,1300
831.274,1304
831.392,1329
831.511,1331
831.629,1257
831.747,1322
831.866,1270
831.984,1300
832.102,1333
832.221,1295
832.339,1243
832.457,1272
832.576,1291
832.694,1278
832.812,1329
832.93,1276
833.049,1316
833.167,1287
833.285,1304
833.404,1314
833.522,1291
833.64,1293
833.759,1289
833.877,1304
833.995,1281
834.113,1298
834.232,1297
834.35,1274
834.468,1296
834.586,1284
834.705,1281
834.823,1314
834.941,1322
835.059,1325
835.178,1284
835.296,1278
835.414,1279
835.532,1310
835.651,1319
835.769,1297
835.887,1310
836.005,1283
836.124,1307
836.242,1303
836.36,1294
836.478,1290
836.596,1317
836.715,1310
836.833,1316
836.951,1280
837.069,1301
837.188,1321
837.306,1316
837.424,1289
837.542,1276
837.66,1263
837.779,1310
837.897,1286
838.015,1320
838.133,1231
838.251,1271
838.369,1279
838.487,1291
838.606,1312
838.724,1280
838.842,1233
838.96,1307
839.078,1299
839.196,1294
839.315,1303
839.433,1313
839.551,1293
839.669,1258
839.787,1268
839.905,1310
840.023,1276
840.142,1296
840.26,1292
840.378,1289
840.496,1278
840.614,1305
840.732,1288
840.85,1252
840.968,1300
841.087,1250
841.205,1257
841.323,1290
841.441,1291
841.559,1302
841.677,1332
841.795,1305
841.913,1259
842.031,1263
842.149,1273
842.267,1305
842.385,1245
842.504,1295
842.622,1288
842.74,1297
842.858,1292
842.976,1256
843.094,1269
843.212,1288
843.33,1283
843.448,1254
843.566,1292
843.684,1286
843.802,1254
843.92,1233
844.038,1288
844.156,1245
844.274,1288
844.392,1267
844.51,1310
844.628,1246
844.746,1268
844.864,1249
844.982,1263
845.1,1287
845.218,1281
845.336,1250
845.454,1276
845.572,1273
845.69,1272
845.808,1262
845.926,1260
846.044,1312
846.162,1287
846.28,1262
846.398,1244
846.516,1263
846.634,1244
846.752,1248
846.87,1272
846.988,1249
847.106,1230
847.224,1257
847.342,1277
847.46,1283
847.578,1246
847.696,1283
847.814,1284
847.932,1266
848.05,1303
848.168,1266
848.285,1266
848.403,1310
848.521,1291
848.639,1282
848.757,1271
848.875,1256
848.993,1305
849.111,1302
849.229,1272
849.347,1271
849.465,1259
849.582,1292
849.7,1258
849.818,1300
849.936,1312
850.054,1267
850.172,1252
850.29,1270
850.408,1247
850.525,1285
850.643,1244
850.761,1315
850.879,1278
850.997,1268
851.115,1287
851.233,1280
851.35,1249
851.468,1282
851.586,1278
851.704,1272
851.822,1256
851.94,1295
852.057,1253
852.175,1252
852.293,1244
852.411,1274
852.529,1273
852.647,1274
852.764,1254
852.882,1279
853.0,1291
853.118,1302
853.236,1251
853.353,1268
853.471,1258
853.589,1254
853.707,1254
853.824,1279
853.942,1285
854.06,1254
854.178,1262
854.296,1259
854.413,1272
854.531,1266
854.649,1314
854.767,1270
854.884,1255
855.002,1269
855.12,1253
855.238,1238
855.355,1292
855.473,1258
855.591,1286
855.708,1301
855.826,1267
855.944,1296
856.062,1276
856.179,1297
856.297,1261
856.415,1315
856.532,1276
856.65,1275
856.768,1291
856.886,1264
857.003,1276
857.121,1261
857.239,1287
857.356,1260
857.474,1281
857.592,1262
857.709,1269
857.827,1239
857.945,1291
858.062,1283
858.18,1317
858.298,1285
858.415,1285
858.533,1290
858.651,1309
858.768,1291
858.886,1284
859.003,1318
859.121,1235
859.239,1264
859.356,1252
859.474,1268
859.592,1276
859.709,1253
859.827,1276
859.944,1265
860.062,1273
860.18,1295
860.297,1275
860.415,1237
860.532,1303
860.65,1302
860.768,1301
860.885,1256
861.003,1299
861.12,1279
861.238,1283
861.356,1278
861.473,1257
861.591,1298
861.708,1265
861.826,1281
861.943,1240
862.061,1291
862.178,1280
862.296,1283
862.414,1254
862.531,1281
862.649,1261
862.766,1269
862.884,1278
863.001,1271
863.119,1272
863.236,1303
863.354,1285
863.471,1308
863.589,1293
863.706,1247
863.824,1274
863.941,1273
864.059,1270
864.176,1264
864.294,1315
864.411,1314
864.529,1276
864.646,1307
864.764,1306
864.881,1311
864.999,1285
865.116,1278
865.233,1291
865.351,1272
865.468,1275
865.586,1265
865.703,1260
865.821,1309
865.938,1240
866.056,1320
866.173,1279
866.29,1316
866.408,1262
866.525,1263
866.643,1301
866.76,1266
866.878,1266
866.995,1303
867.112,1250
867.23,1302
867.347,1249
867.465,1324
867.582,1321
867.699,1317
867.817,1308
867.934,1312
868.051,1308
868.169,1311
868.286,1266
868.404,1276
868.521,1279
868.638,1324
868.756,1269
868.873,1284
868.99,1295
869.108,1294
869.225,1290
869.342,1282
869.46,1288
869.577,1296
869.694,1279
869.812,1273
869.929,1320
870.046,1262
870.164,1278
870.281,1285
870.398,1306
870.516,1305
870.633,1292
870.75,1290
870.867,1302
870.985,1266
871.102,1268
871.219,1293
871.337,1319
871.454,1275
871.571,1297
871.688,1285
871.806,1276
871.923,1270
872.04,1272
872.157,1290
872.275,1326
872.392,1321
872.509,1331
872.626,1279
872.744,1306
872.861,1309
872.978,1307
873.095,1296
873.213,1309
873.33,1259
873.447,1264
873.564,1312
873.681,1313
873.799,1305
873.916,1274
874.033,1301
874.15,1294
874.267,1299
874.385,1277
874.502,1301
874.619,1309
874.736,1294
874.853,1263
874.97,1290
875.088,1301
875.205,1269
875.322,1294
875.439,1322
875.556,1285
875.673,1311
875.791,1275
875.908,1276
876.025,1318
876.142,1300
876.259,1330
876.376,1309
876.493,1290
876.61,1290
876.728,1278
876.845,1268
876.962,1314
877.079,1279
877.196,1244
877.313,1321
877.43,1301
877.547,1304
877.664,1298
877.781,1329
877.898,1291
878.016,1272
878.133,1320
878.25,1312
878.367,1265
878.484,1345
878.601,1292
878.718,1311
878.835,1314
878.952,1319
879.069,1331
879.186,1307
879.303,1252
879.42,1310
879.537,1292
879.654,1333
879.771,1304
879.888,1308
880.005,1314
880.122,1301
880.239,1350
880.356,1319
880.473,1318
880.59,1340
880.707,1323
880.824,1300
880.941,1305
881.058,1274
881.175,1278
881.292,1308
881.409,1329
881.526,1331
881.643,1299
881.76,1297
881.877,1293
881.994,1281
882.111,1327
882.228,1312
882.345,1302
882.462,1246
882.579,1297
882.696,1278
882.812,1313
882.929,1280
883.046,1367
883.163,1311
883.28,1291
883.397,1318
883.514,1331
883.631,1287
883.748,1317
883.865,1287
883.982,1292
884.098,1279
884.215,1259
884.332,1291
884.449,1274
884.566,1285
884.683,1303
884.8,1339
884.916,1348
885.033,1346
885.15,1305
885.267,1315
885.384,1311
885.501,1329
885.617,1329
885.734,1357
885.851,1316
885.968,1349
886.085,1334
886.202,1363
886.318,1260
886.435,1328
886.552,1341
886.669,1363
886.786,1282
886.902,1302
887.019,1306
887.136,1309
887.253,1348
887.369,1329
887.486,1352
887.603,1332
887.72,1339
887.837,1353
887.953,1297
888.07,1349
888.187,1325
888.304,1350
888.42,1323
888.537,1315
888.654,1366
888.77,1338
888.887,1303
889.004,1376
889.121,1338
889.237,1355
889.354,1334
889.471,1335
889.587,1346
889.704,1327
889.821,1338
889.938,1327
890.054,1339
890.171,1328
890.288,1331
890.404,1348
890.521,1344
890.638,1330
890.754,1362
890.871,1307
890.988,1319
891.104,1344
891.221,1339
891.337,1353
891.454,1324
891.571,1338
891.687,1340
891.804,1355
891.921,1339
892.037,1325
892.154,1314
892.27,1357
892.387,1340
892.504,1326
892.62,1345
892.737,1313
892.854,1353
892.97,1373
893.087,1374
893.203,1385
893.32,1345
893.436,1378
893.553,1339
893.67,1353
893.786,1344
893.903,1339
894.019,1356
894.136,1360
894.252,1341
894.369,1365
894.485,1362
894.602,1358
894.718,1380
894.835,1321
894.951,1370
895.068,1365
895.184,1348
895.301,1358
895.417,1329
895.534,1383
895.65,1371
895.767,1352
895.883,1334
896.0,1369
896.116,1391
896.233,1323
896.349,1370
896.466,1338
896.582,1367
896.699,1342
896.815,1354
896.932,1367
897.048,1337
897.165,1374
897.281,1316
897.397,1363
897.514,1342
897.63,1350
897.747,1343
897.863,1363
897.979,1364
898.096,1383
898.212,1346
898.329,1358
898.445,1377
898.561,1371
898.678,1353
898.794,1359
898.911,1349
899.027,1401
899.143,1382
899.26,1358
899.376,1333
899.492,1390
899.609,1379
899.725,1387
899.842,1360
899.958,1367
900.074,1374
900.191,1404
900.307,1379
900.423,1371
900.539,1347
900.656,1367
900.772,1366
900.888,1374
901.005,1368
901.121,1391
901.237,1420
901.354,1340
901.47,1386
901.586,1345
901.703,1372
901.819,1376
901.935,1415
902.051,1405
902.168,1344
902.284,1379
902.4,1364
902.516,1357
902.633,1408
902.749,1353
902.865,1390
902.981,1388
903.098,1377
903.214,1397
903.33,1371
903.446,1339
903.562,1384
903.679,1386
903.795,1355
903.911,1367
904.027,1378
904.143,1380
904.26,1397
904.376,1405
904.492,1373
904.608,1379
904.724,1439
904.841,1388
904.957,1383
905.073,1398
905.189,1349
905.305,1376
905.421,1374
905.538,1398
905.654,1370
905.77,1400
905.886,1415
906.002,1382
906.118,1389
906.234,1375
906.35,1415
906.466,1397
906.583,1400
906.699,1393
906.815,1372
906.931,1385
907.047,1385
907.163,1392
907.279,1375
907.395,1420
907.511,1400
907.627,1391
907.743,1370
907.859,1384
907.976,1410
908.092,1391
908.208,1434
908.324,1381
908.44,1381
908.556,1374
908.672,1387
908.788,1382
908.904,1452
909.02,1394
909.136,1386
909.252,1412
909.368,1412
909.484,1403
909.6,1413
909.716,1394
909.832,1390
909.948,1362
910.064,1404
910.18,1431
910.296,1403
910.412,1389
910.528,1417
910.644,1419
910.76,1386
910.875,1403
910.991,1389
911.107,1385
911.223,1400
911.339,1440
911.455,1382
911.571,1384
911.687,1403
911.803,1381
911.919,1395
912.035,1364
912.151,1421
912.267,1387
912.382,1406
912.498,1406
912.614,1417
912.73,1415
912.846,1398
