792.44574,4605
792.56488,4475
792.68396,4424
792.80304,4290
792.92218,4063
793.041199,3985
793.160339,3895
793.279419,3813
793.398499,3764
793.517578,3682
793.636658,3533
793.755737,3535
793.874817,3468
793.993896,3438
794.112976,3317
794.232056,3204
794.351074,3222
794.470215,3197
794.589233,3127
794.708313,3101
794.827393,3130
794.946411,2990
795.065552,2993
795.18457,2934
795.303589,2904
795.422668,2870
795.541687,2853
795.660767,2804
795.779846,2758
795.898865,2745
796.017883,2694
796.136963,2613
796.255981,2601
796.375061,2585
796.49408,2590
796.613037,2529
796.732117,2493
796.851135,2456
796.970154,2446
797.089233,2452
797.208191,2433
797.327271,2427
797.446228,2367
797.565186,2382
797.684265,2439
797.803223,2333
797.922241,2368
798.04126,2349
798.160278,2279
798.279297,2279
798.398315,2265
798.517273,2293
798.636292,2260
798.75531,2270
798.874268,2275
798.993286,2238
799.112244,2211
799.231323,2215
799.350281,2205
799.469238,2198
799.588257,2248
799.707153,2176
799.826111,2234
799.945129,2159
800.064087,2179
800.183044,2140
800.302063,2182
800.421021,2133
800.539978,2159
800.658936,2099
800.777893,2118
800.896912,2112
801.015747,2063
801.134705,2145
801.253723,2133
801.37262,2084
801.491638,2108
801.610535,2178
801.729492,2114
801.84845,2084
801.967407,2047
802.086243,2133
802.205261,2033
802.324158,2091
802.443115,2065
802.562073,2069
802.680969,2087
802.799927,2047
802.918762,2085
803.037659,1992
803.156677,2020
803.275574,2059
803.39447,2012
803.513428,1986
803.632263,2003
803.751221,1996
803.870117,1982
803.989014,2006
804.107971,1994
804.226746,1968
804.345642,1997
804.4646,1992
804.583496,1999
804.702393,1945
804.821228,1955
804.940125,1969
805.059021,1975
805.177917,1925
805.296814,1944
805.415649,1960
805.534546,1931
805.653442,1969
805.772278,1951
805.891113,1978
806.01001,1905
806.128906,1967
806.247742,1929
806.366577,1907
806.485413,1935
806.604309,1959
806.723145,1870
806.84198,1909
806.960876,1875
807.079712,1938
807.198486,1987
807.317383,1925
807.436218,1930
807.554993,1929
807.673889,1935
807.792725,1897
807.91156,1928
808.030396,1860
808.14917,1884
808.268005,1870
808.386841,1923
808.505676,1864
808.624451,1888
808.743286,1868
808.862122,1881
808.980896,1888
809.099731,1923
809.218506,1873
809.337341,1935
809.456116,1917
809.57489,1929
809.693726,1911
809.8125,1896
809.931274,1888
810.050049,1877
810.168884,1859
810.287659,1868
810.406372,1864
810.525269,1898
810.643982,1888
810.762756,1889
810.881531,1882
811.000305,1883
811.11908,1895
811.237854,1915
811.356567,1863
811.475403,1889
811.594116,1862
811.71283,1923
811.831604,1934
811.950378,1923
812.069153,1960
812.187927,1948
812.30658,1928
812.425415,1956
812.544128,1920
812.662781,1894
812.781616,1922
812.900269,1922
813.019043,1923
813.137756,1903
813.256531,1918
813.375244,1905
813.493896,1906
813.612671,1925
813.731384,1868
813.850037,1890
813.96875,1883
814.087524,1864
814.206238,1863
814.324951,1827
814.443604,1864
814.562256,1869
814.68103,1879
814.799683,1869
814.918335,1884
815.037109,1890
815.155762,1822
815.274475,1892
815.393188,1822
815.511841,1791
815.630554,1842
815.749146,1828
815.867859,1756
815.986572,1836
816.105164,1834
816.223877,1791
816.342529,1771
816.461182,1828
816.579895,1856
816.698486,1810
816.817139,1860
816.935791,1920
817.054504,1855
817.173096,1885
817.291748,1843
817.4104,1862
817.529053,1853
817.647644,1829
817.766235,1769
817.884949,1801
818.00354,1750
818.122192,1758
818.240845,1717
818.359436,1728
818.478088,1706
818.59668,1736
818.715271,1717
818.833923,1731
818.952515,1656
819.071106,1662
819.189758,1648
819.30835,1656
819.426941,1662
819.545532,1656
819.664124,1635
819.782715,1656
819.901306,1633
820.019897,1651
820.138489,1669
820.25708,1652
820.375671,1666
820.494202,1675
820.612732,1657
820.731384,1664
820.849915,1672
820.968506,1632
821.087097,1613
821.205627,1658
821.324158,1642
821.442749,1603
821.561279,1613
821.679871,1638
821.798401,1584
821.916931,1604
822.035461,1629
822.154053,1613
822.272583,1557
822.391174,1591
822.509583,1572
822.628174,1564
822.746704,1605
822.865234,1568
822.983765,1575
823.102295,1594
823.220825,1554
823.339294,1546
823.457825,1584
823.576355,1590
823.694824,1590
823.813354,1566
823.931885,1517
824.050354,1565
824.168884,1590
824.287354,1565
824.405823,1553
824.524353,1629
824.642822,1577
824.761353,1586
824.879822,1631
824.998291,1614
825.116699,1629
825.235291,1595
825.353699,1584
825.472168,1561
825.590637,1548
825.709106,1574
825.827576,1589
825.946045,1559
826.064453,1560
826.182983,1573
826.301392,1534
826.4198,1563
826.53833,1517
826.656738,1573
826.775208,1518
826.893677,1529
827.012024,1498
827.130493,1558
827.248962,1535
827.36731,1540
827.485779,1560
827.604248,1501
827.722595,1538
827.841064,1527
827.959412,1531
828.077942,1465
828.196289,1509
828.314636,1516
828.433105,1518
828.551514,1531
828.669861,1500
828.78833,1528
828.906677,1497
829.025085,1510
829.143433,1525
829.261841,1521
829.38031,1524
829.498657,1488
829.617004,1458
829.735413,1526
829.85376,1488
829.972107,1507
830.090515,1500
830.208862,1500
830.327209,1511
830.445557,1496
830.563904,1459
830.682312,1543
830.800659,1495
830.919006,1553
831.037354,1545
831.155701,1591
831.274048,1581
831.392395,1587
831.51062,1578
831.629028,1533
831.747314,1526
831.865662,1565
831.984009,1543
832.102356,1550
832.220642,1554
832.338928,1564
832.457275,1548
832.575623,1546
832.693909,1574
832.812134,1554
832.930481,1550
833.048828,1576
833.167114,1516
833.2854,1514
833.403687,1555
833.521973,1520
833.640259,1548
833.758545,1613
833.876831,1519
833.995056,1531
834.113281,1532
834.231628,1556
834.349915,1530
834.468201,1559
834.586426,1543
834.704651,1532
834.822998,1551
834.941162,1559
835.059448,1530
835.177673,1578
835.295959,1568
835.414246,1603
835.53241,1569
835.650635,1557
835.768921,1544
835.887146,1521
836.005371,1548
836.123596,1540
836.241821,1524
836.360046,1508
836.478271,1563
836.596497,1520
836.714722,1540
836.832886,1498
836.95105,1550
837.069336,1559
837.1875,1522
837.305725,1532
837.423889,1542
837.542053,1507
837.660339,1525
837.778503,1534
837.896667,1530
838.014832,1524
838.132996,1536
838.25116,1517
838.369385,1538
838.487488,1562
838.605713,1565
838.723877,1514
838.84198,1533
838.960205,1571
839.078308,1523
839.196472,1552
839.314636,1528
839.4328,1555
839.550964,1592
839.669067,1611
839.787231,1603
839.905396,1578
840.023499,1594
840.141602,1586
840.259766,1588
840.377869,1608
840.495972,1647
840.614136,1608
840.732239,1618
840.850342,1641
840.968445,1659
841.086548,1638
841.204651,1625
841.322754,1649
841.440918,1660
841.55896,1652
841.677002,1653
841.795166,1707
841.913208,1667
842.031311,1691
842.149353,1660
842.267456,1625
842.385498,1651
842.503601,1657
842.621643,1607
842.739746,1645
842.857788,1668
842.97583,1634
843.093933,1640
843.211975,1696
843.330017,1641
843.44812,1655
843.566101,1678
843.684204,1652
843.802246,1610
843.920227,1661
844.038269,1630
844.156311,1660
844.274292,1617
844.392395,1632
844.510376,1633
844.628357,1584
844.74646,1627
844.864441,1676
844.982422,1622
845.100403,1591
845.218384,1594
845.336426,1589
845.454468,1585
845.572449,1609
845.69043,1624
845.808411,1613
845.926453,1596
846.044373,1615
846.162354,1616
846.280396,1586
846.398315,1612
846.516296,1640
846.634216,1604
846.752197,1613
846.870178,1614
846.988098,1626
847.106079,1617
847.22406,1634
847.34198,1624
847.4599,1601
847.577881,1621
847.695801,1607
847.813782,1611
847.931641,1602
848.049561,1645
848.167603,1588
848.285461,1625
848.403381,1606
848.521362,1590
848.639221,1667
848.75708,1646
848.875,1653
848.99292,1690
849.110901,1645
849.22876,1712
849.34668,1720
849.464539,1696
849.582458,1701
849.700317,1711
849.818176,1669
849.936096,1693
850.053955,1676
850.171875,1656
850.289673,1682
850.407593,1668
850.525452,1613
850.643311,1664
850.761169,1664
850.878967,1660
850.996887,1638
851.114746,1641
851.232544,1606
851.350403,1628
851.468262,1630
851.58606,1617
851.703979,1622
851.821777,1657
851.939636,1660
852.057434,1646
852.175232,1640
852.293091,1655
852.410889,1766
852.528687,1811
852.646545,1887
852.764343,1909
852.88208,1945
852.999939,1851
853.117676,1850
853.235535,1749
853.353271,1763
853.471069,1721
853.588928,1723
853.706604,1682
853.824402,1700
853.9422,1678
854.059998,1701
854.177734,1674
854.295532,1654
854.413269,1693
854.531006,1662
854.648804,1678
854.766541,1667
854.884277,1683
855.002014,1628
855.119751,1641
855.237549,1642
855.355225,1643
855.473022,1620
855.590698,1645
855.708435,1678
855.826172,1625
855.943848,1668
856.061646,1612
856.179321,1634
856.296997,1653
856.414795,1710
856.53241,1651
856.650085,1692
856.767822,1636
856.885559,1697
857.003174,1680
857.120911,1723
857.238586,1701
857.356201,1675
857.473938,1685
857.591614,1677
857.709351,1671
857.826965,1685
857.944641,1698
858.062317,1677
858.179993,1678
858.297668,1732
858.415283,1645
858.532959,1717
858.650574,1695
858.768188,1710
858.885803,1725
859.003479,1755
859.121094,1677
859.23877,1699
859.356384,1705
859.473999,1675
859.591675,1672
859.709229,1640
859.826843,1676
859.944458,1639
860.062012,1624
860.179626,1623
860.297302,1637
860.414856,1591
860.532471,1598
860.650024,1650
860.767639,1617
860.885193,1636
861.002808,1653
861.120361,1646
861.237976,1634
861.35553,1646
861.473022,1700
861.590698,1693
861.708191,1650
861.825745,1657
861.943298,1674
862.060852,1669
862.178406,1702
862.295959,1595
862.413513,1663
862.531006,1640
862.64856,1648
862.766113,1647
862.883667,1624
863.00116,1658
863.118713,1685
863.236206,1704
863.353699,1739
863.471252,1786
863.588745,1833
863.706177,1886
863.82373,1968
863.941162,1946
864.058716,2016
864.176208,2015
864.29364,1917
864.411194,1860
864.528687,1798
864.646118,1772
864.763611,1715
864.881042,1703
864.998535,1662
865.116028,1661
865.233459,1650
865.350891,1678
865.468384,1626
865.585754,1654
865.703308,1610
865.820679,1619
865.938171,1608
866.055542,1600
866.173035,1609
866.290466,1642
866.407837,1583
866.52533,1621
866.6427,1652
866.760071,1653
866.877563,1638
866.994934,1624
867.112305,1627
867.229736,1672
867.347107,1616
867.464539,1611
867.58197,1653
867.699341,1630
867.81665,1607
867.934082,1659
868.051453,1646
868.168823,1658
868.286194,1629
868.403564,1646
868.520935,1583
868.638306,1638
868.755676,1607
868.872986,1622
868.990295,1632
869.107727,1614
869.225037,1599
869.342346,1623
869.459717,1640
869.577026,1650
869.694336,1647
869.811707,1661
869.929016,1640
870.046326,1638
870.163635,1694
870.280945,1680
870.398254,1679
870.515564,1705
870.632812,1733
870.750183,1729
870.867432,1672
870.984741,1703
871.102051,1750
871.219299,1743
871.336609,1767
871.453918,1748
871.571106,1809
871.688416,1807
871.805664,1737
871.922852,1760
872.040222,1778
872.157471,1761
872.274719,1761
872.391968,1781
872.509155,1785
872.626465,1789
872.743652,1749
872.860962,1737
872.978149,1718
873.095337,1677
873.212646,1700
873.329834,1725
873.44696,1762
873.564209,1697
873.681396,1711
873.798645,1681
873.915894,1686
874.03302,1701
874.150208,1706
874.267456,1730
874.384583,1700
874.501831,1736
874.618958,1717
874.736145,1705
874.853333,1765
874.970459,1758
875.087646,1739
875.204834,1755
875.32196,1741
875.439148,1714
875.556274,1744
875.673401,1715
875.790527,1684
875.907715,1651
876.024841,1713
876.141968,1650
876.259094,1670
876.376282,1647
876.493347,1687
876.610474,1689
876.7276,1665
876.844727,1665
876.961853,1647
877.078918,1648
877.195984,1690
877.313171,1649
877.430237,1670
877.547302,1634
877.664368,1606
877.781433,1638
877.898499,1659
878.015625,1655
878.13269,1591
878.249695,1609
878.366821,1601
878.483887,1643
878.600952,1587
878.717957,1571
878.834961,1626
878.952087,1644
879.069092,1589
879.186157,1570
879.303162,1587
879.420227,1600
879.537231,1531
879.654236,1552
879.77124,1560
879.888306,1530
880.005249,1533
880.122314,1511
880.239319,1516
880.356323,1536
880.473328,1471
880.590271,1467
880.707275,1519
880.824341,1522
880.941284,1527
881.058228,1524
881.175232,1526
881.292236,1528
881.40918,1467
881.526123,1532
881.643066,1486
881.760071,1531
881.877014,1491
881.993958,1534
882.11084,1499
882.227783,1514
882.344727,1475
882.46167,1523
882.578613,1506
882.695618,1536
882.812439,1511
882.929382,1504
883.046326,1516
883.163208,1543
883.280151,1492
883.397034,1557
883.513916,1496
883.630798,1531
883.747742,1526
883.864563,1516
883.981506,1513
884.098389,1599
884.21521,1579
884.332153,1597
884.448975,1568
884.565796,1585
884.682678,1655
884.7995,1719
884.916443,1730
885.033264,1775
885.150085,1845
885.266968,1984
885.383789,1930
885.500671,1979
885.617493,2000
885.734314,2049
885.851196,1983
885.967896,1972
886.084717,1959
886.201599,1920
886.318359,1927
886.435181,1943
886.552002,1940
886.668762,1867
886.785645,1878
886.902344,1869
887.019165,1870
887.135925,1861
887.252747,1817
887.369446,1855
887.486267,1805
887.603027,1764
887.719788,1716
887.836548,1690
887.953247,1708
888.070068,1658
888.186829,1633
888.303528,1617
888.420288,1603
888.536987,1532
888.653687,1569
888.770447,1517
888.887146,1487
889.003967,1523
889.120667,1505
889.237305,1482
889.354065,1512
889.470703,1514
889.587463,1455
889.704163,1470
889.820862,1513
889.937561,1498
890.054199,1483
890.170837,1540
890.287598,1548
890.404236,1516
890.520874,1561
890.637634,1556
890.754211,1569
890.87085,1567
890.987549,1642
891.104187,1671
891.220886,1737
891.337463,1711
891.454102,1730
891.57074,1787
891.687378,1809
891.804077,1867
891.920654,1831
892.037231,1849
892.15387,1891
892.270447,1868
892.387085,1893
892.503723,1863
892.6203,1813
892.736877,1780
892.853516,1705
892.970032,1699
893.08667,1608
893.203186,1581
893.319763,1594
893.43634,1551
893.552917,1534
893.669556,1549
893.786011,1494
893.902588,1492
894.019165,1523
894.135681,1522
894.252197,1480
894.368835,1559
894.485291,1479
894.601868,1484
894.718384,1505
894.8349,1506
894.951355,1436
895.067932,1485
895.184448,1498
895.300964,1501
895.417419,1505
895.533936,1505
895.650452,1527
895.766907,1445
895.883423,1477
895.999878,1513
896.116333,1431
896.232849,1510
896.349304,1446
896.465759,1445
896.582214,1478
896.698669,1464
896.815125,1451
896.931641,1489
897.048035,1518
897.164551,1472
897.280884,1512
897.397339,1460
897.513794,1480
897.630249,1487
897.746582,1478
897.863098,1477
897.979431,1508
898.095886,1498
898.212341,1436
898.328674,1522
898.445129,1457
898.561462,1495
898.677795,1501
898.794312,1462
898.910645,1526
899.026978,1467
899.143433,1455
899.259766,1499
899.37616,1477
899.492493,1502
899.608765,1480
899.725159,1495
899.841553,1487
899.957947,1495
900.07428,1475
900.190552,1477
900.306946,1483
900.423157,1475
900.53949,1462
900.655884,1497
900.772156,1461
900.888489,1518
901.004822,1469
901.121033,1523
901.237366,1494
901.353699,1473
901.46991,1490
901.586304,1527
901.702515,1517
901.818787,1551
901.93512,1545
902.051331,1567
902.167603,1645
902.283875,1622
902.400085,1589
902.516418,1669
902.632629,1648
902.74884,1697
902.865112,1722
902.981384,1713
903.097595,1724
903.213867,1682
903.330017,1717
903.446289,1708
903.5625,1697
903.67865,1687
903.794922,1687
903.911072,1683
904.027344,1644
904.143494,1680
904.259705,1622
904.375916,1573
904.492065,1554
904.608215,1564
904.724426,1535
904.840576,1575
904.956726,1531
905.072876,1518
905.189087,1497
905.305176,1567
905.421387,1492
905.537537,1505
905.653687,1458
905.769775,1483
905.885925,1488
906.002014,1458
906.118164,1489
906.234314,1480
906.350403,1425
906.466492,1488
906.582642,1448
906.69873,1455
906.814758,1424
906.930908,1487
907.046936,1425
907.163086,1467
907.279175,1459
907.395264,1426
907.511353,1428
907.62738,1429
907.743408,1471
907.859497,1408
907.975525,1453
908.091553,1461
908.207703,1376
908.32373,1484
908.439758,1444
908.555786,1456
908.671814,1436
908.787842,1448
908.90387,1434
909.019775,1441
909.135864,1439
909.251892,1403
909.367859,1489
909.483826,1459
909.599854,1426
909.715881,1446
909.831848,1441
909.947815,1460
910.063782,1408
910.179749,1436
910.295776,1458
910.411743,1431
910.527649,1395
910.643616,1479
910.759583,1406
910.875488,1429
910.991455,1440
911.107361,1376
911.223267,1468
911.339294,1434
911.4552,1420
911.571106,1430
911.687073,1455
911.802979,1447
911.918823,1421
912.034729,1431
912.150635,1424
912.266602,1414
912.382446,1434
912.498352,1422
912.614197,1406
912.730103,1418
912.846008,1426
792.44574,4733
792.56488,4506
792.68396,4433
792.80304,4238
792.92218,4093
793.041199,4005
793.160339,3931
793.279419,3888
793.398499,3716
793.517578,3662
793.636658,3602
793.755737,3523
793.874817,3521
793.993896,3405
794.112976,3336
794.232056,3210
794.351074,3161
794.470215,3154
794.589233,3097
794.708313,3099
794.827393,3069
794.946411,3003
795.065552,3014
795.18457,2932
795.303589,2940
795.422668,2828
795.541687,2882
795.660767,2836
795.779846,2806
795.898865,2712
796.017883,2638
796.136963,2684
796.255981,2640
796.375061,2639
796.49408,2624
796.613037,2564
796.732117,2508
796.851135,2490
796.970154,2493
797.089233,2452
797.208191,2449
797.327271,2455
797.446228,2415
797.565186,2371
797.684265,2384
797.803223,2349
797.922241,2303
798.04126,2363
798.160278,2281
798.279297,2250
798.398315,2292
798.517273,2272
798.636292,2288
798.75531,2279
798.874268,2278
798.993286,2215
799.112244,2277
799.231323,2251
799.350281,2223
799.469238,2196
799.588257,2260
799.707153,2214
799.826111,2217
799.945129,2231
800.064087,2190
800.183044,2177
800.302063,2137
800.421021,2191
800.539978,2140
800.658936,2178
800.777893,2157
800.896912,2134
801.015747,2173
801.134705,2115
801.253723,2152
801.37262,2130
801.491638,2166
801.610535,2092
801.729492,2088
801.84845,2074
801.967407,2137
802.086243,2127
802.205261,2114
802.324158,2049
802.443115,2062
802.562073,2070
802.680969,2036
802.799927,2074
802.918762,2082
803.037659,2032
803.156677,2091
803.275574,2083
803.39447,2049
803.513428,2023
803.632263,2015
803.751221,2024
803.870117,2033
803.989014,1964
804.107971,2009
804.226746,2002
804.345642,2027
804.4646,2016
804.583496,1997
804.702393,1969
804.821228,2027
804.940125,1989
805.059021,1980
805.177917,1984
805.296814,1959
805.415649,1967
805.534546,1963
805.653442,1992
805.772278,1957
805.891113,1997
806.01001,1957
806.128906,1997
806.247742,1994
806.366577,1961
806.485413,1994
806.604309,1941
806.723145,1913
806.84198,1946
806.960876,1915
807.079712,1937
807.198486,1891
807.317383,1930
807.436218,1968
807.554993,1931
807.673889,1943
807.792725,1887
807.91156,1960
808.030396,1932
808.14917,1912
808.268005,1922
808.386841,1868
808.505676,1927
808.624451,1890
808.743286,1899
808.862122,1877
808.980896,1863
809.099731,1882
809.218506,1931
809.337341,1915
809.456116,1908
809.57489,1994
809.693726,1929
809.8125,1925
809.931274,1880
810.050049,1966
810.168884,1857
810.287659,1905
810.406372,1863
810.525269,1885
810.643982,1930
810.762756,1898
810.881531,1882
811.000305,1890
811.11908,1931
811.237854,1919
811.356567,1847
811.475403,1924
811.594116,1895
811.71283,1957
811.831604,1888
811.950378,1949
812.069153,1954
812.187927,1951
812.30658,1943
812.425415,1936
812.544128,1982
812.662781,1938
812.781616,1926
812.900269,1935
813.019043,1951
813.137756,1919
813.256531,1957
813.375244,1902
813.493896,1910
813.612671,1965
813.731384,1907
813.850037,1908
813.96875,1918
814.087524,1871
814.206238,1885
814.324951,1880
814.443604,1890
814.562256,1898
814.68103,1879
814.799683,1927
814.918335,1876
815.037109,1886
815.155762,1921
815.274475,1878
815.393188,1808
815.511841,1863
815.630554,1817
815.749146,1787
815.867859,1828
815.986572,1862
816.105164,1798
816.223877,1802
816.342529,1829
816.461182,1851
816.579895,1800
816.698486,1840
816.817139,1891
816.935791,1889
817.054504,1872
817.173096,1880
817.291748,1864
817.4104,1777
817.529053,1854
817.647644,1800
817.766235,1805
817.884949,1771
818.00354,1774
818.122192,1800
818.240845,1733
818.359436,1771
818.478088,1748
818.59668,1788
818.715271,1758
818.833923,1722
818.952515,1689
819.071106,1680
819.189758,1705
819.30835,1730
819.426941,1658
819.545532,1700
819.664124,1682
819.782715,1682
819.901306,1640
820.019897,1659
820.138489,1644
820.25708,1700
820.375671,1674
820.494202,1690
820.612732,1702
820.731384,1685
820.849915,1697
820.968506,1670
821.087097,1664
821.205627,1654
821.324158,1618
821.442749,1629
821.561279,1575
821.679871,1623
821.798401,1598
821.916931,1642
822.035461,1573
822.154053,1582
822.272583,1591
822.391174,1591
822.509583,1579
822.628174,1587
822.746704,1562
822.865234,1580
822.983765,1563
823.102295,1607
823.220825,1549
823.339294,1595
823.457825,1546
823.576355,1593
823.694824,1601
823.813354,1593
823.931885,1571
824.050354,1604
824.168884,1568
824.287354,1629
824.405823,1581
824.524353,1583
824.642822,1569
824.761353,1577
824.879822,1618
824.998291,1576
825.116699,1637
825.235291,1594
825.353699,1596
825.472168,1599
825.590637,1556
825.709106,1622
825.827576,1607
825.946045,1563
826.064453,1593
826.182983,1579
826.301392,1569
826.4198,1553
826.53833,1553
826.656738,1523
826.775208,1540
826.893677,1550
827.012024,1550
827.130493,1508
827.248962,1577
827.36731,1560
827.485779,1522
827.604248,1574
827.722595,1600
827.841064,1490
827.959412,1530
828.077942,1539
828.196289,1535
828.314636,1505
828.433105,1550
828.551514,1504
828.669861,1506
828.78833,1515
828.906677,1490
829.025085,1546
829.143433,1530
829.261841,1481
829.38031,1492
829.498657,1530
829.617004,1526
829.735413,1504
829.85376,1513
829.972107,1518
830.090515,1514
830.208862,1511
830.327209,1501
830.445557,1490
830.563904,1514
830.682312,1520
830.800659,1527
830.919006,1554
831.037354,1513
831.155701,1590
831.274048,1614
831.392395,1589
831.51062,1620
831.629028,1542
831.747314,1546
831.865662,1557
831.984009,1571
832.102356,1563
832.220642,1508
832.338928,1565
832.457275,1543
832.575623,1567
832.693909,1604
832.812134,1557
832.930481,1504
833.048828,1525
833.167114,1532
833.2854,1542
833.403687,1567
833.521973,1549
833.640259,1562
833.758545,1564
833.876831,1589
833.995056,1536
834.113281,1506
834.231628,1580
834.349915,1551
834.468201,1601
834.586426,1524
834.704651,1604
834.822998,1504
834.941162,1599
835.059448,1524
835.177673,1590
835.295959,1592
835.414246,1552
835.53241,1580
835.650635,1561
835.768921,1513
835.887146,1509
836.005371,1533
836.123596,1530
836.241821,1532
836.360046,1517
836.478271,1524
836.596497,1495
836.714722,1535
836.832886,1501
836.95105,1498
837.069336,1541
837.1875,1547
837.305725,1528
837.423889,1514
837.542053,1513
837.660339,1504
837.778503,1529
837.896667,1562
838.014832,1530
838.132996,1569
838.25116,1575
838.369385,1557
838.487488,1551
838.605713,1586
838.723877,1546
838.84198,1542
838.960205,1584
839.078308,1565
839.196472,1573
839.314636,1549
839.4328,1546
839.550964,1541
839.669067,1610
839.787231,1595
839.905396,1621
840.023499,1610
840.141602,1626
840.259766,1653
840.377869,1664
840.495972,1614
840.614136,1635
840.732239,1611
840.850342,1591
840.968445,1616
841.086548,1658
841.204651,1698
841.322754,1674
841.440918,1685
841.55896,1677
841.677002,1705
841.795166,1720
841.913208,1728
842.031311,1699
842.149353,1685
842.267456,1690
842.385498,1675
842.503601,1641
842.621643,1634
842.739746,1645
842.857788,1625
842.97583,1656
843.093933,1649
843.211975,1705
843.330017,1648
843.44812,1655
843.566101,1694
843.684204,1633
843.802246,1646
843.920227,1659
844.038269,1657
844.156311,1661
844.274292,1660
844.392395,1599
844.510376,1650
844.628357,1618
844.74646,1614
844.864441,1643
844.982422,1626
845.100403,1605
845.218384,1591
845.336426,1622
845.454468,1626
845.572449,1566
845.69043,1617
845.808411,1601
845.926453,1593
846.044373,1582
846.162354,1581
846.280396,1621
846.398315,1560
846.516296,1608
846.634216,1658
846.752197,1627
846.870178,1623
846.988098,1637
847.106079,1650
847.22406,1651
847.34198,1646
847.4599,1626
847.577881,1623
847.695801,1611
847.813782,1586
847.931641,1608
848.049561,1628
848.167603,1601
848.285461,1638
848.403381,1623
848.521362,1622
848.639221,1670
848.75708,1705
848.875,1699
848.99292,1680
849.110901,1703
849.22876,1697
849.34668,1712
849.464539,1685
849.582458,1687
849.700317,1653
849.818176,1671
849.936096,1712
850.053955,1667
850.171875,1659
850.289673,1682
850.407593,1674
850.525452,1642
850.643311,1660
850.761169,1654
850.878967,1645
850.996887,1652
851.114746,1606
851.232544,1641
851.350403,1622
851.468262,1644
851.58606,1637
851.703979,1628
851.821777,1665
851.939636,1607
852.057434,1682
852.175232,1705
852.293091,1691
852.410889,1762
852.528687,1780
852.646545,1927
852.764343,1921
852.88208,1913
852.999939,1840
853.117676,1825
853.235535,1842
853.353271,1804
853.471069,1709
853.588928,1726
853.706604,1705
853.824402,1710
853.9422,1684
854.059998,1706
854.177734,1699
854.295532,1645
854.413269,1742
854.531006,1700
854.648804,1745
854.766541,1738
854.884277,1690
855.002014,1720
855.119751,1641
855.237549,1681
855.355225,1668
855.473022,1655
855.590698,1656
855.708435,1662
855.826172,1637
855.943848,1662
856.061646,1665
856.179321,1681
856.296997,1611
856.414795,1635
856.53241,1648
856.650085,1724
856.767822,1712
856.885559,1733
857.003174,1706
857.120911,1748
857.238586,1692
857.356201,1726
857.473938,1742
857.591614,1688
857.709351,1729
857.826965,1669
857.944641,1733
858.062317,1673
858.179993,1675
858.297668,1687
858.415283,1647
858.532959,1689
858.650574,1698
858.768188,1672
858.885803,1673
859.003479,1752
859.121094,1701
859.23877,1704
859.356384,1696
859.473999,1676
859.591675,1658
859.709229,1669
859.826843,1698
859.944458,1648
860.062012,1691
860.179626,1600
860.297302,1670
860.414856,1664
860.532471,1637
860.650024,1580
860.767639,1576
860.885193,1625
861.002808,1625
861.120361,1648
861.237976,1643
861.35553,1659
861.473022,1667
861.590698,1636
861.708191,1711
861.825745,1650
861.943298,1663
862.060852,1683
862.178406,1634
862.295959,1685
862.413513,1632
862.531006,1683
862.64856,1619
862.766113,1626
862.883667,1677
863.00116,1647
863.118713,1690
863.236206,1693
863.353699,1720
863.471252,1791
863.588745,1805
863.706177,1894
863.82373,1974
863.941162,2030
864.058716,2075
864.176208,2013
864.29364,1986
864.411194,1982
864.528687,1838
864.646118,1803
864.763611,1687
864.881042,1700
864.998535,1674
865.116028,1667
865.233459,1661
865.350891,1681
865.468384,1664
865.585754,1650
865.703308,1654
865.820679,1608
865.938171,1662
866.055542,1625
866.173035,1633
866.290466,1637
866.407837,1669
866.52533,1662
866.6427,1651
866.760071,1681
866.877563,1640
866.994934,1696
867.112305,1694
867.229736,1667
867.347107,1665
867.464539,1638
867.58197,1615
867.699341,1662
867.81665,1600
867.934082,1652
868.051453,1652
868.168823,1648
868.286194,1704
868.403564,1615
868.520935,1649
868.638306,1587
868.755676,1626
868.872986,1597
868.990295,1675
869.107727,1650
869.225037,1616
869.342346,1637
869.459717,1641
869.577026,1694
869.694336,1660
869.811707,1656
869.929016,1680
870.046326,1705
870.163635,1689
870.280945,1675
870.398254,1699
870.515564,1729
870.632812,1675
870.750183,1709
870.867432,1725
870.984741,1683
871.102051,1745
871.219299,1725
871.336609,1743
871.453918,1785
871.571106,1837
871.688416,1787
871.805664,1732
871.922852,1723
872.040222,1817
872.157471,1809
872.274719,1746
872.391968,1805
872.509155,1793
872.626465,1779
872.743652,1769
872.860962,1739
872.978149,1787
873.095337,1704
873.212646,1748
873.329834,1737
873.44696,1708
873.564209,1725
873.681396,1730
873.798645,1677
873.915894,1713
874.03302,1690
874.150208,1759
874.267456,1685
874.384583,1712
874.501831,1739
874.618958,1760
874.736145,1784
874.853333,1739
874.970459,1751
875.087646,1808
875.204834,1775
875.32196,1716
875.439148,1760
875.556274,1729
875.673401,1731
875.790527,1727
875.907715,1745
876.024841,1719
876.141968,1732
876.259094,1692
876.376282,1650
876.493347,1690
876.610474,1661
876.7276,1664
876.844727,1678
876.961853,1687
877.078918,1617
877.195984,1677
877.313171,1674
877.430237,1636
877.547302,1654
877.664368,1687
877.781433,1688
877.898499,1643
878.015625,1627
878.13269,1620
878.249695,1643
878.366821,1645
878.483887,1645
878.600952,1623
878.717957,1588
878.834961,1615
878.952087,1638
879.069092,1579
879.186157,1618
879.303162,1613
879.420227,1563
879.537231,1623
879.654236,1580
879.77124,1535
879.888306,1564
880.005249,1577
880.122314,1548
880.239319,1501
880.356323,1549
880.473328,1557
880.590271,1536
880.707275,1526
880.824341,1509
880.941284,1578
881.058228,1530
881.175232,1553
881.292236,1464
881.40918,1530
881.526123,1536
881.643066,1557
881.760071,1550
881.877014,1538
881.993958,1556
882.11084,1568
882.227783,1528
882.344727,1535
882.46167,1510
882.578613,1570
882.695618,1496
882.812439,1528
882.929382,1518
883.046326,1538
883.163208,1531
883.280151,1531
883.397034,1521
883.513916,1582
883.630798,1559
883.747742,1533
883.864563,1580
883.981506,1560
884.098389,1574
884.21521,1525
884.332153,1622
884.448975,1576
884.565796,1661
884.682678,1618
884.7995,1776
884.916443,1751
885.033264,1812
885.150085,1878
885.266968,1967
885.383789,1992
885.500671,2015
885.617493,2014
885.734314,2053
885.851196,1978
885.967896,2054
886.084717,1989
886.201599,1958
886.318359,1941
886.435181,1946
886.552002,1917
886.668762,1927
886.785645,1912
886.902344,1866
887.019165,1842
887.135925,1850
887.252747,1813
887.369446,1804
887.486267,1746
887.603027,1785
887.719788,1754
887.836548,1724
887.953247,1674
888.070068,1705
888.186829,1657
888.303528,1678
888.420288,1613
888.536987,1622
888.653687,1579
888.770447,1518
888.887146,1554
889.003967,1515
889.120667,1490
889.237305,1470
889.354065,1491
889.470703,1530
889.587463,1485
889.704163,1498
889.820862,1515
889.937561,1507
890.054199,1499
890.170837,1519
890.287598,1499
890.404236,1496
890.520874,1518
890.637634,1566
890.754211,1608
890.87085,1640
890.987549,1609
891.104187,1630
891.220886,1701
891.337463,1723
891.454102,1754
891.57074,1767
891.687378,1836
891.804077,1834
891.920654,1898
892.037231,1900
892.15387,1861
892.270447,1853
892.387085,1918
892.503723,1878
892.6203,1812
892.736877,1749
892.853516,1718
892.970032,1653
893.08667,1632
893.203186,1678
893.319763,1524
893.43634,1549
893.552917,1571
893.669556,1564
893.786011,1562
893.902588,1536
894.019165,1538
894.135681,1506
894.252197,1500
894.368835,1559
894.485291,1537
894.601868,1523
894.718384,1514
894.8349,1517
894.951355,1487
895.067932,1484
895.184448,1473
895.300964,1532
895.417419,1474
895.533936,1481
895.650452,1472
895.766907,1484
895.883423,1525
895.999878,1478
896.116333,1486
896.232849,1531
896.349304,1512
896.465759,1509
896.582214,1503
896.698669,1498
896.815125,1470
896.931641,1484
897.048035,1483
897.164551,1495
897.280884,1517
897.397339,1484
897.513794,1516
897.630249,1499
897.746582,1478
897.863098,1476
897.979431,1506
898.095886,1490
898.212341,1496
898.328674,1511
898.445129,1505
898.561462,1474
898.677795,1485
898.794312,1560
898.910645,1480
899.026978,1482
899.143433,1486
899.259766,1523
899.37616,1564
899.492493,1530
899.608765,1524
899.725159,1488
899.841553,1491
899.957947,1507
900.07428,1500
900.190552,1546
900.306946,1524
900.423157,1520
900.53949,1501
900.655884,1515
900.772156,1512
900.888489,1527
901.004822,1493
901.121033,1521
901.237366,1488
901.353699,1514
901.46991,1543
901.586304,1545
901.702515,1543
901.818787,1558
901.93512,1561
902.051331,1568
902.167603,1588
902.283875,1613
902.400085,1629
902.516418,1703
902.632629,1726
902.74884,1690
902.865112,1752
902.981384,1735
903.097595,1759
903.213867,1779
903.330017,1706
903.446289,1824
903.5625,1723
903.67865,1686
903.794922,1758
903.911072,1617
904.027344,1683
904.143494,1703
904.259705,1645
904.375916,1652
904.492065,1594
904.608215,1649
904.724426,1583
904.840576,1603
904.956726,1582
905.072876,1556
905.189087,1570
905.305176,1492
905.421387,1553
905.537537,1520
905.653687,1468
905.769775,1469
905.885925,1520
906.002014,1515
906.118164,1486
906.234314,1444
906.350403,1500
906.466492,1501
906.582642,1491
906.69873,1437
906.814758,1529
906.930908,1483
907.046936,1489
907.163086,1459
907.279175,1438
907.395264,1491
907.511353,1492
907.62738,1427
907.743408,1482
907.859497,1484
907.975525,1491
908.091553,1432
908.207703,1439
908.32373,1457
908.439758,1467
908.555786,1465
908.671814,1438
908.787842,1451
908.90387,1501
909.019775,1465
909.135864,1509
909.251892,1475
909.367859,1477
909.483826,1478
909.599854,1478
909.715881,1482
909.831848,1480
909.947815,1520
910.063782,1478
910.179749,1473
910.295776,1480
910.411743,1464
910.527649,1494
910.643616,1477
910.759583,1440
910.875488,1486
910.991455,1485
911.107361,1482
911.223267,1485
911.339294,1500
911.4552,1482
911.571106,1438
911.687073,1471
911.802979,1459
911.918823,1456
912.034729,1394
912.150635,1468
912.266602,1449
912.382446,1466
912.498352,1418
912.614197,1496
912.730103,1454
912.846008,1407
792.44574,4644
792.56488,4427
792.68396,4466
792.80304,4268
792.92218,4065
793.041199,3979
793.160339,3896
793.279419,3834
793.398499,3725
793.517578,3717
793.636658,3583
793.755737,3547
793.874817,3498
793.993896,3418
794.112976,3258
794.232056,3266
794.351074,3210
794.470215,3205
794.589233,3128
794.708313,3082
794.827393,3081
794.946411,3065
795.065552,3019
795.18457,2991
795.303589,2928
795.422668,2856
795.541687,2880
795.660767,2840
795.779846,2726
795.898865,2720
796.017883,2720
796.136963,2582
796.255981,2607
796.375061,2594
796.49408,2541
796.613037,2567
796.732117,2513
796.851135,2537
796.970154,2460
797.089233,2441
797.208191,2433
797.327271,2393
797.446228,2440
797.565186,2388
797.684265,2411
797.803223,2394
797.922241,2326
798.04126,2296
798.160278,2316
798.279297,2261
798.398315,2337
798.517273,2265
798.636292,2274
798.75531,2274
798.874268,2249
798.993286,2281
799.112244,2232
799.231323,2250
799.350281,2253
799.469238,2221
799.588257,2236
799.707153,2212
799.826111,2223
799.945129,2210
800.064087,2202
800.183044,2205
800.302063,2130
800.421021,2193
800.539978,2186
800.658936,2117
800.777893,2138
800.896912,2191
801.015747,2159
801.134705,2146
801.253723,2158
801.37262,2128
801.491638,2097
801.610535,2141
801.729492,2125
801.84845,2108
801.967407,2005
802.086243,2103
802.205261,2091
802.324158,2039
802.443115,2092
802.562073,2053
802.680969,2018
802.799927,2040
802.918762,2063
803.037659,2016
803.156677,2022
803.275574,2018
803.39447,2027
803.513428,2037
803.632263,2009
803.751221,2006
803.870117,1980
803.989014,2038
804.107971,1998
804.226746,2000
804.345642,2011
804.4646,2021
804.583496,2009
804.702393,1999
804.821228,1963
804.940125,1974
805.059021,1991
805.177917,1993
805.296814,2012
805.415649,2012
805.534546,1976
805.653442,1989
805.772278,2000
805.891113,1906
806.01001,1965
806.128906,1973
806.247742,1961
806.366577,1933
806.485413,1981
806.604309,1954
806.723145,1984
806.84198,1980
806.960876,1952
807.079712,1906
807.198486,1982
807.317383,1930
807.436218,1939
807.554993,1922
807.673889,1910
807.792725,1924
807.91156,1918
808.030396,1952
808.14917,1887
808.268005,1924
808.386841,1857
808.505676,1928
808.624451,1835
808.743286,1892
808.862122,1923
808.980896,1904
809.099731,1919
809.218506,1939
809.337341,1884
809.456116,1907
809.57489,1952
809.693726,1881
809.8125,1898
809.931274,1904
810.050049,1925
810.168884,1933
810.287659,1930
810.406372,1852
810.525269,1895
810.643982,1847
810.762756,1888
810.881531,1869
811.000305,1887
811.11908,1873
811.237854,1868
811.356567,1918
811.475403,1878
811.594116,1913
811.71283,1883
811.831604,1897
811.950378,1906
812.069153,1935
812.187927,1952
812.30658,1899
812.425415,1982
812.544128,1935
812.662781,1938
812.781616,1950
812.900269,1928
813.019043,1966
813.137756,1902
813.256531,1919
813.375244,1895
813.493896,1944
813.612671,1961
813.731384,1913
813.850037,1921
813.96875,1883
814.087524,1888
814.206238,1857
814.324951,1906
814.443604,1834
814.562256,1889
814.68103,1835
814.799683,1851
814.918335,1906
815.037109,1877
815.155762,1828
815.274475,1835
815.393188,1877
815.511841,1846
815.630554,1845
815.749146,1861
815.867859,1800
815.986572,1827
816.105164,1835
816.223877,1813
816.342529,1857
816.461182,1814
816.579895,1810
816.698486,1871
816.817139,1876
816.935791,1908
817.054504,1874
817.173096,1831
817.291748,1888
817.4104,1861
817.529053,1815
817.647644,1835
817.766235,1814
817.884949,1773
818.00354,1788
818.122192,1740
818.240845,1755
818.359436,1747
818.478088,1734
818.59668,1756
818.715271,1740
818.833923,1741
818.952515,1672
819.071106,1704
819.189758,1667
819.30835,1701
819.426941,1715
819.545532,1703
819.664124,1655
819.782715,1688
819.901306,1680
820.019897,1622
820.138489,1616
820.25708,1643
820.375671,1679
820.494202,1668
820.612732,1625
820.731384,1693
820.849915,1650
820.968506,1638
821.087097,1607
821.205627,1667
821.324158,1633
821.442749,1636
821.561279,1625
821.679871,1606
821.798401,1588
821.916931,1587
822.035461,1617
822.154053,1608
822.272583,1600
822.391174,1595
822.509583,1580
822.628174,1625
822.746704,1609
822.865234,1503
822.983765,1580
823.102295,1565
823.220825,1593
823.339294,1562
823.457825,1567
823.576355,1564
823.694824,1567
823.813354,1620
823.931885,1569
824.050354,1626
824.168884,1586
824.287354,1551
824.405823,1632
824.524353,1586
824.642822,1594
824.761353,1572
824.879822,1595
824.998291,1601
825.116699,1577
825.235291,1630
825.353699,1620
825.472168,1572
825.590637,1556
825.709106,1599
825.827576,1548
825.946045,1634
826.064453,1535
826.182983,1586
826.301392,1588
826.4198,1573
826.53833,1508
826.656738,1544
826.775208,1508
826.893677,1546
827.012024,1520
827.130493,1512
827.248962,1565
827.36731,1561
827.485779,1538
827.604248,1508
827.722595,1535
827.841064,1568
827.959412,1553
828.077942,1558
828.196289,1524
828.314636,1470
828.433105,1587
828.551514,1566
828.669861,1472
828.78833,1547
828.906677,1512
829.025085,1517
829.143433,1514
829.261841,1525
829.38031,1487
829.498657,1491
829.617004,1531
829.735413,1515
829.85376,1483
829.972107,1541
830.090515,1474
830.208862,1499
830.327209,1513
830.445557,1530
830.563904,1534
830.682312,1529
830.800659,1531
830.919006,1505
831.037354,1596
831.155701,1585
831.274048,1608
831.392395,1606
831.51062,1559
831.629028,1532
831.747314,1556
831.865662,1518
831.984009,1529
832.102356,1507
832.220642,1558
832.338928,1544
832.457275,1587
832.575623,1540
832.693909,1532
832.812134,1546
832.930481,1558
833.048828,1533
833.167114,1549
833.2854,1560
833.403687,1557
833.521973,1553
833.640259,1513
833.758545,1553
833.876831,1572
833.995056,1589
834.113281,1556
834.231628,1586
834.349915,1563
834.468201,1588
834.586426,1570
834.704651,1561
834.822998,1560
834.941162,1514
835.059448,1553
835.177673,1587
835.295959,1569
835.414246,1572
835.53241,1573
835.650635,1528
835.768921,1544
835.887146,1550
836.005371,1483
836.123596,1534
836.241821,1514
836.360046,1545
836.478271,1491
836.596497,1531
836.714722,1504
836.832886,1532
836.95105,1523
837.069336,1511
837.1875,1527
837.305725,1567
837.423889,1517
837.542053,1543
837.660339,1509
837.778503,1517
837.896667,1545
838.014832,1540
838.132996,1520
838.25116,1547
838.369385,1553
838.487488,1541
838.605713,1565
838.723877,1593
838.84198,1583
838.960205,1566
839.078308,1580
839.196472,1571
839.314636,1594
839.4328,1553
839.550964,1596
839.669067,1543
839.787231,1584
839.905396,1557
840.023499,1647
840.141602,1616
840.259766,1616
840.377869,1689
840.495972,1630
840.614136,1644
840.732239,1647
840.850342,1651
840.968445,1674
841.086548,1647
841.204651,1662
841.322754,1718
841.440918,1681
841.55896,1642
841.677002,1682
841.795166,1714
841.913208,1689
842.031311,1665
842.149353,1667
842.267456,1736
842.385498,1688
842.503601,1647
842.621643,1621
842.739746,1685
842.857788,1624
842.97583,1668
843.093933,1641
843.211975,1608
843.330017,1716
843.44812,1703
843.566101,1676
843.684204,1670
843.802246,1632
843.920227,1654
844.038269,1672
844.156311,1625
844.274292,1646
844.392395,1686
844.510376,1636
844.628357,1640
844.74646,1596
844.864441,1614
844.982422,1627
845.100403,1628
845.218384,1609
845.336426,1623
845.454468,1540
845.572449,1589
845.69043,1603
845.808411,1585
845.926453,1566
846.044373,1543
846.162354,1561
846.280396,1551
846.398315,1597
846.516296,1601
846.634216,1593
846.752197,1609
846.870178,1648
846.988098,1601
847.106079,1603
847.22406,1618
847.34198,1624
847.4599,1624
847.577881,1579
847.695801,1670
847.813782,1582
847.931641,1598
848.049561,1616
848.167603,1636
848.285461,1608
848.403381,1639
848.521362,1612
848.639221,1668
848.75708,1622
848.875,1687
848.99292,1694
849.110901,1716
849.22876,1667
849.34668,1705
849.464539,1743
849.582458,1699
849.700317,1701
849.818176,1696
849.936096,1645
850.053955,1673
850.171875,1652
850.289673,1677
850.407593,1671
850.525452,1674
850.643311,1676
850.761169,1613
850.878967,1661
850.996887,1627
851.114746,1626
851.232544,1648
851.350403,1623
851.468262,1644
851.58606,1647
851.703979,1677
851.821777,1631
851.939636,1618
852.057434,1655
852.175232,1721
852.293091,1739
852.410889,1759
852.528687,1820
852.646545,1824
852.764343,1920
852.88208,1891
852.999939,1855
853.117676,1812
853.235535,1828
853.353271,1746
853.471069,1771
853.588928,1698
853.706604,1704
853.824402,1723
853.9422,1682
854.059998,1685
854.177734,1720
854.295532,1684
854.413269,1713
854.531006,1676
854.648804,1719
854.766541,1674
854.884277,1642
855.002014,1673
855.119751,1639
855.237549,1657
855.355225,1663
855.473022,1589
855.590698,1637
855.708435,1683
855.826172,1650
855.943848,1654
856.061646,1635
856.179321,1640
856.296997,1700
856.414795,1688
856.53241,1674
856.650085,1707
856.767822,1710
856.885559,1744
857.003174,1666
857.120911,1748
857.238586,1691
857.356201,1689
857.473938,1703
857.591614,1676
857.709351,1676
857.826965,1651
857.944641,1691
858.062317,1692
858.179993,1700
858.297668,1701
858.415283,1674
858.532959,1734
858.650574,1702
858.768188,1722
858.885803,1720
859.003479,1706
859.121094,1686
859.23877,1710
859.356384,1676
859.473999,1702
859.591675,1634
859.709229,1661
859.826843,1685
859.944458,1641
860.062012,1660
860.179626,1641
860.297302,1689
860.414856,1625
860.532471,1602
860.650024,1634
860.767639,1603
860.885193,1662
861.002808,1654
861.120361,1685
861.237976,1643
861.35553,1648
861.473022,1667
861.590698,1668
861.708191,1686
861.825745,1691
861.943298,1618
862.060852,1662
862.178406,1645
862.295959,1692
862.413513,1630
862.531006,1601
862.64856,1659
862.766113,1622
862.883667,1660
863.00116,1708
863.118713,1685
863.236206,1681
863.353699,1726
863.471252,1764
863.588745,1807
863.706177,1915
863.82373,1996
863.941162,2018
864.058716,2012
864.176208,1982
864.29364,1990
864.411194,1890
864.528687,1800
864.646118,1801
864.763611,1704
864.881042,1712
864.998535,1649
865.116028,1647
865.233459,1640
865.350891,1628
865.468384,1650
865.585754,1669
865.703308,1591
865.820679,1656
865.938171,1669
866.055542,1664
866.173035,1652
866.290466,1637
866.407837,1659
866.52533,1693
866.6427,1647
866.760071,1640
866.877563,1656
866.994934,1649
867.112305,1633
867.229736,1666
867.347107,1639
867.464539,1681
867.58197,1652
867.699341,1658
867.81665,1588
867.934082,1619
868.051453,1601
868.168823,1646
868.286194,1667
868.403564,1637
868.520935,1622
868.638306,1631
868.755676,1634
868.872986,1648
868.990295,1610
869.107727,1620
869.225037,1646
869.342346,1641
869.459717,1675
869.577026,1688
869.694336,1682
869.811707,1710
869.929016,1646
870.046326,1702
870.163635,1654
870.280945,1733
870.398254,1732
870.515564,1730
870.632812,1737
870.750183,1721
870.867432,1684
870.984741,1738
871.102051,1775
871.219299,1743
871.336609,1776
871.453918,1778
871.571106,1782
871.688416,1786
871.805664,1789
871.922852,1750
872.040222,1778
872.157471,1790
872.274719,1740
872.391968,1813
872.509155,1832
872.626465,1745
872.743652,1723
872.860962,1770
872.978149,1766
873.095337,1783
873.212646,1723
873.329834,1750
873.44696,1715
873.564209,1723
873.681396,1656
873.798645,1694
873.915894,1704
874.03302,1764
874.150208,1686
874.267456,1706
874.384583,1713
874.501831,1707
874.618958,1722
874.736145,1713
874.853333,1718
874.970459,1774
875.087646,1727
875.204834,1749
875.32196,1731
875.439148,1720
875.556274,1735
875.673401,1719
875.790527,1745
875.907715,1709
876.024841,1703
876.141968,1719
876.259094,1642
876.376282,1668
876.493347,1703
876.610474,1700
876.7276,1702
876.844727,1679
876.961853,1669
877.078918,1672
877.195984,1651
877.313171,1679
877.430237,1656
877.547302,1673
877.664368,1656
877.781433,1605
877.898499,1630
878.015625,1663
878.13269,1623
878.249695,1612
878.366821,1636
878.483887,1628
878.600952,1663
878.717957,1611
878.834961,1621
878.952087,1605
879.069092,1658
879.186157,1614
879.303162,1597
879.420227,1605
879.537231,1544
879.654236,1564
879.77124,1554
879.888306,1578
880.005249,1558
880.122314,1515
880.239319,1512
880.356323,1540
880.473328,1558
880.590271,1528
880.707275,1511
880.824341,1525
880.941284,1554
881.058228,1541
881.175232,1521
881.292236,1518
881.40918,1544
881.526123,1537
881.643066,1562
881.760071,1536
881.877014,1557
881.993958,1577
882.11084,1545
882.227783,1519
882.344727,1521
882.46167,1514
882.578613,1529
882.695618,1547
882.812439,1526
882.929382,1544
883.046326,1527
883.163208,1543
883.280151,1561
883.397034,1545
883.513916,1537
883.630798,1541
883.747742,1567
883.864563,1588
883.981506,1570
884.098389,1607
884.21521,1558
884.332153,1577
884.448975,1606
884.565796,1602
884.682678,1684
884.7995,1724
884.916443,1760
885.033264,1826
885.150085,1867
885.266968,1916
885.383789,1932
885.500671,2032
885.617493,2054
885.734314,2007
885.851196,1982
885.967896,2006
886.084717,1991
886.201599,1913
886.318359,1974
886.435181,1927
886.552002,1883
886.668762,1925
886.785645,1921
886.902344,1907
887.019165,1896
887.135925,1839
887.252747,1808
887.369446,1793
887.486267,1789
887.603027,1793
887.719788,1713
887.836548,1801
887.953247,1683
888.070068,1666
888.186829,1672
888.303528,1615
888.420288,1620
888.536987,1656
888.653687,1596
888.770447,1540
888.887146,1533
889.003967,1517
889.120667,1515
889.237305,1509
889.354065,1505
889.470703,1504
889.587463,1504
889.704163,1508
889.820862,1528
889.937561,1469
890.054199,1508
890.170837,1484
890.287598,1514
890.404236,1550
890.520874,1514
890.637634,1587
890.754211,1595
890.87085,1627
890.987549,1642
891.104187,1658
891.220886,1709
891.337463,1751
891.454102,1767
891.57074,1774
891.687378,1812
891.804077,1871
891.920654,1886
892.037231,1915
892.15387,1851
892.270447,1848
892.387085,1888
892.503723,1880
892.6203,1812
892.736877,1795
892.853516,1742
892.970032,1682
893.08667,1664
893.203186,1638
893.319763,1589
893.43634,1590
893.552917,1579
893.669556,1543
893.786011,1535
893.902588,1509
894.019165,1588
894.135681,1510
894.252197,1532
894.368835,1522
894.485291,1520
894.601868,1510
894.718384,1524
894.8349,1450
894.951355,1529
895.067932,1490
895.184448,1496
895.300964,1505
895.417419,1498
895.533936,1505
895.650452,1437
895.766907,1485
895.883423,1471
895.999878,1495
896.116333,1474
896.232849,1490
896.349304,1508
896.465759,1543
896.582214,1477
896.698669,1473
896.815125,1484
896.931641,1499
897.048035,1468
897.164551,1515
897.280884,1523
897.397339,1507
897.513794,1449
897.630249,1552
897.746582,1535
897.863098,1551
897.979431,1491
898.095886,1513
898.212341,1501
898.328674,1551
898.445129,1508
898.561462,1510
898.677795,1529
898.794312,1504
898.910645,1538
899.026978,1516
899.143433,1513
899.259766,1537
899.37616,1500
899.492493,1519
899.608765,1465
899.725159,1515
899.841553,1514
899.957947,1517
900.07428,1552
900.190552,1510
900.306946,1498
900.423157,1492
900.53949,1509
900.655884,1494
900.772156,1526
900.888489,1518
901.004822,1540
901.121033,1520
901.237366,1522
901.353699,1548
901.46991,1516
901.586304,1517
901.702515,1534
901.818787,1562
901.93512,1553
902.051331,1617
902.167603,1641
902.283875,1665
902.400085,1666
902.516418,1698
902.632629,1704
902.74884,1730
902.865112,1770
902.981384,1735
903.097595,1722
903.213867,1763
903.330017,1733
903.446289,1748
903.5625,1683
903.67865,1749
903.794922,1706
903.911072,1713
904.027344,1699
904.143494,1653
904.259705,1640
904.375916,1685
904.492065,1594
904.608215,1660
904.724426,1624
904.840576,1616
904.956726,1535
905.072876,1541
905.189087,1542
905.305176,1520
905.421387,1545
905.537537,1572
905.653687,1526
905.769775,1560
905.885925,1518
906.002014,1541
906.118164,1479
906.234314,1503
906.350403,1476
906.466492,1456
906.582642,1470
906.69873,1474
906.814758,1510
906.930908,1485
907.046936,1427
907.163086,1480
907.279175,1485
907.395264,1455
907.511353,1473
907.62738,1486
907.743408,1448
907.859497,1436
907.975525,1503
908.091553,1460
908.207703,1433
908.32373,1473
908.439758,1486
908.555786,1501
908.671814,1497
908.787842,1425
908.90387,1507
909.019775,1495
909.135864,1469
909.251892,1500
909.367859,1505
909.483826,1493
909.599854,1462
909.715881,1489
909.831848,1452
909.947815,1501
910.063782,1463
910.179749,1500
910.295776,1495
910.411743,1485
910.527649,1480
910.643616,1482
910.759583,1503
910.875488,1506
910.991455,1508
911.107361,1441
911.223267,1531
911.339294,1440
911.4552,1497
911.571106,1480
911.687073,1451
911.802979,1483
911.918823,1444
912.034729,1472
912.150635,1437
912.266602,1441
912.382446,1449
912.498352,1499
912.614197,1447
912.730103,1503
912.846008,1479
